0.0 0.0 -0.0
0.0 0.04292911 -0.0
0.0 0.08736548 -0.0
0.0 0.13760697 -0.0
0.0 0.20180396 -0.0
0.0 0.47947773 0.0
0.0 0.56480765 0.0
0.0 0.63293315 0.0
0.0 0.69196263 0.0
0.0 0.74510802 0.0
0.0 0.79399321 0.0
0.0 0.83962346 0.0
0.0 0.88263668 0.0
0.0 0.92348842 0.0
0.0 0.96251693 0.0
0.0 1.0 -0.0

0.04283929 0.0 -0.0
0.04283929 0.04292911 -2.51748002e-05
0.04283929 0.08736548 -3.10424974e-05
0.04283929 0.13760697 -1.71083325e-05
0.04283929 0.20180396 2.32215902e-05
0.04283929 0.47947773 0.000249760769
0.04283929 0.56480765 0.000289172639
0.04283929 0.63293315 0.000303842881
0.04283929 0.69196263 0.000303230767
0.04283929 0.74510802 0.000290885683
0.04283929 0.79399321 0.000268273069
0.04283929 0.83962346 0.000235828368
0.04283929 0.88263668 0.000193416089
0.04283929 0.92348842 0.000140524853
0.04283929 0.96251693 7.63923453e-05
0.04283929 1.0 -0.0

0.08727087 0.0 -0.0
0.08727087 0.04292911 -2.99697423e-05
0.08727087 0.08736548 -1.62440368e-05
0.08727087 0.13760697 4.53814466e-05
0.08727087 0.20180396 0.000175318011
0.08727087 0.47947773 0.000852609404
0.08727087 0.56480765 0.000976807476
0.08727087 0.63293315 0.00102383662
0.08727087 0.69196263 0.00102033176
0.08727087 0.74510802 0.000976585357
0.08727087 0.79399321 0.00089732828
0.08727087 0.83962346 0.000784616679
0.08727087 0.88263668 0.000639093304
0.08727087 0.92348842 0.000460489378
0.08727087 0.96251693 0.000247955865
0.08727087 1.0 -0.0

0.13747983 0.0 -0.0
0.13747983 0.04292911 -1.39088258e-05
0.13747983 0.08736548 4.87145686e-05
0.13747983 0.13760697 0.000200350492
0.13747983 0.20180396 0.000486211742
0.13747983 0.47947773 0.00196132521
0.13747983 0.56480765 0.00225334536
0.13747983 0.63293315 0.00237191622
0.13747983 0.69196263 0.00237159775
0.13747983 0.74510802 0.00227389358
0.13747983 0.79399321 0.002089522
0.13747983 0.83962346 0.00182424066
0.13747983 0.88263668 0.00148135644
0.13747983 0.92348842 0.00106264789
0.13747983 0.96251693 0.000568970626
0.13747983 1.0 -0.0

0.20161376 0.0 -0.0
0.20161376 0.04292911 2.95541428e-05
0.20161376 0.08736548 0.000184334588
0.20161376 0.13760697 0.000493324364
0.20161376 0.20180396 0.0010466575
0.20161376 0.47947773 0.00393865996
0.20161376 0.56480765 0.00454404274
0.20161376 0.63293315 0.00479869938
0.20161376 0.69196263 0.00480670386
0.20161376 0.74510802 0.00461065304
0.20161376 0.79399321 0.00423346134
0.20161376 0.83962346 0.0036891119
0.20161376 0.88263668 0.00298730669
0.20161376 0.92348842 0.00213513319
0.20161376 0.96251693 0.00113818706
0.20161376 1.0 -0.0

0.4794494 0.0 0.0
0.4794494 0.04292911 0.000252810451
0.4794494 0.08736548 0.000857895254
0.4794494 0.13760697 0.0019629174
0.4794494 0.20180396 0.00392636942
0.4794494 0.47947773 0.0143229534
0.4794494 0.56480765 0.0166818723
0.4794494 0.63293315 0.0177131181
0.4794494 0.69196263 0.017766419
0.4794494 0.74510802 0.0170282743
0.4794494 0.79399321 0.0156107224
0.4794494 0.83962346 0.0135783417
0.4794494 0.88263668 0.0109718844
0.4794494 0.92348842 0.00782192395
0.4794494 0.96251693 0.00415663759
0.4794494 1.0 -0.0

0.56481081 0.0 0.0
0.56481081 0.04292911 0.000287362036
0.56481081 0.08736548 0.000974222218
0.56481081 0.13760697 0.00224526396
0.56481081 0.20180396 0.0045211693
0.56481081 0.47947773 0.0166654513
0.56481081 0.56480765 0.019373042
0.56481081 0.63293315 0.0205009174
0.56481081 0.69196263 0.0205546851
0.56481081 0.74510802 0.0197338835
0.56481081 0.79399321 0.0181257011
0.56481081 0.83962346 0.0157833686
0.56481081 0.88263668 0.0127555975
0.56481081 0.92348842 0.00908934912
0.56481081 0.96251693 0.00482724658
0.56481081 1.0 -0.0

0.63294498 0.0 0.0
0.63294498 0.04292911 0.000299072748
0.63294498 0.08736548 0.00101697505
0.63294498 0.13760697 0.00236003403
0.63294498 0.20180396 0.00477475618
0.63294498 0.47947773 0.0176914082
0.63294498 0.56480765 0.0204921778
0.63294498 0.63293315 0.021695077
0.63294498 0.69196263 0.0217891367
0.63294498 0.74510802 0.0209315056
0.63294498 0.79399321 0.0192127916
0.63294498 0.83962346 0.0167113239
0.63294498 0.88263668 0.0134956327
0.63294498 0.92348842 0.00961757203
0.63294498 0.96251693 0.00511274047
0.63294498 1.0 -0.0

0.69197439 0.0 0.0
0.69197439 0.04292911 0.000297121182
0.69197439 0.08736548 0.00101222904
0.69197439 0.13760697 0.00236058338
0.69197439 0.20180396 0.0047884135
0.69197439 0.47947773 0.0177477147
0.69197439 0.56480765 0.0205429543
0.69197439 0.63293315 0.021783538
0.69197439 0.69196263 0.0218792191
0.69197439 0.74510802 0.0209924274
0.69197439 0.79399321 0.0192474104
0.69197439 0.83962346 0.0167391656
0.69197439 0.88263668 0.0135305908
0.69197439 0.92348842 0.00965765499
0.69197439 0.96251693 0.00514251813
0.69197439 1.0 -0.0

0.74512033 0.0 0.0
0.74512033 0.04292911 0.000284654382
0.74512033 0.08736548 0.000969392069
0.74512033 0.13760697 0.00226673692
0.74512033 0.20180396 0.00460167815
0.74512033 0.47947773 0.0170171601
0.74512033 0.56480765 0.019722872
0.74512033 0.63293315 0.0209229918
0.74512033 0.69196263 0.0209881732
0.74512033 0.74510802 0.0201164718
0.74512033 0.79399321 0.0184477159
0.74512033 0.83962346 0.0160633015
0.74512033 0.88263668 0.0130037186
0.74512033 0.92348842 0.00929093293
0.74512033 0.96251693 0.00494740427
0.74512033 1.0 -0.0

0.79400341 0.0 0.0
0.79400341 0.04292911 0.000262735826
0.79400341 0.08736548 0.000892273561
0.79400341 0.13760697 0.00208750957
0.79400341 0.20180396 0.00423464306
0.79400341 0.47947773 0.0156086956
0.79400341 0.56480765 0.0181175763
0.79400341 0.63293315 0.0192036129
0.79400341 0.69196263 0.0192405236
0.79400341 0.74510802 0.0184441825
0.79400341 0.79399321 0.0169354327
0.79400341 0.83962346 0.0147659245
0.79400341 0.88263668 0.0119588739
0.79400341 0.92348842 0.00853722431
0.79400341 0.96251693 0.00453648093
0.79400341 1.0 -0.0

0.83963204 0.0 0.0
0.83963204 0.04292911 0.000231444991
0.83963204 0.08736548 0.000782096254
0.83963204 0.13760697 0.00182715055
0.83963204 0.20180396 0.00369895481
0.83963204 0.47947773 0.013584599
0.83963204 0.56480765 0.0157790853
0.83963204 0.63293315 0.016703171
0.83963204 0.69196263 0.0167311732
0.83963204 0.74510802 0.0160572738
0.83963204 0.79399321 0.0147628524
0.83963204 0.83962346 0.0128748114
0.83963204 0.88263668 0.0104140359
0.83963204 0.92348842 0.00741485738
0.83963204 0.96251693 0.00392611774
0.83963204 1.0 -0.0

0.88264417 0.0 0.0
0.88264417 0.04292911 0.000190352342
0.88264417 0.08736548 0.000638802683
0.88264417 0.13760697 0.00148772181
0.88264417 0.20180396 0.00300247628
0.88264417 0.47947773 0.0109837772
0.88264417 0.56480765 0.0127550239
0.88264417 0.63293315 0.0134895325
0.88264417 0.69196263 0.0135228395
0.88264417 0.74510802 0.0129965625
0.88264417 0.79399321 0.0119539076
0.88264417 0.83962346 0.0104118117
0.88264417 0.88263668 0.00839834085
0.88264417 0.92348842 0.00595740052
0.88264417 0.96251693 0.00314147518
0.88264417 1.0 -0.0

0.92349447 0.0 0.0
0.92349447 0.04292911 0.00013872166
0.92349447 0.08736548 0.000461582211
0.92349447 0.13760697 0.00107005599
0.92349447 0.20180396 0.00215094857
0.92349447 0.47947773 0.00783532785
0.92349447 0.56480765 0.0090913389
0.92349447 0.63293315 0.00961387661
0.92349447 0.69196263 0.00965135907
0.92349447 0.74510802 0.00928433169
0.92349447 0.79399321 0.00853208477
0.92349447 0.83962346 0.0074118725
0.92349447 0.88263668 0.0059562862
0.92349447 0.92348842 0.00420770706
0.92349447 0.96251693 0.00220985242
0.92349447 1.0 -0.0
0.96251648 0.0 0.0
0.96251648 0.04292911 7.56300646e-05
0.96251648 0.08736548 0.000249188796
0.96251648 0.13760697 0.000574314369
0.96251648 0.20180396 0.00114897956
0.96251648 0.47947773 0.00416591702
0.96251648 0.56480765 0.00482923101
0.96251648 0.63293315 0.00511071048
0.96251648 0.69196263 0.00513830989
0.96251648 0.74510802 0.0049427138
0.96251648 0.79399321 0.00453260358
0.96251648 0.83962346 0.00392355854
0.96251648 0.88263668 0.00314011652
0.96251648 0.92348842 0.00220931212
0.96251648 0.96251693 0.00115604653
0.96251648 1.0 -0.0

1.0 0.0 -0.0
1.0 0.04292911 -0.0
1.0 0.08736548 -0.0
1.0 0.13760697 -0.0
1.0 0.20180396 -0.0
1.0 0.47947773 -0.0
1.0 0.56480765 -0.0
1.0 0.63293315 -0.0
1.0 0.69196263 -0.0
1.0 0.74510802 -0.0
1.0 0.79399321 -0.0
1.0 0.83962346 -0.0
1.0 0.88263668 -0.0
1.0 0.92348842 -0.0
1.0 0.96251693 -0.0
1.0 1.0 0.0
