0.27551928
0.19299590
0.18261071
0.17608568
0.17058807
0.16372730
0.15560234
0.13779679
0.11409364
0.08974992
0.06684445
0.04985994
0.03932618
0.03200780
0.02672127
0.02270507
0.01950256
0.01697987
0.01481348
0.01302288
0.01139309
0.01013223
0.00909897
0.00822709
0.00744132
0.00679100
0.00754052
0.00664925
0.00515839
0.00477975
0.00449026
0.00418907
0.00413262
0.00378582
0.00407839
0.00352229
0.00323657
0.00357938
0.00297359
0.00280428
0.00269307
0.00262566
0.00259756
0.00270599
0.00258296
0.00222837
0.00216840
0.00216846
0.00203111
0.00193408
0.00202322
0.00182605
0.00176554
0.00198329
0.00181394
0.00161606
0.00157286
0.00157605
0.00152142
0.00151052
0.00171711
0.00160857
0.00141381
0.00137988
0.00131770
0.00128692
0.00145141
0.00157219
0.00123431
0.00123889
0.00125480
0.00135234
0.00136190
0.00126791
0.00112136
0.00113358
0.00134323
0.00107441
0.00105840
0.00105131
0.00104334
0.00104102
0.00101719
0.00099037
0.00100827
0.00105719
0.00096819
0.00095883
0.00103508
0.00108543
0.00109650
0.00091413
0.00090750
0.00091368
0.00092046
0.00089034
0.00095868
0.00087465
0.00087410
0.00086763
0.00086032
0.00089263
0.00085786
0.00085157
0.00085723
0.00083128
0.00083347
0.00082509
0.00085457
0.00080943
0.00079866
0.00091475
0.00079378
0.00077915
0.00080058
0.00082072
0.00079433
0.00076583
0.00077132
0.00075570
0.00075244
0.00075042
0.00074638
0.00078208
0.00077044
0.00073852
0.00073231
0.00076802
0.00072378
0.00073108
0.00073211
0.00072557
0.00071314
0.00072820
0.00073123
0.00070566
0.00070277
0.00070712
0.00070353
0.00070132
0.00069200
0.00068746
0.00068604
0.00068698
0.00068410
0.00068131
0.00068321
0.00067958
0.00068181
0.00067238
0.00066862
0.00066314
0.00065840
0.00066637
0.00066482
0.00065584
0.00067584
0.00066008
0.00066941
0.00065263
0.00065297
0.00064964
0.00064753
0.00064425
0.00064155
0.00063976
0.00063934
0.00063829
0.00063486
0.00063386
0.00063476
0.00063095
0.00062893
0.00062997
0.00063346
0.00062366
0.00063198
0.00062947
0.00066824
0.00062145
0.00063356
0.00062118
0.00061368
0.00061591
0.00061267
0.00061429
0.00061443
0.00061036
0.00061079
0.00061299
0.00062577
0.00060661
0.00060684
0.00061009
0.00061857
0.00060123
0.00060546
0.00063326
0.00059944
0.00060455
0.00060289
0.00059554
0.00060587
0.00059671
0.00059240
0.00060002
0.00059113
0.00061156
0.00105372
0.00059269
0.00060245
0.00058949
0.00059645
0.00059162
0.00059002
0.00058515
0.00058704
0.00058508
0.00058687
0.00058094
0.00058087
0.00058018
0.00058291
0.00058295
0.00058737
0.00059447
0.00059028
0.00058177
0.00058832
0.00058574
0.00058143
0.00057478
0.00058008
0.00057442
0.00058823
0.00057571
0.00057312
0.00057333
0.00057860
0.00057650
0.00058180
0.00057106
0.00057665
0.00057454
0.00057153
0.00057204
0.00056916
0.00056973
0.00056599
0.00057510
0.00057771
0.00058094
0.00056908
0.00056788
0.00057105
0.00056674
0.00056943
0.00056592
0.00056531
0.00056602
0.00056364
0.00056752
0.00058078
0.00057131
0.00056842
0.00056702
0.00056291
0.00056577
0.00055999
0.00056165
0.00057233
0.00056355
0.00056564
0.00057279
0.00056340
0.00056295
0.00056492
0.00057231
0.00055964
0.00056306
0.00057723
0.00055917
0.00055935
0.00056614
0.00056413
0.00055715
0.00055971
0.00057727
0.00055844
0.00057385
0.00056869
0.00056771
0.00055821
0.00055924
0.00057659
0.00055817
0.00056693
0.00055434
0.00055536
0.00056695
