0.30203039
0.25768440
0.24215012
0.23081609
0.21937991
0.20717187
0.19358473
0.17758312
0.16029828
0.14016769
0.11768415
0.09821516
0.08116393
0.06782919
0.05734164
0.04853407
0.04186386
0.03982646
0.03938880
0.03445229
0.03569199
0.03107857
0.03283764
0.02974250
0.03251309
0.03057540
0.03014850
0.03417325
0.03190664
0.03170991
0.03129175
0.03205051
0.03205486
0.03160505
0.02935817
0.03242036
0.02797855
0.03064619
0.02932898
0.03089455
0.03157713
0.03150336
0.02975631
0.03055414
0.02786648
0.02864058
0.02980267
0.03088446
0.02948462
0.03082033
0.02449389
0.02830089
0.02885102
0.02971904
0.03143662
0.02938812
0.03023158
0.02910246
0.02426419
0.02984043
0.02619126
0.03184160
0.02788738
0.02965281
0.02687169
0.02714363
0.03091636
0.02556197
0.02885815
0.02955148
0.02466670
0.02612355
0.02842172
0.02751273
0.02923417
0.02833646
0.02628552
0.02825022
0.02967294
0.02663805
0.02638347
0.02545800
0.02627622
0.02787997
0.02802907
0.02697681
0.02691390
0.02729005
0.02530896
0.02594583
0.02526955
0.02887390
0.02484659
0.02616157
0.02680357
0.02434193
0.02617489
0.02582215
0.02351338
0.02573301
0.02502101
0.02590631
0.02440328
0.02506504
0.02586244
0.02794737
0.02411129
0.02354381
0.02706459
0.02423715
0.02342263
0.02330178
0.02591520
0.02364873
0.02359881
0.02520889
0.02584021
0.02398415
0.02595608
0.02555646
0.02232313
0.02286699
0.02556044
0.02890624
0.02246735
0.02402296
0.02579442
0.02216142
0.02359374
0.02530683
0.02260279
0.02553510
0.02120204
0.02353682
0.02220111
0.02139506
0.02428646
0.02312508
0.02416812
0.02432833
0.02301990
0.02304834
0.02566301
0.02605212
0.02496384
0.02283477
0.02338215
0.02488524
0.02337218
0.02408045
0.02444658
0.02363188
0.02356305
0.02290072
0.02636822
0.02365049
0.02339088
0.02050149
0.02341211
0.02117838
0.02579175
0.02614192
0.02441261
0.02323705
0.02186831
0.02450439
0.02413044
0.02420098
0.02250948
0.02357860
0.02143271
0.02389367
0.02401068
0.02181120
0.02311620
0.02387148
0.02204651
0.02199582
0.02152508
0.02152369
0.02302342
0.02370537
0.02124615
0.02210541
0.02369530
0.02248884
0.02165036
0.02275503
0.02266876
0.02467233
0.02287610
0.02270971
0.02289050
0.01977644
0.02433458
0.02325190
0.02127320
0.02083846
0.02292902
0.02124354
0.02171581
0.02205020
0.02014106
0.02238820
0.02394602
0.02151110
0.02246313
0.02109061
0.02239680
0.02242023
0.02347702
0.02323175
0.02481226
0.02000813
0.02062738
0.02259680
0.02245102
0.02249542
0.02151191
0.02196436
0.02302771
0.02312773
0.02181534
0.02173952
0.02206068
0.02055518
0.02254617
0.02183791
0.02152456
0.02208170
0.02117593
0.02221088
0.01987195
0.02193695
0.02258981
0.02000631
0.02195550
0.02192012
0.02295665
0.02358967
0.02101826
0.02155849
0.02448168
0.02170240
0.02071523
0.02036973
0.02202951
0.02127385
0.02255801
0.02007193
0.02085989
0.02120890
0.02138641
0.02011801
0.02311274
0.02163225
0.02078916
0.02250895
0.02230053
0.02214420
0.02008121
0.02212463
0.02162952
0.02024530
0.02052708
0.02117935
0.02281603
0.02058634
0.01823593
0.01934110
0.02142249
0.02164995
0.02002706
0.02081525
0.02088995
0.02062317
0.02126968
0.01991770
0.02009419
0.02215321
0.02109712
0.01963648
0.02056878
0.02103517
0.02001143
0.02214167
0.01968388
0.01921590
0.02010226
0.02102684
0.01949691
0.02205235
0.02074901
0.01988218
0.02191478
0.02086821
0.02159913
0.02013353
0.02125116
0.01845993
