30.72523117 -30.55555556
15.03446102 14.96396396
23.01945305 22.89189189
13.62434006 -13.51051051
28.37433815 28.04504505
10.55628395 10.47147147
12.16349792 12.05705706
14.19861984 -14.10510511
25.40843010 25.13813814
15.10952091 -15.03003003
24.13732719 -23.94894895
30.24856186 30.02702703
1.02252388 1.02402402
19.29386330 19.06006006
23.99434662 23.81681682
9.36809254 9.28228228
15.84992027 15.69069069
12.23357201 12.12312312
5.86216021 -5.78078078
28.63317490 -28.30930931
19.16975975 -18.92792793
28.88961601 -28.57357357
18.01244926 -17.73873874
23.71527481 23.55255255
20.13932419 -19.98498498
9.30033493 9.21621622
8.23143482 -8.15915916
20.43187141 -20.31531532
26.77165031 -26.45945946
11.89188862 11.79279279
10.03011131 9.94294294
18.53604889 -18.26726727
19.66109467 -19.45645646
16.64180374 16.41741742
2.48368359 -2.47747748
23.50663567 -23.35435435
31.70288658 -31.67867868
26.56605911 26.26126126
3.09086943 3.07207207
9.76620674 9.67867868
12.51013470 12.38738739
29.08039284 28.77177177
21.23452759 21.24024024
3.54098082 3.53453453
5.99701929 5.91291291
8.62973785 -8.55555556
6.46430683 6.37537538
25.81961441 25.53453453
19.66109467 19.45645646
27.64982224 27.31831832
31.98038864 -32.00900901
17.26661110 17.01201201
3.67910719 -3.66666667
11.29798794 -11.19819820
24.77937508 24.54354354
31.98038864 32.00900901
2.89373684 2.87387387
1.68944037 1.68468468
22.23474121 -22.16516517
24.20860863 24.01501502
21.00302315 -20.97597598
28.56869316 28.24324324
26.63475990 -26.32732733
5.24209976 5.18618619
20.83357811 -20.77777778
28.82573128 -28.50750751
7.71017408 7.63063063
3.28114772 3.27027027
10.76010513 -10.66966967
11.82646942 -11.72672673
14.64480495 -14.56756757
14.06914139 -13.97297297
16.64180374 -16.41741742
27.31458473 26.98798799
17.67726707 -17.40840841
0.56972903 0.56156156
14.39159107 14.30330330
28.82573128 28.50750751
18.07874298 -17.80480480
8.09784412 8.02702703
15.10952091 15.03003003
17.94590950 -17.67267267
22.01655388 21.96696697
6.06366062 -5.97897898
19.84193230 19.65465465
23.71527481 -23.55255255
27.17973709 26.85585586
6.65982628 6.57357357
20.02095985 -19.85285285
29.01694679 -28.70570571
21.17392540 -21.17417417
14.58193111 -14.50150150
21.87000847 21.83483483
16.21428299 16.02102102
2.41671538 -2.41141141
22.66564560 -22.56156156
14.32756138 14.23723724
25.47741699 25.20420420
21.43252754 21.43843844
1.21646869 1.22222222
