-30.55555556 989.16320801
14.96396396 225.97299194
22.89189189 526.10760498
-13.51051051 178.30691528
28.04504505 781.77844238
10.47147147 109.45841980
12.05705706 144.92181396
-14.10510511 195.14834595
25.13813814 629.67608643
-15.03003003 220.83447266
-23.94894895 586.33367920
30.02702703 902.03222656
1.02402402 1.06217194
19.06006006 357.31878662
23.81681682 566.51617432
9.28228228 85.89253998
15.69069069 245.17877197
12.12312312 146.42770386
-5.78078078 32.72299957
-28.30930931 836.14056396
-18.92792793 347.23983765
-28.57357357 852.83898926
-17.73873874 306.40551758
23.55255255 554.66400146
-19.98498498 387.74896240
9.21621622 84.65017700
-8.15915916 65.24755859
-20.31531532 401.35000610
-26.45945946 728.04785156
11.79279279 139.04779053
9.94294294 99.23314667
-18.26726727 324.00885010
-19.45645646 366.93722534
16.41741742 266.00955200
-2.47747748 6.06140137
-23.35435435 551.08148193
-31.67867868 1075.86669922
26.26126126 687.30432129
3.07207207 9.41685104
9.67867868 93.66726685
12.38738739 152.60899353
28.77177177 823.88879395
21.24024024 460.96994019
3.53453453 12.66210747
5.91291291 34.58737946
-8.55555556 72.46702576
6.37537538 40.31379318
25.53453453 649.96142578
19.45645646 373.42367554
27.31831832 741.81652832
-32.00900901 1102.78283691
17.01201201 284.35763550
-3.66666667 13.29309273
-11.19819820 122.78936005
24.54354354 600.42828369
32.00900901 1040.75878906
2.87387387 8.23033619
1.68468468 2.86108875
-22.16516517 486.79562378
24.01501502 575.57104492
-20.97597598 429.99584961
28.24324324 793.04632568
-26.32732733 720.88348389
5.18618619 26.72761917
-20.77777778 421.19430542
-28.50750751 848.63354492
7.63063063 57.93135071
3.27027027 10.75589657
-10.66966967 111.24317169
-11.72672673 134.50538635
-14.56756757 207.60649109
-13.97297297 191.27429199
-16.41741742 264.02069092
26.98798799 724.33435059
-17.40840841 295.89089966
0.56156156 0.31872487
14.30330330 205.88665771
28.50750751 808.32019043
-17.80480480 308.55285645
8.02702703 64.88137817
15.03003003 227.65536499
-17.67267267 304.27307129
21.96696697 488.57458496
-5.97897898 35.06275940
19.65465465 381.74548340
-23.55255255 562.59020996
26.85585586 717.45611572
6.57357357 43.04187775
-19.85285285 382.43801880
-28.70570571 861.31195068
-21.17417417 438.98114014
-14.50150150 205.78240967
21.83483483 483.43579102
16.02102102 254.43797302
-2.41141141 5.73116064
-22.56156156 507.34649658
14.23723724 203.77340698
25.20420420 633.01177979
21.43843844 468.33999634
1.22222222 1.53130293
