989.16320801 933.64197531
225.97299194 223.92021751
526.10760498 524.03871439
178.30691528 182.53389425
781.77844238 786.52455158
109.45841980 109.65171478
144.92181396 145.37262488
195.14834595 198.95399003
629.67608643 631.92598905
220.83447266 225.90180270
586.33367920 573.55215576
902.03222656 901.62235208
1.06217194 1.04862520
357.31878662 363.28588949
566.51617432 567.24076329
85.89253998 86.16076437
245.17877197 246.19777435
146.42770386 146.97011426
32.72299957 33.41742644
836.14056396 801.41699357
347.23983765 358.26645564
852.83898926 816.44910676
306.40551758 314.66285204
554.66400146 554.72273174
387.74896240 399.39962485
84.65017700 84.93864134
65.24755859 66.57187818
401.35000610 412.71203636
728.04785156 700.10299489
139.04779053 139.06996185
99.23314667 98.86211437
324.00885010 333.69305341
366.93722534 378.55369784
266.00955200 269.53159466
6.06140137 6.13789465
551.08148193 545.42586731
1075.86669922 1003.53868283
687.30432129 689.65384303
9.41685104 9.43762682
93.66726685 93.67682097
152.60899353 153.44736629
823.88879395 827.81485089
460.96994019 451.14780546
12.66210747 12.49293438
34.58737946 34.96253912
72.46702576 73.19753086
40.31379318 40.64541118
649.96142578 652.01245390
373.42367554 378.55369784
741.81652832 746.29051574
1102.78283691 1024.57665774
284.35763550 289.40855270
13.29309273 13.44444444
122.78936005 125.39964289
600.42828369 602.38552967
1040.75878906 1024.57665774
8.23033619 8.25915104
2.86108875 2.83816249
486.79562378 491.29454680
575.57104492 576.72094617
429.99584961 439.99156814
793.04632568 797.68078890
720.88348389 693.12816420
26.72761917 26.89652716
421.19430542 431.71604938
848.63354492 812.67798429
57.93135071 58.22652382
10.75589657 10.69466764
111.24317169 113.84185086
134.50538635 137.51611972
207.60649109 212.21402484
191.27429199 195.24397370
264.02069092 269.53159466
724.33435059 728.35149564
295.89089966 303.05268331
0.31872487 0.31535139
205.88665771 204.58448539
808.32019043 812.67798429
308.55285645 317.01107414
64.88137817 64.43316289
227.65536499 225.90180270
304.27307129 312.32335940
488.57458496 482.54763773
35.06275940 35.74818963
381.74548340 386.30544959
562.59020996 554.72273174
717.45611572 721.23699375
43.04187775 43.21186953
382.43801880 394.13576640
861.31195068 824.01754006
438.98114014 448.34565196
205.78240967 210.29354580
483.43579102 476.76001226
254.43797302 256.67311456
5.73116064 5.81490500
507.34649658 509.02406010
203.77340698 202.69892415
633.01177979 635.25190957
468.33999634 459.60664268
1.53130293 1.49382716
