0.10295552
0.00984574
0.00512830
0.00315829
0.00322062
0.00265761
0.00202986
0.00269231
0.00149168
0.00217136
0.00210919
0.00174143
0.00137597
0.00177939
0.00187385
0.00156123
0.00163824
0.00148855
0.00138954
0.00161058
0.00140553
0.00147020
0.00127533
0.00140656
0.00116333
0.00144157
0.00129978
0.00143722
0.00107670
0.00118274
0.00114740
0.00122456
0.00114858
0.00113881
0.00118084
0.00109132
0.00106294
0.00113678
0.00106354
0.00094246
0.00095491
0.00100050
0.00106572
0.00104713
0.00083032
0.00103563
0.00096542
0.00092268
0.00098126
0.00094987
0.00089355
0.00090626
0.00097232
0.00076681
0.00086180
0.00089934
0.00088494
0.00083413
0.00087497
0.00079071
0.00086760
0.00079316
0.00074931
0.00085413
0.00079254
0.00080235
0.00067912
0.00082068
0.00074231
0.00080473
0.00063513
0.00074511
0.00072249
0.00077214
0.00064571
0.00076358
0.00074621
0.00071423
0.00072854
0.00064140
0.00073925
0.00075462
0.00065691
0.00063660
0.00073906
0.00061528
0.00072244
0.00063162
0.00062331
0.00066930
0.00060109
0.00063814
0.00070321
0.00064576
0.00062449
0.00069738
0.00055790
0.00063398
0.00062607
0.00065601
0.00057120
0.00060030
0.00055153
0.00064828
0.00059146
0.00063309
0.00058154
0.00052252
0.00066084
0.00054055
0.00059950
0.00058420
0.00057918
0.00054233
0.00059603
0.00049453
0.00057573
0.00053794
0.00060078
0.00049706
0.00052393
0.00059148
0.00056039
0.00047563
0.00058361
0.00046854
0.00055441
0.00053847
0.00047366
0.00058950
0.00054707
0.00045875
0.00050978
0.00047524
0.00053647
0.00047449
0.00050120
0.00047214
0.00051972
0.00046171
0.00048504
0.00047023
0.00050401
0.00046944
0.00046220
0.00047894
0.00043801
0.00049886
0.00048306
0.00047905
0.00046049
0.00052177
0.00041064
0.00048223
0.00043939
0.00043954
0.00050247
0.00040438
0.00039042
0.00050537
0.00044926
0.00046800
0.00043082
0.00039653
0.00045082
0.00044035
0.00041990
0.00043890
0.00044196
0.00041585
0.00045244
0.00041379
0.00041239
0.00043128
0.00041884
0.00040946
0.00044332
0.00036845
0.00044672
0.00040400
0.00037219
0.00044323
0.00037648
0.00043052
0.00039393
0.00040985
0.00039919
0.00036267
0.00039541
0.00036372
0.00034599
0.00044739
0.00038894
0.00033995
0.00041692
0.00040014
0.00039174
0.00034403
0.00041321
0.00036430
0.00039448
0.00034360
0.00042244
0.00036364
0.00035179
0.00037921
0.00037524
0.00036779
0.00040792
0.00035820
0.00037175
0.00038902
0.00034898
0.00037778
0.00034021
0.00037758
0.00039101
0.00037829
0.00033086
0.00034489
0.00034840
0.00032719
0.00038093
0.00034406
0.00039077
0.00036025
0.00036188
0.00034188
0.00032571
0.00035168
0.00036693
0.00035766
0.00027034
0.00039108
0.00035099
0.00035224
0.00034457
0.00034043
0.00033016
0.00034902
0.00033632
0.00033279
0.00034669
0.00034567
0.00032727
0.00033029
0.00034710
0.00030732
0.00035280
0.00034341
0.00034009
0.00032089
0.00033334
0.00027857
0.00033281
0.00035506
0.00030085
0.00031340
0.00036360
0.00032028
0.00030384
0.00034350
0.00031357
0.00029286
0.00035446
0.00033937
0.00030230
0.00031109
0.00032484
0.00031021
0.00031778
0.00033582
0.00030020
0.00028504
0.00033619
0.00031002
0.00032197
0.00032601
0.00031359
0.00028622
0.00029338
0.00033959
0.00030180
0.00031700
0.00028243
0.00029607
0.00033575
0.00026712
0.00030138
0.00029529
0.00032259
0.00029533
0.00029986
0.00030863
0.00029938
0.00032631
0.00026793
0.00031171
0.00028923
0.00028681
0.00029922
0.00030122
0.00029320
0.00027280
0.00028868
0.00029554
0.00027982
0.00029830
0.00027860
0.00030490
0.00029707
0.00029686
0.00027764
0.00025268
0.00030409
0.00028110
0.00029083
0.00027425
0.00028753
0.00025845
0.00030722
0.00028759
0.00026386
0.00028838
0.00026381
0.00028546
0.00025582
0.00026764
0.00027405
0.00028926
0.00024874
0.00030882
0.00028861
0.00022608
0.00029076
0.00027381
0.00028522
0.00024909
0.00026923
0.00025523
0.00030056
0.00025919
0.00024512
0.00027225
0.00025838
0.00024913
0.00029440
0.00025500
0.00025865
0.00026576
0.00027441
0.00024216
0.00028136
0.00025685
0.00027914
0.00024611
0.00026985
0.00022915
0.00026844
0.00025987
0.00025149
0.00026252
0.00027684
0.00023216
0.00028238
0.00023754
0.00023711
0.00025885
0.00024388
0.00025363
0.00024659
0.00026439
0.00025752
0.00024246
0.00023657
0.00026228
0.00025035
0.00022261
0.00024960
0.00026092
0.00024770
0.00022911
0.00023843
0.00024523
0.00024400
0.00022661
0.00025392
0.00023518
0.00024019
0.00023820
0.00024686
0.00024844
0.00024562
0.00023197
0.00025053
0.00022574
0.00025917
0.00022725
0.00024955
0.00020199
0.00024839
0.00024430
0.00024266
0.00025500
0.00020007
0.00022526
0.00023685
0.00024237
0.00022018
0.00025998
0.00020756
0.00024358
0.00022168
0.00023994
0.00023587
0.00023246
0.00022879
0.00021482
0.00020548
0.00022873
0.00023399
0.00023201
0.00024254
0.00021583
0.00021655
0.00022689
0.00018584
0.00024135
0.00024874
0.00021826
0.00022293
0.00022897
0.00019208
0.00024277
0.00021252
0.00023283
0.00020955
0.00023474
0.00020518
0.00023397
0.00022137
0.00020973
0.00019824
0.00022487
0.00023431
0.00019103
0.00021450
0.00023480
0.00021455
0.00020408
0.00022733
0.00020657
0.00021383
0.00021751
0.00020202
0.00024054
0.00021365
0.00020686
0.00020991
0.00021520
0.00020942
0.00022369
0.00021693
0.00020427
0.00022409
0.00019861
0.00022807
0.00019473
0.00020229
0.00021418
0.00019981
0.00022701
0.00022698
0.00018988
0.00019980
0.00022180
0.00019839
0.00022651
0.00019625
0.00020234
0.00021425
0.00019232
0.00021812
0.00019817
0.00020847
0.00021321
0.00019054
0.00021872
0.00017449
0.00021107
0.00021850
0.00020885
0.00020836
0.00017216
0.00020282
0.00021150
0.00019688
0.00020851
0.00020817
0.00018535
0.00019329
0.00020894
0.00020000
0.00021409
0.00015977
0.00021094
0.00020049
0.00020297
0.00020355
0.00016781
0.00020717
0.00020705
0.00017895
0.00021190
0.00019510
0.00020364
0.00018867
0.00019983
0.00021571
0.00019992
0.00019048
0.00018823
0.00020982
0.00017349
0.00017509
0.00020530
0.00018650
0.00019411
0.00017604
0.00021203
0.00019088
0.00020012
0.00019152
0.00019830
0.00017799
0.00019714
0.00018802
0.00017895
0.00020159
0.00018359
0.00021351
0.00016970
0.00017812
0.00018848
0.00020258
0.00020300
0.00016787
0.00019020
0.00018606
0.00017745
0.00020979
0.00018270
0.00018398
0.00018444
0.00019965
0.00017705
0.00018738
0.00019074
0.00018830
0.00019995
0.00016976
0.00019967
0.00017798
0.00016690
0.00019363
0.00017907
0.00019125
0.00018027
0.00018152
0.00016642
0.00017462
0.00018984
0.00018901
0.00018364
0.00018666
0.00015202
0.00019532
0.00017841
0.00016716
0.00017501
0.00018685
0.00018133
0.00016703
0.00019504
0.00017794
0.00017484
0.00017853
0.00018464
0.00016226
0.00018491
0.00016244
0.00017989
0.00017602
0.00017954
0.00019301
0.00015137
0.00018035
0.00015515
0.00019702
0.00016048
0.00016613
0.00015961
0.00017336
0.00018243
0.00016762
0.00018541
0.00017143
0.00016092
0.00017813
0.00017506
0.00016691
0.00017995
0.00017437
0.00017065
0.00017257
0.00017607
0.00016661
0.00015272
0.00019439
0.00014515
0.00016400
0.00017701
0.00018175
0.00017186
0.00015832
0.00015226
0.00018404
0.00016101
0.00018887
0.00016223
0.00016210
0.00017348
0.00015922
0.00017318
0.00017040
0.00015946
0.00016252
0.00016537
0.00016808
0.00016074
0.00017136
0.00017511
0.00014778
0.00016011
0.00017398
0.00015425
0.00016045
0.00017073
0.00014691
0.00017738
0.00017120
0.00015636
0.00015967
0.00018254
0.00014291
0.00017648
0.00013873
0.00016116
0.00017162
0.00015911
0.00016190
0.00015822
0.00015161
0.00016316
0.00014243
0.00017221
0.00017318
0.00015692
0.00015132
0.00017622
0.00014359
0.00016746
0.00016649
0.00014279
0.00016819
0.00015088
0.00017207
0.00015377
0.00014938
0.00016973
0.00014669
0.00015893
0.00016291
0.00015162
0.00015798
0.00014663
0.00016156
0.00015421
0.00015443
0.00015660
0.00015610
0.00014082
0.00016003
0.00015280
0.00014930
0.00013966
0.00018232
0.00013816
0.00014399
0.00015601
0.00015095
0.00016820
0.00013988
0.00015696
0.00014820
0.00014481
0.00014456
0.00015833
0.00016213
0.00015111
0.00014307
0.00016106
0.00013552
0.00014439
0.00015701
0.00015872
0.00014321
0.00013470
0.00015111
0.00014869
0.00014931
0.00015551
0.00015562
0.00014136
0.00013526
0.00016392
0.00013574
0.00016991
0.00015327
0.00011763
0.00015330
0.00014550
0.00017451
0.00013100
0.00017491
0.00013213
0.00015434
0.00013588
0.00015692
0.00015101
0.00014825
0.00014951
0.00010935
0.00016480
0.00014274
0.00014681
0.00013241
0.00016370
0.00014573
0.00013680
0.00015240
0.00015339
0.00012903
0.00014522
0.00015010
0.00014472
0.00014382
0.00015073
0.00014715
0.00014754
0.00013925
0.00015352
0.00014331
0.00016264
0.00013177
0.00014726
0.00013838
0.00013883
0.00013974
0.00014890
0.00015747
0.00013730
0.00014746
0.00013599
0.00014446
0.00015583
0.00014309
0.00014915
0.00013103
0.00015298
0.00013284
0.00013521
0.00016248
0.00013754
0.00012627
0.00015404
0.00014772
0.00013251
0.00013963
0.00014784
0.00014814
0.00014244
0.00012100
0.00016669
0.00012596
0.00015502
0.00013748
0.00013154
0.00015281
0.00015146
0.00012801
0.00013714
0.00014673
0.00014162
0.00014092
0.00014627
0.00012654
0.00014581
0.00014614
0.00014042
0.00013354
0.00014599
0.00012954
0.00013699
0.00014053
0.00014130
0.00013957
0.00013469
0.00014957
0.00013858
0.00015133
0.00012971
0.00012517
0.00013623
0.00012448
0.00013292
0.00014691
0.00014689
0.00013206
0.00012398
0.00014258
0.00014443
0.00013403
0.00013400
0.00013879
0.00014315
0.00013015
0.00013648
0.00013367
0.00013298
0.00013505
0.00014042
0.00014844
0.00012490
0.00013566
0.00014537
0.00012421
0.00012354
0.00015379
0.00013151
0.00013693
0.00014321
0.00011991
0.00014356
0.00011744
0.00013279
0.00014758
0.00013213
0.00012515
0.00012788
0.00013804
0.00013437
0.00013648
0.00012779
0.00014356
0.00012917
0.00013803
0.00013942
0.00011799
0.00013174
0.00012097
0.00013882
0.00013377
0.00012517
0.00014059
0.00012775
0.00013139
0.00014544
0.00012397
0.00013129
0.00012927
0.00013969
0.00013645
0.00013400
0.00012075
0.00012286
0.00013536
0.00013509
0.00012347
0.00013600
0.00013381
0.00012633
0.00013492
0.00013417
0.00013382
0.00012404
0.00012383
0.00014013
0.00011891
0.00012593
0.00013924
0.00012298
0.00011684
0.00013761
0.00012641
0.00012322
0.00014509
0.00012018
0.00012993
0.00013583
0.00011186
0.00013741
0.00013111
0.00014583
0.00012736
0.00010235
0.00012833
0.00013739
0.00013781
0.00012901
0.00010604
0.00013492
0.00013276
0.00012884
0.00011982
0.00013175
0.00011115
0.00013970
0.00012577
0.00013013
0.00013128
0.00012150
0.00013425
0.00011537
0.00013626
0.00011621
0.00013872
0.00011914
0.00013158
0.00012480
0.00011208
0.00014034
0.00012303
0.00012030
0.00013704
0.00013008
0.00010131
0.00012924
0.00012413
0.00012487
0.00011818
0.00013868
0.00011792
0.00013366
0.00012885
0.00012123
0.00011575
0.00011708
0.00014017
0.00011943
0.00012532
0.00013271
0.00011838
0.00012762
0.00012386
0.00012799
0.00012127
0.00013032
0.00012471
0.00012923
0.00010858
0.00013710
0.00011060
0.00012631
0.00013057
0.00011036
0.00013194
0.00011013
0.00011554
0.00013542
0.00013028
0.00011611
0.00012251
0.00012119
0.00012414
0.00011829
0.00010455
0.00012373
0.00012235
0.00012352
0.00011479
0.00012128
0.00012704
0.00011551
0.00013226
0.00011348
0.00012605
0.00014001
0.00009225
0.00011876
0.00012639
0.00012190
0.00012444
0.00011925
0.00012962
0.00011513
0.00012917
0.00011643
0.00012135
0.00010093
0.00012433
0.00012564
0.00012849
0.00010795
0.00011046
0.00013874
0.00009002
0.00013237
0.00011832
0.00011927
0.00012411
0.00011693
0.00012684
0.00010626
0.00012924
0.00011794
0.00011197
0.00010506
0.00012119
0.00012445
0.00012477
0.00010295
0.00012286
0.00011508
0.00011989
0.00010725
0.00011478
0.00013455
0.00009712
0.00012892
0.00010856
0.00010118
0.00012471
0.00012480
0.00009588
0.00012836
0.00010250
0.00012349
0.00012166
0.00010622
0.00011466
0.00010724
0.00012119
0.00012083
0.00010507
0.00011750
0.00012471
0.00011758
0.00011434
0.00011260
0.00011917
0.00010657
0.00012602
0.00011235
0.00011740
0.00011627
0.00009866
0.00009347
0.00012400
0.00011157
0.00011777
0.00011088
0.00010890
0.00011849
0.00011313
0.00011148
0.00010525
0.00012405
0.00011118
0.00011803
0.00010464
0.00011339
0.00012463
0.00010016
0.00011260
0.00011797
0.00011943
0.00010753
0.00011236
0.00012361
0.00009863
0.00010476
0.00009452
0.00012898
0.00012036
0.00009798
0.00010855
0.00012325
0.00010824
0.00011659
0.00011221
0.00009390
0.00013156
0.00010513
0.00011856
0.00010291
0.00011474
0.00011001
0.00011412
0.00010744
0.00010259
0.00012252
0.00010778
0.00011252
0.00010264
0.00010522
0.00011528
0.00010508
0.00011073
0.00011158
0.00011198
0.00010667
0.00011869
0.00011137
0.00009072
0.00011845
0.00010568
0.00012158
0.00010135
0.00011081
0.00011336
0.00010173
0.00010717
0.00011795
0.00010311
0.00010427
0.00010332
0.00012685
0.00008293
0.00011298
0.00011319
0.00010652
0.00010743
0.00010691
0.00010416
0.00010180
0.00011411
0.00010305
0.00010638
0.00010509
0.00010750
0.00012092
0.00009265
0.00011540
0.00010802
0.00010579
0.00011166
0.00009388
0.00010846
0.00010817
0.00011711
0.00010820
0.00009455
0.00011268
0.00010365
0.00010137
0.00010457
0.00010350
0.00011419
0.00010974
0.00009728
0.00011623
0.00008085
0.00011917
0.00009847
0.00011814
0.00010738
0.00009905
0.00008251
0.00011501
0.00011242
0.00010177
0.00010206
0.00009892
0.00010534
0.00011094
0.00009977
0.00010045
0.00010270
0.00011277
0.00010708
0.00010022
0.00011117
0.00009295
0.00010972
0.00010460
0.00010119
0.00008986
0.00012263
0.00009455
0.00009809
0.00011385
0.00009520
0.00010601
0.00010327
0.00010801
0.00009201
0.00010873
0.00010604
0.00009978
0.00009914
0.00011080
0.00010130
0.00010425
0.00011433
0.00009606
0.00010753
0.00008385
0.00011298
0.00010285
0.00010204
0.00010425
0.00009382
0.00010821
0.00010547
0.00010878
0.00010224
0.00009106
0.00009794
0.00010432
0.00010304
0.00010774
0.00009132
0.00009775
0.00011087
0.00008442
0.00010497
0.00011057
0.00010001
0.00009669
0.00011135
0.00009609
0.00009876
0.00011006
0.00009587
0.00010608
0.00009897
0.00008380
0.00010606
0.00010209
0.00009801
0.00010355
0.00009760
0.00009029
0.00009977
0.00010517
0.00009419
0.00010985
0.00009481
0.00009463
0.00009349
0.00010139
0.00010904
0.00008194
0.00010204
0.00010989
0.00009476
0.00010244
0.00010761
0.00007461
0.00010674
0.00010483
0.00009212
0.00009948
0.00010825
0.00009309
0.00009378
0.00010563
0.00008934
0.00010108
0.00010549
0.00009669
0.00008468
0.00010151
0.00009478
0.00009567
0.00009995
0.00009460
0.00009468
0.00010605
0.00009410
0.00008907
0.00009811
0.00010572
0.00009915
0.00007457
0.00011291
0.00009228
0.00009913
0.00009904
0.00009343
0.00008663
0.00009751
0.00008298
0.00009211
0.00010343
0.00008111
0.00010585
0.00008566
0.00010086
0.00009246
0.00009211
0.00010650
0.00008507
0.00009787
0.00010569
0.00009056
0.00009347
0.00010183
0.00008510
0.00010791
0.00009291
0.00009258
0.00007879
0.00010582
0.00009268
0.00010090
0.00009530
0.00008551
0.00009733
0.00009023
0.00010881
0.00008181
0.00010132
0.00009621
0.00008374
0.00009098
0.00010321
0.00010139
0.00008992
0.00009087
0.00009392
0.00009462
0.00007808
0.00010625
0.00008925
0.00009371
0.00009314
0.00009168
0.00009507
0.00009418
0.00009983
0.00008207
0.00009646
0.00009959
0.00008293
0.00009321
0.00009156
0.00009582
0.00008144
0.00009760
0.00009369
0.00009831
0.00008613
0.00008850
0.00009396
0.00009033
0.00009375
0.00010215
0.00008417
0.00009679
0.00008064
0.00008837
0.00010541
0.00008769
0.00008879
0.00008995
0.00008793
0.00008826
0.00010271
0.00008053
0.00009539
0.00008406
0.00009102
0.00009745
0.00008521
0.00009047
0.00007992
0.00010191
0.00008919
0.00008723
0.00009060
0.00008646
0.00009195
0.00007510
0.00010465
0.00009665
0.00008111
0.00007769
0.00009015
0.00009360
0.00009621
0.00008545
0.00009972
0.00008612
0.00008631
0.00008878
0.00009593
0.00008267
0.00008170
0.00010332
0.00007934
0.00007883
0.00009169
0.00009262
0.00009228
0.00008474
0.00009157
0.00007793
0.00009703
0.00008592
0.00008650
0.00008260
0.00007853
0.00010025
0.00007656
0.00009448
0.00006508
0.00009423
0.00008830
0.00009329
0.00008148
0.00009105
0.00009126
0.00008165
0.00009401
0.00007067
0.00008632
0.00009104
0.00008817
0.00009220
0.00008073
0.00009339
0.00007905
0.00008531
0.00009357
0.00008907
0.00008097
0.00008546
0.00008531
0.00008162
0.00008545
0.00009284
0.00009063
0.00008331
0.00009423
0.00009009
0.00008324
0.00007353
0.00009172
0.00008091
0.00009162
0.00008938
0.00007075
0.00010331
0.00007406
0.00008875
0.00008530
0.00008361
0.00009319
0.00008530
0.00007934
0.00008207
0.00009491
0.00008673
0.00007224
0.00009521
0.00008698
0.00007984
0.00008622
0.00008111
0.00008856
0.00008626
0.00009334
0.00007173
0.00007944
0.00008737
0.00009297
0.00007631
0.00009327
0.00008715
0.00007460
0.00009057
0.00007912
0.00008244
0.00008638
0.00008271
0.00006897
0.00008499
0.00008471
