185.15629912
59.79295760
27.13244938
32.33559989
29.77106099
40.34087659
26.60363692
28.99358931
35.89214764
24.90736303
22.76122850
38.12601197
29.55207367
25.25225550
19.67727693
23.15654101
25.20474901
29.20977667
19.61734488
19.46968524
22.57836914
12.80990884
9.65403502
17.65143393
8.19672472
8.35646798
26.92750904
18.59665354
28.08200090
17.61021182
20.49357023
40.06496003
7.66492780
13.55687292
22.91280133
9.91167956
7.26763371
14.65884620
12.51937928
13.19967876
30.95925678
10.06957870
5.68044144
5.27244839
26.92182488
25.85983477
26.07636995
5.89426770
17.37181038
10.43560766
7.00893956
25.80689787
21.19689283
2.55072134
9.71653634
13.58091833
20.48690214
23.24702160
19.40493308
19.75715805
34.63959209
14.84768537
11.91086679
26.04057672
8.05568566
18.32194529
8.47387338
8.41737597
17.29986103
19.66356853
13.97365827
30.10641910
11.80830635
30.16923086
11.17200470
10.67868642
9.93493884
9.10154532
34.13126856
18.03043178
13.23661310
9.49611560
7.39540874
8.07305745
8.60363388
10.38466162
4.70358854
6.67641390
6.99821345
15.83594262
18.58835457
8.02202192
11.58442689
21.19055455
5.44123586
12.85920865
12.35349369
7.48280367
27.36750282
10.64886536
14.83031234
18.58407056
7.31388983
10.53019646
8.29231160
18.50395509
13.36949653
12.54191795
6.76944928
9.88527078
8.02050205
11.77274556
9.02320243
15.03467220
6.46221720
12.24753252
30.44895859
25.15048373
6.87044161
22.62277510
6.29469283
12.73882207
12.54461107
17.27890918
12.27888443
5.33312852
6.16637895
16.98445395
9.91276616
8.44228690
18.27832709
7.37617688
14.12063876
7.01551939
28.47493259
7.31785693
3.59841530
14.31456943
9.90765770
13.53203442
6.00435908
8.40870939
16.18448073
22.26874760
18.52642832
5.18471513
12.32181494
7.33644772
12.65677993
4.56378674
7.76618998
4.29413021
7.68755529
4.35833059
11.61468753
9.03033170
10.27525252
5.70086826
5.61806009
10.44961290
11.71856004
17.42774278
15.00317916
4.50569331
5.04697911
9.39990860
5.08421666
15.68826729
23.86858603
7.32624384
3.97511393
15.92350339
14.80325555
4.48828433
9.18062919
5.25945631
14.79115792
6.00957368
6.17476377
6.47816076
10.50388602
8.50098906
22.91774532
5.14755667
8.44862607
8.30503601
19.19463668
17.38881637
9.03901426
8.75880103
13.38918706
24.41770338
32.56629376
16.89954078
10.95297672
8.69730401
3.64981291
5.00033707
7.88387035
14.20974572
22.09875697
8.62024474
13.64312189
17.57063791
6.92000494
10.59676876
2.89399751
6.46893039
10.49856572
10.86468514
8.02729537
5.60534613
7.52680103
15.69111087
5.77320895
10.14869540
5.77466968
8.23483657
16.30340841
12.62265436
4.54999360
8.81991144
6.74019001
7.83787440
4.31911548
5.81921707
7.36073888
15.76357604
7.75883747
9.87217205
4.84352631
3.55645463
5.24326687
6.13066818
12.73162851
21.45223870
24.52126004
13.46841377
10.53259365
8.28707303
6.53797784
2.97670710
3.66482957
10.71471721
4.22309802
9.05122920
1.89290246
10.22086143
6.73198028
12.56372922
6.69388576
8.16378124
6.45378043
10.34766208
4.00331941
8.48827936
4.51123631
4.72913045
6.64640048
20.19008629
16.66794044
4.75362018
14.46425653
5.42898179
25.26716131
6.60554082
17.12584439
6.95124954
7.09755706
6.48959286
14.32227960
1.56512627
4.63613906
2.62324343
14.86571741
5.81131218
4.24291039
8.23807042
3.66765146
13.80546721
12.01326856
25.70242126
7.67381604
5.51649606
13.30923301
30.01232851
6.84658814
14.35212396
8.70400492
16.84010269
8.04608250
4.35308956
4.46509085
5.25729247
6.75044253
13.66859503
10.45536070
8.44431898
15.48946892
8.88000899
15.83088069
2.56221303
8.37421805
4.32396647
21.23894093
15.60537371
2.51225812
4.88978831
9.26239234
8.48679683
4.44111696
5.03441452
11.45444267
11.37975239
6.71274969
8.98589143
2.98672268
13.80664495
3.96715199
6.22495539
20.96698614
9.30201848
10.82978077
8.54533007
8.69588266
10.18811722
5.11043908
10.76141638
12.78414780
27.35027420
4.93558394
5.63720975
4.71265555
2.46042271
9.21969152
5.48159357
17.11890844
3.83363623
13.10577041
3.75028665
13.81797013
17.02702875
8.96369131
2.00383748
10.28945816
9.70845989
13.98737852
5.74655980
4.29748610
9.92842508
9.76856214
15.52298662
14.81963782
7.08094679
6.40867367
9.14931828
5.72637718
8.46262133
4.02511472
5.72727389
9.11707284
4.18783206
15.37422824
16.41451064
3.72993312
14.30364582
7.44522946
5.76606837
6.43461299
11.12011240
8.17811772
6.54033350
6.92051388
8.88785120
24.39798973
5.86573935
17.07984522
15.72022064
29.61362230
5.50061883
8.20861244
10.16296692
5.24882160
17.00711889
5.03670604
18.91157483
9.97760276
6.76006040
4.49211105
7.66548593
6.93141475
7.22393170
2.56192728
11.51656935
20.22432581
6.04466932
20.26211283
8.34855703
11.84291697
10.03898749
5.34409613
9.37496749
10.24104599
2.92887774
3.88923225
20.86957608
7.31759009
4.54087066
6.65598620
6.83244424
4.10255479
7.74947901
9.64000892
4.69615148
9.52344043
11.30908141
11.62879959
2.10275093
6.02917890
5.91610892
9.67257211
7.28662748
22.18582633
3.02139676
6.06379818
8.61609444
4.77823891
11.93361286
6.54858203
6.96462292
14.53870737
21.00638943
9.81702522
5.20683610
4.79494739
15.62311495
19.63704664
7.73359369
8.71985174
9.41137162
3.40705962
9.31807500
5.08687068
9.38655725
3.51304083
6.42211140
18.95911808
7.13043728
7.80657952
15.80270783
9.72708634
9.61260370
4.31877099
6.48456852
8.03326242
10.68731005
15.57256313
7.42287768
3.85550895
7.12459500
5.24132373
4.67361091
7.84624925
2.53023171
19.05238067
16.30223958
2.29584078
10.77644755
4.29989257
14.27334768
6.25464172
18.49455355
21.40169601
5.57184027
9.02496547
5.46593005
11.06753820
3.04141378
7.89167598
4.41876618
5.85899214
8.15679797
5.69003682
3.86482677
6.86509347
4.54036932
2.95154939
4.49071869
6.80331791
7.23160909
5.74075897
6.23986117
10.14373910
13.36079753
5.32507367
12.86643869
10.36505176
5.25311414
8.36012875
