X My_beautiful_solution_real My_beautiful_solution_imag
   0.0000000000000000        0.0000000000000000        0.0000000000000000     
   4.1666666666666666E-003   1.9074427480916865        0.0000000000000000     
   8.3333333333333332E-003  0.17472757997786428        0.0000000000000000     
   1.2500000000000001E-002   1.7487207479591227        0.0000000000000000     
   1.6666666666666666E-002  0.31891016025095675        0.0000000000000000     
   2.0833333333333336E-002   1.6177457322911994        0.0000000000000000     
   2.5000000000000001E-002  0.43788746455998662        0.0000000000000000     
   3.3333333333333333E-002   1.5347869478413494        0.0000000000000000     
   3.7500000000000006E-002  0.51324697104496664        0.0000000000000000     
   4.1666666666666671E-002   1.4412107667607650        0.0000000000000000     
   4.5833333333333337E-002  0.59825128820977280        0.0000000000000000     
   5.0000000000000003E-002   1.3639931046034222        0.0000000000000000     
   5.4166666666666669E-002  0.66839557673438110        0.0000000000000000     
   5.8333333333333334E-002   1.3002742470887005        0.0000000000000000     
   6.2500000000000000E-002  0.72627759233935840        0.0000000000000000     
   6.6666666666666666E-002   1.2476944008521191        0.0000000000000000     
   7.0833333333333331E-002  0.77404096411152068        0.0000000000000000     
   7.5000000000000011E-002   1.2043062997766445        0.0000000000000000     
   7.9166666666666677E-002  0.81345458264572956        0.0000000000000000     
   8.3333333333333343E-002   1.1685030890470949        0.0000000000000000     
   8.7500000000000008E-002  0.84597810994967237        0.0000000000000000     
   9.1666666666666674E-002   1.1389588161526749        0.0000000000000000     
   9.5833333333333340E-002  0.87281603723544432        0.0000000000000000     
  0.10000000000000001        1.1145793249541496        0.0000000000000000     
  0.10416666666666667       0.89496229259898818        0.0000000000000000     
  0.10833333333333334        1.0944617342040588        0.0000000000000000     
  0.11250000000000000       0.91323705060861249        0.0000000000000000     
  0.11666666666666667        1.0778609998289030        0.0000000000000000     
  0.12083333333333333       0.92831710702573977        0.0000000000000000     
  0.12500000000000000        1.0641623226255599        0.0000000000000000     
  0.12916666666666665       0.94076094356923512        0.0000000000000000     
  0.13333333333333333        1.0528583795058963        0.0000000000000000     
  0.13750000000000001       0.95102941098328131        0.0000000000000000     
  0.14166666666666666        1.0435305350610766        0.0000000000000000     
  0.14583333333333331       0.95950279639498781        0.0000000000000000     
  0.14999999999999999        1.0358333376260151        0.0000000000000000     
  0.15416666666666667       0.96649490704210506        0.0000000000000000     
  0.15833333333333333        1.0294817256641304        0.0000000000000000     
  0.16249999999999998       0.97226469195404630        0.0000000000000000     
  0.16666666666666666        1.0242404706677868        0.0000000000000000     
  0.17083333333333334       0.97702583198889092        0.0000000000000000     
  0.17499999999999999        1.0199154655979641        0.0000000000000000     
  0.17916666666666667       0.98095465338819543        0.0000000000000000     
  0.18333333333333335        1.0163465362352369        0.0000000000000000     
  0.19166666666666668       0.98344314515088271        0.0000000000000000     
  0.20000000000000001        1.0148041897781581        0.0000000000000000     
  0.20833333333333334       0.98491319411778544        0.0000000000000000     
  0.21666666666666667        1.0134030493565780        0.0000000000000000     
  0.22083333333333333       0.98687051241663448        0.0000000000000000     
  0.22500000000000001        1.0109725879574991        0.0000000000000000     
  0.22916666666666669       0.98907833613030194        0.0000000000000000     
  0.23333333333333334        1.0089670076374504        0.0000000000000000     
  0.24166666666666667       0.99047675834564797        0.0000000000000000     
  0.25000000000000000        1.0081002772018970        0.0000000000000000     
  0.25833333333333336       0.99130286079203378        0.0000000000000000     
  0.26666666666666672        1.0073128983076849        0.0000000000000000     
  0.27500000000000002       0.99205333130057394        0.0000000000000000     
  0.28333333333333338        1.0065976061042265        0.0000000000000000     
  0.29166666666666674       0.99273509418199579        0.0000000000000000     
  0.30000000000000004        1.0059478008578724        0.0000000000000000     
  0.30833333333333335       0.99335443980742566        0.0000000000000000     
  0.31666666666666671        1.0053574870586326        0.0000000000000000     
  0.32500000000000007       0.99391708264732515        0.0000000000000000     
  0.33333333333333337        1.0048212181018525        0.0000000000000000     
  0.34166666666666667       0.99442821399675874        0.0000000000000000     
  0.34999999999999998        1.0043340460344266        0.0000000000000000     
  0.35833333333333328       0.99489254987352349        0.0000000000000000     
  0.36666666666666664        1.0038914759018840        0.0000000000000000     
  0.37500000000000000       0.99531437453110128        0.0000000000000000     
  0.38333333333333330        1.0034894242751287        0.0000000000000000     
  0.39166666666666666       0.99569757998785002        0.0000000000000000     
  0.40000000000000002        1.0031241815741627        0.0000000000000000     
  0.40833333333333333       0.99604570193720998        0.0000000000000000     
  0.41666666666666669        1.0027923778411807        0.0000000000000000     
  0.42500000000000004       0.99636195237020997        0.0000000000000000     
  0.43333333333333335        1.0024909516472291        0.0000000000000000     
  0.44166666666666665       0.99664924921132125        0.0000000000000000     
  0.45000000000000001        1.0022171218455456        0.0000000000000000     
  0.45833333333333337       0.99691024324105093        0.0000000000000000     
  0.46666666666666667        1.0019683619109603        0.0000000000000000     
  0.47499999999999998       0.99714734255370274        0.0000000000000000     
  0.48333333333333334        1.0017423766285887        0.0000000000000000     
  0.49166666666666670       0.99736273477596282        0.0000000000000000     
  0.50000000000000000        1.0015370809167470        0.0000000000000000     
  0.50833333333333330       0.99755840725130740        0.0000000000000000     
  0.51666666666666661        1.0013505805886791        0.0000000000000000     
  0.52499999999999991       0.99773616537649734        0.0000000000000000     
  0.53333333333333333        1.0011811548756078        0.0000000000000000     
  0.54166666666666674       0.99789764925926827        0.0000000000000000     
  0.55000000000000004        1.0010272405498419        0.0000000000000000     
  0.55833333333333335       0.99804434885101290        0.0000000000000000     
  0.56666666666666665        1.0008874175014593        0.0000000000000000     
  0.57499999999999996       0.99817761769400370        0.0000000000000000     
  0.58333333333333326        1.0007603956354847        0.0000000000000000     
  0.59166666666666656       0.99829868541000910        0.0000000000000000     
  0.59999999999999998        1.0006450029686651        0.0000000000000000     
  0.60833333333333339       0.99840866904557024        0.0000000000000000     
  0.61666666666666670        1.0005401748160201        0.0000000000000000     
  0.62500000000000000       0.99850858337855997        0.0000000000000000     
  0.63333333333333330        1.0004449439673890        0.0000000000000000     
  0.64166666666666661       0.99859935028116065        0.0000000000000000     
  0.65000000000000002        1.0003584317633467        0.0000000000000000     
  0.65833333333333344       0.99868180722563882        0.0000000000000000     
  0.66666666666666674        1.0002798399881416        0.0000000000000000     
  0.67500000000000004       0.99875671501138308        0.0000000000000000     
  0.68333333333333335        1.0002084435048559        0.0000000000000000     
  0.69166666666666665       0.99882476478451565        0.0000000000000000     
  0.69999999999999996        1.0001435835648400        0.0000000000000000     
  0.70833333333333326       0.99888658441484202        0.0000000000000000     
  0.71666666666666667        1.0000846617296839        0.0000000000000000     
  0.72500000000000009       0.99894274428897756        0.0000000000000000     
  0.73333333333333339        1.0000311343496509        0.0000000000000000     
  0.74166666666666670       0.99899376257306127        0.0000000000000000     
  0.75000000000000000       0.99998250754762308        0.0000000000000000     
  0.75833333333333330       0.99904010999374526        0.0000000000000000     
  0.76666666666666672       0.99993833266228471        0.0000000000000000     
  0.77500000000000013       0.99908221418133547        0.0000000000000000     
  0.78333333333333344       0.99989820210849023        0.0000000000000000     
  0.79166666666666674       0.99912046361542084        0.0000000000000000     
  0.80000000000000004       0.99986174561662766        0.0000000000000000     
  0.80208333333333337       0.98969736797078378        0.0000000000000000     
  0.80416666666666670       0.97907260890008074        0.0000000000000000     
  0.80625000000000002       0.96882758049367779        0.0000000000000000     
  0.80833333333333335       0.95826934358314408        0.0000000000000000     
  0.81041666666666667       0.94796944653368165        0.0000000000000000     
  0.81250000000000000       0.93745646624114631        0.0000000000000000     
  0.81458333333333333       0.92711924074034180        0.0000000000000000     
  0.81666666666666665       0.91663704960840220        0.0000000000000000     
  0.81874999999999998       0.90627442866856589        0.0000000000000000     
  0.82083333333333330       0.89581318413962374        0.0000000000000000     
  0.82291666666666663       0.88543328607468808        0.0000000000000000     
  0.82499999999999996       0.87498629202119205        0.0000000000000000     
  0.82708333333333328       0.86459463991446506        0.0000000000000000     
  0.82916666666666661       0.85415734080054784        0.0000000000000000     
  0.83125000000000004       0.84375769213781771        0.0000000000000000     
  0.83333333333333337       0.83332698872337829        0.0000000000000000     
  0.83541666666666670       0.82292189981217390        0.0000000000000000     
  0.83750000000000013       0.81249568360997915        0.0000000000000000     
  0.83958333333333346       0.80208689356750662        0.0000000000000000     
  0.84166666666666679       0.79166373012322022        0.0000000000000000     
  0.84375000000000011       0.78125242211254708        0.0000000000000000     
  0.84583333333333344       0.77083133553254179        0.0000000000000000     
  0.84791666666666676       0.76041831448782649        0.0000000000000000     
  0.85000000000000009       0.74999864084830958        0.0000000000000000     
  0.85208333333333341       0.73958445438552656        0.0000000000000000     
  0.85416666666666674       0.72916574200324813        0.0000000000000000     
  0.85625000000000007       0.71875076267865545        0.0000000000000000     
  0.85833333333333339       0.70833270426268691        0.0000000000000000     
  0.86041666666666672       0.69791718553522553        0.0000000000000000     
  0.86250000000000004       0.68749957202819290        0.0000000000000000     
  0.86458333333333337       0.67708368633204719        0.0000000000000000     
  0.86666666666666670       0.66666637550721319        0.0000000000000000     
  0.86875000000000002       0.65625024015348776        0.0000000000000000     
  0.87083333333333335       0.64583313525059960        0.0000000000000000     
  0.87291666666666667       0.63541683004884575        0.0000000000000000     
  0.87500000000000000       0.62499986523958662        0.0000000000000000     
  0.87708333333333333       0.61458344448615354        0.0000000000000000     
  0.87916666666666665       0.60416657498594439        0.0000000000000000     
  0.88124999999999998       0.59375007561993665        0.0000000000000000     
  0.88333333333333330       0.58333327096075549        0.0000000000000000     
  0.88541666666666663       0.57291671811273237        0.0000000000000000     
  0.88749999999999996       0.56249995756645521        0.0000000000000000     
  0.88958333333333328       0.55208336833333582        0.0000000000000000     
  0.89166666666666661       0.54166663779812285        0.0000000000000000     
  0.89374999999999993       0.53125002381135134        0.0000000000000000     
  0.89583333333333326       0.52083331369338437        0.0000000000000000     
  0.89791666666666670       0.51041668286611097        0.0000000000000000     
  0.90000000000000002       0.49999998663848444        0.0000000000000000     
  0.90208333333333335       0.48958334435421580        0.0000000000000000     
  0.90416666666666679       0.47916665757651949        0.0000000000000000     
  0.90625000000000011       0.46875000749778195        0.0000000000000000     
  0.90833333333333344       0.45833332714910086        0.0000000000000000     
  0.91041666666666676       0.44791667176759942        0.0000000000000000     
  0.91250000000000009       0.43749999579273097        0.0000000000000000     
  0.91458333333333341       0.42708333680363203        0.0000000000000000     
  0.91666666666666674       0.41666666380437339        0.0000000000000000     
  0.91875000000000007       0.40625000236093967        0.0000000000000000     
  0.92083333333333339       0.39583333138605925        0.0000000000000000     
  0.92291666666666672       0.38541666827288268        0.0000000000000000     
  0.92500000000000004       0.37499999867523542        0.0000000000000000     
  0.92708333333333337       0.36458333442609264        0.0000000000000000     
  0.92916666666666670       0.35416666576541028        0.0000000000000000     
  0.93125000000000002       0.34375000074344253        0.0000000000000000     
  0.93333333333333335       0.33333333272019944        0.0000000000000000     
  0.93541666666666667       0.32291666717246048        0.0000000000000000     
  0.93750000000000000       0.31249999958288271        0.0000000000000000     
  0.93958333333333333       0.30208333367744944        0.0000000000000000     
  0.94166666666666665       0.29166666638290417        0.0000000000000000     
  0.94374999999999998       0.28125000023412289        0.0000000000000000     
  0.94583333333333330       0.27083333314029540        0.0000000000000000     
  0.94791666666666663       0.26041666682595843        0.0000000000000000     
  0.94999999999999996       0.24999999986868421        0.0000000000000000     
  0.95208333333333328       0.23958333344171578        0.0000000000000000     
  0.95416666666666661       0.22916666657734219        0.0000000000000000     
  0.95624999999999993       0.21875000007374762        0.0000000000000000     
  0.95833333333333326       0.20833333327257633        0.0000000000000000     
  0.96041666666666659       0.19791666671685110        0.0000000000000000     
  0.96249999999999991       0.18749999995867830        0.0000000000000000     
  0.96458333333333335       0.17708333336748697        0.0000000000000000     
  0.96666666666666667       0.16666666663856647        0.0000000000000000     
  0.96875000000000000       0.15625000002324793        0.0000000000000000     
  0.97083333333333344       0.14583333331422793        0.0000000000000000     
  0.97291666666666676       0.13541666668249464        0.0000000000000000     
  0.97500000000000009       0.12499999998701436        0.0000000000000000     
  0.97708333333333341       0.11458333334411373        0.0000000000000000     
  0.97916666666666674       0.10416666665784448        0.0000000000000000     
  0.98125000000000007        9.3750000007346471E-002   0.0000000000000000     
  0.98333333333333339        8.3333333327343689E-002   0.0000000000000000     
  0.98541666666666672        7.2916666671676900E-002   0.0000000000000000     
  0.98645833333333344        6.7708333330001133E-002   0.0000000000000000     
  0.98750000000000004        6.2500000002322878E-002   0.0000000000000000     
  0.98854166666666665        5.7291666665156754E-002   0.0000000000000000     
  0.98958333333333337        5.2083333334421417E-002   0.0000000000000000     
  0.99062500000000009        4.6874999999326594E-002   0.0000000000000000     
  0.99166666666666670        4.1666666667187394E-002   0.0000000000000000     
  0.99270833333333330        3.6458333333045136E-002   0.0000000000000000     
  0.99375000000000002        3.1250000000260077E-002   0.0000000000000000     
  0.99583333333333335        2.0833333333189062E-002   0.0000000000000000     
  0.99687499999999996        1.5625000000162689E-002   0.0000000000000000     
  0.99791666666666667        1.0416666666621244E-002   0.0000000000000000     
  0.99895833333333339        5.2083333334285312E-003   0.0000000000000000     
   1.0000000000000000        0.0000000000000000        0.0000000000000000     
