X My_beautiful_solution_real My_beautiful_solution_imag
   0.0000000000000000        0.0000000000000000        0.0000000000000000     
   8.3333333333333332E-003   1.4803756050860766E-002   0.0000000000000000     
   1.6666666666666666E-002   1.6348449155968607E-002   0.0000000000000000     
   2.5000000000000001E-002   3.1804290269735247E-002   0.0000000000000000     
   3.3333333333333333E-002   3.2664828554745111E-002   0.0000000000000000     
   4.1666666666666671E-002   4.8838471446975382E-002   0.0000000000000000     
   5.0000000000000003E-002   4.8945906226711938E-002   0.0000000000000000     
   5.8333333333333334E-002   6.5909690501523857E-002   0.0000000000000000     
   6.6666666666666666E-002   6.5188124486420640E-002   0.0000000000000000     
   7.5000000000000011E-002   8.3021680086966240E-002   0.0000000000000000     
   8.3333333333333343E-002   8.1387567107158845E-002   0.0000000000000000     
   9.1666666666666674E-002  0.10017854903132829        0.0000000000000000     
  0.10000000000000001        9.7539923187390937E-002   0.0000000000000000     
  0.10833333333333334       0.11738482024769718        0.0000000000000000     
  0.11666666666666667       0.11364044737568188        0.0000000000000000     
  0.12500000000000000       0.13464547246544642        0.0000000000000000     
  0.13333333333333333       0.12968391608711421        0.0000000000000000     
  0.14166666666666666       0.15196598616711246        0.0000000000000000     
  0.14999999999999999       0.14566457930722354        0.0000000000000000     
  0.15833333333333333       0.16935239415475692        0.0000000000000000     
  0.16666666666666666       0.16157610753876561        0.0000000000000000     
  0.17499999999999999       0.18681133721237442        0.0000000000000000     
  0.18333333333333335       0.17741153340181218        0.0000000000000000     
  0.19166666666666668       0.20435012537792155        0.0000000000000000     
  0.20000000000000001       0.19316318734834231        0.0000000000000000     
  0.20833333333333334       0.22197680539030612        0.0000000000000000     
  0.21666666666666667       0.20882262689819114        0.0000000000000000     
  0.22500000000000001       0.23970023493363468        0.0000000000000000     
  0.23333333333333334       0.22438055874344254        0.0000000000000000     
  0.24166666666666667       0.25753016436375353        0.0000000000000000     
  0.25000000000000000       0.23982675300255291        0.0000000000000000     
  0.25833333333333336       0.27547732667113423        0.0000000000000000     
  0.26666666666666672       0.25514994883305991        0.0000000000000000     
  0.27500000000000002       0.29355353651016591        0.0000000000000000     
  0.28333333333333338       0.27033775053200004        0.0000000000000000     
  0.29166666666666674       0.31177179920854536        0.0000000000000000     
  0.30000000000000004       0.28537651316539397        0.0000000000000000     
  0.30833333333333335       0.33014643076258032        0.0000000000000000     
  0.31666666666666671       0.30025121667154325        0.0000000000000000     
  0.32500000000000007       0.34869318992552745        0.0000000000000000     
  0.33333333333333337       0.31494532727653857        0.0000000000000000     
  0.34166666666666667       0.36742942360771902        0.0000000000000000     
  0.34999999999999998       0.32944064494331110        0.0000000000000000     
  0.35833333333333328       0.38637422693001267        0.0000000000000000     
  0.36666666666666664       0.34371713544669735        0.0000000000000000     
  0.37500000000000000       0.40554861940733433        0.0000000000000000     
  0.38333333333333330       0.35775274552513597        0.0000000000000000     
  0.39166666666666666       0.42497573888787865        0.0000000000000000     
  0.40000000000000002       0.37152319940347106        0.0000000000000000     
  0.40833333333333333       0.44468105503738709        0.0000000000000000     
  0.41666666666666669       0.38500177480945336        0.0000000000000000     
  0.42500000000000004       0.46469260433821452        0.0000000000000000     
  0.43333333333333335       0.39815905641732846        0.0000000000000000     
  0.44166666666666665       0.48504124877148180        0.0000000000000000     
  0.45000000000000001       0.41096266444362695        0.0000000000000000     
  0.45833333333333337       0.50576096056902653        0.0000000000000000     
  0.46666666666666667       0.42337695589101171        0.0000000000000000     
  0.47499999999999998       0.52688913566248063        0.0000000000000000     
  0.48333333333333334       0.43536269568367159        0.0000000000000000     
  0.49166666666666670       0.54846693872154717        0.0000000000000000     
  0.50000000000000000       0.44687669465995095        0.0000000000000000     
  0.50833333333333330       0.57053968296501423        0.0000000000000000     
  0.51666666666666661       0.45787141108210627        0.0000000000000000     
  0.52499999999999991       0.59315724824887306        0.0000000000000000     
  0.53333333333333333       0.46829451198647298        0.0000000000000000     
  0.54166666666666674       0.61637454128910107        0.0000000000000000     
  0.55000000000000004       0.47808839032678097        0.0000000000000000     
  0.55833333333333335       0.64025200226538981        0.0000000000000000     
  0.56666666666666665       0.48718963345548316        0.0000000000000000     
  0.57499999999999996       0.66485616248008317        0.0000000000000000     
  0.58333333333333326       0.49552843803897273        0.0000000000000000     
  0.59166666666666656       0.69026025821762471        0.0000000000000000     
  0.59999999999999998       0.50302796600832878        0.0000000000000000     
  0.60833333333333339       0.71654490646835400        0.0000000000000000     
  0.61666666666666670       0.50960363560319111        0.0000000000000000     
  0.62500000000000000       0.74379884875134084        0.0000000000000000     
  0.63333333333333330       0.51516234096748970        0.0000000000000000     
  0.64166666666666661       0.77211976989917974        0.0000000000000000     
  0.65000000000000002       0.51960159309653231        0.0000000000000000     
  0.65833333333333344       0.80161519935941783        0.0000000000000000     
  0.66666666666666674       0.52280857420928661        0.0000000000000000     
  0.67500000000000004       0.83240350332855195        0.0000000000000000     
  0.68333333333333335       0.52465909682090739        0.0000000000000000     
  0.69166666666666665       0.86461497687264455        0.0000000000000000     
  0.69999999999999996       0.52501645791125895        0.0000000000000000     
  0.70833333333333326       0.89839304611118198        0.0000000000000000     
  0.71666666666666667       0.52373017761727370        0.0000000000000000     
  0.72500000000000009       0.93389559155623725        0.0000000000000000     
  0.73333333333333339       0.52063461081153251        0.0000000000000000     
  0.74166666666666670       0.97129640481690727        0.0000000000000000     
  0.75000000000000000       0.51554741875662313        0.0000000000000000     
  0.75833333333333330        1.0107867921094897        0.0000000000000000     
  0.76666666666666672       0.50826788673380452        0.0000000000000000     
  0.77500000000000013        1.0525773393684041        0.0000000000000000     
  0.78333333333333344       0.49857507212335994        0.0000000000000000     
  0.79166666666666674        1.0968998552438440        0.0000000000000000     
  0.80000000000000004       0.48622576584967475        0.0000000000000000     
  0.80833333333333335        1.1440095099135015        0.0000000000000000     
  0.81666666666666665       0.47095224838205468        0.0000000000000000     
  0.82499999999999996        1.1941871894423701        0.0000000000000000     
  0.83333333333333337       0.45245981958673881        0.0000000000000000     
  0.84166666666666679        1.2477420874134137        0.0000000000000000     
  0.85000000000000009       0.43042407963897888        0.0000000000000000     
  0.85833333333333339        1.3050145577411185        0.0000000000000000     
  0.86666666666666670       0.40448793590717952        0.0000000000000000     
  0.87500000000000000        1.3663792549897835        0.0000000000000000     
  0.88333333333333330       0.37425830819273426        0.0000000000000000     
  0.89166666666666661        1.4322485911710594        0.0000000000000000     
  0.90000000000000002       0.33930250192604089        0.0000000000000000     
  0.90833333333333344        1.5030765409153510        0.0000000000000000     
  0.91666666666666674       0.29914421585552831        0.0000000000000000     
  0.92500000000000004        1.5793628301259435        0.0000000000000000     
  0.93333333333333335       0.25325914739414157        0.0000000000000000     
  0.94166666666666665        1.6616575467630281        0.0000000000000000     
  0.94999999999999996       0.20107015507545301        0.0000000000000000     
  0.95833333333333326        1.7505662162995752        0.0000000000000000     
  0.96666666666666667       0.14194193348519593        0.0000000000000000     
  0.97500000000000009        1.8467553886784249        0.0000000000000000     
  0.98333333333333339        7.5175151535802051E-002   0.0000000000000000     
  0.99166666666666670        1.9509587883193200        0.0000000000000000     
   1.0000000000000000        0.0000000000000000        0.0000000000000000     
