X My_beautiful_solution_real My_beautiful_solution_imag
   0.0000000000000000        0.0000000000000000        0.0000000000000000     
   8.3333333333333332E-003   1.9586219793031967        0.0000000000000000     
   1.6666666666666666E-002   9.1810405279837470E-002   0.0000000000000000     
   2.5000000000000001E-002   1.8711151867708518        0.0000000000000000     
   3.3333333333333333E-002  0.17521531691222908        0.0000000000000000     
   4.1666666666666671E-002   1.7916198803712282        0.0000000000000000     
   5.0000000000000003E-002  0.25098428082436997        0.0000000000000000     
   5.8333333333333334E-002   1.7194025866424685        0.0000000000000000     
   6.6666666666666666E-002  0.31981638890959357        0.0000000000000000     
   7.5000000000000011E-002   1.6537969836237401        0.0000000000000000     
   8.3333333333333343E-002  0.38234672928681912        0.0000000000000000     
   9.1666666666666674E-002   1.5941977529516973        0.0000000000000000     
  0.10000000000000001       0.43915224602111058        0.0000000000000000     
  0.10833333333333334        1.5400549948143243        0.0000000000000000     
  0.11666666666666667       0.49075706237079253        0.0000000000000000     
  0.12500000000000000        1.4908691542310342        0.0000000000000000     
  0.13333333333333333       0.53763731667674153        0.0000000000000000     
  0.14166666666666666        1.4461864118456784        0.0000000000000000     
  0.14999999999999999       0.58022555551278543        0.0000000000000000     
  0.15833333333333333        1.4055944967050726        0.0000000000000000     
  0.16666666666666666       0.61891472463117403        0.0000000000000000     
  0.17499999999999999        1.3687188823891097        0.0000000000000000     
  0.18333333333333335       0.65406179452607738        0.0000000000000000     
  0.19166666666666668        1.3352193313955283        0.0000000000000000     
  0.20000000000000001       0.68599105406683314        0.0000000000000000     
  0.20833333333333334        1.3047867558957451        0.0000000000000000     
  0.21666666666666667       0.71499710259006322        0.0000000000000000     
  0.22500000000000001        1.2771403658970422        0.0000000000000000     
  0.23333333333333334       0.74134756805757795        0.0000000000000000     
  0.24166666666666667        1.2520250784983142        0.0000000000000000     
  0.25000000000000000       0.76528557635948757        0.0000000000000000     
  0.25833333333333336        1.2292091643355560        0.0000000000000000     
  0.26666666666666672       0.78703199454586581        0.0000000000000000     
  0.27500000000000002        1.2084821095016622        0.0000000000000000     
  0.28333333333333338       0.80678746868441864        0.0000000000000000     
  0.29166666666666674        1.1896526732133554        0.0000000000000000     
  0.30000000000000004       0.82473427514671271        0.0000000000000000     
  0.30833333333333335        1.1725471233039788        0.0000000000000000     
  0.31666666666666671       0.84103800240408477        0.0000000000000000     
  0.32500000000000007        1.1570076332617947        0.0000000000000000     
  0.33333333333333337       0.85584907885054007        0.0000000000000000     
  0.34166666666666667        1.1428908260237660        0.0000000000000000     
  0.34999999999999998       0.86930416074928563        0.0000000000000000     
  0.35833333333333328        1.1300664510890233        0.0000000000000000     
  0.36666666666666664       0.88152739310896044        0.0000000000000000     
  0.37500000000000000        1.1184161827462094        0.0000000000000000     
  0.38333333333333330       0.89263155512320613        0.0000000000000000     
  0.39166666666666666        1.1078325283263806        0.0000000000000000     
  0.40000000000000002       0.90271910074210515        0.0000000000000000     
  0.40833333333333333        1.0982178364083672        0.0000000000000000     
  0.41666666666666669       0.91188310397646133        0.0000000000000000     
  0.42500000000000004        1.0894833958256229        0.0000000000000000     
  0.43333333333333335       0.92020811765689092        0.0000000000000000     
  0.44166666666666665        1.0815486171614619        0.0000000000000000     
  0.45000000000000001       0.92777095357116734        0.0000000000000000     
  0.45833333333333337        1.0743402891806684        0.0000000000000000     
  0.46666666666666667       0.93464139117786293        0.0000000000000000     
  0.47499999999999998        1.0677919033367853        0.0000000000000000     
  0.48333333333333334       0.94088282143531232        0.0000000000000000     
  0.49166666666666670        1.0618430401226548        0.0000000000000000     
  0.50000000000000000       0.94655283168628168        0.0000000000000000     
  0.50833333333333330        1.0564388116021985        0.0000000000000000     
  0.51666666666666661       0.95170373699484034        0.0000000000000000     
  0.52499999999999991        1.0515293549799778        0.0000000000000000     
  0.53333333333333333       0.95638306283789332        0.0000000000000000     
  0.54166666666666674        1.0470693725358222        0.0000000000000000     
  0.55000000000000004       0.96063398360498364        0.0000000000000000     
  0.55833333333333335        1.0430177136796870        0.0000000000000000     
  0.56666666666666665       0.96449572095223535        0.0000000000000000     
  0.57499999999999996        1.0393369952705880        0.0000000000000000     
  0.58333333333333326       0.96800390568590811        0.0000000000000000     
  0.59166666666666656        1.0359932566963055        0.0000000000000000     
  0.59999999999999998       0.97119090651452022        0.0000000000000000     
  0.60833333333333339        1.0329556465315373        0.0000000000000000     
  0.61666666666666670       0.97408612870281797        0.0000000000000000     
  0.62500000000000000        1.0301961378833151        0.0000000000000000     
  0.63333333333333330       0.97671628538315380        0.0000000000000000     
  0.64166666666666661        1.0276892697973712        0.0000000000000000     
  0.65000000000000002       0.97910564402757017        0.0000000000000000     
  0.65833333333333344        1.0254119123394088        0.0000000000000000     
  0.66666666666666674       0.98127625035468768        0.0000000000000000     
  0.67500000000000004        1.0233430531838772        0.0000000000000000     
  0.68333333333333335       0.98324813173730596        0.0000000000000000     
  0.69166666666666665        1.0214636037410700        0.0000000000000000     
  0.69999999999999996       0.98503948198748248        0.0000000000000000     
  0.70833333333333326        1.0197562230338664        0.0000000000000000     
  0.71666666666666667       0.98666682922403148        0.0000000000000000     
  0.72500000000000009        1.0182051576990279        0.0000000000000000     
  0.73333333333333339       0.98814518837129717        0.0000000000000000     
  0.74166666666666670        1.0167960966367928        0.0000000000000000     
  0.75000000000000000       0.98948819969624224        0.0000000000000000     
  0.75833333333333330        1.0155160389677036        0.0000000000000000     
  0.76666666666666672       0.99070825466209167        0.0000000000000000     
  0.77500000000000013        1.0143531740783773        0.0000000000000000     
  0.78333333333333344       0.99181661025973011        0.0000000000000000     
  0.79166666666666674        1.0132967726493805        0.0000000000000000     
  0.80000000000000004       0.99282349287174487        0.0000000000000000     
  0.80833333333333335       0.97164698349313550        0.0000000000000000     
  0.81666666666666665       0.91045063566128959        0.0000000000000000     
  0.82499999999999996       0.88739819635518402        0.0000000000000000     
  0.83333333333333337       0.82798984423548205        0.0000000000000000     
  0.84166666666666679       0.80323322151623966        0.0000000000000000     
  0.85000000000000009       0.74544916921218407        0.0000000000000000     
  0.85833333333333339       0.71914438573115369        0.0000000000000000     
  0.86666666666666670       0.66283592415317771        0.0000000000000000     
  0.87500000000000000       0.63512471826135197        0.0000000000000000     
  0.88333333333333330       0.58015675304366510        0.0000000000000000     
  0.89166666666666661       0.55116788655843862        0.0000000000000000     
  0.90000000000000002       0.49741769159383636        0.0000000000000000     
  0.90833333333333344       0.46726813783613708        0.0000000000000000     
  0.91666666666666674       0.41462422292811080        0.0000000000000000     
  0.92500000000000004       0.38342024599148994        0.0000000000000000     
  0.93333333333333335       0.33178132817587369        0.0000000000000000     
  0.94166666666666665       0.29961946338554801        0.0000000000000000     
  0.94999999999999996       0.24889353243049406        0.0000000000000000     
  0.95833333333333326       0.21586147703869701        0.0000000000000000     
  0.96666666666666667       0.16596494650066992        0.0000000000000000     
  0.97500000000000009       0.13214236883639238        0.0000000000000000     
  0.98333333333333339        8.2999304839323329E-002   0.0000000000000000     
  0.99166666666666670        4.8458579378196885E-002   0.0000000000000000     
   1.0000000000000000        0.0000000000000000        0.0000000000000000     
