X My_beautiful_solution_real My_beautiful_solution_imag
   0.0000000000000000        0.0000000000000000        0.0000000000000000     
   2.0833333333333333E-003   1.8239051094890564        0.0000000000000000     
   4.1666666666666666E-003  0.31951622356012666        0.0000000000000000     
   6.2500000000000003E-003   1.5603625309321636        0.0000000000000000     
   8.3333333333333332E-003  0.53689075915814777        0.0000000000000000     
   1.0416666666666668E-002   1.3810682059498540        0.0000000000000000     
   1.2500000000000001E-002  0.68477585932603791        0.0000000000000000     
   1.4583333333333334E-002   1.2590899846434920        0.0000000000000000     
   1.6666666666666666E-002  0.78538563310427811        0.0000000000000000     
   1.8750000000000003E-002   1.1761052807242141        0.0000000000000000     
   2.0833333333333336E-002  0.85383287064353686        0.0000000000000000     
   2.2916666666666669E-002   1.1196488001261393        0.0000000000000000     
   2.5000000000000001E-002  0.90039916485946692        0.0000000000000000     
   2.9166666666666667E-002   1.0895228960436960        0.0000000000000000     
   3.3333333333333333E-002  0.91772347611298399        0.0000000000000000     
   3.5416666666666666E-002   1.0669507094834572        0.0000000000000000     
   3.7500000000000006E-002  0.94386547319978198        0.0000000000000000     
   3.9583333333333338E-002   1.0453883323242732        0.0000000000000000     
   4.1666666666666671E-002  0.96165049961575155        0.0000000000000000     
   4.3750000000000004E-002   1.0307189309738749        0.0000000000000000     
   4.5833333333333337E-002  0.97375007883177322        0.0000000000000000     
   4.7916666666666670E-002   1.0207389860730691        0.0000000000000000     
   5.0000000000000003E-002  0.98198171221710961        0.0000000000000000     
   5.2083333333333336E-002   1.0139493906530470        0.0000000000000000     
   5.4166666666666669E-002  0.98758188946136172        0.0000000000000000     
   5.6250000000000001E-002   1.0093302663566934        0.0000000000000000     
   5.8333333333333334E-002  0.99139182409995996        0.0000000000000000     
   6.0416666666666667E-002   1.0061877655233971        0.0000000000000000     
   6.2500000000000000E-002  0.99398381383837231        0.0000000000000000     
   6.4583333333333326E-002   1.0040498469800350        0.0000000000000000     
   6.6666666666666666E-002  0.99574720650552462        0.0000000000000000     
   6.8750000000000006E-002   1.0025953698166163        0.0000000000000000     
   7.0833333333333331E-002  0.99694688474980364        0.0000000000000000     
   7.2916666666666671E-002   1.0016058541844741        0.0000000000000000     
   7.5000000000000011E-002  0.99776305457777481        0.0000000000000000     
   7.7083333333333337E-002   1.0009326630124979        0.0000000000000000     
   7.9166666666666677E-002  0.99831831444955099        0.0000000000000000     
   8.3333333333333343E-002   1.0005734395458332        0.0000000000000000     
   8.5416666666666669E-002  0.99861460825782178        0.0000000000000000     
   8.7500000000000008E-002   1.0002302866194663        0.0000000000000000     
   9.1666666666666674E-002  0.99883660986476541        0.0000000000000000     
   9.5833333333333340E-002   1.0001026215732338        0.0000000000000000     
  0.10000000000000001       0.99895258040294554        0.0000000000000000     
  0.10416666666666667       0.99999727429045937        0.0000000000000000     
  0.10833333333333334       0.99904827755294690        0.0000000000000000     
  0.11250000000000000       0.99991034329160344        0.0000000000000000     
  0.11666666666666667       0.99912724540686937        0.0000000000000000     
  0.12083333333333333       0.99983860913422329        0.0000000000000000     
  0.12500000000000000       0.99919240849639812        0.0000000000000000     
  0.12916666666666665       0.99977941518266744        0.0000000000000000     
  0.13333333333333333       0.99924618010124699        0.0000000000000000     
  0.13750000000000001       0.99973056922100878        0.0000000000000000     
  0.14166666666666666       0.99929055162366798        0.0000000000000000     
  0.14583333333333331       0.99969026226552715        0.0000000000000000     
  0.14999999999999999       0.99932716633895269        0.0000000000000000     
  0.15416666666666667       0.99965700156996273        0.0000000000000000     
  0.15833333333333333       0.99935738025324383        0.0000000000000000     
  0.16249999999999998       0.99962955534247711        0.0000000000000000     
  0.16666666666666666       0.99938231232248642        0.0000000000000000     
  0.17083333333333334       0.99960690712690747        0.0000000000000000     
  0.17499999999999999       0.99940288589235715        0.0000000000000000     
  0.17916666666666667       0.99958821815885690        0.0000000000000000     
  0.18333333333333335       0.99941986289386842        0.0000000000000000     
  0.19166666666666668       0.99957638067928722        0.0000000000000000     
  0.20000000000000001       0.99942719966506011        0.0000000000000000     
  0.20833333333333334       0.99956938781924864        0.0000000000000000     
  0.21666666666666667       0.99943386473478735        0.0000000000000000     
  0.22083333333333333       0.99956007707298822        0.0000000000000000     
  0.22500000000000001       0.99944542617034771        0.0000000000000000     
  0.22916666666666669       0.99954957470022721        0.0000000000000000     
  0.23333333333333334       0.99945496649369525        0.0000000000000000     
  0.24166666666666667       0.99954292256070520        0.0000000000000000     
  0.25000000000000000       0.99945908943433637        0.0000000000000000     
  0.25833333333333336       0.99953899288290449        0.0000000000000000     
  0.26666666666666672       0.99946283490848820        0.0000000000000000     
  0.27500000000000002       0.99953542297784959        0.0000000000000000     
  0.28333333333333338       0.99946623747423935        0.0000000000000000     
  0.29166666666666674       0.99953217990736887        0.0000000000000000     
  0.30000000000000004       0.99946932852579251        0.0000000000000000     
  0.30833333333333335       0.99952923374885883        0.0000000000000000     
  0.31666666666666671       0.99947213658312350        0.0000000000000000     
  0.32500000000000007       0.99952655731921403        0.0000000000000000     
  0.33333333333333337       0.99947468755512792        0.0000000000000000     
  0.34166666666666667       0.99952412592402973        0.0000000000000000     
  0.34999999999999998       0.99947700497867076        0.0000000000000000     
  0.35833333333333328       0.99952191712971505        0.0000000000000000     
  0.36666666666666664       0.99947911023575065        0.0000000000000000     
  0.37500000000000000       0.99951991055656197        0.0000000000000000     
  0.38333333333333330       0.99948102275078865        0.0000000000000000     
  0.39166666666666666       0.99951808769066397        0.0000000000000000     
  0.40000000000000002       0.99948276016984550        0.0000000000000000     
  0.40833333333333333       0.99951643171312299        0.0000000000000000     
  0.41666666666666669       0.99948433852343654        0.0000000000000000     
  0.42500000000000004       0.99951492734485814        0.0000000000000000     
  0.43333333333333335       0.99948577237444103        0.0000000000000000     
  0.44166666666666665       0.99951356070562214        0.0000000000000000     
  0.45000000000000001       0.99948707495246469        0.0000000000000000     
  0.45833333333333337       0.99951231918594596        0.0000000000000000     
  0.46666666666666667       0.99948825827590948        0.0000000000000000     
  0.47499999999999998       0.99951119133078425        0.0000000000000000     
  0.48333333333333334       0.99948933326285627        0.0000000000000000     
  0.49166666666666670       0.99951016673385007        0.0000000000000000     
  0.50000000000000000       0.99949030983180942        0.0000000000000000     
  0.50833333333333330       0.99950923594156604        0.0000000000000000     
  0.51666666666666661       0.99949119699320443        0.0000000000000000     
  0.52499999999999991       0.99950839036586181        0.0000000000000000     
  0.53333333333333333       0.99949200293254747        0.0000000000000000     
  0.54166666666666674       0.99950762220492617        0.0000000000000000     
  0.55000000000000004       0.99949273508594016        0.0000000000000000     
  0.55833333333333335       0.99950692437122413        0.0000000000000000     
  0.56666666666666665       0.99949340020868782        0.0000000000000000     
  0.57499999999999996       0.99950629042610140        0.0000000000000000     
  0.58333333333333326       0.99949400443762904        0.0000000000000000     
  0.59166666666666656       0.99950571452039305        0.0000000000000000     
  0.59999999999999998       0.99949455334775827        0.0000000000000000     
  0.60833333333333339       0.99950519134042282        0.0000000000000000     
  0.61666666666666670       0.99949505200366440        0.0000000000000000     
  0.62500000000000000       0.99950471605901403        0.0000000000000000     
  0.63333333333333330       0.99949550500625906        0.0000000000000000     
  0.64166666666666661       0.99950428429091509        0.0000000000000000     
  0.65000000000000002       0.99949591653522718        0.0000000000000000     
  0.65833333333333344       0.99950389205236523        0.0000000000000000     
  0.66666666666666674       0.99949629038759324        0.0000000000000000     
  0.67500000000000004       0.99950353572433148        0.0000000000000000     
  0.68333333333333335       0.99949663001275291        0.0000000000000000     
  0.69166666666666665       0.99950321201910108        0.0000000000000000     
  0.69999999999999996       0.99949693854430055        0.0000000000000000     
  0.70833333333333326       0.99950291794996904        0.0000000000000000     
  0.71666666666666667       0.99949721882894116        0.0000000000000000     
  0.72500000000000009       0.99950265080367517        0.0000000000000000     
  0.73333333333333339       0.99949747345275686        0.0000000000000000     
  0.74166666666666670       0.99950240811534108        0.0000000000000000     
  0.75000000000000000       0.99949770476506561        0.0000000000000000     
  0.75833333333333330       0.99950218764579790        0.0000000000000000     
  0.76666666666666672       0.99949791490009954        0.0000000000000000     
  0.77500000000000013       0.99950198736084495        0.0000000000000000     
  0.78333333333333344       0.99949810579669696        0.0000000000000000     
  0.79166666666666674       0.99950180541252664        0.0000000000000000     
  0.80000000000000004       0.99949827921618895        0.0000000000000000     
  0.80208333333333337       0.98999716142509209        0.0000000000000000     
  0.80416666666666670       0.97882533400704297        0.0000000000000000     
  0.80625000000000002       0.96903153715721024        0.0000000000000000     
  0.80833333333333335       0.95810111655403118        0.0000000000000000     
  0.81041666666666667       0.94810820313426858        0.0000000000000000     
  0.81250000000000000       0.93734201736614087        0.0000000000000000     
  0.81458333333333333       0.92721364017732133        0.0000000000000000     
  0.81666666666666665       0.91655918729900032        0.0000000000000000     
  0.81874999999999998       0.90633865086530330        0.0000000000000000     
  0.82083333333333330       0.89576021254662586        0.0000000000000000     
  0.82291666666666663       0.88547697797249414        0.0000000000000000     
  0.82499999999999996       0.87495025417840755        0.0000000000000000     
  0.82708333333333328       0.86462436455844505        0.0000000000000000     
  0.82916666666666661       0.85413282339340146        0.0000000000000000     
  0.83125000000000004       0.84377791452466588        0.0000000000000000     
  0.83333333333333337       0.83331030894437708        0.0000000000000000     
  0.83541666666666670       0.82293565758602683        0.0000000000000000     
  0.83750000000000013       0.81248433595702563        0.0000000000000000     
  0.83958333333333346       0.80209625331038636        0.0000000000000000     
  0.84166666666666679       0.79165601004325914        0.0000000000000000     
  0.84375000000000011       0.78125878976967333        0.0000000000000000     
  0.84583333333333344       0.77082608337732628        0.0000000000000000     
  0.84791666666666676       0.76042264655738911        0.0000000000000000     
  0.85000000000000009       0.74999506768137625        0.0000000000000000     
  0.85208333333333341       0.73958740159614134        0.0000000000000000     
  0.85416666666666674       0.72916331109223553        0.0000000000000000     
  0.85625000000000007       0.71875276773657637        0.0000000000000000     
  0.85833333333333339       0.70833105045572109        0.0000000000000000     
  0.86041666666666672       0.69791854962411504        0.0000000000000000     
  0.86250000000000004       0.68749844690371209        0.0000000000000000     
  0.86458333333333337       0.67708461435436063        0.0000000000000000     
  0.86666666666666670       0.66666561005808378        0.0000000000000000     
  0.86875000000000002       0.65625087150927064        0.0000000000000000     
  0.87083333333333335       0.64583261449722107        0.0000000000000000     
  0.87291666666666667       0.63541725957528650        0.0000000000000000     
  0.87500000000000000       0.62499951095858564        0.0000000000000000     
  0.87708333333333333       0.61458373670326083        0.0000000000000000     
  0.87916666666666665       0.60416633396008601        0.0000000000000000     
  0.88124999999999998       0.59375027442221795        0.0000000000000000     
  0.88333333333333330       0.58333310698508256        0.0000000000000000     
  0.88541666666666663       0.57291685336267151        0.0000000000000000     
  0.88749999999999996       0.56249984600986735        0.0000000000000000     
  0.88958333333333328       0.55208346034709499        0.0000000000000000     
  0.89166666666666661       0.54166656190349394        0.0000000000000000     
  0.89374999999999993       0.53125008641050298        0.0000000000000000     
  0.89583333333333326       0.52083326206043923        0.0000000000000000     
  0.89791666666666670       0.51041672545380046        0.0000000000000000     
  0.90000000000000002       0.49999995151134402        0.0000000000000000     
  0.90208333333333335       0.48958337332762791        0.0000000000000000     
  0.90416666666666679       0.47916663367867302        0.0000000000000000     
  0.90625000000000011       0.46875002720907571        0.0000000000000000     
  0.90833333333333344       0.45833331089081197        0.0000000000000000     
  0.91041666666666676       0.44791668517765232        0.0000000000000000     
  0.91250000000000009       0.43749998473181584        0.0000000000000000     
  0.91458333333333341       0.42708334592680031        0.0000000000000000     
  0.91666666666666674       0.41666665627935562        0.0000000000000000     
  0.91875000000000007       0.40625000856763749        0.0000000000000000     
  0.92083333333333339       0.39583332626659706        0.0000000000000000     
  0.92291666666666672       0.38541667249543587        0.0000000000000000     
  0.92500000000000004       0.37499999519233052        0.0000000000000000     
  0.92708333333333337       0.36458333729878489        0.0000000000000000     
  0.92916666666666670       0.35416666339589420        0.0000000000000000     
  0.93125000000000002       0.34375000269779188        0.0000000000000000     
  0.93333333333333335       0.33333333110814917        0.0000000000000000     
  0.93541666666666667       0.32291666850203932        0.0000000000000000     
  0.93750000000000000       0.31249999848615417        0.0000000000000000     
  0.93958333333333333       0.30208333458198172        0.0000000000000000     
  0.94166666666666665       0.29166666563676158        0.0000000000000000     
  0.94374999999999998       0.28125000084948570        0.0000000000000000     
  0.94583333333333330       0.27083333263266468        0.0000000000000000     
  0.94791666666666663       0.26041666724459256        0.0000000000000000     
  0.94999999999999996       0.24999999952331872        0.0000000000000000     
  0.95208333333333328       0.23958333372651081        0.0000000000000000     
  0.95416666666666661       0.22916666634236935        0.0000000000000000     
  0.95624999999999993       0.21875000026748867        0.0000000000000000     
  0.95833333333333326       0.20833333311270649        0.0000000000000000     
  0.96041666666666659       0.19791666684864601        0.0000000000000000     
  0.96249999999999991       0.18749999984990301        0.0000000000000000     
  0.96458333333333335       0.17708333345713814        0.0000000000000000     
  0.96666666666666667       0.16666666656455204        0.0000000000000000     
  0.96875000000000000       0.15625000008422782        0.0000000000000000     
  0.97083333333333344       0.14583333326386214        0.0000000000000000     
  0.97291666666666676       0.13541666672396865        0.0000000000000000     
  0.97500000000000009       0.12499999995273732        0.0000000000000000     
  0.97708333333333341       0.11458333337231753        0.0000000000000000     
  0.97916666666666674       0.10416666663451300        0.0000000000000000     
  0.98125000000000007        9.3750000026522146E-002   0.0000000000000000     
  0.98333333333333339        8.3333333311458715E-002   0.0000000000000000     
  0.98541666666666672        7.2916666684710585E-002   0.0000000000000000     
  0.98645833333333344        6.7708333321103223E-002   0.0000000000000000     
  0.98750000000000004        6.2500000008291340E-002   0.0000000000000000     
  0.98854166666666665        5.7291666661048006E-002   0.0000000000000000     
  0.98958333333333337        5.2083333337143545E-002   0.0000000000000000     
  0.99062500000000009        4.6874999997418391E-002   0.0000000000000000     
  0.99166666666666670        4.1666666668417861E-002   0.0000000000000000     
  0.99270833333333330        3.6458333332148055E-002   0.0000000000000000     
  0.99375000000000002        3.1250000000805148E-002   0.0000000000000000     
  0.99583333333333335        2.0833333332670945E-002   0.0000000000000000     
  0.99635416666666665        1.8229166666963014E-002   0.0000000000000000     
  0.99687499999999996        1.5624999999869837E-002   0.0000000000000000     
  0.99739583333333326        1.3020833333393220E-002   0.0000000000000000     
  0.99791666666666667        1.0416666666641627E-002   0.0000000000000000     
  0.99843750000000009        7.8125000000121691E-003   0.0000000000000000     
  0.99895833333333339        5.2083333333289156E-003   0.0000000000000000     
  0.99947916666666670        2.6041666666698441E-003   0.0000000000000000     
   1.0000000000000000        0.0000000000000000        0.0000000000000000     
