X My_beautiful_solution_real My_beautiful_solution_imag
   0.0000000000000000        0.0000000000000000        0.0000000000000000     
   2.0833333333333333E-003   2.0833333333333359E-003   0.0000000000000000     
   4.1666666666666666E-003   4.1666666666666657E-003   0.0000000000000000     
   6.2500000000000003E-003   6.2500000000000099E-003   0.0000000000000000     
   8.3333333333333332E-003   8.3333333333333297E-003   0.0000000000000000     
   1.0416666666666668E-002   1.0416666666666680E-002   0.0000000000000000     
   1.2500000000000001E-002   1.2499999999999992E-002   0.0000000000000000     
   1.4583333333333334E-002   1.4583333333333349E-002   0.0000000000000000     
   1.6666666666666666E-002   1.6666666666666653E-002   0.0000000000000000     
   1.8750000000000003E-002   1.8750000000000013E-002   0.0000000000000000     
   2.0833333333333336E-002   2.0833333333333315E-002   0.0000000000000000     
   2.2916666666666669E-002   2.2916666666666686E-002   0.0000000000000000     
   2.5000000000000001E-002   2.4999999999999974E-002   0.0000000000000000     
   2.9166666666666667E-002   2.9166666666666691E-002   0.0000000000000000     
   3.3333333333333333E-002   3.3333333333333298E-002   0.0000000000000000     
   3.5416666666666666E-002   3.5416666666666770E-002   0.0000000000000000     
   3.7500000000000006E-002   3.7499999999999943E-002   0.0000000000000000     
   3.9583333333333338E-002   3.9583333333333470E-002   0.0000000000000000     
   4.1666666666666671E-002   4.1666666666666567E-002   0.0000000000000000     
   4.3750000000000004E-002   4.3750000000000164E-002   0.0000000000000000     
   4.5833333333333337E-002   4.5833333333333191E-002   0.0000000000000000     
   4.7916666666666670E-002   4.7916666666666878E-002   0.0000000000000000     
   5.0000000000000003E-002   4.9999999999999802E-002   0.0000000000000000     
   5.2083333333333336E-002   5.2083333333333599E-002   0.0000000000000000     
   5.4166666666666669E-002   5.4166666666666363E-002   0.0000000000000000     
   5.6250000000000001E-002   5.6250000000000355E-002   0.0000000000000000     
   5.8333333333333334E-002   5.8333333333332925E-002   0.0000000000000000     
   6.0416666666666667E-002   6.0416666666667208E-002   0.0000000000000000     
   6.2500000000000000E-002   6.2499999999999382E-002   0.0000000000000000     
   6.4583333333333326E-002   6.4583333333334089E-002   0.0000000000000000     
   6.6666666666666666E-002   6.6666666666665778E-002   0.0000000000000000     
   6.8750000000000006E-002   6.8750000000001144E-002   0.0000000000000000     
   7.0833333333333331E-002   7.0833333333331999E-002   0.0000000000000000     
   7.2916666666666671E-002   7.2916666666668378E-002   0.0000000000000000     
   7.5000000000000011E-002   7.4999999999998027E-002   0.0000000000000000     
   7.7083333333333337E-002   7.7083333333335807E-002   0.0000000000000000     
   7.9166666666666677E-002   7.9166666666663749E-002   0.0000000000000000     
   8.3333333333333343E-002   8.3333333333336673E-002   0.0000000000000000     
   8.5416666666666669E-002   8.5416666666662769E-002   0.0000000000000000     
   8.7500000000000008E-002   8.7500000000004866E-002   0.0000000000000000     
   9.1666666666666674E-002   9.1666666666661456E-002   0.0000000000000000     
   9.5833333333333340E-002   9.5833333333339155E-002   0.0000000000000000     
  0.10000000000000001        9.9999999999993663E-002   0.0000000000000000     
  0.10416666666666667       0.10416666666667378        0.0000000000000000     
  0.10833333333333334       0.10833333333332566        0.0000000000000000     
  0.11250000000000000       0.11250000000000858        0.0000000000000000     
  0.11666666666666667       0.11666666666665733        0.0000000000000000     
  0.12083333333333333       0.12083333333334371        0.0000000000000000     
  0.12500000000000000       0.12499999999998866        0.0000000000000000     
  0.12916666666666665       0.12916666666667923        0.0000000000000000     
  0.13333333333333333       0.13333333333331956        0.0000000000000000     
  0.13750000000000001       0.13750000000001539        0.0000000000000000     
  0.14166666666666666       0.14166666666664995        0.0000000000000000     
  0.14583333333333331       0.14583333333335191        0.0000000000000000     
  0.14999999999999999       0.14999999999997973        0.0000000000000000     
  0.15416666666666667       0.15416666666668910        0.0000000000000000     
  0.15833333333333333       0.15833333333330876        0.0000000000000000     
  0.16249999999999998       0.16250000000002718        0.0000000000000000     
  0.16666666666666666       0.16666666666663688        0.0000000000000000     
  0.17083333333333334       0.17083333333336606        0.0000000000000000     
  0.17499999999999999       0.17499999999996391        0.0000000000000000     
  0.17916666666666667       0.17916666666670647        0.0000000000000000     
  0.18333333333333335       0.18333333333328963        0.0000000000000000     
  0.19166666666666668       0.19166666666671281        0.0000000000000000     
  0.20000000000000001       0.19999999999995186        0.0000000000000000     
  0.20833333333333334       0.20833333333338394        0.0000000000000000     
  0.21666666666666667       0.21666666666661363        0.0000000000000000     
  0.22083333333333333       0.22083333333339164        0.0000000000000000     
  0.22500000000000001       0.22499999999993578        0.0000000000000000     
  0.22916666666666669       0.22916666666673730        0.0000000000000000     
  0.23333333333333334       0.23333333333325551        0.0000000000000000     
  0.24166666666666667       0.24166666666674858        0.0000000000000000     
  0.25000000000000000       0.24999999999991429        0.0000000000000000     
  0.25833333333333336       0.25833333333342318        0.0000000000000000     
  0.26666666666666672       0.26666666666657235        0.0000000000000000     
  0.27500000000000002       0.27500000000009944        0.0000000000000000     
  0.28333333333333338       0.28333333333322952        0.0000000000000000     
  0.29166666666666674       0.29166666666677649        0.0000000000000000     
  0.30000000000000004       0.29999999999988569        0.0000000000000000     
  0.30833333333333335       0.30833333333345375        0.0000000000000000     
  0.31666666666666671       0.31666666666654081        0.0000000000000000     
  0.32500000000000007       0.32500000000013202        0.0000000000000000     
  0.33333333333333337       0.33333333333319481        0.0000000000000000     
  0.34166666666666667       0.34166666666681123        0.0000000000000000     
  0.34999999999999998       0.34999999999984754        0.0000000000000000     
  0.35833333333333328       0.35833333333349210        0.0000000000000000     
  0.36666666666666664       0.36666666666649883        0.0000000000000000     
  0.37500000000000000       0.37500000000017508        0.0000000000000000     
  0.38333333333333330       0.38333333333314867        0.0000000000000000     
  0.39166666666666666       0.39166666666685906        0.0000000000000000     
  0.40000000000000002       0.39999999999979680        0.0000000000000000     
  0.40833333333333333       0.40833333333354521        0.0000000000000000     
  0.41666666666666669       0.41666666666644309        0.0000000000000000     
  0.42500000000000004       0.42500000000023269        0.0000000000000000     
  0.43333333333333335       0.43333333333308727        0.0000000000000000     
  0.44166666666666665       0.44166666666692400        0.0000000000000000     
  0.45000000000000001       0.44999999999972923        0.0000000000000000     
  0.45833333333333337       0.45833333333361748        0.0000000000000000     
  0.46666666666666667       0.46666666666636858        0.0000000000000000     
  0.47499999999999998       0.47500000000031189        0.0000000000000000     
  0.48333333333333334       0.48333333333300521        0.0000000000000000     
  0.49166666666666670       0.49166666666700981        0.0000000000000000     
  0.50000000000000000       0.49999999999963884        0.0000000000000000     
  0.50833333333333330       0.50833333333371078        0.0000000000000000     
  0.51666666666666661       0.51666666666626904        0.0000000000000000     
  0.52499999999999991       0.52500000000041525        0.0000000000000000     
  0.53333333333333333       0.53333333333289579        0.0000000000000000     
  0.54166666666666674       0.54166666666712382        0.0000000000000000     
  0.55000000000000004       0.54999999999951854        0.0000000000000000     
  0.55833333333333335       0.55833333333383739        0.0000000000000000     
  0.56666666666666665       0.56666666666613674        0.0000000000000000     
  0.57499999999999996       0.57500000000055540        0.0000000000000000     
  0.58333333333333326       0.58333333333275006        0.0000000000000000     
  0.59166666666666656       0.59166666666727874        0.0000000000000000     
  0.59999999999999998       0.59999999999935794        0.0000000000000000     
  0.60833333333333339       0.60833333333400808        0.0000000000000000     
  0.61666666666666670       0.61666666666595982        0.0000000000000000     
  0.62500000000000000       0.62500000000074230        0.0000000000000000     
  0.63333333333333330       0.63333333333255526        0.0000000000000000     
  0.64166666666666661       0.64166666666748495        0.0000000000000000     
  0.65000000000000002       0.64999999999914349        0.0000000000000000     
  0.65833333333333344       0.65833333333423505        0.0000000000000000     
  0.66666666666666674       0.66666666666572372        0.0000000000000000     
  0.67500000000000004       0.67500000000099059        0.0000000000000000     
  0.68333333333333335       0.68333333333229518        0.0000000000000000     
  0.69166666666666665       0.69166666666775722        0.0000000000000000     
  0.69999999999999996       0.69999999999885720        0.0000000000000000     
  0.70833333333333326       0.70833333333453474        0.0000000000000000     
  0.71666666666666667       0.71666666666540846        0.0000000000000000     
  0.72500000000000009       0.72500000000132225        0.0000000000000000     
  0.73333333333333339       0.73333333333194828        0.0000000000000000     
  0.74166666666666670       0.74166666666812386        0.0000000000000000     
  0.75000000000000000       0.74999999999847522        0.0000000000000000     
  0.75833333333333330       0.75833333333493746        0.0000000000000000     
  0.76666666666666672       0.76666666666498795        0.0000000000000000     
  0.77500000000000013       0.77500000000176372        0.0000000000000000     
  0.78333333333333344       0.78333333333148558        0.0000000000000000     
  0.79166666666666674       0.79166666666860830        0.0000000000000000     
  0.80000000000000004       0.79999999999796578        0.0000000000000000     
  0.80208333333333337       0.80208333333580373        0.0000000000000000     
  0.80416666666666670       0.80416666666367564        0.0000000000000000     
  0.80625000000000002       0.80625000000363023        0.0000000000000000     
  0.80833333333333335       0.80833333332893609        0.0000000000000000     
  0.81041666666666667       0.81041666667200274        0.0000000000000000     
  0.81250000000000000       0.81249999999353617        0.0000000000000000     
  0.81458333333333333       0.81458333334117561        0.0000000000000000     
  0.81666666666666665       0.81666666665716325        0.0000000000000000     
  0.81874999999999998       0.81875000001152665        0.0000000000000000     
  0.82083333333333330       0.82083333331936326        0.0000000000000000     
  0.82291666666666663       0.82291666668360863        0.0000000000000000     
  0.82499999999999996       0.82499999997946438        0.0000000000000000     
  0.82708333333333328       0.82708333335823525        0.0000000000000000     
  0.82916666666666661       0.82916666663648031        0.0000000000000000     
  0.83125000000000004       0.83125000003660221        0.0000000000000000     
  0.83333333333333337       0.83333333328896197        0.0000000000000000     
  0.83541666666666670       0.83541666672046577        0.0000000000000000     
  0.83750000000000013       0.83749999993477864        0.0000000000000000     
  0.83958333333333346       0.83958333341241165        0.0000000000000000     
  0.84166666666666679       0.84166666657079670        0.0000000000000000     
  0.84375000000000011       0.84375000011623535        0.0000000000000000     
  0.84583333333333344       0.84583333319241460        0.0000000000000000     
  0.84791666666666676       0.84791666683751865        0.0000000000000000     
  0.85000000000000009       0.84999999979286445        0.0000000000000000     
  0.85208333333333341       0.85208333358446631        0.0000000000000000     
  0.85416666666666674       0.85416666636220018        0.0000000000000000     
  0.85625000000000007       0.85625000036913612        0.0000000000000000     
  0.85833333333333339       0.85833333288580071        0.0000000000000000     
  0.86041666666666672       0.86041666720925436        0.0000000000000000     
  0.86250000000000004       0.86249999934217680        0.0000000000000000     
  0.86458333333333337       0.86458333413087540        0.0000000000000000     
  0.86666666666666670       0.86666666569973905        0.0000000000000000     
  0.86875000000000002       0.86875000117229628        0.0000000000000000     
  0.87083333333333335       0.87083333191205781        0.0000000000000000     
  0.87291666666666667       0.87291666838980986        0.0000000000000000     
  0.87500000000000000       0.87499999791088301        0.0000000000000000     
  0.87708333333333333       0.87708333586616016        0.0000000000000000     
  0.87916666666666665       0.87916666359589757        0.0000000000000000     
  0.88124999999999998       0.88125000372297102        0.0000000000000000     
  0.88333333333333330       0.88333332881964610        0.0000000000000000     
  0.88541666666666663       0.88541667213901698        0.0000000000000000     
  0.88749999999999996       0.88749999336538377        0.0000000000000000     
  0.88958333333333328       0.88958334137707484        0.0000000000000000     
  0.89166666666666661       0.89166665691452351        0.0000000000000000     
  0.89374999999999993       0.89375001182339819        0.0000000000000000     
  0.89583333333333326       0.89583331899877472        0.0000000000000000     
  0.89791666666666670       0.89791668404573699        0.0000000000000000     
  0.90000000000000002       0.89999997892980343        0.0000000000000000     
  0.90208333333333335       0.90208335887861979        0.0000000000000000     
  0.90416666666666679       0.90416663569583688        0.0000000000000000     
  0.90625000000000011       0.90625003754870970        0.0000000000000000     
  0.90833333333333344       0.90833328780968081        0.0000000000000000     
  0.91041666666666676       0.91041672185906353        0.0000000000000000     
  0.91250000000000009       0.91249993308532740        0.0000000000000000     
  0.91458333333333341       0.91458341445997504        0.0000000000000000     
  0.91666666666666674       0.91666656830959170        0.0000000000000000     
  0.91875000000000007       0.91875011924707761        0.0000000000000000     
  0.92083333333333339       0.92083318875944686        0.0000000000000000     
  0.92291666666666672       0.92291684194651535        0.0000000000000000     
  0.92500000000000004       0.92499978749257683        0.0000000000000000     
  0.92708333333333337       0.92708359097508031        0.0000000000000000     
  0.92916666666666670       0.92916635430455286        0.0000000000000000     
  0.93125000000000002       0.93125037870451377        0.0000000000000000     
  0.93333333333333335       0.93333287419600630        0.0000000000000000     
  0.93541666666666667       0.93541722331989008        0.0000000000000000     
  0.93750000000000000       0.93749932511954692        0.0000000000000000     
  0.93958333333333333       0.93958415155123198        0.0000000000000000     
  0.94166666666666665       0.94166567466797879        0.0000000000000000     
  0.94374999999999998       0.94375120268867840        0.0000000000000000     
  0.94583333333333330       0.94583187520635603        0.0000000000000000     
  0.94791666666666663       0.94791843448433377        0.0000000000000000     
  0.94999999999999996       0.94999785671663739        0.0000000000000000     
  0.95208333333333328       0.95208593182732526        0.0000000000000000     
  0.95416666666666661       0.95416351628014906        0.0000000000000000     
  0.95624999999999993       0.95625381949516275        0.0000000000000000     
  0.95833333333333326       0.95832870261796210        0.0000000000000000     
  0.96041666666666659       0.96042228089681081        0.0000000000000000     
  0.96249999999999991       0.96249319336699724        0.0000000000000000     
  0.96458333333333335       0.96459158562290692        0.0000000000000000     
  0.96666666666666667       0.96665666167842657        0.0000000000000000     
  0.96875000000000000       0.96876212994149891        0.0000000000000000     
  0.97083333333333344       0.97081862712107792        0.0000000000000000     
  0.97291666666666676       0.97293449632223739        0.0000000000000000     
  0.97500000000000009       0.97497838351493216        0.0000000000000000     
  0.97708333333333341       0.97710954093027880        0.0000000000000000     
  0.97916666666666674       0.97913489285444544        0.0000000000000000     
  0.98125000000000007       0.98128852223252050        0.0000000000000000     
  0.98333333333333339       0.98328662938771560        0.0000000000000000     
  0.98541666666666672       0.98547329003436657        0.0000000000000000     
  0.98645833333333344       0.98637479985029564        0.0000000000000000     
  0.98750000000000004       0.98762323256409001        0.0000000000000000     
  0.98854166666666665       0.98835986813152854        0.0000000000000000     
  0.98958333333333337       0.98985153117230429        0.0000000000000000     
  0.99062500000000009       0.99022934180191924        0.0000000000000000     
  0.99166666666666670       0.99225036044403803        0.0000000000000000     
  0.99270833333333330       0.99184724053305739        0.0000000000000000     
  0.99375000000000002       0.99502032502219384        0.0000000000000000     
  0.99583333333333335       0.99429320476660699        0.0000000000000000     
  0.99635416666666665       0.99981445552438286        0.0000000000000000     
  0.99687499999999996       0.98910058477422769        0.0000000000000000     
  0.99739583333333326        1.0148630259834517        0.0000000000000000     
  0.99791666666666667       0.95867219486835964        0.0000000000000000     
  0.99843750000000009        1.0866101444299563        0.0000000000000000     
  0.99895833333333339       0.80085615818550471        0.0000000000000000     
  0.99947916666666670        1.4445658718689587        0.0000000000000000     
   1.0000000000000000        0.0000000000000000        0.0000000000000000     
