X My_beautiful_solution_real My_beautiful_solution_imag
   0.0000000000000000        0.0000000000000000        0.0000000000000000     
   8.3333333333333332E-003   1.9523514164913225        0.0000000000000000     
   1.6666666666666666E-002   9.1516472648030867E-002   0.0000000000000000     
   2.5000000000000001E-002   1.8651247784986678        0.0000000000000000     
   3.3333333333333333E-002  0.17465436198477979        0.0000000000000000     
   4.1666666666666671E-002   1.7858839777245790        0.0000000000000000     
   5.0000000000000003E-002  0.25018075022258313        0.0000000000000000     
   5.8333333333333334E-002   1.7138978889354222        0.0000000000000000     
   6.6666666666666666E-002  0.31879249109974772        0.0000000000000000     
   7.5000000000000011E-002   1.6485023234118763        0.0000000000000000     
   8.3333333333333343E-002  0.38112263948937869        0.0000000000000000     
   9.1666666666666674E-002   1.5890939007280078        0.0000000000000000     
  0.10000000000000001       0.43774629235993973        0.0000000000000000     
  0.10833333333333334        1.5351244815857581        0.0000000000000000     
  0.11666666666666667       0.48918589497990012        0.0000000000000000     
  0.12500000000000000        1.4860961103386074        0.0000000000000000     
  0.13333333333333333       0.53591606132483971        0.0000000000000000     
  0.14166666666666666        1.4415564205410876        0.0000000000000000     
  0.14999999999999999       0.57836795316310119        0.0000000000000000     
  0.15833333333333333        1.4010944611327454        0.0000000000000000     
  0.16666666666666666       0.61693325822417844        0.0000000000000000     
  0.17499999999999999        1.3643369047464080        0.0000000000000000     
  0.18333333333333335       0.65196780415490785        0.0000000000000000     
  0.19166666666666668        1.3309446031561802        0.0000000000000000     
  0.20000000000000001       0.68379484160809290        0.0000000000000000     
  0.20833333333333334        1.3006094580836156        0.0000000000000000     
  0.21666666666666667       0.71270802675538314        0.0000000000000000     
  0.22500000000000001        1.2730515784901044        0.0000000000000000     
  0.23333333333333334       0.73897413074294838        0.0000000000000000     
  0.24166666666666667        1.2480166981269587        0.0000000000000000     
  0.25000000000000000       0.76283550108907383        0.0000000000000000     
  0.25833333333333336        1.2252738295158079        0.0000000000000000     
  0.26666666666666672       0.78451229773407694        0.0000000000000000     
  0.27500000000000002        1.2046131327135372        0.0000000000000000     
  0.28333333333333338       0.80420452437373902        0.0000000000000000     
  0.29166666666666674        1.1858439791976094        0.0000000000000000     
  0.30000000000000004       0.82209387381860799        0.0000000000000000     
  0.30833333333333335        1.1687931930079696        0.0000000000000000     
  0.31666666666666671       0.83834540440560934        0.0000000000000000     
  0.32500000000000007        1.1533034529172341        0.0000000000000000     
  0.33333333333333337       0.85310906292959199        0.0000000000000000     
  0.34166666666666667        1.1392318408865605        0.0000000000000000     
  0.34999999999999998       0.86652106814632512        0.0000000000000000     
  0.35833333333333328        1.1264485234143620        0.0000000000000000     
  0.36666666666666664       0.87870516761201423        0.0000000000000000     
  0.37500000000000000        1.1148355536111281        0.0000000000000000     
  0.38333333333333330       0.88977377945572256        0.0000000000000000     
  0.39166666666666666        1.1042857829475905        0.0000000000000000     
  0.40000000000000002       0.89982902961940403        0.0000000000000000     
  0.40833333333333333        1.0947018726353326        0.0000000000000000     
  0.41666666666666669       0.90896369413577582        0.0000000000000000     
  0.42500000000000004        1.0859953955181689        0.0000000000000000     
  0.43333333333333335       0.91726205513807557        0.0000000000000000     
  0.44166666666666665        1.0780860201878488        0.0000000000000000     
  0.45000000000000001       0.92480067849978354        0.0000000000000000     
  0.45833333333333337        1.0709007697962212        0.0000000000000000     
  0.46666666666666667       0.93164912027930424        0.0000000000000000     
  0.47499999999999998        1.0643733487251195        0.0000000000000000     
  0.48333333333333334       0.93787056848770145        0.0000000000000000     
  0.49166666666666670        1.0584435309014917        0.0000000000000000     
  0.50000000000000000       0.94352242610084802        0.0000000000000000     
  0.50833333333333330        1.0530566041139604        0.0000000000000000     
  0.51666666666666661       0.94865684069521250        0.0000000000000000     
  0.52499999999999991        1.0481628652037085        0.0000000000000000     
  0.53333333333333333       0.95332118559404799        0.0000000000000000     
  0.54166666666666674        1.0437171614720038        0.0000000000000000     
  0.55000000000000004       0.95755849696332751        0.0000000000000000     
  0.55833333333333335        1.0396784740731588        0.0000000000000000     
  0.56666666666666665       0.96140787089035085        0.0000000000000000     
  0.57499999999999996        1.0360095395489646        0.0000000000000000     
  0.58333333333333326       0.96490482410872314        0.0000000000000000     
  0.59166666666666656        1.0326765060127034        0.0000000000000000     
  0.59999999999999998       0.96808162169797185        0.0000000000000000     
  0.60833333333333339        1.0296486208104507        0.0000000000000000     
  0.61666666666666670       0.97096757478136941        0.0000000000000000     
  0.62500000000000000        1.0268979467778376        0.0000000000000000     
  0.63333333333333330       0.97358931096870382        0.0000000000000000     
  0.64166666666666661        1.0243991044742806        0.0000000000000000     
  0.65000000000000002       0.97597102003927783        0.0000000000000000     
  0.65833333333333344        1.0221290380163883        0.0000000000000000     
  0.66666666666666674       0.97813467713195512        0.0000000000000000     
  0.67500000000000004        1.0200668023499342        0.0000000000000000     
  0.68333333333333335       0.98010024550154773        0.0000000000000000     
  0.69166666666666665        1.0181933699976666        0.0000000000000000     
  0.69999999999999996       0.98188586071230344        0.0000000000000000     
  0.70833333333333326        1.0164914554999129        0.0000000000000000     
  0.71666666666666667       0.98350799796797217        0.0000000000000000     
  0.72500000000000009        1.0149453559281063        0.0000000000000000     
  0.73333333333333339       0.98498162412235346        0.0000000000000000     
  0.74166666666666670        1.0135408059997093        0.0000000000000000     
  0.75000000000000000       0.98632033577285450        0.0000000000000000     
  0.75833333333333330        1.0122648464578246        0.0000000000000000     
  0.76666666666666672       0.98753648471121225        0.0000000000000000     
  0.77500000000000013        1.0111057045009517        0.0000000000000000     
  0.78333333333333344       0.98864129188885652        0.0000000000000000     
  0.79166666666666674        1.0100526851597607        0.0000000000000000     
  0.80000000000000004       0.98964495094843008        0.0000000000000000     
  0.80416666666666670       0.98877149222412763        0.0000000000000000     
  0.80833333333333335       0.94980666974213290        0.0000000000000000     
  0.81250000000000000       0.94544392578811864        0.0000000000000000     
  0.81666666666666665       0.90964875935448797        0.0000000000000000     
  0.82083333333333330       0.90240670952447888        0.0000000000000000     
  0.82499999999999996       0.86922709575682822        0.0000000000000000     
  0.82916666666666661       0.85960908587146168        0.0000000000000000     
  0.83333333333333337       0.82858778696325741        0.0000000000000000     
  0.83750000000000013       0.81700917044984300        0.0000000000000000     
  0.84166666666666679       0.78776888061597228        0.0000000000000000     
  0.84583333333333344       0.77457240089763135        0.0000000000000000     
  0.85000000000000009       0.74680177305907591        0.0000000000000000     
  0.85416666666666674       0.73227025687170788        0.0000000000000000     
  0.85833333333333339       0.70571237208516979        0.0000000000000000     
  0.86250000000000004       0.69007920381238164        0.0000000000000000     
  0.86666666666666670       0.66452205641641571        0.0000000000000000     
  0.87083333333333335       0.64797982135371790        0.0000000000000000     
  0.87500000000000000       0.62324846745392970        0.0000000000000000     
  0.87916666666666665       0.60595608410081092        0.0000000000000000     
  0.88333333333333330       0.58190616261751182        0.0000000000000000     
  0.88749999999999996       0.56399476813796401        0.0000000000000000     
  0.89166666666666661       0.54050715447180275        0.0000000000000000     
  0.89583333333333326       0.52208496128813753        0.0000000000000000     
  0.90000000000000002       0.49906135560510528        0.0000000000000000     
  0.90416666666666679       0.48021765898638369        0.0000000000000000     
  0.90833333333333344       0.45757694573672325        0.0000000000000000     
  0.91250000000000009       0.43838543080066428        0.0000000000000000     
  0.91666666666666674       0.41606067464843305        0.0000000000000000     
  0.92083333333333339       0.39658214524982405        0.0000000000000000     
  0.92500000000000004       0.37451811215899322        0.0000000000000000     
  0.92916666666666670       0.35480274272750906        0.0000000000000000     
  0.93333333333333335       0.33295385439936626        0.0000000000000000     
  0.93750000000000000       0.31304304812238659        0.0000000000000000     
  0.94166666666666665       0.29137169402793828        0.0000000000000000     
  0.94583333333333330       0.27129961619515985        0.0000000000000000     
  0.94999999999999996       0.24977476068956678        0.0000000000000000     
  0.95416666666666661       0.22956960398599602        0.0000000000000000     
  0.95833333333333326       0.20816563692028314        0.0000000000000000     
  0.96249999999999991       0.18785066552705063        0.0000000000000000     
  0.96666666666666667       0.16654645379011385        0.0000000000000000     
  0.97083333333333344       0.14614086496081607        0.0000000000000000     
  0.97500000000000009       0.12491896982610655        0.0000000000000000     
  0.97916666666666674       0.10443860484669536        0.0000000000000000     
  0.98333333333333339        8.3284636138425253E-002   0.0000000000000000     
  0.98750000000000004        6.2742567000645316E-002   0.0000000000000000     
  0.99166666666666670        4.1644650161427745E-002   0.0000000000000000     
  0.99583333333333335        2.1051663676951288E-002   0.0000000000000000     
   1.0000000000000000        0.0000000000000000        0.0000000000000000     
