X My_beautiful_solution_real My_beautiful_solution_imag
   0.0000000000000000        0.0000000000000000        0.0000000000000000     
   8.3333333333333332E-003   1.9521484376907741        0.0000000000000000     
   1.6666666666666666E-002   9.1506958016755152E-002   0.0000000000000000     
   2.5000000000000001E-002   1.8649308683310546        0.0000000000000000     
   3.3333333333333333E-002  0.17463620381273826        0.0000000000000000     
   4.1666666666666671E-002   1.7856983059317575        0.0000000000000000     
   5.0000000000000003E-002  0.25015473984956721        0.0000000000000000     
   5.8333333333333334E-002   1.7137197012716545        0.0000000000000000     
   6.6666666666666666E-002  0.31875934741622780        0.0000000000000000     
   7.5000000000000011E-002   1.6483309346846815        0.0000000000000000     
   8.3333333333333343E-002  0.38108301556943658        0.0000000000000000     
   9.1666666666666674E-002   1.5889286884761546        0.0000000000000000     
  0.10000000000000001       0.43770078148693925        0.0000000000000000     
  0.10833333333333334        1.5349648803360343        0.0000000000000000     
  0.11666666666666667       0.48913503612049075        0.0000000000000000     
  0.12500000000000000        1.4859416063884305        0.0000000000000000     
  0.13333333333333333       0.53586034410180061        0.0000000000000000     
  0.14166666666666666        1.4414065472187434        0.0000000000000000     
  0.14999999999999999       0.57830782237290723        0.0000000000000000     
  0.15833333333333333        1.4009487944915944        0.0000000000000000     
  0.16666666666666666       0.61686911794097088        0.0000000000000000     
  0.17499999999999999        1.3641950596532846        0.0000000000000000     
  0.18333333333333335       0.65190002145873560        0.0000000000000000     
  0.19166666666666668        1.3308062297379128        0.0000000000000000     
  0.20000000000000001       0.68372374997182239        0.0000000000000000     
  0.20833333333333334        1.3004742384988808        0.0000000000000000     
  0.21666666666666667       0.71263392912152823        0.0000000000000000     
  0.22500000000000001        1.2729192239968161        0.0000000000000000     
  0.23333333333333334       0.73889730231880757        0.0000000000000000     
  0.24166666666666667        1.2478869464181583        0.0000000000000000     
  0.25000000000000000       0.76275619188596500        0.0000000000000000     
  0.25833333333333336        1.2251464422994627        0.0000000000000000     
  0.26666666666666672       0.78443073487409765        0.0000000000000000     
  0.27500000000000002        1.2044878935139001        0.0000000000000000     
  0.28333333333333338       0.80412091418533860        0.0000000000000000     
  0.29166666666666674        1.1857206913578731        0.0000000000000000     
  0.30000000000000004       0.82200840374030115        0.0000000000000000     
  0.30833333333333335        1.1686716778758004        0.0000000000000000     
  0.31666666666666671       0.83825824471540256        0.0000000000000000     
  0.32500000000000007        1.1531835481964068        0.0000000000000000     
  0.33333333333333337       0.85302036831607486        0.0000000000000000     
  0.34166666666666667        1.1391133991395170        0.0000000000000000     
  0.34999999999999998       0.86643097913592415        0.0000000000000000     
  0.35833333333333328        1.1263314107018483        0.0000000000000000     
  0.36666666666666664       0.87861381186557652        0.0000000000000000     
  0.37500000000000000        1.1147196482563968        0.0000000000000000     
  0.38333333333333330       0.88968127294639610        0.0000000000000000     
  0.39166666666666666        1.1041709744137393        0.0000000000000000     
  0.40000000000000002       0.89973547770267803        0.0000000000000000     
  0.40833333333333333        1.0945880605054095        0.0000000000000000     
  0.41666666666666669       0.90886919252155585        0.0000000000000000     
  0.42500000000000004        1.0858824885686653        0.0000000000000000     
  0.43333333333333335       0.91716669077376423        0.0000000000000000     
  0.44166666666666665        1.0779739355470324        0.0000000000000000     
  0.45000000000000001       0.92470453037251099        0.0000000000000000     
  0.45833333333333337        1.0707894321794802        0.0000000000000000     
  0.46666666666666667       0.93155226014471282        0.0000000000000000     
  0.47499999999999998        1.0642626897403491        0.0000000000000000     
  0.48333333333333334       0.93777306153200801        0.0000000000000000     
  0.49166666666666670        1.0583334884180839        0.0000000000000000     
  0.50000000000000000       0.94342433154229299        0.0000000000000000     
  0.50833333333333330        1.0529471216895254        0.0000000000000000     
  0.51666666666666661       0.94855821233044424        0.0000000000000000     
  0.52499999999999991        1.0480538915633204        0.0000000000000000     
  0.53333333333333333       0.95322207229448497        0.0000000000000000     
  0.54166666666666674        1.0436086500350941        0.0000000000000000     
  0.55000000000000004       0.95745894312607616        0.0000000000000000     
  0.55833333333333335        1.0395703825237341        0.0000000000000000     
  0.56666666666666665       0.96130791684784134        0.0000000000000000     
  0.57499999999999996        1.0359018294451794        0.0000000000000000     
  0.58333333333333326       0.96480450650084137        0.0000000000000000     
  0.59166666666666656        1.0325691424321630        0.0000000000000000     
  0.59999999999999998       0.96798097381012183        0.0000000000000000     
  0.60833333333333339        1.0295415720280032        0.0000000000000000     
  0.61666666666666670       0.97086662685158498        0.0000000000000000     
  0.62500000000000000        1.0267911839728587        0.0000000000000000     
  0.63333333333333330       0.97348809046664475        0.0000000000000000     
  0.64166666666666661        1.0242926014647546        0.0000000000000000     
  0.65000000000000002       0.97586955191968083        0.0000000000000000     
  0.65833333333333344        1.0220227710173313        0.0000000000000000     
  0.66666666666666674       0.97803298406488348        0.0000000000000000     
  0.67500000000000004        1.0199607497539349        0.0000000000000000     
  0.68333333333333335       0.97999834808155772        0.0000000000000000     
  0.69166666666666665        1.0180875121755424        0.0000000000000000     
  0.69999999999999996       0.98178377764846336        0.0000000000000000     
  0.70833333333333326        1.0163857746195892        0.0000000000000000     
  0.71666666666666667       0.98340574625648436        0.0000000000000000     
  0.72500000000000009        1.0148398357900683        0.0000000000000000     
  0.73333333333333339       0.98487921920337118        0.0000000000000000     
  0.74166666666666670        1.0134354318875651        0.0000000000000000     
  0.75000000000000000       0.98621779167294277        0.0000000000000000     
  0.75833333333333330        1.0121596050025048        0.0000000000000000     
  0.76666666666666672       0.98743381417276566        0.0000000000000000     
  0.77500000000000013        1.0110005835573641        0.0000000000000000     
  0.78333333333333344       0.98853850648766872        0.0000000000000000     
  0.79166666666666674        1.0099476736947195        0.0000000000000000     
  0.80000000000000004       0.98954206120049937        0.0000000000000000     
  0.80208333333333337       0.99820922463817552        0.0000000000000000     
  0.80416666666666670       0.97205188058617498        0.0000000000000000     
  0.80625000000000002       0.97461840037602487        0.0000000000000000     
  0.80833333333333335       0.95349297407734102        0.0000000000000000     
  0.81041666666666667       0.95190907995387064        0.0000000000000000     
  0.81250000000000000       0.93420698775887467        0.0000000000000000     
  0.81458333333333333       0.92979946769586619        0.0000000000000000     
  0.81666666666666665       0.91442635164078101        0.0000000000000000     
  0.81874999999999998       0.90809785125799170        0.0000000000000000     
  0.82083333333333330       0.89430919342287174        0.0000000000000000     
  0.82291666666666663       0.88667380414332364        0.0000000000000000     
  0.82499999999999996       0.87396309116465387        0.0000000000000000     
  0.82708333333333328       0.86543859408380064        0.0000000000000000     
  0.82916666666666661       0.85346123279525832        0.0000000000000000     
  0.83125000000000004       0.84433185439335012        0.0000000000000000     
  0.83333333333333337       0.83285340981487510        0.0000000000000000     
  0.83541666666666670       0.82331251617035650        0.0000000000000000     
  0.83750000000000013       0.81217349657301230        0.0000000000000000     
  0.83958333333333346       0.80235263925792599        0.0000000000000000     
  0.84166666666666679       0.79144453860053976        0.0000000000000000     
  0.84375000000000011       0.78143321529848164        0.0000000000000000     
  0.84583333333333344       0.77068221432378003        0.0000000000000000     
  0.84791666666666676       0.76054131245133239        0.0000000000000000     
  0.85000000000000009       0.74989719015147738        0.0000000000000000     
  0.85208333333333341       0.73966813287568911        0.0000000000000000     
  0.85416666666666674       0.72909672269683867        0.0000000000000000     
  0.85625000000000007       0.71880769118985632        0.0000000000000000     
  0.85833333333333339       0.70828574880753747        0.0000000000000000     
  0.86041666666666672       0.69795591539538648        0.0000000000000000     
  0.86250000000000004       0.68746762713922838        0.0000000000000000     
  0.86458333333333337       0.67711003521425905        0.0000000000000000     
  0.86666666666666670       0.66664464266575474        0.0000000000000000     
  0.86875000000000002       0.65626816596002080        0.0000000000000000     
  0.87083333333333335       0.64581834990951914        0.0000000000000000     
  0.87291666666666667       0.63542902543535884        0.0000000000000000     
  0.87500000000000000       0.62498980644932556        0.0000000000000000     
  0.87708333333333333       0.61459174133074945        0.0000000000000000     
  0.87916666666666665       0.60415973178135141        0.0000000000000000     
  0.88124999999999998       0.59375572019314204        0.0000000000000000     
  0.88333333333333330       0.58332861539606906        0.0000000000000000     
  0.88541666666666663       0.57292055828221933        0.0000000000000000     
  0.88749999999999996       0.56249679030556543        0.0000000000000000     
  0.88958333333333328       0.55208598092377870        0.0000000000000000     
  0.89166666666666661       0.54166448306593395        0.0000000000000000     
  0.89374999999999993       0.53125180125038485        0.0000000000000000     
  0.89583333333333326       0.52083184780870795        0.0000000000000000     
  0.89791666666666670       0.51041789213164812        0.0000000000000000     
  0.90000000000000002       0.49999898939326198        0.0000000000000000     
  0.90208333333333335       0.48958416707772145        0.0000000000000000     
  0.90416666666666679       0.47916597915793557        0.0000000000000000     
  0.90625000000000011       0.46875056724749081        0.0000000000000000     
  0.90833333333333344       0.45833286563591130        0.0000000000000000     
  0.91041666666666676       0.44791705260993919        0.0000000000000000     
  0.91250000000000009       0.43749968184547366        0.0000000000000000     
  0.91458333333333341       0.42708359593100603        0.0000000000000000     
  0.91666666666666674       0.41666645024975169        0.0000000000000000     
  0.91875000000000007       0.40625017868270868        0.0000000000000000     
  0.92083333333333339       0.39583318613095092        0.0000000000000000     
  0.92291666666666672       0.38541678826001641        0.0000000000000000     
  0.92500000000000004       0.37499989988592136        0.0000000000000000     
  0.92708333333333337       0.36458341608742528        0.0000000000000000     
  0.92916666666666670       0.35416659858788813        0.0000000000000000     
  0.93125000000000002       0.34375005633081562        0.0000000000000000     
  0.93333333333333335       0.33333328704893600        0.0000000000000000     
  0.93541666666666667       0.32291670502109548        0.0000000000000000     
  0.93750000000000000       0.31249996854284223        0.0000000000000000     
  0.93958333333333333       0.30208335945799519        0.0000000000000000     
  0.94166666666666665       0.29166664529683506        0.0000000000000000     
  0.94374999999999998       0.28125001780445863        0.0000000000000000     
  0.94583333333333330       0.27083331882615114        0.0000000000000000     
  0.94791666666666663       0.26041667881069192        0.0000000000000000     
  0.94999999999999996       0.24999999016164259        0.0000000000000000     
  0.95208333333333328       0.23958334162642986        0.0000000000000000     
  0.95416666666666661       0.22916666000462235        0.0000000000000000     
  0.95624999999999993       0.21875000567321795        0.0000000000000000     
  0.95833333333333326       0.20833332883221103        0.0000000000000000     
  0.96041666666666659       0.19791667055751869        0.0000000000000000     
  0.96249999999999991       0.18749999696900482        0.0000000000000000     
  0.96458333333333335       0.17708333601159851        0.0000000000000000     
  0.96666666666666667       0.16666666463583329        0.0000000000000000     
  0.96875000000000000       0.15625000185331361        0.0000000000000000     
  0.97083333333333344       0.14583333198293394        0.0000000000000000     
  0.97291666666666676       0.13541666795874555        0.0000000000000000     
  0.97500000000000009       0.12499999911251661        0.0000000000000000     
  0.97708333333333341       0.11458333424359114        0.0000000000000000     
  0.97916666666666674       0.10416666609411609        0.0000000000000000     
  0.98125000000000007        9.3750000650495824E-002   0.0000000000000000     
  0.98333333333333339        8.3333332975039143E-002   0.0000000000000000     
  0.98541666666666672        7.2916667140440303E-002   0.0000000000000000     
  0.98750000000000004        6.2499999787469583E-002   0.0000000000000000     
  0.98958333333333337        5.2083333686878577E-002   0.0000000000000000     
  0.99166666666666670        4.1666666553302825E-002   0.0000000000000000     
  0.99375000000000002        3.1250000271751024E-002   0.0000000000000000     
  0.99583333333333335        2.0833333287434964E-002   0.0000000000000000     
  0.99791666666666667        1.0416666882771083E-002   0.0000000000000000     
   1.0000000000000000        0.0000000000000000        0.0000000000000000     
