  x y order
   0.0000000000000000                0   1.0000000000000000     
   4.1666666666666666E-003           0   1.0000000000000000     
   4.1666666666666666E-003           1   1.0000000000000000     
   0.0000000000000000                1   1.0000000000000000     

   4.1666666666666666E-003           0   1.0000000000000000     
   8.3333333333333332E-003           0   1.0000000000000000     
   8.3333333333333332E-003           1   1.0000000000000000     
   4.1666666666666666E-003           1   1.0000000000000000     

   8.3333333333333332E-003           0   1.0000000000000000     
   1.2500000000000001E-002           0   1.0000000000000000     
   1.2500000000000001E-002           1   1.0000000000000000     
   8.3333333333333332E-003           1   1.0000000000000000     

   1.2500000000000001E-002           0   1.0000000000000000     
   1.6666666666666666E-002           0   1.0000000000000000     
   1.6666666666666666E-002           1   1.0000000000000000     
   1.2500000000000001E-002           1   1.0000000000000000     

   1.6666666666666666E-002           0   1.0000000000000000     
   2.0833333333333336E-002           0   1.0000000000000000     
   2.0833333333333336E-002           1   1.0000000000000000     
   1.6666666666666666E-002           1   1.0000000000000000     

   2.0833333333333336E-002           0   1.0000000000000000     
   2.5000000000000001E-002           0   1.0000000000000000     
   2.5000000000000001E-002           1   1.0000000000000000     
   2.0833333333333336E-002           1   1.0000000000000000     

   2.5000000000000001E-002           0   1.0000000000000000     
   3.3333333333333333E-002           0   1.0000000000000000     
   3.3333333333333333E-002           1   1.0000000000000000     
   2.5000000000000001E-002           1   1.0000000000000000     

   3.3333333333333333E-002           0   1.0000000000000000     
   3.7500000000000006E-002           0   1.0000000000000000     
   3.7500000000000006E-002           1   1.0000000000000000     
   3.3333333333333333E-002           1   1.0000000000000000     

   3.7500000000000006E-002           0   1.0000000000000000     
   4.1666666666666671E-002           0   1.0000000000000000     
   4.1666666666666671E-002           1   1.0000000000000000     
   3.7500000000000006E-002           1   1.0000000000000000     

   4.1666666666666671E-002           0   1.0000000000000000     
   4.5833333333333337E-002           0   1.0000000000000000     
   4.5833333333333337E-002           1   1.0000000000000000     
   4.1666666666666671E-002           1   1.0000000000000000     

   4.5833333333333337E-002           0   1.0000000000000000     
   5.0000000000000003E-002           0   1.0000000000000000     
   5.0000000000000003E-002           1   1.0000000000000000     
   4.5833333333333337E-002           1   1.0000000000000000     

   5.0000000000000003E-002           0   1.0000000000000000     
   5.4166666666666669E-002           0   1.0000000000000000     
   5.4166666666666669E-002           1   1.0000000000000000     
   5.0000000000000003E-002           1   1.0000000000000000     

   5.4166666666666669E-002           0   1.0000000000000000     
   5.8333333333333334E-002           0   1.0000000000000000     
   5.8333333333333334E-002           1   1.0000000000000000     
   5.4166666666666669E-002           1   1.0000000000000000     

   5.8333333333333334E-002           0   1.0000000000000000     
   6.2500000000000000E-002           0   1.0000000000000000     
   6.2500000000000000E-002           1   1.0000000000000000     
   5.8333333333333334E-002           1   1.0000000000000000     

   6.2500000000000000E-002           0   1.0000000000000000     
   6.6666666666666666E-002           0   1.0000000000000000     
   6.6666666666666666E-002           1   1.0000000000000000     
   6.2500000000000000E-002           1   1.0000000000000000     

   6.6666666666666666E-002           0   1.0000000000000000     
   7.0833333333333331E-002           0   1.0000000000000000     
   7.0833333333333331E-002           1   1.0000000000000000     
   6.6666666666666666E-002           1   1.0000000000000000     

   7.0833333333333331E-002           0   1.0000000000000000     
   7.5000000000000011E-002           0   1.0000000000000000     
   7.5000000000000011E-002           1   1.0000000000000000     
   7.0833333333333331E-002           1   1.0000000000000000     

   7.5000000000000011E-002           0   1.0000000000000000     
   7.9166666666666677E-002           0   1.0000000000000000     
   7.9166666666666677E-002           1   1.0000000000000000     
   7.5000000000000011E-002           1   1.0000000000000000     

   7.9166666666666677E-002           0   1.0000000000000000     
   8.3333333333333343E-002           0   1.0000000000000000     
   8.3333333333333343E-002           1   1.0000000000000000     
   7.9166666666666677E-002           1   1.0000000000000000     

   8.3333333333333343E-002           0   1.0000000000000000     
   8.7500000000000008E-002           0   1.0000000000000000     
   8.7500000000000008E-002           1   1.0000000000000000     
   8.3333333333333343E-002           1   1.0000000000000000     

   8.7500000000000008E-002           0   1.0000000000000000     
   9.1666666666666674E-002           0   1.0000000000000000     
   9.1666666666666674E-002           1   1.0000000000000000     
   8.7500000000000008E-002           1   1.0000000000000000     

   9.1666666666666674E-002           0   1.0000000000000000     
   9.5833333333333340E-002           0   1.0000000000000000     
   9.5833333333333340E-002           1   1.0000000000000000     
   9.1666666666666674E-002           1   1.0000000000000000     

   9.5833333333333340E-002           0   1.0000000000000000     
  0.10000000000000001                0   1.0000000000000000     
  0.10000000000000001                1   1.0000000000000000     
   9.5833333333333340E-002           1   1.0000000000000000     

  0.10000000000000001                0   1.0000000000000000     
  0.10416666666666667                0   1.0000000000000000     
  0.10416666666666667                1   1.0000000000000000     
  0.10000000000000001                1   1.0000000000000000     

  0.10416666666666667                0   1.0000000000000000     
  0.10833333333333334                0   1.0000000000000000     
  0.10833333333333334                1   1.0000000000000000     
  0.10416666666666667                1   1.0000000000000000     

  0.10833333333333334                0   1.0000000000000000     
  0.11250000000000000                0   1.0000000000000000     
  0.11250000000000000                1   1.0000000000000000     
  0.10833333333333334                1   1.0000000000000000     

  0.11250000000000000                0   1.0000000000000000     
  0.11666666666666667                0   1.0000000000000000     
  0.11666666666666667                1   1.0000000000000000     
  0.11250000000000000                1   1.0000000000000000     

  0.11666666666666667                0   1.0000000000000000     
  0.12083333333333333                0   1.0000000000000000     
  0.12083333333333333                1   1.0000000000000000     
  0.11666666666666667                1   1.0000000000000000     

  0.12083333333333333                0   1.0000000000000000     
  0.12500000000000000                0   1.0000000000000000     
  0.12500000000000000                1   1.0000000000000000     
  0.12083333333333333                1   1.0000000000000000     

  0.12500000000000000                0   1.0000000000000000     
  0.12916666666666665                0   1.0000000000000000     
  0.12916666666666665                1   1.0000000000000000     
  0.12500000000000000                1   1.0000000000000000     

  0.12916666666666665                0   1.0000000000000000     
  0.13333333333333333                0   1.0000000000000000     
  0.13333333333333333                1   1.0000000000000000     
  0.12916666666666665                1   1.0000000000000000     

  0.13333333333333333                0   1.0000000000000000     
  0.13750000000000001                0   1.0000000000000000     
  0.13750000000000001                1   1.0000000000000000     
  0.13333333333333333                1   1.0000000000000000     

  0.13750000000000001                0   1.0000000000000000     
  0.14166666666666666                0   1.0000000000000000     
  0.14166666666666666                1   1.0000000000000000     
  0.13750000000000001                1   1.0000000000000000     

  0.14166666666666666                0   1.0000000000000000     
  0.14583333333333331                0   1.0000000000000000     
  0.14583333333333331                1   1.0000000000000000     
  0.14166666666666666                1   1.0000000000000000     

  0.14583333333333331                0   1.0000000000000000     
  0.14999999999999999                0   1.0000000000000000     
  0.14999999999999999                1   1.0000000000000000     
  0.14583333333333331                1   1.0000000000000000     

  0.14999999999999999                0   1.0000000000000000     
  0.15416666666666667                0   1.0000000000000000     
  0.15416666666666667                1   1.0000000000000000     
  0.14999999999999999                1   1.0000000000000000     

  0.15416666666666667                0   1.0000000000000000     
  0.15833333333333333                0   1.0000000000000000     
  0.15833333333333333                1   1.0000000000000000     
  0.15416666666666667                1   1.0000000000000000     

  0.15833333333333333                0   1.0000000000000000     
  0.16249999999999998                0   1.0000000000000000     
  0.16249999999999998                1   1.0000000000000000     
  0.15833333333333333                1   1.0000000000000000     

  0.16249999999999998                0   1.0000000000000000     
  0.16666666666666666                0   1.0000000000000000     
  0.16666666666666666                1   1.0000000000000000     
  0.16249999999999998                1   1.0000000000000000     

  0.16666666666666666                0   1.0000000000000000     
  0.17083333333333334                0   1.0000000000000000     
  0.17083333333333334                1   1.0000000000000000     
  0.16666666666666666                1   1.0000000000000000     

  0.17083333333333334                0   1.0000000000000000     
  0.17499999999999999                0   1.0000000000000000     
  0.17499999999999999                1   1.0000000000000000     
  0.17083333333333334                1   1.0000000000000000     

  0.17499999999999999                0   1.0000000000000000     
  0.17916666666666667                0   1.0000000000000000     
  0.17916666666666667                1   1.0000000000000000     
  0.17499999999999999                1   1.0000000000000000     

  0.17916666666666667                0   1.0000000000000000     
  0.18333333333333335                0   1.0000000000000000     
  0.18333333333333335                1   1.0000000000000000     
  0.17916666666666667                1   1.0000000000000000     

  0.18333333333333335                0   1.0000000000000000     
  0.19166666666666668                0   1.0000000000000000     
  0.19166666666666668                1   1.0000000000000000     
  0.18333333333333335                1   1.0000000000000000     

  0.19166666666666668                0   1.0000000000000000     
  0.20000000000000001                0   1.0000000000000000     
  0.20000000000000001                1   1.0000000000000000     
  0.19166666666666668                1   1.0000000000000000     

  0.20000000000000001                0   1.0000000000000000     
  0.20833333333333334                0   1.0000000000000000     
  0.20833333333333334                1   1.0000000000000000     
  0.20000000000000001                1   1.0000000000000000     

  0.20833333333333334                0   1.0000000000000000     
  0.21666666666666667                0   1.0000000000000000     
  0.21666666666666667                1   1.0000000000000000     
  0.20833333333333334                1   1.0000000000000000     

  0.21666666666666667                0   1.0000000000000000     
  0.22083333333333333                0   1.0000000000000000     
  0.22083333333333333                1   1.0000000000000000     
  0.21666666666666667                1   1.0000000000000000     

  0.22083333333333333                0   1.0000000000000000     
  0.22500000000000001                0   1.0000000000000000     
  0.22500000000000001                1   1.0000000000000000     
  0.22083333333333333                1   1.0000000000000000     

  0.22500000000000001                0   1.0000000000000000     
  0.22916666666666669                0   1.0000000000000000     
  0.22916666666666669                1   1.0000000000000000     
  0.22500000000000001                1   1.0000000000000000     

  0.22916666666666669                0   1.0000000000000000     
  0.23333333333333334                0   1.0000000000000000     
  0.23333333333333334                1   1.0000000000000000     
  0.22916666666666669                1   1.0000000000000000     

  0.23333333333333334                0   1.0000000000000000     
  0.24166666666666667                0   1.0000000000000000     
  0.24166666666666667                1   1.0000000000000000     
  0.23333333333333334                1   1.0000000000000000     

  0.24166666666666667                0   1.0000000000000000     
  0.25000000000000000                0   1.0000000000000000     
  0.25000000000000000                1   1.0000000000000000     
  0.24166666666666667                1   1.0000000000000000     

  0.25000000000000000                0   1.0000000000000000     
  0.25833333333333336                0   1.0000000000000000     
  0.25833333333333336                1   1.0000000000000000     
  0.25000000000000000                1   1.0000000000000000     

  0.25833333333333336                0   1.0000000000000000     
  0.26666666666666672                0   1.0000000000000000     
  0.26666666666666672                1   1.0000000000000000     
  0.25833333333333336                1   1.0000000000000000     

  0.26666666666666672                0   1.0000000000000000     
  0.27500000000000002                0   1.0000000000000000     
  0.27500000000000002                1   1.0000000000000000     
  0.26666666666666672                1   1.0000000000000000     

  0.27500000000000002                0   1.0000000000000000     
  0.28333333333333338                0   1.0000000000000000     
  0.28333333333333338                1   1.0000000000000000     
  0.27500000000000002                1   1.0000000000000000     

  0.28333333333333338                0   1.0000000000000000     
  0.29166666666666674                0   1.0000000000000000     
  0.29166666666666674                1   1.0000000000000000     
  0.28333333333333338                1   1.0000000000000000     

  0.29166666666666674                0   1.0000000000000000     
  0.30000000000000004                0   1.0000000000000000     
  0.30000000000000004                1   1.0000000000000000     
  0.29166666666666674                1   1.0000000000000000     

  0.30000000000000004                0   1.0000000000000000     
  0.30833333333333335                0   1.0000000000000000     
  0.30833333333333335                1   1.0000000000000000     
  0.30000000000000004                1   1.0000000000000000     

  0.30833333333333335                0   1.0000000000000000     
  0.31666666666666671                0   1.0000000000000000     
  0.31666666666666671                1   1.0000000000000000     
  0.30833333333333335                1   1.0000000000000000     

  0.31666666666666671                0   1.0000000000000000     
  0.32500000000000007                0   1.0000000000000000     
  0.32500000000000007                1   1.0000000000000000     
  0.31666666666666671                1   1.0000000000000000     

  0.32500000000000007                0   1.0000000000000000     
  0.33333333333333337                0   1.0000000000000000     
  0.33333333333333337                1   1.0000000000000000     
  0.32500000000000007                1   1.0000000000000000     

  0.33333333333333337                0   1.0000000000000000     
  0.34166666666666667                0   1.0000000000000000     
  0.34166666666666667                1   1.0000000000000000     
  0.33333333333333337                1   1.0000000000000000     

  0.34166666666666667                0   1.0000000000000000     
  0.34999999999999998                0   1.0000000000000000     
  0.34999999999999998                1   1.0000000000000000     
  0.34166666666666667                1   1.0000000000000000     

  0.34999999999999998                0   1.0000000000000000     
  0.35833333333333328                0   1.0000000000000000     
  0.35833333333333328                1   1.0000000000000000     
  0.34999999999999998                1   1.0000000000000000     

  0.35833333333333328                0   1.0000000000000000     
  0.36666666666666664                0   1.0000000000000000     
  0.36666666666666664                1   1.0000000000000000     
  0.35833333333333328                1   1.0000000000000000     

  0.36666666666666664                0   1.0000000000000000     
  0.37500000000000000                0   1.0000000000000000     
  0.37500000000000000                1   1.0000000000000000     
  0.36666666666666664                1   1.0000000000000000     

  0.37500000000000000                0   1.0000000000000000     
  0.38333333333333330                0   1.0000000000000000     
  0.38333333333333330                1   1.0000000000000000     
  0.37500000000000000                1   1.0000000000000000     

  0.38333333333333330                0   1.0000000000000000     
  0.39166666666666666                0   1.0000000000000000     
  0.39166666666666666                1   1.0000000000000000     
  0.38333333333333330                1   1.0000000000000000     

  0.39166666666666666                0   1.0000000000000000     
  0.40000000000000002                0   1.0000000000000000     
  0.40000000000000002                1   1.0000000000000000     
  0.39166666666666666                1   1.0000000000000000     

  0.40000000000000002                0   1.0000000000000000     
  0.40833333333333333                0   1.0000000000000000     
  0.40833333333333333                1   1.0000000000000000     
  0.40000000000000002                1   1.0000000000000000     

  0.40833333333333333                0   1.0000000000000000     
  0.41666666666666669                0   1.0000000000000000     
  0.41666666666666669                1   1.0000000000000000     
  0.40833333333333333                1   1.0000000000000000     

  0.41666666666666669                0   1.0000000000000000     
  0.42500000000000004                0   1.0000000000000000     
  0.42500000000000004                1   1.0000000000000000     
  0.41666666666666669                1   1.0000000000000000     

  0.42500000000000004                0   1.0000000000000000     
  0.43333333333333335                0   1.0000000000000000     
  0.43333333333333335                1   1.0000000000000000     
  0.42500000000000004                1   1.0000000000000000     

  0.43333333333333335                0   1.0000000000000000     
  0.44166666666666665                0   1.0000000000000000     
  0.44166666666666665                1   1.0000000000000000     
  0.43333333333333335                1   1.0000000000000000     

  0.44166666666666665                0   1.0000000000000000     
  0.45000000000000001                0   1.0000000000000000     
  0.45000000000000001                1   1.0000000000000000     
  0.44166666666666665                1   1.0000000000000000     

  0.45000000000000001                0   1.0000000000000000     
  0.45833333333333337                0   1.0000000000000000     
  0.45833333333333337                1   1.0000000000000000     
  0.45000000000000001                1   1.0000000000000000     

  0.45833333333333337                0   1.0000000000000000     
  0.46666666666666667                0   1.0000000000000000     
  0.46666666666666667                1   1.0000000000000000     
  0.45833333333333337                1   1.0000000000000000     

  0.46666666666666667                0   1.0000000000000000     
  0.47499999999999998                0   1.0000000000000000     
  0.47499999999999998                1   1.0000000000000000     
  0.46666666666666667                1   1.0000000000000000     

  0.47499999999999998                0   1.0000000000000000     
  0.48333333333333334                0   1.0000000000000000     
  0.48333333333333334                1   1.0000000000000000     
  0.47499999999999998                1   1.0000000000000000     

  0.48333333333333334                0   1.0000000000000000     
  0.49166666666666670                0   1.0000000000000000     
  0.49166666666666670                1   1.0000000000000000     
  0.48333333333333334                1   1.0000000000000000     

  0.49166666666666670                0   1.0000000000000000     
  0.50000000000000000                0   1.0000000000000000     
  0.50000000000000000                1   1.0000000000000000     
  0.49166666666666670                1   1.0000000000000000     

  0.50000000000000000                0   1.0000000000000000     
  0.50833333333333330                0   1.0000000000000000     
  0.50833333333333330                1   1.0000000000000000     
  0.50000000000000000                1   1.0000000000000000     

  0.50833333333333330                0   1.0000000000000000     
  0.51666666666666661                0   1.0000000000000000     
  0.51666666666666661                1   1.0000000000000000     
  0.50833333333333330                1   1.0000000000000000     

  0.51666666666666661                0   1.0000000000000000     
  0.52499999999999991                0   1.0000000000000000     
  0.52499999999999991                1   1.0000000000000000     
  0.51666666666666661                1   1.0000000000000000     

  0.52499999999999991                0   1.0000000000000000     
  0.53333333333333333                0   1.0000000000000000     
  0.53333333333333333                1   1.0000000000000000     
  0.52499999999999991                1   1.0000000000000000     

  0.53333333333333333                0   1.0000000000000000     
  0.54166666666666674                0   1.0000000000000000     
  0.54166666666666674                1   1.0000000000000000     
  0.53333333333333333                1   1.0000000000000000     

  0.54166666666666674                0   1.0000000000000000     
  0.55000000000000004                0   1.0000000000000000     
  0.55000000000000004                1   1.0000000000000000     
  0.54166666666666674                1   1.0000000000000000     

  0.55000000000000004                0   1.0000000000000000     
  0.55833333333333335                0   1.0000000000000000     
  0.55833333333333335                1   1.0000000000000000     
  0.55000000000000004                1   1.0000000000000000     

  0.55833333333333335                0   1.0000000000000000     
  0.56666666666666665                0   1.0000000000000000     
  0.56666666666666665                1   1.0000000000000000     
  0.55833333333333335                1   1.0000000000000000     

  0.56666666666666665                0   1.0000000000000000     
  0.57499999999999996                0   1.0000000000000000     
  0.57499999999999996                1   1.0000000000000000     
  0.56666666666666665                1   1.0000000000000000     

  0.57499999999999996                0   1.0000000000000000     
  0.58333333333333326                0   1.0000000000000000     
  0.58333333333333326                1   1.0000000000000000     
  0.57499999999999996                1   1.0000000000000000     

  0.58333333333333326                0   1.0000000000000000     
  0.59166666666666656                0   1.0000000000000000     
  0.59166666666666656                1   1.0000000000000000     
  0.58333333333333326                1   1.0000000000000000     

  0.59166666666666656                0   1.0000000000000000     
  0.59999999999999998                0   1.0000000000000000     
  0.59999999999999998                1   1.0000000000000000     
  0.59166666666666656                1   1.0000000000000000     

  0.59999999999999998                0   1.0000000000000000     
  0.60833333333333339                0   1.0000000000000000     
  0.60833333333333339                1   1.0000000000000000     
  0.59999999999999998                1   1.0000000000000000     

  0.60833333333333339                0   1.0000000000000000     
  0.61666666666666670                0   1.0000000000000000     
  0.61666666666666670                1   1.0000000000000000     
  0.60833333333333339                1   1.0000000000000000     

  0.61666666666666670                0   1.0000000000000000     
  0.62500000000000000                0   1.0000000000000000     
  0.62500000000000000                1   1.0000000000000000     
  0.61666666666666670                1   1.0000000000000000     

  0.62500000000000000                0   1.0000000000000000     
  0.63333333333333330                0   1.0000000000000000     
  0.63333333333333330                1   1.0000000000000000     
  0.62500000000000000                1   1.0000000000000000     

  0.63333333333333330                0   1.0000000000000000     
  0.64166666666666661                0   1.0000000000000000     
  0.64166666666666661                1   1.0000000000000000     
  0.63333333333333330                1   1.0000000000000000     

  0.64166666666666661                0   1.0000000000000000     
  0.65000000000000002                0   1.0000000000000000     
  0.65000000000000002                1   1.0000000000000000     
  0.64166666666666661                1   1.0000000000000000     

  0.65000000000000002                0   1.0000000000000000     
  0.65833333333333344                0   1.0000000000000000     
  0.65833333333333344                1   1.0000000000000000     
  0.65000000000000002                1   1.0000000000000000     

  0.65833333333333344                0   1.0000000000000000     
  0.66666666666666674                0   1.0000000000000000     
  0.66666666666666674                1   1.0000000000000000     
  0.65833333333333344                1   1.0000000000000000     

  0.66666666666666674                0   1.0000000000000000     
  0.67500000000000004                0   1.0000000000000000     
  0.67500000000000004                1   1.0000000000000000     
  0.66666666666666674                1   1.0000000000000000     

  0.67500000000000004                0   1.0000000000000000     
  0.68333333333333335                0   1.0000000000000000     
  0.68333333333333335                1   1.0000000000000000     
  0.67500000000000004                1   1.0000000000000000     

  0.68333333333333335                0   1.0000000000000000     
  0.69166666666666665                0   1.0000000000000000     
  0.69166666666666665                1   1.0000000000000000     
  0.68333333333333335                1   1.0000000000000000     

  0.69166666666666665                0   1.0000000000000000     
  0.69999999999999996                0   1.0000000000000000     
  0.69999999999999996                1   1.0000000000000000     
  0.69166666666666665                1   1.0000000000000000     

  0.69999999999999996                0   1.0000000000000000     
  0.70833333333333326                0   1.0000000000000000     
  0.70833333333333326                1   1.0000000000000000     
  0.69999999999999996                1   1.0000000000000000     

  0.70833333333333326                0   1.0000000000000000     
  0.71666666666666667                0   1.0000000000000000     
  0.71666666666666667                1   1.0000000000000000     
  0.70833333333333326                1   1.0000000000000000     

  0.71666666666666667                0   1.0000000000000000     
  0.72500000000000009                0   1.0000000000000000     
  0.72500000000000009                1   1.0000000000000000     
  0.71666666666666667                1   1.0000000000000000     

  0.72500000000000009                0   1.0000000000000000     
  0.73333333333333339                0   1.0000000000000000     
  0.73333333333333339                1   1.0000000000000000     
  0.72500000000000009                1   1.0000000000000000     

  0.73333333333333339                0   1.0000000000000000     
  0.74166666666666670                0   1.0000000000000000     
  0.74166666666666670                1   1.0000000000000000     
  0.73333333333333339                1   1.0000000000000000     

  0.74166666666666670                0   1.0000000000000000     
  0.75000000000000000                0   1.0000000000000000     
  0.75000000000000000                1   1.0000000000000000     
  0.74166666666666670                1   1.0000000000000000     

  0.75000000000000000                0   1.0000000000000000     
  0.75833333333333330                0   1.0000000000000000     
  0.75833333333333330                1   1.0000000000000000     
  0.75000000000000000                1   1.0000000000000000     

  0.75833333333333330                0   1.0000000000000000     
  0.76666666666666672                0   1.0000000000000000     
  0.76666666666666672                1   1.0000000000000000     
  0.75833333333333330                1   1.0000000000000000     

  0.76666666666666672                0   1.0000000000000000     
  0.77500000000000013                0   1.0000000000000000     
  0.77500000000000013                1   1.0000000000000000     
  0.76666666666666672                1   1.0000000000000000     

  0.77500000000000013                0   1.0000000000000000     
  0.78333333333333344                0   1.0000000000000000     
  0.78333333333333344                1   1.0000000000000000     
  0.77500000000000013                1   1.0000000000000000     

  0.78333333333333344                0   1.0000000000000000     
  0.79166666666666674                0   1.0000000000000000     
  0.79166666666666674                1   1.0000000000000000     
  0.78333333333333344                1   1.0000000000000000     

  0.79166666666666674                0   1.0000000000000000     
  0.80000000000000004                0   1.0000000000000000     
  0.80000000000000004                1   1.0000000000000000     
  0.79166666666666674                1   1.0000000000000000     

  0.80000000000000004                0   1.0000000000000000     
  0.80208333333333337                0   1.0000000000000000     
  0.80208333333333337                1   1.0000000000000000     
  0.80000000000000004                1   1.0000000000000000     

  0.80208333333333337                0   1.0000000000000000     
  0.80416666666666670                0   1.0000000000000000     
  0.80416666666666670                1   1.0000000000000000     
  0.80208333333333337                1   1.0000000000000000     

  0.80416666666666670                0   1.0000000000000000     
  0.80625000000000002                0   1.0000000000000000     
  0.80625000000000002                1   1.0000000000000000     
  0.80416666666666670                1   1.0000000000000000     

  0.80625000000000002                0   1.0000000000000000     
  0.80833333333333335                0   1.0000000000000000     
  0.80833333333333335                1   1.0000000000000000     
  0.80625000000000002                1   1.0000000000000000     

  0.80833333333333335                0   1.0000000000000000     
  0.81041666666666667                0   1.0000000000000000     
  0.81041666666666667                1   1.0000000000000000     
  0.80833333333333335                1   1.0000000000000000     

  0.81041666666666667                0   1.0000000000000000     
  0.81250000000000000                0   1.0000000000000000     
  0.81250000000000000                1   1.0000000000000000     
  0.81041666666666667                1   1.0000000000000000     

  0.81250000000000000                0   1.0000000000000000     
  0.81458333333333333                0   1.0000000000000000     
  0.81458333333333333                1   1.0000000000000000     
  0.81250000000000000                1   1.0000000000000000     

  0.81458333333333333                0   1.0000000000000000     
  0.81666666666666665                0   1.0000000000000000     
  0.81666666666666665                1   1.0000000000000000     
  0.81458333333333333                1   1.0000000000000000     

  0.81666666666666665                0   1.0000000000000000     
  0.81874999999999998                0   1.0000000000000000     
  0.81874999999999998                1   1.0000000000000000     
  0.81666666666666665                1   1.0000000000000000     

  0.81874999999999998                0   1.0000000000000000     
  0.82083333333333330                0   1.0000000000000000     
  0.82083333333333330                1   1.0000000000000000     
  0.81874999999999998                1   1.0000000000000000     

  0.82083333333333330                0   1.0000000000000000     
  0.82291666666666663                0   1.0000000000000000     
  0.82291666666666663                1   1.0000000000000000     
  0.82083333333333330                1   1.0000000000000000     

  0.82291666666666663                0   1.0000000000000000     
  0.82499999999999996                0   1.0000000000000000     
  0.82499999999999996                1   1.0000000000000000     
  0.82291666666666663                1   1.0000000000000000     

  0.82499999999999996                0   1.0000000000000000     
  0.82708333333333328                0   1.0000000000000000     
  0.82708333333333328                1   1.0000000000000000     
  0.82499999999999996                1   1.0000000000000000     

  0.82708333333333328                0   1.0000000000000000     
  0.82916666666666661                0   1.0000000000000000     
  0.82916666666666661                1   1.0000000000000000     
  0.82708333333333328                1   1.0000000000000000     

  0.82916666666666661                0   1.0000000000000000     
  0.83125000000000004                0   1.0000000000000000     
  0.83125000000000004                1   1.0000000000000000     
  0.82916666666666661                1   1.0000000000000000     

  0.83125000000000004                0   1.0000000000000000     
  0.83333333333333337                0   1.0000000000000000     
  0.83333333333333337                1   1.0000000000000000     
  0.83125000000000004                1   1.0000000000000000     

  0.83333333333333337                0   1.0000000000000000     
  0.83541666666666670                0   1.0000000000000000     
  0.83541666666666670                1   1.0000000000000000     
  0.83333333333333337                1   1.0000000000000000     

  0.83541666666666670                0   1.0000000000000000     
  0.83750000000000013                0   1.0000000000000000     
  0.83750000000000013                1   1.0000000000000000     
  0.83541666666666670                1   1.0000000000000000     

  0.83750000000000013                0   1.0000000000000000     
  0.83958333333333346                0   1.0000000000000000     
  0.83958333333333346                1   1.0000000000000000     
  0.83750000000000013                1   1.0000000000000000     

  0.83958333333333346                0   1.0000000000000000     
  0.84166666666666679                0   1.0000000000000000     
  0.84166666666666679                1   1.0000000000000000     
  0.83958333333333346                1   1.0000000000000000     

  0.84166666666666679                0   1.0000000000000000     
  0.84375000000000011                0   1.0000000000000000     
  0.84375000000000011                1   1.0000000000000000     
  0.84166666666666679                1   1.0000000000000000     

  0.84375000000000011                0   1.0000000000000000     
  0.84583333333333344                0   1.0000000000000000     
  0.84583333333333344                1   1.0000000000000000     
  0.84375000000000011                1   1.0000000000000000     

  0.84583333333333344                0   1.0000000000000000     
  0.84791666666666676                0   1.0000000000000000     
  0.84791666666666676                1   1.0000000000000000     
  0.84583333333333344                1   1.0000000000000000     

  0.84791666666666676                0   1.0000000000000000     
  0.85000000000000009                0   1.0000000000000000     
  0.85000000000000009                1   1.0000000000000000     
  0.84791666666666676                1   1.0000000000000000     

  0.85000000000000009                0   1.0000000000000000     
  0.85208333333333341                0   1.0000000000000000     
  0.85208333333333341                1   1.0000000000000000     
  0.85000000000000009                1   1.0000000000000000     

  0.85208333333333341                0   1.0000000000000000     
  0.85416666666666674                0   1.0000000000000000     
  0.85416666666666674                1   1.0000000000000000     
  0.85208333333333341                1   1.0000000000000000     

  0.85416666666666674                0   1.0000000000000000     
  0.85625000000000007                0   1.0000000000000000     
  0.85625000000000007                1   1.0000000000000000     
  0.85416666666666674                1   1.0000000000000000     

  0.85625000000000007                0   1.0000000000000000     
  0.85833333333333339                0   1.0000000000000000     
  0.85833333333333339                1   1.0000000000000000     
  0.85625000000000007                1   1.0000000000000000     

  0.85833333333333339                0   1.0000000000000000     
  0.86041666666666672                0   1.0000000000000000     
  0.86041666666666672                1   1.0000000000000000     
  0.85833333333333339                1   1.0000000000000000     

  0.86041666666666672                0   1.0000000000000000     
  0.86250000000000004                0   1.0000000000000000     
  0.86250000000000004                1   1.0000000000000000     
  0.86041666666666672                1   1.0000000000000000     

  0.86250000000000004                0   1.0000000000000000     
  0.86458333333333337                0   1.0000000000000000     
  0.86458333333333337                1   1.0000000000000000     
  0.86250000000000004                1   1.0000000000000000     

  0.86458333333333337                0   1.0000000000000000     
  0.86666666666666670                0   1.0000000000000000     
  0.86666666666666670                1   1.0000000000000000     
  0.86458333333333337                1   1.0000000000000000     

  0.86666666666666670                0   1.0000000000000000     
  0.86875000000000002                0   1.0000000000000000     
  0.86875000000000002                1   1.0000000000000000     
  0.86666666666666670                1   1.0000000000000000     

  0.86875000000000002                0   1.0000000000000000     
  0.87083333333333335                0   1.0000000000000000     
  0.87083333333333335                1   1.0000000000000000     
  0.86875000000000002                1   1.0000000000000000     

  0.87083333333333335                0   1.0000000000000000     
  0.87291666666666667                0   1.0000000000000000     
  0.87291666666666667                1   1.0000000000000000     
  0.87083333333333335                1   1.0000000000000000     

  0.87291666666666667                0   1.0000000000000000     
  0.87500000000000000                0   1.0000000000000000     
  0.87500000000000000                1   1.0000000000000000     
  0.87291666666666667                1   1.0000000000000000     

  0.87500000000000000                0   1.0000000000000000     
  0.87708333333333333                0   1.0000000000000000     
  0.87708333333333333                1   1.0000000000000000     
  0.87500000000000000                1   1.0000000000000000     

  0.87708333333333333                0   1.0000000000000000     
  0.87916666666666665                0   1.0000000000000000     
  0.87916666666666665                1   1.0000000000000000     
  0.87708333333333333                1   1.0000000000000000     

  0.87916666666666665                0   1.0000000000000000     
  0.88124999999999998                0   1.0000000000000000     
  0.88124999999999998                1   1.0000000000000000     
  0.87916666666666665                1   1.0000000000000000     

  0.88124999999999998                0   1.0000000000000000     
  0.88333333333333330                0   1.0000000000000000     
  0.88333333333333330                1   1.0000000000000000     
  0.88124999999999998                1   1.0000000000000000     

  0.88333333333333330                0   1.0000000000000000     
  0.88541666666666663                0   1.0000000000000000     
  0.88541666666666663                1   1.0000000000000000     
  0.88333333333333330                1   1.0000000000000000     

  0.88541666666666663                0   1.0000000000000000     
  0.88749999999999996                0   1.0000000000000000     
  0.88749999999999996                1   1.0000000000000000     
  0.88541666666666663                1   1.0000000000000000     

  0.88749999999999996                0   1.0000000000000000     
  0.88958333333333328                0   1.0000000000000000     
  0.88958333333333328                1   1.0000000000000000     
  0.88749999999999996                1   1.0000000000000000     

  0.88958333333333328                0   1.0000000000000000     
  0.89166666666666661                0   1.0000000000000000     
  0.89166666666666661                1   1.0000000000000000     
  0.88958333333333328                1   1.0000000000000000     

  0.89166666666666661                0   1.0000000000000000     
  0.89374999999999993                0   1.0000000000000000     
  0.89374999999999993                1   1.0000000000000000     
  0.89166666666666661                1   1.0000000000000000     

  0.89374999999999993                0   1.0000000000000000     
  0.89583333333333326                0   1.0000000000000000     
  0.89583333333333326                1   1.0000000000000000     
  0.89374999999999993                1   1.0000000000000000     

  0.89583333333333326                0   1.0000000000000000     
  0.89791666666666670                0   1.0000000000000000     
  0.89791666666666670                1   1.0000000000000000     
  0.89583333333333326                1   1.0000000000000000     

  0.89791666666666670                0   1.0000000000000000     
  0.90000000000000002                0   1.0000000000000000     
  0.90000000000000002                1   1.0000000000000000     
  0.89791666666666670                1   1.0000000000000000     

  0.90000000000000002                0   1.0000000000000000     
  0.90208333333333335                0   1.0000000000000000     
  0.90208333333333335                1   1.0000000000000000     
  0.90000000000000002                1   1.0000000000000000     

  0.90208333333333335                0   1.0000000000000000     
  0.90416666666666679                0   1.0000000000000000     
  0.90416666666666679                1   1.0000000000000000     
  0.90208333333333335                1   1.0000000000000000     

  0.90416666666666679                0   1.0000000000000000     
  0.90625000000000011                0   1.0000000000000000     
  0.90625000000000011                1   1.0000000000000000     
  0.90416666666666679                1   1.0000000000000000     

  0.90625000000000011                0   1.0000000000000000     
  0.90833333333333344                0   1.0000000000000000     
  0.90833333333333344                1   1.0000000000000000     
  0.90625000000000011                1   1.0000000000000000     

  0.90833333333333344                0   1.0000000000000000     
  0.91041666666666676                0   1.0000000000000000     
  0.91041666666666676                1   1.0000000000000000     
  0.90833333333333344                1   1.0000000000000000     

  0.91041666666666676                0   1.0000000000000000     
  0.91250000000000009                0   1.0000000000000000     
  0.91250000000000009                1   1.0000000000000000     
  0.91041666666666676                1   1.0000000000000000     

  0.91250000000000009                0   1.0000000000000000     
  0.91458333333333341                0   1.0000000000000000     
  0.91458333333333341                1   1.0000000000000000     
  0.91250000000000009                1   1.0000000000000000     

  0.91458333333333341                0   1.0000000000000000     
  0.91666666666666674                0   1.0000000000000000     
  0.91666666666666674                1   1.0000000000000000     
  0.91458333333333341                1   1.0000000000000000     

  0.91666666666666674                0   1.0000000000000000     
  0.91875000000000007                0   1.0000000000000000     
  0.91875000000000007                1   1.0000000000000000     
  0.91666666666666674                1   1.0000000000000000     

  0.91875000000000007                0   1.0000000000000000     
  0.92083333333333339                0   1.0000000000000000     
  0.92083333333333339                1   1.0000000000000000     
  0.91875000000000007                1   1.0000000000000000     

  0.92083333333333339                0   1.0000000000000000     
  0.92291666666666672                0   1.0000000000000000     
  0.92291666666666672                1   1.0000000000000000     
  0.92083333333333339                1   1.0000000000000000     

  0.92291666666666672                0   1.0000000000000000     
  0.92500000000000004                0   1.0000000000000000     
  0.92500000000000004                1   1.0000000000000000     
  0.92291666666666672                1   1.0000000000000000     

  0.92500000000000004                0   1.0000000000000000     
  0.92708333333333337                0   1.0000000000000000     
  0.92708333333333337                1   1.0000000000000000     
  0.92500000000000004                1   1.0000000000000000     

  0.92708333333333337                0   1.0000000000000000     
  0.92916666666666670                0   1.0000000000000000     
  0.92916666666666670                1   1.0000000000000000     
  0.92708333333333337                1   1.0000000000000000     

  0.92916666666666670                0   1.0000000000000000     
  0.93125000000000002                0   1.0000000000000000     
  0.93125000000000002                1   1.0000000000000000     
  0.92916666666666670                1   1.0000000000000000     

  0.93125000000000002                0   1.0000000000000000     
  0.93333333333333335                0   1.0000000000000000     
  0.93333333333333335                1   1.0000000000000000     
  0.93125000000000002                1   1.0000000000000000     

  0.93333333333333335                0   1.0000000000000000     
  0.93541666666666667                0   1.0000000000000000     
  0.93541666666666667                1   1.0000000000000000     
  0.93333333333333335                1   1.0000000000000000     

  0.93541666666666667                0   1.0000000000000000     
  0.93750000000000000                0   1.0000000000000000     
  0.93750000000000000                1   1.0000000000000000     
  0.93541666666666667                1   1.0000000000000000     

  0.93750000000000000                0   1.0000000000000000     
  0.93958333333333333                0   1.0000000000000000     
  0.93958333333333333                1   1.0000000000000000     
  0.93750000000000000                1   1.0000000000000000     

  0.93958333333333333                0   1.0000000000000000     
  0.94166666666666665                0   1.0000000000000000     
  0.94166666666666665                1   1.0000000000000000     
  0.93958333333333333                1   1.0000000000000000     

  0.94166666666666665                0   1.0000000000000000     
  0.94374999999999998                0   1.0000000000000000     
  0.94374999999999998                1   1.0000000000000000     
  0.94166666666666665                1   1.0000000000000000     

  0.94374999999999998                0   1.0000000000000000     
  0.94583333333333330                0   1.0000000000000000     
  0.94583333333333330                1   1.0000000000000000     
  0.94374999999999998                1   1.0000000000000000     

  0.94583333333333330                0   1.0000000000000000     
  0.94791666666666663                0   1.0000000000000000     
  0.94791666666666663                1   1.0000000000000000     
  0.94583333333333330                1   1.0000000000000000     

  0.94791666666666663                0   1.0000000000000000     
  0.94999999999999996                0   1.0000000000000000     
  0.94999999999999996                1   1.0000000000000000     
  0.94791666666666663                1   1.0000000000000000     

  0.94999999999999996                0   1.0000000000000000     
  0.95208333333333328                0   1.0000000000000000     
  0.95208333333333328                1   1.0000000000000000     
  0.94999999999999996                1   1.0000000000000000     

  0.95208333333333328                0   1.0000000000000000     
  0.95416666666666661                0   1.0000000000000000     
  0.95416666666666661                1   1.0000000000000000     
  0.95208333333333328                1   1.0000000000000000     

  0.95416666666666661                0   1.0000000000000000     
  0.95624999999999993                0   1.0000000000000000     
  0.95624999999999993                1   1.0000000000000000     
  0.95416666666666661                1   1.0000000000000000     

  0.95624999999999993                0   1.0000000000000000     
  0.95833333333333326                0   1.0000000000000000     
  0.95833333333333326                1   1.0000000000000000     
  0.95624999999999993                1   1.0000000000000000     

  0.95833333333333326                0   1.0000000000000000     
  0.96041666666666659                0   1.0000000000000000     
  0.96041666666666659                1   1.0000000000000000     
  0.95833333333333326                1   1.0000000000000000     

  0.96041666666666659                0   1.0000000000000000     
  0.96249999999999991                0   1.0000000000000000     
  0.96249999999999991                1   1.0000000000000000     
  0.96041666666666659                1   1.0000000000000000     

  0.96249999999999991                0   1.0000000000000000     
  0.96458333333333335                0   1.0000000000000000     
  0.96458333333333335                1   1.0000000000000000     
  0.96249999999999991                1   1.0000000000000000     

  0.96458333333333335                0   1.0000000000000000     
  0.96666666666666667                0   1.0000000000000000     
  0.96666666666666667                1   1.0000000000000000     
  0.96458333333333335                1   1.0000000000000000     

  0.96666666666666667                0   1.0000000000000000     
  0.96875000000000000                0   1.0000000000000000     
  0.96875000000000000                1   1.0000000000000000     
  0.96666666666666667                1   1.0000000000000000     

  0.96875000000000000                0   1.0000000000000000     
  0.97083333333333344                0   1.0000000000000000     
  0.97083333333333344                1   1.0000000000000000     
  0.96875000000000000                1   1.0000000000000000     

  0.97083333333333344                0   1.0000000000000000     
  0.97291666666666676                0   1.0000000000000000     
  0.97291666666666676                1   1.0000000000000000     
  0.97083333333333344                1   1.0000000000000000     

  0.97291666666666676                0   1.0000000000000000     
  0.97500000000000009                0   1.0000000000000000     
  0.97500000000000009                1   1.0000000000000000     
  0.97291666666666676                1   1.0000000000000000     

  0.97500000000000009                0   1.0000000000000000     
  0.97708333333333341                0   1.0000000000000000     
  0.97708333333333341                1   1.0000000000000000     
  0.97500000000000009                1   1.0000000000000000     

  0.97708333333333341                0   1.0000000000000000     
  0.97916666666666674                0   1.0000000000000000     
  0.97916666666666674                1   1.0000000000000000     
  0.97708333333333341                1   1.0000000000000000     

  0.97916666666666674                0   1.0000000000000000     
  0.98125000000000007                0   1.0000000000000000     
  0.98125000000000007                1   1.0000000000000000     
  0.97916666666666674                1   1.0000000000000000     

  0.98125000000000007                0   1.0000000000000000     
  0.98333333333333339                0   1.0000000000000000     
  0.98333333333333339                1   1.0000000000000000     
  0.98125000000000007                1   1.0000000000000000     

  0.98333333333333339                0   1.0000000000000000     
  0.98541666666666672                0   1.0000000000000000     
  0.98541666666666672                1   1.0000000000000000     
  0.98333333333333339                1   1.0000000000000000     

  0.98541666666666672                0   1.0000000000000000     
  0.98645833333333344                0   1.0000000000000000     
  0.98645833333333344                1   1.0000000000000000     
  0.98541666666666672                1   1.0000000000000000     

  0.98645833333333344                0   1.0000000000000000     
  0.98750000000000004                0   1.0000000000000000     
  0.98750000000000004                1   1.0000000000000000     
  0.98645833333333344                1   1.0000000000000000     

  0.98750000000000004                0   1.0000000000000000     
  0.98854166666666665                0   1.0000000000000000     
  0.98854166666666665                1   1.0000000000000000     
  0.98750000000000004                1   1.0000000000000000     

  0.98854166666666665                0   1.0000000000000000     
  0.98958333333333337                0   1.0000000000000000     
  0.98958333333333337                1   1.0000000000000000     
  0.98854166666666665                1   1.0000000000000000     

  0.98958333333333337                0   1.0000000000000000     
  0.99062500000000009                0   1.0000000000000000     
  0.99062500000000009                1   1.0000000000000000     
  0.98958333333333337                1   1.0000000000000000     

  0.99062500000000009                0   1.0000000000000000     
  0.99166666666666670                0   1.0000000000000000     
  0.99166666666666670                1   1.0000000000000000     
  0.99062500000000009                1   1.0000000000000000     

  0.99166666666666670                0   1.0000000000000000     
  0.99270833333333330                0   1.0000000000000000     
  0.99270833333333330                1   1.0000000000000000     
  0.99166666666666670                1   1.0000000000000000     

  0.99270833333333330                0   1.0000000000000000     
  0.99375000000000002                0   1.0000000000000000     
  0.99375000000000002                1   1.0000000000000000     
  0.99270833333333330                1   1.0000000000000000     

  0.99375000000000002                0   1.0000000000000000     
  0.99583333333333335                0   1.0000000000000000     
  0.99583333333333335                1   1.0000000000000000     
  0.99375000000000002                1   1.0000000000000000     

  0.99583333333333335                0   1.0000000000000000     
  0.99687499999999996                0   1.0000000000000000     
  0.99687499999999996                1   1.0000000000000000     
  0.99583333333333335                1   1.0000000000000000     

  0.99687499999999996                0   1.0000000000000000     
  0.99791666666666667                0   1.0000000000000000     
  0.99791666666666667                1   1.0000000000000000     
  0.99687499999999996                1   1.0000000000000000     

  0.99791666666666667                0   1.0000000000000000     
  0.99895833333333339                0   1.0000000000000000     
  0.99895833333333339                1   1.0000000000000000     
  0.99791666666666667                1   1.0000000000000000     

  0.99895833333333339                0   1.0000000000000000     
   1.0000000000000000                0   1.0000000000000000     
   1.0000000000000000                1   1.0000000000000000     
  0.99895833333333339                1   1.0000000000000000     

