X My_beautiful_solution_real My_beautiful_solution_imag
   0.0000000000000000        0.0000000000000000        0.0000000000000000     
   8.3333333333333332E-003   8.3333335240210870E-003   0.0000000000000000     
   1.6666666666666666E-002   1.6666666657288585E-002   0.0000000000000000     
   2.5000000000000001E-002   2.5000000200527048E-002   0.0000000000000000     
   3.3333333333333333E-002   3.3333333313632051E-002   0.0000000000000000     
   4.1666666666666671E-002   4.1666666878024942E-002   0.0000000000000000     
   5.0000000000000003E-002   4.9999999968935137E-002   0.0000000000000000     
   5.8333333333333334E-002   5.8333333556613964E-002   0.0000000000000000     
   6.6666666666666666E-002   6.6666666623093007E-002   0.0000000000000000     
   7.5000000000000011E-002   7.5000000236404310E-002   0.0000000000000000     
   8.3333333333333343E-002   8.3333333275990296E-002   0.0000000000000000     
   9.1666666666666674E-002   9.1666666917517778E-002   0.0000000000000000     
  0.10000000000000001        9.9999999927499875E-002   0.0000000000000000     
  0.10833333333333334       0.10833333360008746        0.0000000000000000     
  0.11666666666666667       0.11666666657748191        0.0000000000000000     
  0.12500000000000000       0.12500000028425912        0.0000000000000000     
  0.13333333333333333       0.13333333322578247        0.0000000000000000     
  0.14166666666666666       0.14166666697019509        0.0000000000000000     
  0.14999999999999999       0.14999999987223211        0.0000000000000000     
  0.15833333333333333       0.15833333365807284        0.0000000000000000     
  0.16666666666666666       0.16666666651664433        0.0000000000000000     
  0.17499999999999999       0.17500000034808849        0.0000000000000000     
  0.18333333333333335       0.18333333315881378        0.0000000000000000     
  0.19166666666666668       0.19166666704045743        0.0000000000000000     
  0.20000000000000001       0.19999999979851435        0.0000000000000000     
  0.20833333333333334       0.20833333373541615        0.0000000000000000     
  0.21666666666666667       0.21666666643549731        0.0000000000000000     
  0.22500000000000001       0.22500000043322640        0.0000000000000000     
  0.23333333333333334       0.23333333306948881        0.0000000000000000     
  0.24166666666666667       0.24166666713417576        0.0000000000000000     
  0.25000000000000000       0.24999999970018724        0.0000000000000000     
  0.25833333333333336       0.25833333383857982        0.0000000000000000     
  0.26666666666666672       0.26666666632726088        0.0000000000000000     
  0.27500000000000002       0.27500000054678631        0.0000000000000000     
  0.28333333333333338       0.28333333295034435        0.0000000000000000     
  0.29166666666666674       0.29166666725917989        0.0000000000000000     
  0.30000000000000004       0.29999999956903550        0.0000000000000000     
  0.30833333333333335       0.30833333397618190        0.0000000000000000     
  0.31666666666666671       0.31666666618289174        0.0000000000000000     
  0.32500000000000007       0.32500000069825630        0.0000000000000000     
  0.33333333333333337       0.33333333279142574        0.0000000000000000     
  0.34166666666666667       0.34166666742591328        0.0000000000000000     
  0.34999999999999998       0.34999999939410115        0.0000000000000000     
  0.35833333333333328       0.35833333415971780        0.0000000000000000     
  0.36666666666666664       0.36666666599032766        0.0000000000000000     
  0.37500000000000000       0.37500000090028901        0.0000000000000000     
  0.38333333333333330       0.38333333257945518        0.0000000000000000     
  0.39166666666666666       0.39166666764830843        0.0000000000000000     
  0.40000000000000002       0.39999999916076845        0.0000000000000000     
  0.40833333333333333       0.40833333440452585        0.0000000000000000     
  0.41666666666666669       0.41666666573347982        0.0000000000000000     
  0.42500000000000004       0.42500000116976888        0.0000000000000000     
  0.43333333333333335       0.43333333229672250        0.0000000000000000     
  0.44166666666666665       0.44166666794494525        0.0000000000000000     
  0.45000000000000001       0.44999999884954206        0.0000000000000000     
  0.45833333333333337       0.45833333473105875        0.0000000000000000     
  0.46666666666666667       0.46666666539088830        0.0000000000000000     
  0.47499999999999998       0.47500000152920974        0.0000000000000000     
  0.48333333333333334       0.48333333191960476        0.0000000000000000     
  0.49166666666666670       0.49166666834061062        0.0000000000000000     
  0.50000000000000000       0.49999999843441867        0.0000000000000000     
  0.50833333333333330       0.50833333516659840        0.0000000000000000     
  0.51666666666666661       0.51666666493392899        0.0000000000000000     
  0.52499999999999991       0.52500000200864261        0.0000000000000000     
  0.53333333333333333       0.53333333141659334        0.0000000000000000     
  0.54166666666666674       0.54166666886835957        0.0000000000000000     
  0.55000000000000004       0.54999999788071408        0.0000000000000000     
  0.55833333333333335       0.55833333574753308        0.0000000000000000     
  0.56666666666666665       0.56666666432442248        0.0000000000000000     
  0.57499999999999996       0.57500000264812412        0.0000000000000000     
  0.58333333333333326       0.58333333074566129        0.0000000000000000     
  0.59166666666666656       0.59166666957228853        0.0000000000000000     
  0.59999999999999998       0.59999999714216590        0.0000000000000000     
  0.60833333333333339       0.60833333652240118        0.0000000000000000     
  0.61666666666666670       0.61666666351144395        0.0000000000000000     
  0.62500000000000000       0.62500000350108165        0.0000000000000000     
  0.63333333333333330       0.63333332985075130        0.0000000000000000     
  0.64166666666666661       0.64166667051120896        0.0000000000000000     
  0.65000000000000002       0.64999999615706761        0.0000000000000000     
  0.65833333333333344       0.65833333755594814        0.0000000000000000     
  0.66666666666666674       0.66666666242706807        0.0000000000000000     
  0.67500000000000004       0.67500000463878840        0.0000000000000000     
  0.68333333333333335       0.68333332865709262        0.0000000000000000     
  0.69166666666666665       0.69166667176357122        0.0000000000000000     
  0.69999999999999996       0.69999999484311282        0.0000000000000000     
  0.70833333333333326       0.70833333893452410        0.0000000000000000     
  0.71666666666666667       0.71666666098069365        0.0000000000000000     
  0.72500000000000009       0.72500000615629911        0.0000000000000000     
  0.73333333333333339       0.73333332706495358        0.0000000000000000     
  0.74166666666666670       0.74166667343401294        0.0000000000000000     
  0.75000000000000000       0.74999999309051890        0.0000000000000000     
  0.75833333333333330       0.75833334077331027        0.0000000000000000     
  0.76666666666666672       0.76666665905147446        0.0000000000000000     
  0.77500000000000013       0.77500000818039494        0.0000000000000000     
  0.78333333333333344       0.78333332494130925        0.0000000000000000     
  0.79166666666666674       0.79166667566209847        0.0000000000000000     
  0.80000000000000004       0.79999999075285488        0.0000000000000000     
  0.80208333333333337       0.80208334475034482        0.0000000000000000     
  0.80416666666666670       0.80416665303067414        0.0000000000000000     
  0.80625000000000002       0.80625001673800334        0.0000000000000000     
  0.80833333333333335       0.80833331324622659        0.0000000000000000     
  0.81041666666666667       0.81041669122593285        0.0000000000000000     
  0.81250000000000000       0.81249997043047750        0.0000000000000000     
  0.81458333333333333       0.81458336938897946        0.0000000000000000     
  0.81666666666666665       0.81666662315905514        0.0000000000000000     
  0.81874999999999998       0.81875005295403724        0.0000000000000000     
  0.82083333333333330       0.82083326933829148        0.0000000000000000     
  0.82291666666666663       0.82291674445944629        0.0000000000000000     
  0.82499999999999996       0.82499990589073091        0.0000000000000000     
  0.82708333333333328       0.82708344763628294        0.0000000000000000     
  0.82916666666666661       0.82916652829285564        0.0000000000000000     
  0.83125000000000004       0.83125016796881046        0.0000000000000000     
  0.83333333333333337       0.83333312989560238        0.0000000000000000     
  0.83541666666666670       0.83541691351828185        0.0000000000000000     
  0.83750000000000013       0.83749970092559378        0.0000000000000000     
  0.83958333333333346       0.83958369613383821        0.0000000000000000     
  0.84166666666666679       0.84166622701705829        0.0000000000000000     
  0.84375000000000011       0.84375053323238725        0.0000000000000000     
  0.84583333333333344       0.84583268705392090        0.0000000000000000     
  0.84791666666666676       0.84791745041483424        0.0000000000000000     
  0.85000000000000009       0.84999904999791542        0.0000000000000000     
  0.85208333333333341       0.85208448531164327        0.0000000000000000     
  0.85416666666666674       0.85416527022626909        0.0000000000000000     
  0.85625000000000007       0.85625169323538020        0.0000000000000000     
  0.85833333333333339       0.85833128067861075        0.0000000000000000     
  0.86041666666666672       0.86041915548932524        0.0000000000000000     
  0.86250000000000004       0.86249698278371023        0.0000000000000000     
  0.86458333333333337       0.86458699158019325        0.0000000000000000     
  0.86666666666666670       0.86666223165289358        0.0000000000000000     
  0.86875000000000002       0.86875537716947127        0.0000000000000000     
  0.87083333333333335       0.87082681431603937        0.0000000000000000     
  0.87291666666666667       0.87292457045987570        0.0000000000000000     
  0.87500000000000000       0.87499041773091779        0.0000000000000000     
  0.87708333333333333       0.87709495098048018        0.0000000000000000     
  0.87916666666666665       0.87915258176050926        0.0000000000000000     
  0.88124999999999998       0.88126707659652137        0.0000000000000000     
  0.88333333333333330       0.88331263005492455        0.0000000000000000     
  0.88541666666666663       0.88544176730742208        0.0000000000000000     
  0.88749999999999996       0.88746956845557423        0.0000000000000000     
  0.88958333333333328       0.88962022842049904        0.0000000000000000     
  0.89166666666666661       0.89162193566066361        0.0000000000000000     
  0.89374999999999993       0.89380423160252875        0.0000000000000000     
  0.89583333333333326       0.89576758372020926        0.0000000000000000     
  0.89791666666666670       0.89799638100526291        0.0000000000000000     
  0.90000000000000002       0.89990335538828048        0.0000000000000000     
  0.90208333333333335       0.90220050444013855        0.0000000000000000     
  0.90416666666666679       0.90402460986694211        0.0000000000000000     
  0.90625000000000011       0.90642222836128949        0.0000000000000000     
  0.90833333333333344       0.90812452570295088        0.0000000000000000     
  0.91041666666666676       0.91066982302618749        0.0000000000000000     
  0.91250000000000009       0.91219307612397449        0.0000000000000000     
  0.91458333333333341       0.91495544478712976        0.0000000000000000     
  0.91666666666666674       0.91621552289758101        0.0000000000000000     
  0.91875000000000007       0.91929696212060374        0.0000000000000000     
  0.92083333333333339       0.92017020247263237        0.0000000000000000     
  0.92291666666666672       0.92372063968595475        0.0000000000000000     
  0.92500000000000004       0.92402527185505301        0.0000000000000000     
  0.92708333333333337       0.92826508359104210        0.0000000000000000     
  0.92916666666666670       0.92773392540965138        0.0000000000000000     
  0.93125000000000002       0.93298704049092418        0.0000000000000000     
  0.93333333333333335       0.93122736409445517        0.0000000000000000     
  0.93541666666666667       0.93796992161347792        0.0000000000000000     
  0.93750000000000000       0.93440446102256836        0.0000000000000000     
  0.93958333333333333       0.94333633212246182        0.0000000000000000     
  0.94166666666666665       0.93711657099545231        0.0000000000000000     
  0.94374999999999998       0.94926648787805024        0.0000000000000000     
  0.94583333333333330       0.93914520221802722        0.0000000000000000     
  0.94791666666666663       0.95602528601233239        0.0000000000000000     
  0.94999999999999996       0.94016919622041661        0.0000000000000000     
  0.95208333333333328       0.96400209564365447        0.0000000000000000     
  0.95416666666666661       0.93971648601843083        0.0000000000000000     
  0.95624999999999993       0.97376924577054602        0.0000000000000000     
  0.95833333333333326       0.93709318601208158        0.0000000000000000     
  0.96041666666666659       0.98616799592573656        0.0000000000000000     
  0.96249999999999991       0.93127936207761730        0.0000000000000000     
  0.96458333333333335        1.0024349034097026        0.0000000000000000     
  0.96666666666666667       0.92077582527552349        0.0000000000000000     
  0.96875000000000000        1.0243875689721240        0.0000000000000000     
  0.97083333333333344       0.90337893575884209        0.0000000000000000     
  0.97291666666666676        1.0546976621619650        0.0000000000000000     
  0.97500000000000009       0.87584958973811966        0.0000000000000000     
  0.97708333333333341        1.0972922380159968        0.0000000000000000     
  0.97916666666666674       0.83342666739001570        0.0000000000000000     
  0.98125000000000007        1.1579436276474739        0.0000000000000000     
  0.98333333333333339       0.76911185577191232        0.0000000000000000     
  0.98541666666666672        1.2451365113496582        0.0000000000000000     
  0.98750000000000004       0.67261841859905713        0.0000000000000000     
  0.98958333333333337        1.3713424189545060        0.0000000000000000     
  0.99166666666666670       0.52882600554421222        0.0000000000000000     
  0.99375000000000002        1.5548931026286696        0.0000000000000000     
  0.99583333333333335       0.31550939495400232        0.0000000000000000     
  0.99791666666666667        1.8227341850846464        0.0000000000000000     
   1.0000000000000000        0.0000000000000000        0.0000000000000000     
