X My_beautiful_solution_real My_beautiful_solution_imag
   0.0000000000000000        0.0000000000000000        0.0000000000000000     
   1.0416666666666667E-003   1.0416666666666643E-003   0.0000000000000000     
   2.0833333333333333E-003   2.0833333333333342E-003   0.0000000000000000     
   3.1250000000000002E-003   3.1249999999999963E-003   0.0000000000000000     
   4.1666666666666666E-003   4.1666666666666701E-003   0.0000000000000000     
   5.2083333333333339E-003   5.2083333333333296E-003   0.0000000000000000     
   6.2500000000000003E-003   6.2500000000000003E-003   0.0000000000000000     
   7.2916666666666668E-003   7.2916666666666633E-003   0.0000000000000000     
   8.3333333333333332E-003   8.3333333333333367E-003   0.0000000000000000     
   9.3750000000000014E-003   9.3749999999999997E-003   0.0000000000000000     
   1.0416666666666668E-002   1.0416666666666678E-002   0.0000000000000000     
   1.1458333333333334E-002   1.1458333333333329E-002   0.0000000000000000     
   1.2500000000000001E-002   1.2500000000000015E-002   0.0000000000000000     
   1.3541666666666667E-002   1.3541666666666646E-002   0.0000000000000000     
   1.4583333333333334E-002   1.4583333333333360E-002   0.0000000000000000     
   1.5625000000000000E-002   1.5624999999999958E-002   0.0000000000000000     
   1.6666666666666666E-002   1.6666666666666725E-002   0.0000000000000000     
   1.8750000000000003E-002   1.8749999999999930E-002   0.0000000000000000     
   2.0833333333333336E-002   2.0833333333333426E-002   0.0000000000000000     
   2.5000000000000001E-002   2.4999999999999901E-002   0.0000000000000000     
   2.9166666666666667E-002   2.9166666666666795E-002   0.0000000000000000     
   3.3333333333333333E-002   3.3333333333333215E-002   0.0000000000000000     
   3.5416666666666666E-002   3.5416666666666818E-002   0.0000000000000000     
   3.7500000000000006E-002   3.7499999999999832E-002   0.0000000000000000     
   3.9583333333333338E-002   3.9583333333333574E-002   0.0000000000000000     
   4.1666666666666671E-002   4.1666666666666408E-002   0.0000000000000000     
   4.3750000000000004E-002   4.3750000000000337E-002   0.0000000000000000     
   4.5833333333333337E-002   4.5833333333332962E-002   0.0000000000000000     
   4.7916666666666670E-002   4.7916666666667170E-002   0.0000000000000000     
   5.0000000000000003E-002   4.9999999999999406E-002   0.0000000000000000     
   5.2083333333333336E-002   5.2083333333334113E-002   0.0000000000000000     
   5.4166666666666669E-002   5.4166666666665739E-002   0.0000000000000000     
   5.6250000000000001E-002   5.6250000000001153E-002   0.0000000000000000     
   5.8333333333333334E-002   5.8333333333331967E-002   0.0000000000000000     
   6.0416666666666667E-002   6.0416666666668353E-002   0.0000000000000000     
   6.2500000000000000E-002   6.2499999999997974E-002   0.0000000000000000     
   6.6666666666666666E-002   6.6666666666668914E-002   0.0000000000000000     
   7.0833333333333331E-002   7.0833333333330847E-002   0.0000000000000000     
   7.5000000000000011E-002   7.5000000000002731E-002   0.0000000000000000     
   7.9166666666666677E-002   7.9166666666663707E-002   0.0000000000000000     
   8.3333333333333343E-002   8.3333333333336618E-002   0.0000000000000000     
   8.7500000000000008E-002   8.7499999999996345E-002   0.0000000000000000     
   9.1666666666666674E-002   9.1666666666670657E-002   0.0000000000000000     
  0.10000000000000001        9.9999999999995773E-002   0.0000000000000000     
  0.10833333333333334       0.10833333333333757        0.0000000000000000     
  0.11666666666666667       0.11666666666666202        0.0000000000000000     
  0.12500000000000000       0.12500000000000469        0.0000000000000000     
  0.13333333333333333       0.13333333333332822        0.0000000000000000     
  0.14166666666666666       0.14166666666667257        0.0000000000000000     
  0.14999999999999999       0.14999999999999433        0.0000000000000000     
  0.15833333333333333       0.15833333333333952        0.0000000000000000     
  0.16666666666666666       0.16666666666666041        0.0000000000000000     
  0.17499999999999999       0.17500000000000654        0.0000000000000000     
  0.18333333333333335       0.18333333333332649        0.0000000000000000     
  0.20000000000000001       0.20000000000000712        0.0000000000000000     
  0.21666666666666667       0.21666666666665954        0.0000000000000000     
  0.22500000000000001       0.22500000000000780        0.0000000000000000     
  0.23333333333333334       0.23333333333332548        0.0000000000000000     
  0.25000000000000000       0.25000000000000766        0.0000000000000000     
  0.26666666666666672       0.26666666666665850        0.0000000000000000     
  0.28333333333333338       0.28333333333334204        0.0000000000000000     
  0.30000000000000004       0.29999999999999138        0.0000000000000000     
  0.31666666666666671       0.31666666666667215        0.0000000000000000     
  0.33333333333333337       0.33333333333332438        0.0000000000000000     
  0.34999999999999998       0.35000000000000847        0.0000000000000000     
  0.36666666666666664       0.36666666666665720        0.0000000000000000     
  0.38333333333333330       0.38333333333334307        0.0000000000000000     
  0.40000000000000002       0.39999999999999009        0.0000000000000000     
  0.41666666666666669       0.41666666666668117        0.0000000000000000     
  0.43333333333333335       0.43333333333332291        0.0000000000000000     
  0.45000000000000001       0.45000000000001045        0.0000000000000000     
  0.46666666666666667       0.46666666666665574        0.0000000000000000     
  0.48333333333333334       0.48333333333334672        0.0000000000000000     
  0.50000000000000000       0.49999999999998845        0.0000000000000000     
  0.51666666666666661       0.51666666666668304        0.0000000000000000     
  0.53333333333333333       0.53333333333332111        0.0000000000000000     
  0.55000000000000004       0.55000000000000926        0.0000000000000000     
  0.56666666666666665       0.56666666666665388        0.0000000000000000     
  0.58333333333333326       0.58333333333334525        0.0000000000000000     
  0.59999999999999998       0.59999999999998666        0.0000000000000000     
  0.61666666666666670       0.61666666666667480        0.0000000000000000     
  0.63333333333333330       0.63333333333331943        0.0000000000000000     
  0.65000000000000002       0.65000000000001490        0.0000000000000000     
  0.66666666666666674       0.66666666666665209        0.0000000000000000     
  0.68333333333333335       0.68333333333334900        0.0000000000000000     
  0.69999999999999996       0.69999999999998463        0.0000000000000000     
  0.71666666666666667       0.71666666666667722        0.0000000000000000     
  0.73333333333333339       0.73333333333331763        0.0000000000000000     
  0.75000000000000000       0.75000000000000100        0.0000000000000000     
  0.76666666666666672       0.76666666666665051        0.0000000000000000     
  0.78333333333333344       0.78333333333334354        0.0000000000000000     
  0.80000000000000004       0.79999999999998317        0.0000000000000000     
  0.80104166666666665       0.80104166666668331        0.0000000000000000     
  0.80208333333333337       0.80208333333330051        0.0000000000000000     
  0.80312500000000009       0.80312500000004050        0.0000000000000000     
  0.80416666666666670       0.80416666666659886        0.0000000000000000     
  0.80520833333333330       0.80520833333342523        0.0000000000000000     
  0.80625000000000002       0.80624999999985636        0.0000000000000000     
  0.80833333333333335       0.80833333333350033        0.0000000000000000     
  0.81041666666666667       0.81041666666645706        0.0000000000000000     
  0.81250000000000000       0.81250000000024691        0.0000000000000000     
  0.81458333333333333       0.81458333333302679        0.0000000000000000     
  0.81666666666666665       0.81666666666703125        0.0000000000000000     
  0.81874999999999998       0.81874999999955134        0.0000000000000000     
  0.82083333333333330       0.82083333333387087        0.0000000000000000     
  0.82291666666666663       0.82291666666600871        0.0000000000000000     
  0.82499999999999996       0.82500000000079099        0.0000000000000000     
  0.82708333333333328       0.82708333333236750        0.0000000000000000     
  0.82916666666666661       0.82916666666783057        0.0000000000000000     
  0.83125000000000004       0.83124999999858129        0.0000000000000000     
  0.83333333333333337       0.83333333333504700        0.0000000000000000     
  0.83541666666666670       0.83541666666458192        0.0000000000000000     
  0.83750000000000013       0.83750000000252034        0.0000000000000000     
  0.83958333333333346       0.83958333333027102        0.0000000000000000     
  0.84166666666666679       0.84166666667037227        0.0000000000000000     
  0.84375000000000011       0.84374999999550038        0.0000000000000000     
  0.84583333333333344       0.84583333333878152        0.0000000000000000     
  0.84791666666666676       0.84791666666005405        0.0000000000000000     
  0.85000000000000009       0.85000000000801013        0.0000000000000000     
  0.85208333333333341       0.85208333332361463        0.0000000000000000     
  0.85416666666666674       0.85416666667844243        0.0000000000000000     
  0.85625000000000007       0.85624999998571572        0.0000000000000000     
  0.85833333333333339       0.85833333335064410        0.0000000000000000     
  0.86041666666666672       0.86041666664567218        0.0000000000000000     
  0.86250000000000004       0.86250000002544691        0.0000000000000000     
  0.86458333333333337       0.86458333330247528        0.0000000000000000     
  0.86666666666666670       0.86666666670407166        0.0000000000000000     
  0.86875000000000002       0.86874999995464319        0.0000000000000000     
  0.87083333333333335       0.87083333338831603        0.0000000000000000     
  0.87291666666666667       0.87291666659999922        0.0000000000000000     
  0.87500000000000000       0.87500000008081913        0.0000000000000000     
  0.87708333333333333       0.87708333323534127        0.0000000000000000     
  0.87916666666666665       0.87916666678546340        0.0000000000000000     
  0.88124999999999998       0.88124999985596453        0.0000000000000000     
  0.88333333333333330       0.88333333350795218        0.0000000000000000     
  0.88541666666666663       0.88541666645495354        0.0000000000000000     
  0.88749999999999996       0.88750000025667164        0.0000000000000000     
  0.88958333333333328       0.88958333302214077        0.0000000000000000     
  0.89166666666666661       0.89166666704394593        0.0000000000000000     
  0.89374999999999993       0.89374999954258327        0.0000000000000000     
  0.89583333333333326       0.89583333388789321        0.0000000000000000     
  0.89791666666666670       0.89791666599431696        0.0000000000000000     
  0.90000000000000002       0.90000000081514220        0.0000000000000000     
  0.90208333333333335       0.90208333234505567        0.0000000000000000     
  0.90416666666666679       0.90416666786483668        0.0000000000000000     
  0.90625000000000011       0.90624999854734412        0.0000000000000000     
  0.90833333333333344       0.90833333509451042        0.0000000000000000     
  0.91041666666666676       0.91041666453142656        0.0000000000000000     
  0.91250000000000009       0.91250000258873476        0.0000000000000000     
  0.91458333333333341       0.91458333019477112        0.0000000000000000     
  0.91666666666666674       0.91666667047181816        0.0000000000000000     
  0.91875000000000007       0.91874999538666635        0.0000000000000000     
  0.92083333333333339       0.92083333892648245        0.0000000000000000     
  0.92291666666666672       0.92291665988558425        0.0000000000000000     
  0.92500000000000004       0.92500000822130379        0.0000000000000000     
  0.92708333333333337       0.92708332336590382        0.0000000000000000     
  0.92916666666666670       0.92916667875106584        0.0000000000000000     
  0.93125000000000002       0.93124998534899561        0.0000000000000000     
  0.93333333333333335       0.93333335109604809        0.0000000000000000     
  0.93541666666666667       0.93541664513133094        0.0000000000000000     
  0.93750000000000000       0.93750002610920369        0.0000000000000000     
  0.93958333333333333       0.93958330167880366        0.0000000000000000     
  0.94166666666666665       0.94166670504427308        0.0000000000000000     
  0.94374999999999998       0.94374995347138890        0.0000000000000000     
  0.94583333333333330       0.94583338974411968        0.0000000000000000     
  0.94791666666666663       0.94791659827482089        0.0000000000000000     
  0.94999999999999996       0.95000008291753846        0.0000000000000000     
  0.95208333333333328       0.95208323280498142        0.0000000000000000     
  0.95416666666666661       0.95416678854616344        0.0000000000000000     
  0.95624999999999993       0.95624985223458314        0.0000000000000000     
  0.95833333333333326       0.95833351248254650        0.0000000000000000     
  0.96041666666666659       0.96041644946805416        0.0000000000000000     
  0.96249999999999991       0.96250026332928185        0.0000000000000000     
  0.96458333333333335       0.96458301407569935        0.0000000000000000     
  0.96666666666666667       0.96666705373122286        0.0000000000000000     
  0.96875000000000000       0.96874953072703374        0.0000000000000000     
  0.97083333333333344       0.97083390227488553        0.0000000000000000     
  0.97291666666666676       0.97291597688796183        0.0000000000000000     
  0.97500000000000009       0.97500083628036782        0.0000000000000000     
  0.97708333333333341       0.97708231943588764        0.0000000000000000     
  0.97916666666666674       0.97916789590515418        0.0000000000000000     
  0.98125000000000007       0.98124850968430288        0.0000000000000000     
  0.98333333333333339       0.98333514017624946        0.0000000000000000     
  0.98541666666666672       0.98541447606949395        0.0000000000000000     
  0.98645833333333344       0.98646156500638005        0.0000000000000000     
  0.98750000000000004       0.98749523248232696        0.0000000000000000     
  0.98854166666666665       0.98854869993530325        0.0000000000000000     
  0.98958333333333337       0.98957295752117647        0.0000000000000000     
  0.99062500000000009       0.99064030689119220        0.0000000000000000     
  0.99166666666666670       0.99164408521331393        0.0000000000000000     
  0.99270833333333330       0.99274164656648700        0.0000000000000000     
  0.99375000000000002       0.99370085473523839        0.0000000000000000     
  0.99583333333333335       0.99589291653042455        0.0000000000000000     
  0.99635416666666665       0.99622029792513622        0.0000000000000000     
  0.99687499999999996       0.99717577002965818        0.0000000000000000     
  0.99739583333333326       0.99672007729265888        0.0000000000000000     
  0.99791666666666667       0.99943492374505127        0.0000000000000000     
  0.99843750000000009       0.99502635097972103        0.0000000000000000     
  0.99895833333333339        1.0066223434697918        0.0000000000000000     
  0.99921875000000004       0.94081370723590751        0.0000000000000000     
  0.99947916666666670        1.4445658718689502        0.0000000000000000     
   1.0000000000000000        0.0000000000000000        0.0000000000000000     
