X My_beautiful_solution_real My_beautiful_solution_imag
   0.0000000000000000        0.0000000000000000        0.0000000000000000     
   1.6666666666666666E-002  0.64513586856034033        0.0000000000000000     
   3.3333333333333333E-002   1.8066874987737992E-002   0.0000000000000000     
   5.0000000000000003E-002  0.69410650538126706        0.0000000000000000     
   6.6666666666666666E-002   3.5383051307463192E-002   0.0000000000000000     
   8.3333333333333343E-002  0.74384607646538103        0.0000000000000000     
  0.10000000000000001        5.1911614798903709E-002   0.0000000000000000     
  0.11666666666666667       0.79439239267320394        0.0000000000000000     
  0.13333333333333333        6.7613836119095980E-002   0.0000000000000000     
  0.14999999999999999       0.84578512414145512        0.0000000000000000     
  0.16666666666666666        8.2449081484274739E-002   0.0000000000000000     
  0.18333333333333335       0.89806589170937601        0.0000000000000000     
  0.20000000000000001        9.6374719022666436E-002   0.0000000000000000     
  0.21666666666666667       0.95127836284076683        0.0000000000000000     
  0.23333333333333334       0.10934602052236164        0.0000000000000000     
  0.25000000000000000        1.0054683522628065        0.0000000000000000     
  0.26666666666666672       0.12131605834782977        0.0000000000000000     
  0.28333333333333338        1.0606839275535891        0.0000000000000000     
  0.30000000000000004       0.13223559728750089        0.0000000000000000     
  0.31666666666666671        1.1169755199217266        0.0000000000000000     
  0.33333333333333337       0.14205298108316058        0.0000000000000000     
  0.34999999999999998        1.1743960404333249        0.0000000000000000     
  0.36666666666666664       0.15071401337964754        0.0000000000000000     
  0.38333333333333330        1.2330010019541973        0.0000000000000000     
  0.40000000000000002       0.15816183282048149        0.0000000000000000     
  0.41666666666666669        1.2928486470883500        0.0000000000000000     
  0.43333333333333335       0.16433678200155882        0.0000000000000000     
  0.45000000000000001        1.3540000824075975        0.0000000000000000     
  0.46666666666666667       0.16917626998089919        0.0000000000000000     
  0.48333333333333334        1.4165194192816608        0.0000000000000000     
  0.50000000000000000       0.17261462802757410        0.0000000000000000     
  0.51666666666666661        1.4804739216333125        0.0000000000000000     
  0.53333333333333333       0.17458295827736683        0.0000000000000000     
  0.55000000000000004        1.5459341609590973        0.0000000000000000     
  0.56666666666666665       0.17500897494636666        0.0000000000000000     
  0.58333333333333326        1.6129741789729015        0.0000000000000000     
  0.59999999999999998       0.17381683773654513        0.0000000000000000     
  0.61666666666666670        1.6816716582471991        0.0000000000000000     
  0.63333333333333330       0.17092697704937693        0.0000000000000000     
  0.65000000000000002        1.7521081012452566        0.0000000000000000     
  0.66666666666666674       0.16625591060467271        0.0000000000000000     
  0.68333333333333335        1.8243690181569037        0.0000000000000000     
  0.69999999999999996       0.15971605104199998        0.0000000000000000     
  0.71666666666666667        1.8985441239707614        0.0000000000000000     
  0.73333333333333339       0.15121550406127440        0.0000000000000000     
  0.75000000000000000        1.9747275452371196        0.0000000000000000     
  0.76666666666666672       0.14065785663729932        0.0000000000000000     
  0.78333333333333344        2.0530180369979796        0.0000000000000000     
  0.80000000000000004       0.12794195482017101        0.0000000000000000     
  0.81666666666666665        2.1335192103842147        0.0000000000000000     
  0.83333333333333337       0.11296167060943800        0.0000000000000000     
  0.85000000000000009        2.2163397714043849        0.0000000000000000     
  0.86666666666666670        9.5605657364756527E-002   0.0000000000000000     
  0.88333333333333330        2.3015937714755226        0.0000000000000000     
  0.90000000000000002        7.5757093189326261E-002   0.0000000000000000     
  0.91666666666666674        2.3894008702732981        0.0000000000000000     
  0.93333333333333335        5.3293411694708762E-002   0.0000000000000000     
  0.94999999999999996        2.4798866115073253        0.0000000000000000     
  0.96666666666666667        2.8086019526520945E-002   0.0000000000000000     
  0.98333333333333339        2.5731827122571964        0.0000000000000000     
   1.0000000000000000        0.0000000000000000        0.0000000000000000     
