X My_beautiful_solution_real My_beautiful_solution_imag
   0.0000000000000000        0.0000000000000000        0.0000000000000000     
   1.0416666666666667E-003   1.6770134228187801        0.0000000000000000     
   2.0833333333333333E-003  0.54024593486779482        0.0000000000000000     
   3.1250000000000002E-003   1.3108064468345701        0.0000000000000000     
   4.1666666666666666E-003  0.78848019375642053        0.0000000000000000     
   5.2083333333333339E-003   1.1425402713463071        0.0000000000000000     
   6.2500000000000003E-003  0.90253981606725742        0.0000000000000000     
   7.2916666666666668E-003   1.0652246884376197        0.0000000000000000     
   8.3333333333333332E-003  0.95494836555569573        0.0000000000000000     
   9.3750000000000014E-003   1.0296994300595494        0.0000000000000000     
   1.0416666666666668E-002  0.97902924539586345        0.0000000000000000     
   1.1458333333333334E-002   1.0133761490940669        0.0000000000000000     
   1.2500000000000001E-002  0.99009401974159339        0.0000000000000000     
   1.3541666666666667E-002   1.0058758658127331        0.0000000000000000     
   1.4583333333333334E-002  0.99517810438196008        0.0000000000000000     
   1.5625000000000000E-002   1.0024296070967798        0.0000000000000000     
   1.6666666666666666E-002  0.99751415894780826        0.0000000000000000     
   1.8750000000000003E-002   1.0011379564882912        0.0000000000000000     
   2.0833333333333336E-002  0.99814898479431624        0.0000000000000000     
   2.5000000000000001E-002   1.0007272580875923        0.0000000000000000     
   2.9166666666666667E-002  0.99838516250057019        0.0000000000000000     
   3.3333333333333333E-002   1.0005127149803841        0.0000000000000000     
   3.5416666666666666E-002  0.99866469494317378        0.0000000000000000     
   3.7500000000000006E-002   1.0001889742439383        0.0000000000000000     
   3.9583333333333338E-002  0.99893172197396496        0.0000000000000000     
   4.1666666666666671E-002  0.99996872567109640        0.0000000000000000     
   4.3750000000000004E-002  0.99911338685521367        0.0000000000000000     
   4.5833333333333337E-002  0.99981888529459106        0.0000000000000000     
   4.7916666666666670E-002  0.99923697782269616        0.0000000000000000     
   5.0000000000000003E-002  0.99971694529951494        0.0000000000000000     
   5.2083333333333336E-002  0.99932105971644569        0.0000000000000000     
   5.4166666666666669E-002  0.99964759308058282        0.0000000000000000     
   5.6250000000000001E-002  0.99937826264155016        0.0000000000000000     
   5.8333333333333334E-002  0.99960041110586173        0.0000000000000000     
   6.0416666666666667E-002  0.99941717916084605        0.0000000000000000     
   6.2500000000000000E-002  0.99956831207899766        0.0000000000000000     
   6.6666666666666666E-002  0.99943794551601162        0.0000000000000000     
   7.0833333333333331E-002  0.99955637010376219        0.0000000000000000     
   7.5000000000000011E-002  0.99944879356985139        0.0000000000000000     
   7.9166666666666677E-002  0.99954651576477804        0.0000000000000000     
   8.3333333333333343E-002  0.99945774522129505        0.0000000000000000     
   8.7500000000000008E-002  0.99953838411193963        0.0000000000000000     
   9.1666666666666674E-002  0.99946513198990405        0.0000000000000000     
  0.10000000000000001       0.99953323357210888        0.0000000000000000     
  0.10833333333333334       0.99946832425156984        0.0000000000000000     
  0.11666666666666667       0.99953019094770845        0.0000000000000000     
  0.12500000000000000       0.99947122425295321        0.0000000000000000     
  0.13333333333333333       0.99952742688389173        0.0000000000000000     
  0.14166666666666666       0.99947385875127759        0.0000000000000000     
  0.14999999999999999       0.99952491587767522        0.0000000000000000     
  0.15833333333333333       0.99947625205407609        0.0000000000000000     
  0.16666666666666666       0.99952263476094427        0.0000000000000000     
  0.17499999999999999       0.99947842624346128        0.0000000000000000     
  0.18333333333333335       0.99952056248668697        0.0000000000000000     
  0.20000000000000001       0.99947992516120432        0.0000000000000000     
  0.21666666666666667       0.99951959875564589        0.0000000000000000     
  0.22500000000000001       0.99948131993600930        0.0000000000000000     
  0.23333333333333334       0.99951780443597560        0.0000000000000000     
  0.25000000000000000       0.99948261780360348        0.0000000000000000     
  0.26666666666666672       0.99951696997038564        0.0000000000000000     
  0.28333333333333338       0.99948343247948945        0.0000000000000000     
  0.30000000000000004       0.99951617461486997        0.0000000000000000     
  0.31666666666666671       0.99948420897281898        0.0000000000000000     
  0.33333333333333337       0.99951541653640230        0.0000000000000000     
  0.34999999999999998       0.99948494907314189        0.0000000000000000     
  0.36666666666666664       0.99951469398786608        0.0000000000000000     
  0.38333333333333330       0.99948565448613647        0.0000000000000000     
  0.40000000000000002       0.99951400530403045        0.0000000000000000     
  0.41666666666666669       0.99948632683755623        0.0000000000000000     
  0.43333333333333335       0.99951334889771060        0.0000000000000000     
  0.45000000000000001       0.99948696767692524        0.0000000000000000     
  0.46666666666666667       0.99951272325611074        0.0000000000000000     
  0.48333333333333334       0.99948757848117631        0.0000000000000000     
  0.50000000000000000       0.99951212693733760        0.0000000000000000     
  0.51666666666666661       0.99948816065799828        0.0000000000000000     
  0.53333333333333333       0.99951155856707641        0.0000000000000000     
  0.55000000000000004       0.99948871554913654        0.0000000000000000     
  0.56666666666666665       0.99951101683542576        0.0000000000000000     
  0.58333333333333326       0.99948924443339970        0.0000000000000000     
  0.59999999999999998       0.99951050049387558        0.0000000000000000     
  0.61666666666666670       0.99948974852969530        0.0000000000000000     
  0.63333333333333330       0.99951000835243287        0.0000000000000000     
  0.65000000000000002       0.99949022899978879        0.0000000000000000     
  0.66666666666666674       0.99950953927687614        0.0000000000000000     
  0.68333333333333335       0.99949068695103704        0.0000000000000000     
  0.69999999999999996       0.99950909218614470        0.0000000000000000     
  0.71666666666666667       0.99949112343882041        0.0000000000000000     
  0.73333333333333339       0.99950866604984467        0.0000000000000000     
  0.75000000000000000       0.99949153946912572        0.0000000000000000     
  0.76666666666666672       0.99950825988587499        0.0000000000000000     
  0.78333333333333344       0.99949193600074082        0.0000000000000000     
  0.80000000000000004       0.99950787275816444        0.0000000000000000     
  0.80104166666666665       0.99512525627354687        0.0000000000000000     
  0.80208333333333337       0.98935720883470846        0.0000000000000000     
  0.80312500000000009       0.98452827902255602        0.0000000000000000     
  0.80416666666666670       0.97906276612117360        0.0000000000000000     
  0.80520833333333330       0.97402876256215609        0.0000000000000000     
  0.80625000000000002       0.96870225938180321        0.0000000000000000     
  0.80833333333333335       0.95837271063155249        0.0000000000000000     
  0.81041666666666667       0.94788418758127213        0.0000000000000000     
  0.81250000000000000       0.93752678931860767        0.0000000000000000     
  0.81458333333333333       0.92706123703404164        0.0000000000000000     
  0.81666666666666665       0.91668489208140913        0.0000000000000000     
  0.81874999999999998       0.90623496735864140        0.0000000000000000     
  0.82083333333333330       0.89584573251926902        0.0000000000000000     
  0.82291666666666663       0.88540643960089271        0.0000000000000000     
  0.82499999999999996       0.87500843546300910        0.0000000000000000     
  0.82708333333333328       0.86457637561566791        0.0000000000000000     
  0.82916666666666661       0.85417240551408302        0.0000000000000000     
  0.83125000000000004       0.84374526649811477        0.0000000000000000     
  0.83333333333333337       0.83333723760860912        0.0000000000000000     
  0.83541666666666670       0.82291344635202224        0.0000000000000000     
  0.83750000000000013       0.81250265617193151        0.0000000000000000     
  0.83958333333333346       0.80208114247619067        0.0000000000000000     
  0.84166666666666679       0.79166847372401605        0.0000000000000000     
  0.84375000000000011       0.78124850950744029        0.0000000000000000     
  0.84583333333333344       0.77083456271770567        0.0000000000000000     
  0.84791666666666676       0.76041565264889788        0.0000000000000000     
  0.85000000000000009       0.75000083637961812        0.0000000000000000     
  0.85208333333333341       0.73958264347277125        0.0000000000000000     
  0.85416666666666674       0.72916723567574226        0.0000000000000000     
  0.85625000000000007       0.71874953067134562        0.0000000000000000     
  0.85833333333333339       0.70833372044382847        0.0000000000000000     
  0.86041666666666672       0.69791634737114805        0.0000000000000000     
  0.86250000000000004       0.68750026336053649        0.0000000000000000     
  0.86458333333333337       0.67708311610894867        0.0000000000000000     
  0.86666666666666670       0.66666684583714364        0.0000000000000000     
  0.86875000000000002       0.65624985221705168        0.0000000000000000     
  0.87083333333333335       0.64583345522729818        0.0000000000000000     
  0.87291666666666667       0.63541656612638919        0.0000000000000000     
  0.87500000000000000       0.62500008292738229        0.0000000000000000     
  0.87708333333333333       0.61458326493337556        0.0000000000000000     
  0.87916666666666665       0.60416672308414998        0.0000000000000000     
  0.88124999999999998       0.59374995346587123        0.0000000000000000     
  0.88333333333333330       0.58333337171549826        0.0000000000000000     
  0.88541666666666663       0.57291663500838497        0.0000000000000000     
  0.88749999999999996       0.56250002611230532        0.0000000000000000     
  0.88958333333333328       0.55208331179544701        0.0000000000000000     
  0.89166666666666661       0.54166668443149291        0.0000000000000000     
  0.89374999999999993       0.53124998534726009        0.0000000000000000     
  0.89583333333333326       0.52083334541916959        0.0000000000000000     
  0.89791666666666670       0.51041665669805669        0.0000000000000000     
  0.90000000000000002       0.50000000822228352        0.0000000000000000     
  0.90208333333333335       0.48958332655144948        0.0000000000000000     
  0.90416666666666679       0.47916667226048199        0.0000000000000000     
  0.90625000000000011       0.46874999538612144        0.0000000000000000     
  0.90833333333333344       0.45833333713893992        0.0000000000000000     
  0.91041666666666676       0.44791666352773446        0.0000000000000000     
  0.91250000000000009       0.43750000258904548        0.0000000000000000     
  0.91458333333333341       0.42708333119784225        0.0000000000000000     
  0.91666666666666674       0.41666666842805639        0.0000000000000000     
  0.91875000000000007       0.40624999854717420        0.0000000000000000     
  0.92083333333333339       0.39583333453164893        0.0000000000000000     
  0.92291666666666672       0.38541666567827443        0.0000000000000000     
  0.92500000000000004       0.37500000081524282        0.0000000000000000     
  0.92708333333333337       0.36458333266090609        0.0000000000000000     
  0.92916666666666670       0.35416666722129658        0.0000000000000000     
  0.93125000000000002       0.34374999954253144        0.0000000000000000     
  0.93333333333333335       0.33333333371066098        0.0000000000000000     
  0.93541666666666667       0.32291666635544042        0.0000000000000000     
  0.93750000000000000       0.31250000025670521        0.0000000000000000     
  0.93958333333333333       0.30208333312159885        0.0000000000000000     
  0.94166666666666665       0.29166666684130949        0.0000000000000000     
  0.94374999999999998       0.28124999985595217        0.0000000000000000     
  0.94583333333333330       0.27083333345214694        0.0000000000000000     
  0.94791666666666663       0.26041666656866774        0.0000000000000000     
  0.94999999999999996       0.25000000008083190        0.0000000000000000     
  0.95208333333333328       0.23958333326666201        0.0000000000000000     
  0.95416666666666661       0.22916666672165870        0.0000000000000000     
  0.95624999999999993       0.21874999995464212        0.0000000000000000     
  0.95833333333333326       0.20833333337074580        0.0000000000000000     
  0.96041666666666659       0.19791666663580884        0.0000000000000000     
  0.96249999999999991       0.18750000002545303        0.0000000000000000     
  0.96458333333333335       0.17708333331233958        0.0000000000000000     
  0.96666666666666667       0.16666666668398267        0.0000000000000000     
  0.96875000000000000       0.15624999998571740        0.0000000000000000     
  0.97083333333333344       0.14583333334511328        0.0000000000000000     
  0.97291666666666676       0.13541666665694937        0.0000000000000000     
  0.97500000000000009       0.12500000000801409        0.0000000000000000     
  0.97708333333333341       0.11458333332672234        0.0000000000000000     
  0.97916666666666674       0.10416666667211878        0.0000000000000000     
  0.98125000000000007        9.3749999995502320E-002   0.0000000000000000     
  0.98333333333333339        8.3333333337042487E-002   0.0000000000000000     
  0.98541666666666672        7.2916666663606827E-002   0.0000000000000000     
  0.98645833333333344        6.7708333335406753E-002   0.0000000000000000     
  0.98750000000000004        6.2499999998593958E-002   0.0000000000000000     
  0.98854166666666665        5.7291666667619694E-002   0.0000000000000000     
  0.98958333333333337        5.2083333332687186E-002   0.0000000000000000     
  0.99062500000000009        4.6875000000437414E-002   0.0000000000000000     
  0.99166666666666670        4.1666666666369701E-002   0.0000000000000000     
  0.99270833333333330        3.6458333333534695E-002   0.0000000000000000     
  0.99375000000000002        3.1249999999863512E-002   0.0000000000000000     
  0.99583333333333335        2.0833333333445770E-002   0.0000000000000000     
  0.99635416666666665        1.8229166666616673E-002   0.0000000000000000     
  0.99687499999999996        1.5625000000022527E-002   0.0000000000000000     
  0.99739583333333326        1.3020833333323788E-002   0.0000000000000000     
  0.99791666666666667        1.0416666666671053E-002   0.0000000000000000     
  0.99843750000000009        7.8124999999975991E-003   0.0000000000000000     
  0.99895833333333339        5.2083333333339211E-003   0.0000000000000000     
  0.99921875000000004        3.9062499999996691E-003   0.0000000000000000     
  0.99947916666666670        2.6041666666665403E-003   0.0000000000000000     
   1.0000000000000000        0.0000000000000000        0.0000000000000000     
