X My_beautiful_solution_real My_beautiful_solution_imag
   0.0000000000000000        0.0000000000000000        0.0000000000000000     
   1.6666666666666666E-002   2.5895253256088226        0.0000000000000000     
   3.3333333333333333E-002   6.1411667800999790E-002   0.0000000000000000     
   5.0000000000000003E-002   2.5295700609967797        0.0000000000000000     
   6.6666666666666666E-002  0.11994506843014927        0.0000000000000000     
   8.3333333333333343E-002   2.4724248042560681        0.0000000000000000     
  0.10000000000000001       0.17573510169084319        0.0000000000000000     
  0.11666666666666667        2.4179578547881171        0.0000000000000000     
  0.13333333333333333       0.22891034484730050        0.0000000000000000     
  0.14999999999999999        2.3660436845918928        0.0000000000000000     
  0.16666666666666666       0.27959334895191562        0.0000000000000000     
  0.18333333333333335        2.3165626489640676        0.0000000000000000     
  0.20000000000000001       0.32790092128421955        0.0000000000000000     
  0.21666666666666667        2.2694007107582204        0.0000000000000000     
  0.23333333333333334       0.37394439455237788        0.0000000000000000     
  0.25000000000000000        2.2244491775675685        0.0000000000000000     
  0.26666666666666672       0.41782988347763977        0.0000000000000000     
  0.28333333333333338        2.1816044512255139        0.0000000000000000     
  0.30000000000000004       0.45965852935308354        0.0000000000000000     
  0.31666666666666671        2.1407677890467203        0.0000000000000000     
  0.33333333333333337       0.49952673314028473        0.0000000000000000     
  0.34999999999999998        2.1018450762584262        0.0000000000000000     
  0.36666666666666664       0.53752637764111011        0.0000000000000000     
  0.38333333333333330        2.0647466090975408        0.0000000000000000     
  0.40000000000000002       0.57374503925667797        0.0000000000000000     
  0.41666666666666669        2.0293868880736459        0.0000000000000000     
  0.43333333333333335       0.60826618982150737        0.0000000000000000     
  0.45000000000000001        1.9956844209214211        0.0000000000000000     
  0.46666666666666667       0.64116938897802711        0.0000000000000000     
  0.48333333333333334        1.9635615347883768        0.0000000000000000     
  0.50000000000000000       0.67253046753479462        0.0000000000000000     
  0.51666666666666661        1.9329441972250505        0.0000000000000000     
  0.53333333333333333       0.70242170223100653        0.0000000000000000     
  0.55000000000000004        1.9037618455651126        0.0000000000000000     
  0.56666666666666665       0.73091198231007648        0.0000000000000000     
  0.58333333333333326        1.8759472243021473        0.0000000000000000     
  0.59999999999999998       0.75806696828617282        0.0000000000000000     
  0.61666666666666670        1.8494362300883309        0.0000000000000000     
  0.63333333333333330       0.78394924326962312        0.0000000000000000     
  0.65000000000000002        1.8241677639977683        0.0000000000000000     
  0.66666666666666674       0.80861845719993486        0.0000000000000000     
  0.68333333333333335        1.8000835907140251        0.0000000000000000     
  0.69999999999999996       0.83213146431884599        0.0000000000000000     
  0.71666666666666667        1.7771282043173011        0.0000000000000000     
  0.73333333333333339       0.85454245420023223        0.0000000000000000     
  0.75000000000000000        1.7552487003619563        0.0000000000000000     
  0.76666666666666672       0.87590307663885025        0.0000000000000000     
  0.78333333333333344        1.7343946539495505        0.0000000000000000     
  0.80000000000000004       0.89626256068574439        0.0000000000000000     
  0.81666666666666665        1.6321728124755741        0.0000000000000000     
  0.83333333333333337       0.74902459564255230        0.0000000000000000     
  0.85000000000000009        1.4465382039077279        0.0000000000000000     
  0.86666666666666670       0.60087603826280711        0.0000000000000000     
  0.88333333333333330        1.2617925926012614        0.0000000000000000     
  0.90000000000000002       0.45185956656068882        0.0000000000000000     
  0.91666666666666674        1.0778943126688096        0.0000000000000000     
  0.93333333333333335       0.30201585829974847        0.0000000000000000     
  0.94999999999999996       0.89480365103686998        0.0000000000000000     
  0.96666666666666667       0.15138368474147210        0.0000000000000000     
  0.98333333333333339       0.71248275592050980        0.0000000000000000     
   1.0000000000000000        0.0000000000000000        0.0000000000000000     
