X My_beautiful_solution_real My_beautiful_solution_imag
   0.0000000000000000        0.0000000000000000        0.0000000000000000     
   4.1666666666666666E-003   4.1666666664543885E-003   0.0000000000000000     
   8.3333333333333332E-003   8.3333333333547397E-003   0.0000000000000000     
   1.2500000000000001E-002   1.2499999999764156E-002   0.0000000000000000     
   1.6666666666666666E-002   1.6666666666714014E-002   0.0000000000000000     
   2.0833333333333336E-002   2.0833333333068933E-002   0.0000000000000000     
   2.5000000000000001E-002   2.5000000000078786E-002   0.0000000000000000     
   3.3333333333333333E-002   3.3333333333043620E-002   0.0000000000000000     
   3.7500000000000006E-002   3.7500000000106587E-002   0.0000000000000000     
   4.1666666666666671E-002   4.1666666666336998E-002   0.0000000000000000     
   4.5833333333333337E-002   4.5833333333483897E-002   0.0000000000000000     
   5.0000000000000003E-002   4.9999999999621902E-002   0.0000000000000000     
   5.4166666666666669E-002   5.4166666666870568E-002   0.0000000000000000     
   5.8333333333333334E-002   5.8333333332896538E-002   0.0000000000000000     
   6.2500000000000000E-002   6.2500000000268507E-002   0.0000000000000000     
   6.6666666666666666E-002   6.6666666666158753E-002   0.0000000000000000     
   7.0833333333333331E-002   7.0833333333680054E-002   0.0000000000000000     
   7.5000000000000011E-002   7.4999999999405917E-002   0.0000000000000000     
   7.9166666666666677E-002   7.9166666667108324E-002   0.0000000000000000     
   8.3333333333333343E-002   8.3333333332634804E-002   0.0000000000000000     
   8.7500000000000008E-002   8.7500000000556605E-002   0.0000000000000000     
   9.1666666666666674E-002   9.1666666665841556E-002   0.0000000000000000     
   9.5833333333333340E-002   9.5833333334029325E-002   0.0000000000000000     
  0.10000000000000001        9.9999999999021510E-002   0.0000000000000000     
  0.10416666666666667       0.10416666666753147        0.0000000000000000     
  0.10833333333333334       0.10833333333216895        0.0000000000000000     
  0.11250000000000000       0.11250000000106944        0.0000000000000000     
  0.11666666666666667       0.11666666666527703        0.0000000000000000     
  0.12083333333333333       0.12083333333465071        0.0000000000000000     
  0.12500000000000000       0.12499999999833737        0.0000000000000000     
  0.12916666666666665       0.12916666666828452        0.0000000000000000     
  0.13333333333333333       0.13333333333133990        0.0000000000000000     
  0.13750000000000001       0.13750000000198218        0.0000000000000000     
  0.14166666666666666       0.14166666666427233        0.0000000000000000     
  0.14583333333333331       0.14583333333575674        0.0000000000000000     
  0.14999999999999999       0.14999999999711985        0.0000000000000000     
  0.15416666666666667       0.15416666666962492        0.0000000000000000     
  0.15833333333333333       0.15833333332986441        0.0000000000000000     
  0.16249999999999998       0.16250000000360626        0.0000000000000000     
  0.16666666666666666       0.16666666666248428        0.0000000000000000     
  0.17083333333333334       0.17083333333772491        0.0000000000000000     
  0.17499999999999999       0.17499999999495303        0.0000000000000000     
  0.17916666666666667       0.17916666667201006        0.0000000000000000     
  0.18333333333333335       0.18333333332723858        0.0000000000000000     
  0.19166666666666668       0.19166666667285398        0.0000000000000000     
  0.20000000000000001       0.19999999999330123        0.0000000000000000     
  0.20833333333333334       0.20833333334015428        0.0000000000000000     
  0.21666666666666667       0.21666666665930301        0.0000000000000000     
  0.22083333333333333       0.22083333334122676        0.0000000000000000     
  0.22500000000000001       0.22499999999109779        0.0000000000000000     
  0.22916666666666669       0.22916666667625374        0.0000000000000000     
  0.23333333333333334       0.23333333332256670        0.0000000000000000     
  0.24166666666666667       0.24166666667775652        0.0000000000000000     
  0.25000000000000000       0.24999999998815844        0.0000000000000000     
  0.25833333333333336       0.25833333334555098        0.0000000000000000     
  0.26666666666666672       0.26666666665364192        0.0000000000000000     
  0.27500000000000002       0.27500000001345815        0.0000000000000000     
  0.28333333333333338       0.28333333331900612        0.0000000000000000     
  0.29166666666666674       0.29166666668149183        0.0000000000000000     
  0.30000000000000004       0.29999999998423910        0.0000000000000000     
  0.30833333333333335       0.30833333334966329        0.0000000000000000     
  0.31666666666666671       0.31666666664932747        0.0000000000000000     
  0.32500000000000007       0.32500000001798562        0.0000000000000000     
  0.33333333333333337       0.33333333331425685        0.0000000000000000     
  0.34166666666666667       0.34166666668647516        0.0000000000000000     
  0.34999999999999998       0.34999999997901110        0.0000000000000000     
  0.35833333333333328       0.35833333335514816        0.0000000000000000     
  0.36666666666666664       0.36666666664357267        0.0000000000000000     
  0.37500000000000000       0.37500000002402456        0.0000000000000000     
  0.38333333333333330       0.38333333330792208        0.0000000000000000     
  0.39166666666666666       0.39166666669312306        0.0000000000000000     
  0.40000000000000002       0.39999999997203795        0.0000000000000000     
  0.40833333333333333       0.40833333336246530        0.0000000000000000     
  0.41666666666666669       0.41666666663589669        0.0000000000000000     
  0.42500000000000004       0.42500000003207761        0.0000000000000000     
  0.43333333333333335       0.43333333329947243        0.0000000000000000     
  0.44166666666666665       0.44166666670198784        0.0000000000000000     
  0.45000000000000001       0.44999999996273671        0.0000000000000000     
  0.45833333333333337       0.45833333337222415        0.0000000000000000     
  0.46666666666666667       0.46666666662565809        0.0000000000000000     
  0.47499999999999998       0.47500000004282200        0.0000000000000000     
  0.48333333333333334       0.48333333328820194        0.0000000000000000     
  0.49166666666666670       0.49166666671381382        0.0000000000000000     
  0.50000000000000000       0.49999999995033029        0.0000000000000000     
  0.50833333333333330       0.50833333338524189        0.0000000000000000     
  0.51666666666666661       0.51666666661200111        0.0000000000000000     
  0.52499999999999991       0.52500000005714953        0.0000000000000000     
  0.53333333333333333       0.53333333327316879        0.0000000000000000     
  0.54166666666666674       0.54166666672958486        0.0000000000000000     
  0.55000000000000004       0.54999999993378224        0.0000000000000000     
  0.55833333333333335       0.55833333340260327        0.0000000000000000     
  0.56666666666666665       0.56666666659378562        0.0000000000000000     
  0.57499999999999996       0.57500000007626151        0.0000000000000000     
  0.58333333333333326       0.58333333325311731        0.0000000000000000     
  0.59166666666666656       0.59166666675062396        0.0000000000000000     
  0.59999999999999998       0.59999999991170994        0.0000000000000000     
  0.60833333333333339       0.60833333342575968        0.0000000000000000     
  0.61666666666666670       0.61666666656948887        0.0000000000000000     
  0.62500000000000000       0.62500000010175172        0.0000000000000000     
  0.63333333333333330       0.63333333322637209        0.0000000000000000     
  0.64166666666666661       0.64166666677868456        0.0000000000000000     
  0.65000000000000002       0.64999999988226942        0.0000000000000000     
  0.65833333333333344       0.65833333345665002        0.0000000000000000     
  0.66666666666666674       0.66666666653708129        0.0000000000000000     
  0.67500000000000004       0.67500000013575545        0.0000000000000000     
  0.68333333333333335       0.68333333319069833        0.0000000000000000     
  0.69166666666666665       0.69166666681611322        0.0000000000000000     
  0.69999999999999996       0.69999999984300021        0.0000000000000000     
  0.70833333333333326       0.70833333349785166        0.0000000000000000     
  0.71666666666666667       0.71666666649385447        0.0000000000000000     
  0.72500000000000009       0.72500000018110844        0.0000000000000000     
  0.73333333333333339       0.73333333314311533        0.0000000000000000     
  0.74166666666666670       0.74166666686604010        0.0000000000000000     
  0.75000000000000000       0.74999999979062160        0.0000000000000000     
  0.75833333333333330       0.75833333355280852        0.0000000000000000     
  0.76666666666666672       0.76666666643619708        0.0000000000000000     
  0.77500000000000013       0.77500000024160243        0.0000000000000000     
  0.78333333333333344       0.78333333307964736        0.0000000000000000     
  0.79166666666666674       0.79166666693263055        0.0000000000000000     
  0.80000000000000004       0.79999999972075753        0.0000000000000000     
  0.80208333333333337       0.80208333367166840        0.0000000000000000     
  0.80416666666666670       0.80416666625625732        0.0000000000000000     
  0.80625000000000002       0.80625000049736018        0.0000000000000000     
  0.80833333333333335       0.80833333273012320        0.0000000000000000     
  0.81041666666666667       0.81041666739777651        0.0000000000000000     
  0.81250000000000000       0.81249999911339454        0.0000000000000000     
  0.81458333333333333       0.81458333440802899        0.0000000000000000     
  0.81666666666666665       0.81666666536350141        0.0000000000000000     
  0.81874999999999998       0.81875000157972866        0.0000000000000000     
  0.82083333333333330       0.82083333141787207        0.0000000000000000     
  0.82291666666666663       0.82291666898873650        0.0000000000000000     
  0.82499999999999996       0.82499999718453165        0.0000000000000000     
  0.82708333333333328       0.82708333674656143        0.0000000000000000     
  0.82916666666666661       0.82916666252828874        0.0000000000000000     
  0.83125000000000004       0.83125000501710899        0.0000000000000000     
  0.83333333333333337       0.83333332725042808        0.0000000000000000     
  0.83541666666666670       0.83541667404130160        0.0000000000000000     
  0.83750000000000013       0.83749999105885609        0.0000000000000000     
  0.83958333333333346       0.83958334417326652        0.0000000000000000     
  0.84166666666666679       0.84166665352423220        0.0000000000000000     
  0.84375000000000011       0.84375001593353327        0.0000000000000000     
  0.84583333333333344       0.84583331401547202        0.0000000000000000     
  0.84791666666666676       0.84791669008722137        0.0000000000000000     
  0.85000000000000009       0.84999997160495333        0.0000000000000000     
  0.85208333333333341       0.85208336775897209        0.0000000000000000     
  0.85416666666666674       0.85416662492917406        0.0000000000000000     
  0.85625000000000007       0.85625005060187909        0.0000000000000000     
  0.85833333333333339       0.85833327198393827        0.0000000000000000     
  0.86041666666666672       0.86041674104580723        0.0000000000000000     
  0.86250000000000004       0.86249990982330593        0.0000000000000000     
  0.86458333333333337       0.86458344266238563        0.0000000000000000     
  0.86666666666666670       0.86666653411707040        0.0000000000000000     
  0.86875000000000002       0.86875016070150812        0.0000000000000000     
  0.87083333333333335       0.87083313850031674        0.0000000000000000     
  0.87291666666666667       0.87291690287993229        0.0000000000000000     
  0.87500000000000000       0.87499971361733053        0.0000000000000000     
  0.87708333333333333       0.87708368054042574        0.0000000000000000     
  0.87916666666666665       0.87916624571625945        0.0000000000000000     
  0.88124999999999998       0.88125051035558810        0.0000000000000000     
  0.88333333333333330       0.88333271458342300        0.0000000000000000     
  0.88541666666666663       0.88541741683227237        0.0000000000000000     
  0.88749999999999996       0.88749909050697162        0.0000000000000000     
  0.88958333333333328       0.88958443599280812        0.0000000000000000     
  0.89166666666666661       0.89166532981381441        0.0000000000000000     
  0.89374999999999993       0.89375162078598624        0.0000000000000000     
  0.89583333333333326       0.89583136830940002        0.0000000000000000     
  0.89791666666666670       0.89791904904060083        0.0000000000000000     
  0.90000000000000002       0.89999711163492635        0.0000000000000000     
  0.90208333333333335       0.90208683515626054        0.0000000000000000     
  0.90416666666666679       0.90416242109352207        0.0000000000000000     
  0.90625000000000011       0.90625514728757950        0.0000000000000000     
  0.90833333333333344       0.90832709281631829        0.0000000000000000     
  0.91041666666666676       0.91042423260300953        0.0000000000000000     
  0.91250000000000009       0.91249082713890861        0.0000000000000000     
  0.91458333333333341       0.91459445441249398        0.0000000000000000     
  0.91666666666666674       0.91665318358817671        0.0000000000000000     
  0.91875000000000007       0.91876634674096280        0.0000000000000000     
  0.92083333333333339       0.92081351471796846        0.0000000000000000     
  0.92291666666666672       0.92294069454525629        0.0000000000000000     
  0.92500000000000004       0.92497086885494628        0.0000000000000000     
  0.92708333333333337       0.92711865162402352        0.0000000000000000     
  0.92916666666666670       0.92912384714588037        0.0000000000000000     
  0.93125000000000002       0.93130191393206530        0.0000000000000000     
  0.93333333333333335       0.93327039343318052        0.0000000000000000     
  0.93541666666666667       0.93549297433300849        0.0000000000000000     
  0.93750000000000000       0.93740748539545904        0.0000000000000000     
  0.93958333333333333       0.93969549705720790        0.0000000000000000     
  0.94166666666666665       0.94153068055874545        0.0000000000000000     
  0.94374999999999998       0.94391486811292824        0.0000000000000000     
  0.94583333333333330       0.94563344898381507        0.0000000000000000     
  0.94791666666666663       0.94815900432914091        0.0000000000000000     
  0.94999999999999996       0.94970619239129794        0.0000000000000000     
  0.95208333333333328       0.95243954255782748        0.0000000000000000     
  0.95416666666666661       0.95373480238542752        0.0000000000000000     
  0.95624999999999993       0.95677358766818987        0.0000000000000000     
  0.95833333333333326       0.95769854120442732        0.0000000000000000     
  0.96041666666666659       0.96118628190238120        0.0000000000000000     
  0.96249999999999991       0.96156692666090893        0.0000000000000000     
  0.96458333333333335       0.96571458154068834        0.0000000000000000     
  0.96666666666666667       0.96529515335310956        0.0000000000000000     
  0.96875000000000000       0.97041280817639775        0.0000000000000000     
  0.97083333333333344       0.96881736235819294        0.0000000000000000     
  0.97291666666666676       0.97536080846816997        0.0000000000000000     
  0.97500000000000009       0.97203674843512999        0.0000000000000000     
  0.97708333333333341       0.98067594806220793        0.0000000000000000     
  0.97916666666666674       0.97481101872082432        0.0000000000000000     
  0.98125000000000007       0.98653074131465512        0.0000000000000000     
  0.98333333333333339       0.97693101864189857        0.0000000000000000     
  0.98541666666666672       0.99317876500916369        0.0000000000000000     
  0.98645833333333344       0.97500731696643805        0.0000000000000000     
  0.98750000000000004        1.0043930835509214        0.0000000000000000     
  0.98854166666666665       0.96362018697249074        0.0000000000000000     
  0.98958333333333337        1.0263486845650922        0.0000000000000000     
  0.99062500000000009       0.93638700659845064        0.0000000000000000     
  0.99166666666666670        1.0716811321796031        0.0000000000000000     
  0.99270833333333330       0.87466719114073621        0.0000000000000000     
  0.99375000000000002        1.1678899028383378        0.0000000000000000     
  0.99583333333333335       0.78470796440521995        0.0000000000000000     
  0.99687499999999996        1.3083371779234176        0.0000000000000000     
  0.99791666666666667       0.53843285963089560        0.0000000000000000     
  0.99895833333333339        1.6768106823264430        0.0000000000000000     
   1.0000000000000000        0.0000000000000000        0.0000000000000000     
