0.00110132 0.03303303
0.00986624 0.09909910
0.02813137 0.16516517
0.04972896 0.23123123
0.09317102 0.29729730
0.11897515 0.36336336
0.17950737 0.42942943
0.23605905 0.49549550
0.32063997 0.56156156
0.36989777 0.62762763
0.42668365 0.69369369
0.63271646 0.75975976
0.71213745 0.82582583
0.80021255 0.89189189
0.94552252 0.95795796
1.13017241 1.02402402
1.08319661 1.09009009
1.22694064 1.15615616
1.48909809 1.22222222
1.61597282 1.28828829
1.82000589 1.35435435
1.96352968 1.42042042
2.14072598 1.48648649
2.47322526 1.55255255
2.18196432 1.61861862
2.82286793 1.68468468
3.08024267 1.75075075
3.34980541 1.81681682
3.63623288 1.88288288
3.76371577 1.94894895
4.05459211 2.01501502
4.79741274 2.08108108
4.81481272 2.14714715
4.81687226 2.21321321
5.44542631 2.27927928
5.48095055 2.34534535
5.87654536 2.41141141
5.44990945 2.47747748
6.25776785 2.54354354
7.25619036 2.60960961
7.16316242 2.67567568
7.61050567 2.74174174
8.11781987 2.80780781
7.45879041 2.87387387
8.60579360 2.93993994
9.62340231 3.00600601
8.53224850 3.07207207
9.38347091 3.13813814
10.01137911 3.20420420
10.92956456 3.27027027
11.06932698 3.33633634
11.49897643 3.40240240
12.05054828 3.46846847
11.95771410 3.53453453
14.12758889 3.60060060
13.06805510 3.66666667
13.14933749 3.73273273
14.55293978 3.79879880
14.75124565 3.86486486
15.13731195 3.93093093
14.94981685 3.99699700
15.64545993 4.06306306
17.08527129 4.12912913
18.52736761 4.19519520
17.63747015 4.26126126
18.25871985 4.32732733
19.47476932 4.39339339
21.63705836 4.45945946
20.04932540 4.52552553
20.95888258 4.59159159
20.15099026 4.65765766
24.42145916 4.72372372
21.39410168 4.78978979
23.44068932 4.85585586
25.76139618 4.92192192
24.77573003 4.98798799
26.20226931 5.05405405
27.95557822 5.12012012
22.60289320 5.18618619
28.67751733 5.25225225
29.44786712 5.31831832
28.79127571 5.38438438
29.97800221 5.45045045
31.42581732 5.51651652
33.47968100 5.58258258
31.33416233 5.64864865
34.91062512 5.71471471
34.41891948 5.78078078
34.21236289 5.84684685
35.33017972 5.91291291
35.29630205 5.97897898
36.04923224 6.04504505
36.50379841 6.11111111
37.14689726 6.17717718
41.79815529 6.24324324
41.94750562 6.30930931
38.62431670 6.37537538
40.53232410 6.44144144
39.62322096 6.50750751
43.36139874 6.57357357
41.89197026 6.63963964
45.18860915 6.70570571
43.81364280 6.77177177
44.77168686 6.83783784
49.57026985 6.90390390
47.91359261 6.96996997
51.68527644 7.03603604
51.28158102 7.10210210
44.96977645 7.16816817
53.35954834 7.23423423
56.60129367 7.30030030
53.78761807 7.36636637
54.84280235 7.43243243
55.65289317 7.49849850
54.95482379 7.56456456
56.09842504 7.63063063
60.97540114 7.69669670
63.81338011 7.76276276
62.63495549 7.82882883
60.90190294 7.89489489
67.95476039 7.96096096
63.85730127 8.02702703
69.01019826 8.09309309
64.79756905 8.15915916
65.94214379 8.22522523
75.72314153 8.29129129
68.48873542 8.35735736
67.47863140 8.42342342
70.60269519 8.48948949
74.36172672 8.55555556
74.34311974 8.62162162
81.17803040 8.68768769
84.02698980 8.75375375
76.60462787 8.81981982
81.15523208 8.88588589
82.41320911 8.95195195
82.63393119 9.01801802
80.64154006 9.08408408
81.18519392 9.15015015
87.50705882 9.21621622
86.73334675 9.28228228
83.69335244 9.34834835
99.31969431 9.41441441
89.26418970 9.48048048
88.66853150 9.54654655
87.39846817 9.61261261
90.41344211 9.67867868
94.94599680 9.74474474
100.98483234 9.81081081
99.02241079 9.87687688
108.93108592 9.94294294
101.15146827 10.00900901
108.68314144 10.07507508
97.62804470 10.14114114
89.76076347 10.20720721
105.87082300 10.27327327
104.66776270 10.33933934
122.18946359 10.40540541
106.63189085 10.47147147
106.24926259 10.53753754
120.19792910 10.60360360
107.70544052 10.66966967
117.78784747 10.73573574
118.72819332 10.80180180
111.15246019 10.86786787
124.90355777 10.93393393
121.99596972 11.00000000
119.12673703 11.06606607
125.09793024 11.13213213
110.59980219 11.19819820
115.80108315 11.26426426
128.38043161 11.33033033
130.12282201 11.39639640
139.81556469 11.46246246
126.72241767 11.52852853
128.31855726 11.59459459
127.93005827 11.66066066
143.53136829 11.72672673
134.98984941 11.79279279
128.61240080 11.85885886
146.12055578 11.92492492
142.41993260 11.99099099
129.16457612 12.05705706
143.83807928 12.12312312
146.47486762 12.18918919
154.74556398 12.25525526
147.31075037 12.32132132
140.51348639 12.38738739
152.58734102 12.45345345
164.95693361 12.51951952
150.55367900 12.58558559
160.08513590 12.65165165
176.94740412 12.71771772
164.01287872 12.78378378
147.96074686 12.84984985
162.12172132 12.91591592
169.40344882 12.98198198
162.13477051 13.04804805
177.88566666 13.11411411
175.16157795 13.18018018
174.97347611 13.24624625
172.03316640 13.31231231
186.05109441 13.37837838
207.83416470 13.44444444
182.37330248 13.51051051
172.86869238 13.57657658
190.14119865 13.64264264
175.73141868 13.70870871
198.66713527 13.77477477
211.99248004 13.84084084
199.81720399 13.90690691
180.36992688 13.97297297
182.93071002 14.03903904
177.64968749 14.10510511
187.56063411 14.17117117
199.41076047 14.23723724
191.00918627 14.30330330
219.00724773 14.36936937
192.12098305 14.43543544
222.34810278 14.50150150
212.06481595 14.56756757
212.62733082 14.63363363
209.07797674 14.69969970
219.68588580 14.76576577
226.12028239 14.83183183
238.54343030 14.89789790
242.87745840 14.96396396
210.33965694 15.03003003
216.64066129 15.09609610
233.13497192 15.16216216
222.31690307 15.22822823
248.72129966 15.29429429
222.34435886 15.36036036
221.32818826 15.42642643
221.47765369 15.49249249
231.94276525 15.55855856
251.81887653 15.62462462
251.25481650 15.69069069
246.96194012 15.75675676
257.39255122 15.82282282
256.53600068 15.88888889
258.02833927 15.95495495
256.11496034 16.02102102
237.70989037 16.08708709
261.66568894 16.15315315
247.82296287 16.21921922
263.95608187 16.28528529
278.31113168 16.35135135
256.22166345 16.41741742
254.60585188 16.48348348
283.87262232 16.54954955
266.66416941 16.61561562
277.01309491 16.68168168
299.66004556 16.74774775
290.69849314 16.81381381
253.74808509 16.87987988
298.44662995 16.94594595
305.33064038 17.01201201
297.11454232 17.07807808
287.92588214 17.14414414
285.02883472 17.21021021
277.89363931 17.27627628
304.98802909 17.34234234
318.37918342 17.40840841
278.96515171 17.47447447
305.85390766 17.54054054
288.35579158 17.60660661
304.87595449 17.67267267
306.26012596 17.73873874
295.07743861 17.80480480
342.84846087 17.87087087
311.91350972 17.93693694
331.57120509 18.00300300
313.82525324 18.06906907
339.24880986 18.13513514
328.31946237 18.20120120
325.47362946 18.26726727
323.54596601 18.33333333
307.65790975 18.39939940
292.62804685 18.46546547
329.99596442 18.53153153
331.55160387 18.59759760
355.49463483 18.66366366
363.06179331 18.72972973
321.34818185 18.79579580
363.33520537 18.86186186
372.49603742 18.92792793
345.43632130 18.99399399
377.47504507 19.06006006
385.50305486 19.12612613
355.73357986 19.19219219
336.61735524 19.25825826
402.26152255 19.32432432
368.97838403 19.39039039
370.78044539 19.45645646
393.27148122 19.52252252
386.96721122 19.58858859
375.13110285 19.65465465
376.78515272 19.72072072
388.48589394 19.78678679
425.19604701 19.85285285
409.77594901 19.91891892
439.37750498 19.98498498
418.89614491 20.05105105
416.19778861 20.11711712
384.64035280 20.18318318
412.33294198 20.24924925
385.01561413 20.31531532
401.84460216 20.38138138
447.80262898 20.44744745
426.17770664 20.51351351
421.32170583 20.57957958
432.81829325 20.64564565
408.36355841 20.71171171
411.09286610 20.77777778
433.29785767 20.84384384
388.36270837 20.90990991
444.14474006 20.97597598
469.39863395 21.04204204
417.55199628 21.10810811
457.49387666 21.17417417
461.96522204 21.24024024
454.36159430 21.30630631
470.17103655 21.37237237
487.15769070 21.43843844
478.52159328 21.50450450
455.68055956 21.57057057
433.66823448 21.63663664
426.59337660 21.70270270
495.68332105 21.76876877
456.86407628 21.83483483
520.67940006 21.90090090
451.29705315 21.96696697
475.89367144 22.03303303
468.85626551 22.09909910
421.98660951 22.16516517
517.85710077 22.23123123
537.83911539 22.29729730
492.70523060 22.36336336
503.28527763 22.42942943
510.64814048 22.49549550
506.01096427 22.56156156
528.52649814 22.62762763
501.00864393 22.69369369
517.79596296 22.75975976
515.35453544 22.82582583
486.04976165 22.89189189
527.57979912 22.95795796
554.50105019 23.02402402
538.07993426 23.09009009
531.67493504 23.15615616
547.10649776 23.22222222
527.76376717 23.28828829
516.50436691 23.35435435
514.85125962 23.42042042
554.87944348 23.48648649
594.12871778 23.55255255
551.17585934 23.61861862
569.41125460 23.68468468
519.53207020 23.75075075
577.63047450 23.81681682
562.15486082 23.88288288
614.79760361 23.94894895
612.86488171 24.01501502
539.90444491 24.08108108
579.51912990 24.14714715
611.68105578 24.21321321
584.83015977 24.27927928
593.01274609 24.34534535
621.33728974 24.41141141
579.56097942 24.47747748
603.51715020 24.54354354
616.11301617 24.60960961
553.91758171 24.67567568
597.06081345 24.74174174
631.74925165 24.80780781
593.08461337 24.87387387
660.47894468 24.93993994
629.32103639 25.00600601
624.03851938 25.07207207
591.51352025 25.13813814
677.62436228 25.20420420
630.10999512 25.27027027
685.23645249 25.33633634
632.59992306 25.40240240
650.73897328 25.46846847
609.64410384 25.53453453
674.19805410 25.60060060
701.61387556 25.66666667
657.66076349 25.73273273
665.87754668 25.79879880
664.42678284 25.86486486
659.87305156 25.93093093
711.92618403 25.99699700
707.02925927 26.06306306
686.63642447 26.12912913
630.06060875 26.19519520
700.99529478 26.26126126
650.61606611 26.32732733
678.58265860 26.39339339
696.22875745 26.45945946
673.45003320 26.52552553
776.44434724 26.59159159
670.05585336 26.65765766
768.42783191 26.72372372
659.84192680 26.78978979
705.57094794 26.85585586
676.59684612 26.92192192
686.48338078 26.98798799
721.36611290 27.05405405
780.54528553 27.12012012
787.61874534 27.18618619
756.72134211 27.25225225
738.91812673 27.31831832
767.93076100 27.38438438
779.51321397 27.45045045
784.22406669 27.51651652
712.53114444 27.58258258
769.26192089 27.64864865
696.46187514 27.71471471
771.45902923 27.78078078
780.32958538 27.84684685
784.32715354 27.91291291
786.71782149 27.97897898
848.93877250 28.04504505
784.86789239 28.11111111
781.15384983 28.17717718
796.47272733 28.24324324
780.03528610 28.30930931
795.59550732 28.37537538
828.51308755 28.44144144
800.04297150 28.50750751
811.16492132 28.57357357
866.15484357 28.63963964
831.38025965 28.70570571
840.25452922 28.77177177
835.60090360 28.83783784
878.73642640 28.90390390
775.11287713 28.96996997
863.21480060 29.03603604
797.23483564 29.10210210
864.41043073 29.16816817
921.28280594 29.23423423
820.49120133 29.30030030
869.22002558 29.36636637
809.16440571 29.43243243
853.63823572 29.49849850
906.24913209 29.56456456
873.98388579 29.63063063
833.30094341 29.69669670
943.31928921 29.76276276
897.28244101 29.82882883
955.38468409 29.89489489
851.63124584 29.96096096
852.77821650 30.02702703
874.21587709 30.09309309
861.63924273 30.15915916
987.24722487 30.22522523
940.15764019 30.29129129
934.44232935 30.35735736
876.71597528 30.42342342
912.73071096 30.48948949
880.70513909 30.55555556
946.67413254 30.62162162
892.39674049 30.68768769
945.77638587 30.75375375
909.23947979 30.81981982
927.50835184 30.88588589
948.51518742 30.95195195
952.34068199 31.01801802
928.97276658 31.08408408
927.40397007 31.15015015
1013.65295210 31.21621622
1030.39809285 31.28228228
931.22980872 31.34834835
1030.28998159 31.41441441
961.95189011 31.48048048
1006.92380316 31.54654655
919.19721012 31.61261261
1086.31384341 31.67867868
1013.40670986 31.74474474
997.36534758 31.81081081
1057.51391534 31.87687688
988.12957859 31.94294294
906.55481345 32.00900901
1034.46122902 32.07507508
1091.43668687 32.14114114
1082.97132512 32.20720721
1045.80852483 32.27327327
1023.90743106 32.33933934
1016.03529078 32.40540541
1008.08831041 32.47147147
1017.03312899 32.53753754
1089.08489782 32.60360360
1093.99722546 32.66966967
990.29633821 32.73573574
1032.57006752 32.80180180
1037.50946763 32.86786787
972.75842304 32.93393393
1033.13492042 33.00000000
