1092.09666655 -33.00000000
1077.64970739 -32.93393393
1044.26789713 -32.86786787
1111.71063903 -32.80180180
1085.01190891 -32.73573574
1061.63224480 -32.66966967
1060.78548921 -32.60360360
1054.68031454 -32.53753754
1060.75853006 -32.47147147
991.38728957 -32.40540541
987.95158095 -32.33933934
969.00243766 -32.27327327
1033.56942598 -32.20720721
1055.77756612 -32.14114114
1047.56957987 -32.07507508
1057.18496790 -32.00900901
985.93136924 -31.94294294
1013.23439551 -31.87687688
964.70033611 -31.81081081
993.97056014 -31.74474474
943.37132611 -31.67867868
948.17105547 -31.61261261
936.69417333 -31.54654655
1051.78666974 -31.48048048
943.66430442 -31.41441441
951.08905618 -31.34834835
972.09445314 -31.28228228
1001.03639809 -31.21621622
1044.02326673 -31.15015015
954.02597378 -31.08408408
1018.35313142 -31.01801802
983.51314309 -30.95195195
911.64032201 -30.88588589
1000.61836506 -30.81981982
969.01172026 -30.75375375
858.16488843 -30.68768769
916.84539740 -30.62162162
935.97846464 -30.55555556
905.24349514 -30.48948949
920.07918903 -30.42342342
867.35650152 -30.35735736
809.32040568 -30.29129129
939.18900645 -30.22522523
934.69095502 -30.15915916
975.17851607 -30.09309309
910.94237148 -30.02702703
880.30583148 -29.96096096
929.85846962 -29.89489489
877.94354905 -29.82882883
829.52436869 -29.76276276
833.69911523 -29.69669670
941.51016883 -29.63063063
758.82567151 -29.56456456
865.55588960 -29.49849850
885.06923526 -29.43243243
809.91484083 -29.36636637
848.98823984 -29.30030030
850.60038471 -29.23423423
916.86309417 -29.16816817
836.51029809 -29.10210210
885.58371383 -29.03603604
814.79629268 -28.96996997
853.82567685 -28.90390390
780.53464477 -28.83783784
828.02200332 -28.77177177
810.86284052 -28.70570571
740.60018783 -28.63963964
780.91688014 -28.57357357
802.44515304 -28.50750751
849.15073566 -28.44144144
847.01498785 -28.37537538
764.57346028 -28.30930931
815.91835264 -28.24324324
810.40692960 -28.17717718
718.05548385 -28.11111111
768.69346407 -28.04504505
776.51635226 -27.97897898
701.17839585 -27.91291291
696.15216121 -27.84684685
767.60610817 -27.78078078
771.89099495 -27.71471471
771.64650186 -27.64864865
747.48414850 -27.58258258
724.61507161 -27.51651652
785.57187104 -27.45045045
772.21081311 -27.38438438
683.66006141 -27.31831832
806.87490676 -27.25225225
816.81112634 -27.18618619
742.12995977 -27.12012012
748.37204246 -27.05405405
681.84302029 -26.98798799
712.83652300 -26.92192192
746.34752891 -26.85585586
674.77293911 -26.78978979
660.98419377 -26.72372372
706.36939184 -26.65765766
778.02859313 -26.59159159
729.76297277 -26.52552553
724.05306157 -26.45945946
693.00902078 -26.39339339
739.80843971 -26.32732733
674.20966291 -26.26126126
637.52808930 -26.19519520
678.58261061 -26.12912913
744.83459454 -26.06306306
684.32621100 -25.99699700
603.76296830 -25.93093093
651.11241931 -25.86486486
592.26521172 -25.79879880
599.78648012 -25.73273273
742.98282564 -25.66666667
646.00393205 -25.60060060
643.19923383 -25.53453453
650.22328487 -25.46846847
630.51625625 -25.40240240
621.98933911 -25.33633634
692.46074508 -25.27027027
615.76241313 -25.20420420
651.99825349 -25.13813814
616.04132225 -25.07207207
603.99045552 -25.00600601
590.64265500 -24.93993994
601.35632155 -24.87387387
659.94505030 -24.80780781
642.23607862 -24.74174174
581.35531640 -24.67567568
576.92448990 -24.60960961
557.56873848 -24.54354354
617.15191771 -24.47747748
627.82434403 -24.41141141
572.41108970 -24.34534535
620.18295289 -24.27927928
550.44584656 -24.21321321
570.16754025 -24.14714715
562.17824767 -24.08108108
590.61356441 -24.01501502
588.93346074 -23.94894895
571.30282946 -23.88288288
549.40594523 -23.81681682
558.37523099 -23.75075075
563.20179525 -23.68468468
542.41578479 -23.61861862
520.89154204 -23.55255255
568.93872264 -23.48648649
550.61750644 -23.42042042
519.37251382 -23.35435435
561.27818735 -23.28828829
530.75678210 -23.22222222
568.58960298 -23.15615616
558.73617276 -23.09009009
520.18466783 -23.02402402
505.10077418 -22.95795796
549.03151307 -22.89189189
450.39213865 -22.82582583
573.96660210 -22.75975976
534.91128043 -22.69369369
474.52000738 -22.62762763
498.20389713 -22.56156156
520.51625722 -22.49549550
522.65201395 -22.42942943
508.04228153 -22.36336336
475.36797971 -22.29729730
502.33764361 -22.23123123
486.24711135 -22.16516517
479.13925875 -22.09909910
484.01513565 -22.03303303
439.35324971 -21.96696697
510.96031826 -21.90090090
483.61908398 -21.83483483
482.62378088 -21.76876877
476.15484458 -21.70270270
463.91398201 -21.63663664
469.59196989 -21.57057057
467.56743071 -21.50450450
475.45034737 -21.43843844
447.85505865 -21.37237237
432.30244401 -21.30630631
450.64486508 -21.24024024
487.84413294 -21.17417417
429.46207910 -21.10810811
445.59148989 -21.04204204
416.26089699 -20.97597598
429.71106848 -20.90990991
426.42930248 -20.84384384
432.74437006 -20.77777778
385.26428204 -20.71171171
424.52086256 -20.64564565
414.57970662 -20.57957958
394.25910776 -20.51351351
426.79323650 -20.44744745
429.63241806 -20.38138138
391.90431147 -20.31531532
400.24853871 -20.24924925
411.82395483 -20.18318318
441.68243340 -20.11711712
369.46870801 -20.05105105
422.56103165 -19.98498498
410.70580941 -19.91891892
367.86517219 -19.85285285
354.93316514 -19.78678679
382.93982183 -19.72072072
378.22911284 -19.65465465
380.43687103 -19.58858859
399.51544998 -19.52252252
379.79544002 -19.45645646
382.76952720 -19.39039039
388.78466722 -19.32432432
365.31285821 -19.25825826
388.66180671 -19.19219219
360.56174978 -19.12612613
334.74475576 -19.06006006
378.73565148 -18.99399399
364.78824031 -18.92792793
326.69673309 -18.86186186
354.58855008 -18.79579580
329.05182784 -18.72972973
342.27926831 -18.66366366
316.87973998 -18.59759760
358.93771116 -18.53153153
363.64568846 -18.46546547
328.81287742 -18.39939940
329.22380598 -18.33333333
378.62514215 -18.26726727
333.51785671 -18.20120120
310.51535098 -18.13513514
355.22740269 -18.06906907
329.82727064 -18.00300300
320.35815704 -17.93693694
301.44145702 -17.87087087
296.91384754 -17.80480480
331.50918938 -17.73873874
317.83935274 -17.67267267
333.29464660 -17.60660661
305.22710204 -17.54054054
315.21107160 -17.47447447
316.26450760 -17.40840841
314.99388032 -17.34234234
308.46346662 -17.27627628
291.63625228 -17.21021021
298.93132862 -17.14414414
285.27683746 -17.07807808
319.13989436 -17.01201201
291.11311983 -16.94594595
304.70944044 -16.87987988
294.58915919 -16.81381381
258.76153142 -16.74774775
269.33708130 -16.68168168
253.25098067 -16.61561562
273.45160081 -16.54954955
284.75292077 -16.48348348
261.03814401 -16.41741742
261.73745630 -16.35135135
257.61397938 -16.28528529
282.97901819 -16.21921922
269.03291547 -16.15315315
261.56935581 -16.08708709
240.51063129 -16.02102102
254.24595843 -15.95495495
225.79391456 -15.88888889
232.99682109 -15.82282282
263.66922735 -15.75675676
220.26784069 -15.69069069
241.07944124 -15.62462462
251.39839518 -15.55855856
243.20319349 -15.49249249
242.52183658 -15.42642643
236.92562074 -15.36036036
233.88709953 -15.29429429
218.31530189 -15.22822823
226.59407856 -15.16216216
234.33178269 -15.09609610
217.25174479 -15.03003003
214.10333172 -14.96396396
240.09481387 -14.89789790
208.45791583 -14.83183183
216.11825654 -14.76576577
215.13261885 -14.69969970
202.25947366 -14.63363363
226.66029445 -14.56756757
198.80716899 -14.50150150
210.67129935 -14.43543544
203.30302068 -14.36936937
188.40957437 -14.30330330
220.80447767 -14.23723724
210.96717485 -14.17117117
209.13093108 -14.10510511
181.08281078 -14.03903904
199.19312141 -13.97297297
197.86683511 -13.90690691
193.82725320 -13.84084084
191.72791517 -13.77477477
184.78768757 -13.70870871
186.54845109 -13.64264264
192.58690051 -13.57657658
179.65417695 -13.51051051
170.87707942 -13.44444444
180.45745347 -13.37837838
169.71389640 -13.31231231
189.10890325 -13.24624625
179.90581736 -13.18018018
174.79167377 -13.11411411
179.34982344 -13.04804805
169.40017411 -12.98198198
148.73323121 -12.91591592
150.80593714 -12.84984985
167.47977529 -12.78378378
166.45015693 -12.71771772
159.98770772 -12.65165165
165.23421521 -12.58558559
159.97981461 -12.51951952
145.59944063 -12.45345345
150.70703993 -12.38738739
148.01683177 -12.32132132
137.78316973 -12.25525526
144.37961386 -12.18918919
149.00396180 -12.12312312
155.22998380 -12.05705706
154.76112799 -11.99099099
139.30942717 -11.92492492
140.59523176 -11.85885886
149.18304615 -11.79279279
136.90786998 -11.72672673
145.11644467 -11.66066066
119.92686525 -11.59459459
129.03015777 -11.52852853
132.31800786 -11.46246246
124.35026173 -11.39639640
118.89908670 -11.33033033
120.44972381 -11.26426426
132.71922459 -11.19819820
128.64418607 -11.13213213
124.82019189 -11.06606607
110.65083198 -11.00000000
114.84451328 -10.93393393
122.20337257 -10.86786787
107.13503409 -10.80180180
116.24286612 -10.73573574
122.61046896 -10.66966967
108.56242377 -10.60360360
112.34375768 -10.53753754
113.32818909 -10.47147147
109.54776615 -10.40540541
103.49932885 -10.33933934
109.12158357 -10.27327327
95.20893668 -10.20720721
102.65813688 -10.14114114
107.12644302 -10.07507508
103.52006118 -10.00900901
100.98024918 -9.94294294
98.24208245 -9.87687688
79.46680648 -9.81081081
94.01484557 -9.74474474
93.18798607 -9.67867868
90.89059961 -9.61261261
93.54218994 -9.54654655
87.23397549 -9.48048048
92.36799901 -9.41441441
85.65442508 -9.34834835
87.22143660 -9.28228228
93.36224147 -9.21621622
79.49642025 -9.15015015
77.51773114 -9.08408408
84.45565938 -9.01801802
82.29977730 -8.95195195
72.95082169 -8.88588589
75.30314194 -8.81981982
82.50771203 -8.75375375
78.45129371 -8.68768769
75.26056545 -8.62162162
74.83559070 -8.55555556
70.37538834 -8.48948949
71.65173973 -8.42342342
68.60891466 -8.35735736
71.30614413 -8.29129129
71.04952095 -8.22522523
74.07755899 -8.15915916
62.93623061 -8.09309309
62.41197405 -8.02702703
65.07134718 -7.96096096
60.86931000 -7.89489489
62.00693583 -7.82882883
60.78283480 -7.76276276
56.58150759 -7.69669670
59.70647088 -7.63063063
58.89196100 -7.56456456
51.10217199 -7.49849850
55.26896975 -7.43243243
46.19228438 -7.36636637
53.69346225 -7.30030030
50.42723243 -7.23423423
50.18810033 -7.16816817
48.54018537 -7.10210210
51.27995378 -7.03603604
47.00370770 -6.96996997
47.21777248 -6.90390390
46.94090634 -6.83783784
43.56199572 -6.77177177
47.39846313 -6.70570571
40.64310992 -6.63963964
41.04801938 -6.57357357
42.75170277 -6.50750751
38.63862908 -6.44144144
41.99982919 -6.37537538
42.32911408 -6.30930931
42.45832708 -6.24324324
40.16218048 -6.17717718
40.39855424 -6.11111111
38.11259714 -6.04504505
36.10678872 -5.97897898
37.68506681 -5.91291291
34.66763454 -5.84684685
36.79339424 -5.78078078
33.00946519 -5.71471471
33.66432252 -5.64864865
30.49777854 -5.58258258
30.44678673 -5.51651652
29.49813699 -5.45045045
28.24872442 -5.38438438
26.80469181 -5.31831832
25.47691800 -5.25225225
26.87839198 -5.18618619
25.69907775 -5.12012012
25.82427949 -5.05405405
24.68444593 -4.98798799
27.10755195 -4.92192192
24.35180674 -4.85585586
23.35575189 -4.78978979
19.96931446 -4.72372372
20.77532071 -4.65765766
19.52169859 -4.59159159
21.54958806 -4.52552553
20.22195883 -4.45945946
21.90958286 -4.39339339
18.73741594 -4.32732733
16.77287740 -4.26126126
17.40255039 -4.19519520
15.87087233 -4.12912913
17.07499776 -4.06306306
15.46617763 -3.99699700
16.31802144 -3.93093093
15.09211351 -3.86486486
13.94173985 -3.79879880
13.79965406 -3.73273273
14.30124625 -3.66666667
13.51026039 -3.60060060
12.81948767 -3.53453453
11.89065398 -3.46846847
12.08337684 -3.40240240
11.95265374 -3.33633634
10.97013368 -3.27027027
10.04668769 -3.20420420
10.25342079 -3.13813814
9.04761356 -3.07207207
9.45213521 -3.00600601
8.24306820 -2.93993994
8.42547411 -2.87387387
8.86473985 -2.80780781
7.64680124 -2.74174174
7.50141705 -2.67567568
6.58400158 -2.60960961
6.39721767 -2.54354354
6.01122238 -2.47747748
6.23522751 -2.41141141
6.01322744 -2.34534535
4.59217143 -2.27927928
4.48852554 -2.21321321
4.12986233 -2.14714715
4.37774262 -2.08108108
4.14808126 -2.01501502
4.01453586 -1.94894895
3.70774558 -1.88288288
3.33959865 -1.81681682
2.87000890 -1.75075075
2.83669008 -1.68468468
2.86315518 -1.61861862
2.27452364 -1.55255255
2.23005009 -1.48648649
2.15915632 -1.42042042
1.97797563 -1.35435435
1.68203385 -1.28828829
1.43331052 -1.22222222
1.27085508 -1.15615616
1.21780384 -1.09009009
1.05600460 -1.02402402
0.87126279 -0.95795796
0.73232314 -0.89189189
0.67257143 -0.82582583
0.61071529 -0.75975976
0.48070736 -0.69369369
0.39525285 -0.62762763
0.31243959 -0.56156156
0.25089504 -0.49549550
0.18385963 -0.42942943
0.13847199 -0.36336336
0.08648875 -0.29729730
0.05090225 -0.23123123
0.02573954 -0.16516517
0.00982543 -0.09909910
0.00105073 -0.03303303
0.00110132 0.03303303
