 % ---------- pFEM ---------
 % File generated by pFEM
 % Creation time: 16:18:25, 21/9/2023
 % ---------- pFEM ---------
 iter nr_dof MinP MaxP ErrorQoI_linf ErrorQoI_l1 ErrorQoI_l2 
           0          12           1           1   90.773115573943159        3374.9839531314256        385.65679799413067     
           1         492           1           3   29.442485048636485        828.99139270927412        107.75575722885156     
           2        1875           1           5   16.146642972901031        437.95601834801153        61.121553951562852     
           3        4033           1           7   11.642196940664000        285.01936091875291        41.718122631791175     
           4        6729           1           9   6.4013555828947588        139.92781238027641        21.283492675110807     
           5        7658           1           9   5.8914044669955308        120.51162669982391        18.847157776757307     
           6        8651           1           9   5.4963478620002935        104.61254350589188        16.824409631669614     
           7        9761           1           9   5.1774434402890765        91.368903913082789        15.110240694418335     
           8       10978           1           9   4.9070871465205901        83.279042436349499        14.367049344050129     
           9       12032           1          11   4.6202553320207018        70.671901648565409        12.334818392269055     
          10       13353           1          11   4.3673706108448140        62.723560835469200        11.243479108087296     
          11       14730           1          11   4.7281217942262446        56.545715975923450        10.546015865222142     
          12       15913           1          11   3.8815405912860430        50.036526970263623        9.4323163673811301     
          13       17265           1          11   3.6820004450164352        46.655446620705916        8.9901581787361522     
          14       18456           1          11   3.4970495399776542        40.458384902133098        7.9978084969834438     
          15       19844           1          11   3.3231395408385418        36.661916235164384        7.4052517394049353     
          16       21196           1          11   3.1619471437869646        33.326259865027026        6.8730568195974167     
          17       22602           1          11   3.0115961674757545        30.364725405864263        6.3929211083784168     
          18       23947           1          11   2.8703768519829183        27.750029517999863        5.9588976121797703     
          19       25410           1          11   2.7378652705646735        25.425934743861212        5.5641993991015104     
          20       26992           1          11   2.6130643498835404        23.560399042739995        5.2656471063631551     
          21       28381           1          11   2.4956221122464521        21.488872345679212        4.8736620616330786     
          22       30000           1          11   2.5343737737185146        20.383586605489835        4.7577309474123295     
          23       31421           1          11   2.2725990295476666        18.272183940545428        4.2877061150392564     
          24       32954           1          11   2.1740599703254557        16.905632995303534        4.0345303127188679     
          25       34537           1          11   2.0808351936532037        15.665829941965777        3.8006638743146395     
          26       36217           1          11   1.9924540658515764        14.538839190890252        3.5844001377883870     
          27       37849           1          11   1.9086359979470255        13.507674249503005        3.3838528747769949     
          28       39410           1          11   1.8289667832172747        13.128732162476862        3.3662211252100027     
          29       41398           1          11   1.7530658332740823        11.675725030870435        3.0177160885785450     
          30       42973           1          11   1.6810030292507903        10.894598088727740        2.8575694389177260     
          31       44463           1          11   1.6122495150670133        10.178380927696505        2.7082323610026839     
          32       46010           1          11   1.5477541859257771        9.5735078406582641        2.5787662667853337     
          33       47513           1          11   1.4844977664579444        8.9136891966462350        2.4382222971588541     
          34       49153           1          11   1.4219718242873267        8.3484553188869217        2.3131292786297153     
          35       50936           1          11   1.3743971515940470        7.8549106377620763        2.2074193733482894     
          36       52615           1          11   1.3123684522283510        7.3597288618397405        2.0927999927980117     
          37       54186           1          11   1.2400147348886157        6.8724720497060812        1.9723196402585930     
          38       55920           1          11   1.2136605218118848        6.5217910045901091        1.8982060459122581     
          39       57730           1          11   1.1837377227369619        6.1451387267929194        1.8252446550361934     
          40       59499           1          11   1.2625445605127961        6.2237018434457978        1.8895288406903306     
          41       60933           1          11   1.1239480283534022        5.5379501015250359        1.7008253895316621     
          42       63518           1          11   1.0013085215177293        5.4961550892962601        1.6233564093457955     
          43       66108           1          11  0.89187600860525451        4.3990156129283191        1.4021424300404677