-28.08128548 -30.55555556
-14.17370319 14.96396396
-21.79932404 22.89189189
-12.88373756 -13.51051051
-26.32109833 28.04504505
-9.94212914 10.47147147
-11.44781303 12.05705706
-13.42747879 -14.10510511
-23.98142433 25.13813814
-14.22933674 -15.03003003
-22.85159302 -23.94894895
-27.72302437 30.02702703
-0.97882873 1.02402402
-17.64868546 19.06006006
-22.72261620 23.81681682
-8.89421177 9.28228228
-14.77263165 15.69069069
-11.51670837 12.12312312
-5.43022919 -5.78078078
-26.51362801 -28.30930931
-17.50746536 -18.92792793
-26.70438385 -28.57357357
-16.32304192 -17.73873874
-22.46251869 23.55255255
-18.63508606 -19.98498498
-8.83364773 9.21621622
-7.83362627 -8.15915916
-19.01279449 -20.31531532
-25.12646484 -26.45945946
-11.16846943 11.79279279
-9.47791100 9.94294294
-16.78891945 -18.26726727
-18.07121849 -19.45645646
-15.34463596 16.41741742
-2.13767028 -2.47747748
-22.26552582 -23.35435435
-28.82248497 -31.67867868
-24.97213936 26.26126126
-2.94152164 3.07207207
-9.24897766 9.67867868
-11.78862286 12.38738739
-26.84628868 28.77177177
-20.05197334 21.24024024
-3.40244508 3.53453453
-5.57535982 5.91291291
-8.21150303 -8.55555556
-6.07723236 6.37537538
-24.34602737 25.53453453
-18.07121849 19.45645646
-25.78215218 27.31831832
-29.03549194 -32.00900901
-15.79425049 17.01201201
-3.52601337 -3.66666667
-10.55519009 -11.19819820
-23.42333031 24.54354354
-29.03549194 32.00900901
-2.70321441 2.87387387
-1.62851226 1.68468468
-21.04733086 -22.16516517
-22.91581154 24.01501502
-19.75962830 -20.97597598
-26.46566582 28.24324324
-25.02371025 -26.32732733
-4.90673304 5.18618619
-19.53796005 -20.77777778
-26.65686226 -28.50750751
-7.30222893 7.63063063
-3.14307523 3.27027027
-10.11337566 -10.66966967
-11.09766674 -11.72672673
-13.83471203 -14.56756757
-13.30869579 -13.97297297
-15.34463596 -16.41741742
-25.53243065 26.98798799
-16.08540154 -17.40840841
-0.03427160 0.56156156
-13.60360050 14.30330330
-26.65686226 28.50750751
-16.37004280 -17.80480480
-7.70388126 8.02702703
-14.22933674 15.03003003
-16.27586555 -17.67267267
-20.83762741 21.96696697
-5.64932203 -5.97897898
-18.28161049 19.65465465
-22.46251869 -23.55255255
-25.43168640 26.85585586
-6.28133869 6.57357357
-18.49126625 -19.85285285
-26.79909706 -28.70570571
-19.97923470 -21.17417417
-13.77732563 -14.50150150
-20.69673157 21.83483483
-15.03582382 16.02102102
-2.09940100 -2.41141141
-21.46054459 -22.56156156
-13.54516315 14.23723724
-24.04262733 25.20420420
-20.26887321 21.43843844
-1.17479241 1.22222222
