-30.55555556 959.92315674
14.96396396 220.97055054
22.89189189 496.58438110
-13.51051051 191.66081238
28.04504505 737.08819580
10.47147147 108.46863556
12.05705706 142.59602356
-14.10510511 210.24592590
25.13813814 597.24627686
-15.03003003 242.78260803
-23.94894895 584.04309082
30.02702703 840.25231934
1.02402402 1.04146218
19.06006006 351.05389404
23.81681682 537.40270996
9.28228228 84.98557281
15.69069069 240.29553223
12.12312312 144.12069702
-5.78078078 35.51831436
-28.30930931 881.86633301
-18.92792793 380.63366699
-28.57357357 906.21508789
-17.73873874 341.83316040
23.55255255 525.54187012
-19.98498498 417.22903442
9.21621622 83.83979034
-8.15915916 69.41890717
-20.31531532 429.06085205
-26.45945946 728.77380371
11.79279279 136.65577698
9.94294294 97.32937622
-18.26726727 358.51400757
-19.45645646 398.97198486
16.41741742 261.30340576
-2.47747748 7.10413647
-23.35435435 554.77563477
-31.67867868 965.38165283
26.26126126 652.38671875
3.07207207 9.33458900
9.67867868 92.19239807
12.38738739 150.29583740
28.77177177 773.35754395
21.24024024 430.96939087
3.53453453 12.57825565
5.91291291 34.93348312
-8.55555556 76.48363495
6.37537538 40.80818939
25.53453453 616.15441895
19.45645646 366.52316284
27.31831832 702.51727295
-32.00900901 974.11724854
17.01201201 279.84475708
-3.66666667 14.05566406
-11.19819820 133.66577148
24.54354354 569.96337891
32.00900901 957.83746338
2.87387387 8.19216824
1.68468468 2.84060454
-22.16516517 501.26864624
24.01501502 546.39855957
-20.97597598 453.57385254
28.24324324 746.80786133
-26.32732733 718.91302490
5.18618619 26.56881714
-20.77777778 446.07696533
-28.50750751 900.06579590
7.63063063 57.37935638
3.27027027 10.61718178
-10.66966967 123.15782928
-11.72672673 145.15333557
-14.56756757 225.93176270
-13.97297297 205.96662903
-16.41741742 296.18490601
26.98798799 687.34399414
-17.40840841 331.80300903
0.56156156 0.31508958
14.30330330 202.18798828
28.50750751 759.96734619
-17.80480480 343.87542725
8.02702703 63.50950623
15.03003003 222.66151428
-17.67267267 339.80276489
21.96696697 458.70089722
-5.97897898 37.98480988
19.65465465 374.51098633
-23.55255255 564.36492920
26.85585586 681.36657715
6.57357357 43.07876587
-19.85285285 412.58816528
-28.70570571 918.64038086
-21.17417417 461.19622803
-14.50150150 223.62165833
21.83483483 453.52944946
16.02102102 249.62753296
-2.41141141 6.83608580
-22.56156156 518.25384521
14.23723724 200.12788391
25.20420420 600.35668945
21.43843844 438.36199951
1.22222222 1.48906326
