933.64197531 -28.08128548
223.92021751 -14.17370319
524.03871439 -21.79932404
182.53389425 -12.88373756
786.52455158 -26.32109833
109.65171478 -9.94212914
145.37262488 -11.44781303
198.95399003 -13.42747879
631.92598905 -23.98142433
225.90180270 -14.22933674
573.55215576 -22.85159302
901.62235208 -27.72302437
1.04862520 -0.97882873
363.28588949 -17.64868546
567.24076329 -22.72261620
86.16076437 -8.89421177
246.19777435 -14.77263165
146.97011426 -11.51670837
33.41742644 -5.43022919
801.41699357 -26.51362801
358.26645564 -17.50746536
816.44910676 -26.70438385
314.66285204 -16.32304192
554.72273174 -22.46251869
399.39962485 -18.63508606
84.93864134 -8.83364773
66.57187818 -7.83362627
412.71203636 -19.01279449
700.10299489 -25.12646484
139.06996185 -11.16846943
98.86211437 -9.47791100
333.69305341 -16.78891945
378.55369784 -18.07121849
269.53159466 -15.34463596
6.13789465 -2.13767028
545.42586731 -22.26552582
1003.53868283 -28.82248497
689.65384303 -24.97213936
9.43762682 -2.94152164
93.67682097 -9.24897766
153.44736629 -11.78862286
827.81485089 -26.84628868
451.14780546 -20.05197334
12.49293438 -3.40244508
34.96253912 -5.57535982
73.19753086 -8.21150303
40.64541118 -6.07723236
652.01245390 -24.34602737
378.55369784 -18.07121849
746.29051574 -25.78215218
1024.57665774 -29.03549194
289.40855270 -15.79425049
13.44444444 -3.52601337
125.39964289 -10.55519009
602.38552967 -23.42333031
1024.57665774 -29.03549194
8.25915104 -2.70321441
2.83816249 -1.62851226
491.29454680 -21.04733086
576.72094617 -22.91581154
439.99156814 -19.75962830
797.68078890 -26.46566582
693.12816420 -25.02371025
26.89652716 -4.90673304
431.71604938 -19.53796005
812.67798429 -26.65686226
58.22652382 -7.30222893
10.69466764 -3.14307523
113.84185086 -10.11337566
137.51611972 -11.09766674
212.21402484 -13.83471203
195.24397370 -13.30869579
269.53159466 -15.34463596
728.35149564 -25.53243065
303.05268331 -16.08540154
0.31535139 -0.03427160
204.58448539 -13.60360050
812.67798429 -26.65686226
317.01107414 -16.37004280
64.43316289 -7.70388126
225.90180270 -14.22933674
312.32335940 -16.27586555
482.54763773 -20.83762741
35.74818963 -5.64932203
386.30544959 -18.28161049
554.72273174 -22.46251869
721.23699375 -25.43168640
43.21186953 -6.28133869
394.13576640 -18.49126625
824.01754006 -26.79909706
448.34565196 -19.97923470
210.29354580 -13.77732563
476.76001226 -20.69673157
256.67311456 -15.03582382
5.81490500 -2.09940100
509.02406010 -21.46054459
202.69892415 -13.54516315
635.25190957 -24.04262733
459.60664268 -20.26887321
1.49382716 -1.17479241
