0.06942286
0.00466893
0.00283291
0.00167172
0.00132620
0.00106681
0.00032362
0.00071815
0.00021855
0.00035527
0.00034948
0.00009538
0.00032575
0.00013863
0.00011465
0.00022856
0.00010119
0.00008674
0.00006234
0.00008468
0.00014014
0.00007449
0.00010403
0.00012556
0.00004495
0.00003347
0.00001982
0.00015030
0.00001661
0.00001478
0.00004490
0.00005321
0.00004040
0.00004714
0.00003429
0.00003503
0.00003071
0.00001396
0.00000842
0.00000741
0.00006346
0.00001107
0.00000481
0.00000448
0.00001411
0.00007216
0.00002899
0.00002877
0.00004988
0.00000598
0.00000527
0.00002179
0.00001524
0.00000478
0.00001665
0.00001709
0.00002301
0.00002150
0.00001070
0.00000434
0.00000238
0.00000718
0.00000490
0.00000260
0.00000374
0.00000488
0.00002547
0.00001653
0.00000211
0.00000876
0.00000876
0.00000887
0.00003480
0.00000780
0.00000364
0.00000165
0.00003264
0.00000414
0.00000636
0.00000756
0.00000367
0.00000440
0.00000122
0.00000893
0.00000944
0.00000486
0.00000486
0.00000947
0.00002209
0.00001000
0.00000314
0.00000313
0.00000101
0.00000506
0.00000097
0.00000486
0.00000422
0.00000333
0.00001571
0.00000174
0.00000906
0.00000148
0.00000156
0.00000249
0.00000174
0.00000839
0.00000459
0.00000687
0.00000287
0.00000557
0.00000428
0.00000810
0.00000127
0.00000105
0.00000427
0.00000108
0.00001268
0.00000829
0.00000600
0.00000448
0.00000156
0.00000558
0.00000412
0.00000109
0.00000123
0.00000254
0.00000065
0.00000093
0.00000114
0.00000100
0.00000432
0.00000532
0.00000094
0.00000083
0.00000120
0.00000447
0.00000105
0.00000066
0.00000112
0.00000593
0.00000967
0.00000142
0.00000121
0.00000173
0.00000948
0.00000259
0.00000072
0.00000060
0.00000106
0.00000060
0.00000099
0.00000607
0.00000054
0.00000068
0.00000323
0.00000392
0.00000111
0.00000132
0.00000267
0.00001027
0.00000063
0.00000030
0.00000148
0.00000701
0.00000082
0.00000060
0.00000039
0.00000363
0.00000402
0.00000049
0.00000076
0.00000627
0.00000076
0.00000045
0.00000072
0.00000021
0.00000025
0.00000066
0.00000039
0.00000253
0.00000059
0.00000059
0.00000319
0.00000143
0.00000041
0.00000050
0.00000066
0.00000072
0.00000338
0.00000052
0.00000190
0.00000047
0.00000022
0.00000022
0.00000031
0.00000061
0.00000355
0.00000554
0.00000140
0.00000117
0.00000038
0.00000050
0.00000072
0.00000028
0.00000098
0.00000035
0.00000015
0.00000029
0.00000038
0.00000030
0.00000128
0.00000182
0.00000019
0.00000052
0.00000169
0.00000069
0.00000014
0.00000015
0.00000013
0.00000026
0.00000015
0.00000040
0.00000037
0.00000041
0.00000018
0.00000013
0.00000048
0.00000012
0.00000024
0.00000160
0.00000423
0.00000454
0.00000037
0.00000058
0.00000124
0.00000017
0.00000026
0.00000050
0.00000061
0.00000285
0.00000271
0.00000032
0.00000141
0.00000032
0.00000047
0.00000042
0.00000053
0.00000049
0.00000057
0.00000021
0.00000025
0.00000015
0.00000061
0.00000307
0.00000057
0.00000019
0.00000010
0.00000032
0.00000085
0.00000037
0.00000021
0.00000030
0.00000135
0.00000291
0.00000020
0.00000014
0.00000018
0.00000010
0.00000011
0.00000009
0.00000042
0.00000011
0.00000018
0.00000018
0.00000013
0.00000019
0.00000039
0.00000012
0.00000009
0.00000062
0.00000372
0.00000178
0.00000053
0.00000019
0.00000028
0.00000083
0.00000117
0.00000041
0.00000048
0.00000105
0.00000402
0.00000065
0.00000021
0.00000019
0.00000036
0.00000036
0.00000008
0.00000012
0.00000007
0.00000012
0.00000027
0.00000029
0.00000012
0.00000035
0.00000028
0.00000011
0.00000008
0.00000010
0.00000016
0.00000007
0.00000010
0.00000022
0.00000046
0.00000033
0.00000043
0.00000116
0.00000023
0.00000010
0.00000031
0.00000012
0.00000010
0.00000018
0.00000039
0.00000151
0.00000467
0.00000070
0.00000011
0.00000020
0.00000018
0.00000011
0.00000008
0.00000011
0.00000013
0.00000020
0.00000018
0.00000010
0.00000025
0.00000015
0.00000010
0.00000028
0.00000073
0.00000180
0.00000049
0.00000007
0.00000013
0.00000022
0.00000009
0.00000024
0.00000045
0.00000038
0.00000028
0.00000010
0.00000018
0.00000014
0.00000009
0.00000013
0.00000007
0.00000015
0.00000045
0.00000010
0.00000006
0.00000010
0.00000007
0.00000020
0.00000126
0.00000034
0.00000006
0.00000020
0.00000007
0.00000008
0.00000013
0.00000009
0.00000056
0.00000145
0.00000023
0.00000010
0.00000013
0.00000018
0.00000006
0.00000006
0.00000007
0.00000006
0.00000012
0.00000009
0.00000047
0.00000009
0.00000010
0.00000007
0.00000006
0.00000007
0.00000005
0.00000022
0.00000015
0.00000028
0.00000015
0.00000028
0.00000025
0.00000026
0.00000010
0.00000051
0.00000018
0.00000029
0.00000016
0.00000006
0.00000009
0.00000009
0.00000006
0.00000023
0.00000007
0.00000014
0.00000013
0.00000016
0.00000036
0.00000056
0.00000058
0.00000017
0.00000006
0.00000005
0.00000046
0.00000029
0.00000017
0.00000008
0.00000008
0.00000007
0.00000008
0.00000013
0.00000064
0.00000013
0.00000007
0.00000011
0.00000011
0.00000117
0.00000035
0.00000023
0.00000061
0.00000017
0.00000005
0.00000006
0.00000005
0.00000008
0.00000022
0.00000031
0.00000093
0.00000473
0.00000023
0.00000007
0.00000010
0.00000042
0.00000010
0.00000012
0.00000007
0.00000009
0.00000006
0.00000004
0.00000014
0.00000011
0.00000042
0.00000247
0.00000037
0.00000004
0.00000006
0.00000007
0.00000022
0.00000036
0.00000011
0.00000011
0.00000011
0.00000015
0.00000019
0.00000031
0.00000098
0.00000009
0.00000004
0.00000006
0.00000011
0.00000011
0.00000046
0.00000007
0.00000030
0.00000016
0.00000005
0.00000006
0.00000007
0.00000009
0.00000016
0.00000009
0.00000005
0.00000004
0.00000020
0.00000006
0.00000006
0.00000015
0.00000042
0.00000007
0.00000007
0.00000014
0.00000012
0.00000005
0.00000030
0.00000165
0.00000026
0.00000049
0.00000076
0.00000013
0.00000008
0.00000022
0.00000056
0.00000061
0.00000048
0.00000037
0.00000051
0.00000016
0.00000008
0.00000012
0.00000040
0.00000007
0.00000004
0.00000011
0.00000024
0.00000004
0.00000005
0.00000005
0.00000006
0.00000011
0.00000007
0.00000017
0.00000004
0.00000005
0.00000006
0.00000008
0.00000007
0.00000005
0.00000003
0.00000016
0.00000061
0.00000018
0.00000005
0.00000005
0.00000011
0.00000005
0.00000004
0.00000018
0.00000029
0.00000021
0.00000049
0.00000079
0.00000049
0.00000036
0.00000028
0.00000033
0.00000077
0.00000006
0.00000006
0.00000004
0.00000004
0.00000011
0.00000011
0.00000029
0.00000047
0.00000016
0.00000022
0.00000071
0.00000020
0.00000065
0.00000071
0.00000008
0.00000071
0.00000045
0.00000030
0.00000011
0.00000003
0.00000006
0.00000005
0.00000008
0.00000007
0.00000004
0.00000005
0.00000006
0.00000011
0.00000009
0.00000047
0.00000009
0.00000004
0.00000005
0.00000010
0.00000010
0.00000011
0.00000007
0.00000019
0.00000009
0.00000004
0.00000007
0.00000006
0.00000018
0.00000026
0.00000024
0.00000017
0.00000006
0.00000006
0.00000006
0.00000006
0.00000009
0.00000008
0.00000005
0.00000003
0.00000013
0.00000132
0.00000056
0.00000016
0.00000159
0.00000053
0.00000010
0.00000006
0.00000003
0.00000006
0.00000023
0.00000008
0.00000007
0.00000010
0.00000006
0.00000009
0.00000006
0.00000003
0.00000003
0.00000019
0.00000012
0.00000006
0.00000005
0.00000005
0.00000011
0.00000009
0.00000006
0.00000007
0.00000005
0.00000007
0.00000013
0.00000007
0.00000008
0.00000008
0.00000030
0.00000019
0.00000042
0.00000095
0.00000310
0.00000023
0.00000018
0.00000017
0.00000009
0.00000010
0.00000005
0.00000003
0.00000007
0.00000017
0.00000012
0.00000044
0.00000065
0.00000101
0.00000012
0.00000019
0.00000019
0.00000008
0.00000016
0.00000006
0.00000063
0.00000021
0.00000014
0.00000003
0.00000021
0.00000061
0.00000239
0.00000017
0.00000028
0.00000010
0.00000006
0.00000019
0.00000016
0.00000003
0.00000003
0.00000006
0.00000006
0.00000026
0.00000004
0.00000003
0.00000003
0.00000003
0.00000004
0.00000010
0.00000011
0.00000004
0.00000005
0.00000010
0.00000021
0.00000035
0.00000021
0.00000012
0.00000006
0.00000006
0.00000004
0.00000013
0.00000018
0.00000003
0.00000005
0.00000005
0.00000004
0.00000003
0.00000003
0.00000004
0.00000003
0.00000004
0.00000009
0.00000010
0.00000008
0.00000012
0.00000004
0.00000015
0.00000038
0.00000029
0.00000014
0.00000003
0.00000005
0.00000003
0.00000010
0.00000009
0.00000014
0.00000011
0.00000004
0.00000003
0.00000010
0.00000014
0.00000010
0.00000005
0.00000006
0.00000003
0.00000004
0.00000008
0.00000010
0.00000003
0.00000003
0.00000003
0.00000007
0.00000012
0.00000015
0.00000007
0.00000004
0.00000003
0.00000009
0.00000008
0.00000003
0.00000008
0.00000007
0.00000005
0.00000011
0.00000005
0.00000008
0.00000005
0.00000003
0.00000003
0.00000008
0.00000033
0.00000012
0.00000017
0.00000004
0.00000006
0.00000003
0.00000010
0.00000026
0.00000005
0.00000010
0.00000007
0.00000014
0.00000018
0.00000005
0.00000007
0.00000019
0.00000003
0.00000040
0.00000016
0.00000004
0.00000006
0.00000006
0.00000003
0.00000006
0.00000007
0.00000005
0.00000012
0.00000060
0.00000028
0.00000003
0.00000013
0.00000009
0.00000006
0.00000005
0.00000011
0.00000019
0.00000011
0.00000006
0.00000006
0.00000007
0.00000020
0.00000012
0.00000003
0.00000004
0.00000008
0.00000004
0.00000012
0.00000010
0.00000009
0.00000006
0.00000016
0.00000018
0.00000007
0.00000005
0.00000008
0.00000003
0.00000005
0.00000003
0.00000008
0.00000005
0.00000004
0.00000012
0.00000005
0.00000007
0.00000004
0.00000006
0.00000014
0.00000015
0.00000012
0.00000018
0.00000009
0.00000014
0.00000009
0.00000004
0.00000009
0.00000008
0.00000003
0.00000003
0.00000015
0.00000014
0.00000005
0.00000003
0.00000004
0.00000004
0.00000003
0.00000004
0.00000004
0.00000003
0.00000004
0.00000011
0.00000006
0.00000008
0.00000007
0.00000041
0.00000034
0.00000007
0.00000004
0.00000003
0.00000010
0.00000003
0.00000004
0.00000003
0.00000003
0.00000007
0.00000010
0.00000017
0.00000019
0.00000019
0.00000006
0.00000025
0.00000003
0.00000002
0.00000003
0.00000003
0.00000002
0.00000003
0.00000003
0.00000003
0.00000010
0.00000004
0.00000013
0.00000008
0.00000011
0.00000002
0.00000002
0.00000004
0.00000014
0.00000005
0.00000008
0.00000003
0.00000002
0.00000003
0.00000014
0.00000007
0.00000004
0.00000008
0.00000012
0.00000005
0.00000003
0.00000013
0.00000039
0.00000009
0.00000036
0.00000004
0.00000044
0.00000015
0.00000012
0.00000002
0.00000005
0.00000002
0.00000005
0.00000007
0.00000003
0.00000008
0.00000043
0.00000011
0.00000014
0.00000020
0.00000022
0.00000004
0.00000003
0.00000007
0.00000006
0.00000006
0.00000005
0.00000010
0.00000007
0.00000002
0.00000002
0.00000003
0.00000002
0.00000004
0.00000003
0.00000004
0.00000003
0.00000004
0.00000003
0.00000003
0.00000006
0.00000037
0.00000002
0.00000003
0.00000007
0.00000016
0.00000003
0.00000004
0.00000026
0.00000120
0.00000038
0.00000007
0.00000004
0.00000010
0.00000007
0.00000005
0.00000003
0.00000005
0.00000020
0.00000017
0.00000004
0.00000004
0.00000006
0.00000002
0.00000003
0.00000003
0.00000008
0.00000006
0.00000009
0.00000008
0.00000002
0.00000003
0.00000014
0.00000005
0.00000003
0.00000013
0.00000003
0.00000003
0.00000003
0.00000002
0.00000008
0.00000005
0.00000009
0.00000002
0.00000003
0.00000007
0.00000006
0.00000002
0.00000002
0.00000002
0.00000004
0.00000004
0.00000003
0.00000002
0.00000002
0.00000004
0.00000002
0.00000002
0.00000002
0.00000009
0.00000002
0.00000006
0.00000003
0.00000002
0.00000004
0.00000004
0.00000005
0.00000023
0.00000003
0.00000015
0.00000003
0.00000004
0.00000004
0.00000006
0.00000003
0.00000009
0.00000008
0.00000008
0.00000006
0.00000008
0.00000018
0.00000007
0.00000003
0.00000033
0.00000004
0.00000004
0.00000002
0.00000006
0.00000005
0.00000009
0.00000019
0.00000012
0.00000007
0.00000006
0.00000010
0.00000019
0.00000003
0.00000004
0.00000002
0.00000002
0.00000002
0.00000003
0.00000011
0.00000012
0.00000016
0.00000006
0.00000012
0.00000010
0.00000011
0.00000015
0.00000075
0.00000083
0.00000014
0.00000018
0.00000004
0.00000003
0.00000002
0.00000009
0.00000004
0.00000002
0.00000004
0.00000006
0.00000005
0.00000024
0.00000006
0.00000009
0.00000002
0.00000002
0.00000003
0.00000004
0.00000004
0.00000009
0.00000002
0.00000006
0.00000003
0.00000003
0.00000010
0.00000008
0.00000003
0.00000007
0.00000002
0.00000004
0.00000003
0.00000007
0.00000004
0.00000006
0.00000003
0.00000006
0.00000010
0.00000019
0.00000011
0.00000005
0.00000021
0.00000008
0.00000006
0.00000003
0.00000003
0.00000002
0.00000006
0.00000025
0.00000015
0.00000004
0.00000002
0.00000003
0.00000005
0.00000003
0.00000011
0.00000005
0.00000002
0.00000002
0.00000003
0.00000050
0.00000008
0.00000002
0.00000002
0.00000004
0.00000007
0.00000030
0.00000003
0.00000005
0.00000003
0.00000002
0.00000002
0.00000020
0.00000008
0.00000006
0.00000003
0.00000003
0.00000005
0.00000007
0.00000008
0.00000009
0.00000005
0.00000013
0.00000002
0.00000002
0.00000003
0.00000004
0.00000003
0.00000003
0.00000003
0.00000003
0.00000003
0.00000009
0.00000005
0.00000004
0.00000004
0.00000004
0.00000005
0.00000003
0.00000012
0.00000010
0.00000003
0.00000006
0.00000004
0.00000005
0.00000006
0.00000006
0.00000015
0.00000019
0.00000025
0.00000002
0.00000003
0.00000005
0.00000018
0.00000004
0.00000002
0.00000003
0.00000004
0.00000002
0.00000002
0.00000002
0.00000003
0.00000006
0.00000004
0.00000007
0.00000006
0.00000005
0.00000002
0.00000002
0.00000002
0.00000004
0.00000005
0.00000007
0.00000016
0.00000004
0.00000005
0.00000006
0.00000008
0.00000002
0.00000002
0.00000002
0.00000028
0.00000013
0.00000003
0.00000003
0.00000005
0.00000011
0.00000005
0.00000003
0.00000002
0.00000004
0.00000003
0.00000005
0.00000003
0.00000003
0.00000003
0.00000011
0.00000015
0.00000011
0.00000017
0.00000003
0.00000005
0.00000004
0.00000013
0.00000004
0.00000079
0.00000003
0.00000002
0.00000006
0.00000007
0.00000013
0.00000009
0.00000010
0.00000003
0.00000006
0.00000008
0.00000002
0.00000008
0.00000007
0.00000010
0.00000004
0.00000005
0.00000002
0.00000004
0.00000004
0.00000002
0.00000009
0.00000012
0.00000004
0.00000002
0.00000002
0.00000007
0.00000003
0.00000003
0.00000010
0.00000003
0.00000003
0.00000005
0.00000016
0.00000004
0.00000004
0.00000006
0.00000005
0.00000002
0.00000002
0.00000002
0.00000005
0.00000029
0.00000002
0.00000002
0.00000003
0.00000011
0.00000005
0.00000002
0.00000003
0.00000005
0.00000003
0.00000005
0.00000021
0.00000004
0.00000004
0.00000004
0.00000004
0.00000002
0.00000002
0.00000002
0.00000007
0.00000007
0.00000010
0.00000005
0.00000017
0.00000002
0.00000002
0.00000003
0.00000003
0.00000013
0.00000002
0.00000005
0.00000016
0.00000006
0.00000007
0.00000010
0.00000010
0.00000012
0.00000004
0.00000004
0.00000007
0.00000005
0.00000002
0.00000004
0.00000003
0.00000004
0.00000008
0.00000007
0.00000002
0.00000008
0.00000004
0.00000004
0.00000003
0.00000002
0.00000005
0.00000002
0.00000002
0.00000003
0.00000003
0.00000007
0.00000003
0.00000005
0.00000012
0.00000002
0.00000002
0.00000002
0.00000008
0.00000005
0.00000005
0.00000003
0.00000016
0.00000004
0.00000002
0.00000002
0.00000004
0.00000004
0.00000006
0.00000009
0.00000006
0.00000003
0.00000004
0.00000006
0.00000002
0.00000004
0.00000006
0.00000002
0.00000002
0.00000003
0.00000016
0.00000002
0.00000003
0.00000002
0.00000002
0.00000002
0.00000002
0.00000002
0.00000002
0.00000004
0.00000002
0.00000005
0.00000006
0.00000008
0.00000004
0.00000009
0.00000016
0.00000002
0.00000002
0.00000004
0.00000002
0.00000002
0.00000003
0.00000010
0.00000030
0.00000004
0.00000003
0.00000002
0.00000003
0.00000003
0.00000002
0.00000006
0.00000002
0.00000002
0.00000008
0.00000011
0.00000002
0.00000007
0.00000048
0.00000011
0.00000004
0.00000003
0.00000002
0.00000007
0.00000003
0.00000007
0.00000007
0.00000008
0.00000016
0.00000002
0.00000003
0.00000003
0.00000007
0.00000003
0.00000002
0.00000002
0.00000004
0.00000013
0.00000003
0.00000002
0.00000002
0.00000002
0.00000002
0.00000003
0.00000016
0.00000002
0.00000006
0.00000003
0.00000003
0.00000002
0.00000005
0.00000002
0.00000007
0.00000003
0.00000014
0.00000040
0.00000004
0.00000003
0.00000004
0.00000002
0.00000003
0.00000003
0.00000018
0.00000003
0.00000002
0.00000002
0.00000012
0.00000010
0.00000003
0.00000004
0.00000002
0.00000002
0.00000008
0.00000003
0.00000007
0.00000002
0.00000004
0.00000007
0.00000006
0.00000003
0.00000002
0.00000017
0.00000014
0.00000003
0.00000003
0.00000002
0.00000002
0.00000004
0.00000030
0.00000002
0.00000002
0.00000006
0.00000003
0.00000003
0.00000003
0.00000011
0.00000004
0.00000003
0.00000003
0.00000004
0.00000002
0.00000002
0.00000002
0.00000001
0.00000002
0.00000009
0.00000003
0.00000006
0.00000006
0.00000013
0.00000002
0.00000002
0.00000024
0.00000030
0.00000013
0.00000002
0.00000004
0.00000006
0.00000006
0.00000003
0.00000002
0.00000003
0.00000002
0.00000001
0.00000002
0.00000005
0.00000003
0.00000003
0.00000002
0.00000002
0.00000002
0.00000006
0.00000013
0.00000011
0.00000007
0.00000002
0.00000002
0.00000003
0.00000005
