0.09447479
0.02761860
0.02074053
0.01594725
0.01293204
0.01015203
0.00726759
0.00544185
0.00454981
0.00290336
0.00219692
0.00239933
0.00181048
0.00176288
0.00218988
0.00126261
0.00106013
0.00082661
0.00053718
0.00069724
0.00079091
0.00065449
0.00077871
0.00057219
0.00072930
0.00076919
0.00065222
0.00041523
0.00041734
0.00033877
0.00035727
0.00031285
0.00041294
0.00046888
0.00022676
0.00037298
0.00015147
0.00012404
0.00021137
0.00026612
0.00036229
0.00014748
0.00008980
0.00015457
0.00030491
0.00006288
0.00022353
0.00011956
0.00024810
0.00011285
0.00013741
0.00028621
0.00015878
0.00012711
0.00012398
0.00021114
0.00009146
0.00029563
0.00008413
0.00010712
0.00006958
0.00012263
0.00009836
0.00011655
0.00003789
0.00005205
0.00008170
0.00008965
0.00052008
0.00005053
0.00017132
0.00003897
0.00003559
0.00006560
0.00004421
0.00019978
0.00004850
0.00006950
0.00003055
0.00004524
0.00005344
0.00004465
0.00006559
0.00005972
0.00006988
0.00009649
0.00007699
0.00005925
0.00009376
0.00002503
0.00024179
0.00003947
0.00002456
0.00005039
0.00004171
0.00002762
0.00013750
0.00005234
0.00010644
0.00008263
0.00009089
0.00002146
0.00007823
0.00001689
0.00004789
0.00004057
0.00009291
0.00004901
0.00008967
0.00003186
0.00007352
0.00004657
0.00001076
0.00001086
0.00016197
0.00001675
0.00002496
0.00009803
0.00004471
0.00003607
0.00002296
0.00000993
0.00001603
0.00011243
0.00003894
0.00001058
0.00005012
0.00004586
0.00009281
0.00001990
0.00002437
0.00005065
0.00000882
0.00002286
0.00002355
0.00002021
0.00016053
0.00002678
0.00003232
0.00004023
0.00002522
0.00000939
0.00001487
0.00001872
0.00002851
0.00001105
0.00001279
0.00006581
0.00001183
0.00005888
0.00001731
0.00003577
0.00003394
0.00006859
0.00001815
0.00002324
0.00000930
0.00002925
0.00002169
0.00000850
0.00001770
0.00000773
0.00002854
0.00001403
0.00006652
0.00001551
0.00001934
0.00000974
0.00002909
0.00000700
0.00001108
0.00004766
0.00001585
0.00001918
0.00001201
0.00002090
0.00000769
0.00001725
0.00000793
0.00005872
0.00003512
0.00000640
0.00000982
0.00001126
0.00003624
0.00000951
0.00001607
0.00001468
0.00000659
0.00000559
0.00000754
0.00000445
0.00000618
0.00002608
0.00000705
0.00000711
0.00000941
0.00000500
0.00000630
0.00001161
0.00001543
0.00000648
0.00000771
0.00001688
0.00000602
0.00000798
0.00000841
0.00001146
0.00002020
0.00001443
0.00000590
0.00001649
0.00001977
0.00000700
0.00003170
0.00001049
0.00000627
0.00000902
0.00000584
0.00000700
0.00000617
0.00001338
0.00001236
0.00002441
0.00003069
0.00000924
0.00000991
0.00001098
0.00000611
0.00000951
0.00000996
0.00000698
0.00000500
0.00000478
0.00000883
0.00001907
0.00000722
0.00001054
0.00001768
0.00001801
0.00000895
0.00001073
0.00003421
0.00002615
0.00001009
0.00000751
0.00001080
0.00000497
0.00002479
0.00001340
0.00001994
0.00000740
0.00000425
0.00000457
0.00001687
0.00001021
0.00001212
0.00000348
0.00000558
0.00003022
0.00002267
0.00000632
0.00002930
0.00000454
0.00000478
0.00000893
0.00000577
0.00002380
0.00002450
0.00001582
0.00000969
0.00002129
0.00000934
0.00000342
0.00000518
0.00000375
0.00000897
0.00001808
0.00000632
0.00001131
0.00001570
0.00000552
0.00000541
0.00000458
0.00001525
0.00000305
0.00001118
0.00001248
0.00001263
0.00000375
0.00000302
0.00000642
0.00001275
0.00000231
0.00000461
0.00004804
0.00000290
0.00000373
0.00000662
0.00002830
0.00000306
0.00000369
0.00000759
0.00001256
0.00000574
0.00000311
0.00001056
0.00006531
0.00000556
0.00000585
0.00002228
0.00000330
0.00000309
0.00000742
0.00000914
0.00000390
0.00000659
0.00000805
0.00002112
0.00000452
0.00000647
0.00000294
0.00001513
0.00000902
0.00000644
0.00000840
0.00001368
0.00000674
0.00001971
0.00000274
0.00003549
0.00001485
0.00000659
0.00000415
0.00001241
0.00000302
0.00002843
0.00000245
0.00000342
0.00000337
0.00000496
0.00000489
0.00000965
0.00000446
0.00000611
0.00000470
0.00000826
0.00000591
0.00000252
0.00001087
0.00000328
0.00000665
0.00000856
0.00001147
0.00000233
0.00000558
0.00000235
0.00007416
0.00000362
0.00000628
0.00000304
0.00000276
0.00000868
0.00001759
0.00004118
0.00000734
0.00000412
0.00000253
0.00001339
0.00019270
0.00001307
0.00000430
0.00001017
0.00000269
0.00000734
0.00000799
0.00000365
0.00000449
0.00000538
0.00001234
0.00000234
0.00000373
0.00000536
0.00000699
0.00000311
0.00000276
0.00000419
0.00000569
0.00000585
0.00000628
0.00000475
0.00000345
0.00000589
0.00000574
0.00000330
0.00000475
0.00000376
0.00000665
0.00000771
0.00000738
0.00000234
0.00000502
0.00000276
0.00000501
0.00002664
0.00000199
0.00000642
0.00002282
0.00000755
0.00000457
0.00000540
0.00000871
0.00000262
0.00001545
0.00001042
0.00000529
0.00000786
0.00000247
0.00000197
0.00000706
0.00006051
0.00000358
0.00000769
0.00001660
0.00000336
0.00000591
0.00001334
0.00000184
0.00000434
0.00000189
0.00000391
0.00000355
0.00000657
0.00000325
0.00000327
0.00000744
0.00000417
0.00000337
0.00000240
0.00001525
0.00000322
0.00001184
0.00000471
0.00000746
0.00000825
0.00000255
0.00000375
0.00000401
0.00000360
0.00000477
0.00000386
0.00001207
0.00000458
0.00000580
0.00000348
0.00000405
0.00000337
0.00000382
0.00000422
0.00000403
0.00000219
0.00000613
0.00000798
0.00000217
0.00000352
0.00000341
0.00000305
0.00000517
0.00000218
0.00000308
0.00001003
0.00000265
0.00000495
0.00000315
0.00001720
0.00000374
0.00000521
0.00000279
0.00000301
0.00000689
0.00001585
0.00000448
0.00000927
0.00000220
0.00001736
0.00000249
0.00000218
0.00000239
0.00000325
0.00000346
0.00001360
0.00001795
0.00000223
0.00000288
0.00000219
0.00000312
0.00000558
0.00000240
0.00000215
0.00000214
0.00000201
0.00000245
0.00000246
0.00000214
0.00000160
0.00000515
0.00000504
0.00000337
0.00000825
0.00000342
0.00000583
0.00003218
0.00000241
0.00000986
0.00000324
0.00000485
0.00000466
0.00000314
0.00000702
0.00000294
0.00000275
0.00000259
0.00000365
0.00000353
0.00000425
0.00000729
0.00001115
0.00000648
0.00000626
0.00000211
0.00000246
0.00000205
0.00000658
0.00000181
0.00000159
0.00000418
0.00000359
0.00000499
0.00000644
0.00000390
0.00000219
0.00000355
0.00001329
0.00000472
0.00000922
0.00000228
0.00000361
0.00000282
0.00000229
0.00001119
0.00000268
0.00000195
0.00000191
0.00000398
0.00000234
0.00000341
0.00000387
0.00000215
0.00000176
0.00000245
0.00001055
0.00000859
0.00001344
0.00000252
0.00000428
0.00000208
0.00000171
0.00000196
0.00000298
0.00000395
0.00000308
0.00000870
0.00000253
0.00000318
0.00000431
0.00000251
0.00000509
0.00000302
0.00000176
0.00000236
0.00002182
0.00000629
0.00000229
0.00000871
0.00000253
0.00000235
0.00000425
0.00000196
0.00000825
0.00000720
0.00000715
0.00000170
0.00000189
0.00000168
0.00000594
0.00000286
0.00001629
0.00000404
0.00000320
0.00000490
0.00000164
0.00000221
0.00000189
0.00000790
0.00000308
0.00000512
0.00000252
0.00000340
0.00000958
0.00000183
0.00000189
0.00000267
0.00000248
0.00000358
0.00000178
0.00000144
0.00000232
0.00000245
0.00000247
0.00000414
0.00000208
0.00000209
0.00000225
0.00001724
0.00000984
0.00000268
0.00000179
0.00000251
0.00000334
0.00000212
0.00000579
0.00000411
0.00000459
0.00000252
0.00000229
0.00000256
0.00000527
0.00000263
0.00000281
0.00000229
0.00000568
0.00000275
0.00000162
0.00000193
0.00000179
0.00000243
0.00000192
0.00000371
0.00000438
0.00000311
0.00000431
0.00000194
0.00000684
0.00000856
0.00000189
0.00000303
0.00000304
0.00000171
0.00000165
0.00000255
0.00000218
0.00001029
0.00000245
0.00000811
0.00000235
0.00000455
0.00001672
0.00000345
0.00000224
0.00000383
0.00000229
0.00000428
0.00000874
0.00000269
0.00000198
0.00000257
0.00000227
0.00000200
0.00000192
0.00000239
0.00000176
0.00000362
0.00000355
0.00000304
0.00000194
0.00000219
0.00000199
0.00000217
0.00000607
0.00000617
0.00000223
0.00000164
0.00000331
0.00000240
0.00000203
0.00000258
0.00000266
0.00000266
0.00000247
0.00000187
0.00000189
0.00000252
0.00000256
0.00000223
0.00000231
0.00000450
0.00000175
0.00000219
0.00000188
0.00000164
0.00000323
0.00000182
0.00000292
0.00000161
0.00000344
0.00000296
0.00000183
0.00000464
0.00001389
0.00000302
0.00000424
0.00000237
0.00000306
0.00000197
0.00000327
0.00000322
0.00000306
0.00001128
0.00000282
0.00000352
0.00000307
0.00000498
0.00000189
0.00000168
0.00000220
0.00000207
0.00000285
0.00000297
0.00000213
0.00000211
0.00000145
0.00000227
0.00000191
0.00000284
0.00000326
0.00000522
0.00000319
0.00000156
0.00000234
0.00000270
0.00000214
0.00000870
0.00000348
0.00000263
0.00000758
0.00000193
0.00000173
0.00000168
0.00000267
0.00000309
0.00000393
0.00000199
0.00000173
0.00000250
0.00000187
0.00000318
0.00000162
0.00001170
0.00000192
0.00000455
0.00000252
0.00000172
0.00000166
0.00000173
0.00000178
0.00000223
0.00000310
0.00000551
0.00000674
0.00000368
0.00000459
0.00000393
0.00000470
0.00000194
0.00000282
0.00000364
0.00000234
0.00000309
0.00000195
0.00000237
0.00000452
0.00000430
0.00000192
0.00000156
0.00000394
0.00000321
0.00000577
0.00000976
0.00000140
0.00000278
0.00000183
0.00000190
0.00000696
0.00000213
0.00000133
0.00000558
0.00000605
0.00000183
0.00000258
0.00000485
0.00005398
0.00000153
0.00000419
0.00000301
0.00000157
0.00000196
0.00000179
0.00000192
0.00000358
0.00000187
0.00000193
0.00000149
0.00000149
0.00000376
0.00001890
0.00000311
0.00000447
0.00000187
0.00000163
0.00001088
0.00000245
0.00000208
0.00000263
0.00000266
0.00000359
0.00000529
0.00000162
0.00000239
0.00000158
0.00000188
0.00000278
0.00000175
0.00000288
0.00001078
0.00000325
0.00000179
0.00000308
0.00000271
0.00000544
0.00000210
0.00000257
0.00000216
0.00000537
0.00000164
0.00000156
0.00000164
0.00000135
0.00000311
0.00000124
0.00000311
0.00000194
0.00000247
0.00000179
0.00000151
0.00000199
0.00000149
0.00000290
0.00000203
0.00000260
0.00000337
0.00000246
0.00000149
0.00000148
0.00000172
0.00000527
0.00001311
0.00000150
0.00000579
0.00000676
0.00000338
0.00000253
0.00000484
0.00000155
0.00000173
0.00000293
0.00000138
0.00000168
0.00000262
0.00000775
0.00000180
0.00000257
0.00001447
0.00000163
0.00000352
0.00000253
0.00000333
0.00000358
0.00000153
0.00000192
0.00000283
0.00000213
0.00000401
0.00000145
0.00000154
0.00000224
0.00000255
0.00000210
0.00000123
0.00000137
0.00000216
0.00000287
0.00000188
0.00000709
0.00006483
0.00000158
0.00000173
0.00000147
0.00000170
0.00000160
0.00000259
0.00000257
0.00000351
0.00000153
0.00000122
0.00000357
0.00000171
0.00000162
0.00000201
0.00000382
0.00000179
0.00000197
0.00000158
0.00000280
0.00000240
0.00000199
0.00000126
0.00000139
0.00000150
0.00000180
0.00000177
0.00001687
0.00000303
0.00000144
0.00000228
0.00000565
0.00001249
0.00000347
0.00000588
0.00000228
0.00000382
0.00000187
0.00000140
0.00000163
0.00000202
0.00000150
0.00000562
0.00000163
0.00000237
0.00000212
0.00000193
0.00000320
0.00000116
0.00000201
0.00000170
0.00000161
0.00000154
0.00000129
0.00000173
0.00000232
0.00000938
0.00000156
0.00000175
0.00000193
0.00000145
0.00000141
0.00000332
0.00000186
0.00000144
0.00000168
0.00000899
0.00000235
0.00000194
0.00000176
0.00001815
0.00000135
0.00000224
0.00000207
0.00000168
0.00000331
0.00001868
0.00000428
0.00000658
0.00000243
0.00000193
0.00000145
0.00000304
0.00000193
0.00000150
0.00000166
0.00000157
0.00000122
0.00000154
0.00000231
0.00000289
0.00000249
0.00000459
0.00000281
0.00000171
0.00000222
0.00000198
0.00000209
0.00000219
0.00000158
0.00000254
0.00000318
0.00000228
0.00000191
0.00000367
0.00000219
0.00006998
0.00000311
0.00000227
0.00000136
0.00000115
0.00000210
0.00000250
0.00000227
0.00000357
0.00000223
0.00000306
0.00000285
0.00000222
0.00000194
0.00000228
0.00000223
0.00000140
0.00000146
0.00000122
0.00000127
0.00000167
0.00000190
0.00000189
0.00000122
0.00000375
0.00000130
0.00000238
0.00000150
0.00000163
0.00000138
0.00000140
0.00000308
0.00000261
0.00000214
0.00000129
0.00000208
0.00000464
0.00000243
0.00000138
0.00000175
0.00000140
0.00000216
0.00000216
0.00000373
0.00000146
0.00000154
0.00000322
0.00000132
0.00000156
0.00000155
0.00000257
0.00000369
0.00000179
0.00000221
0.00000163
0.00000275
0.00000170
0.00000198
0.00000371
0.00000226
0.00000149
0.00000366
0.00000161
0.00000213
0.00000375
0.00000171
0.00000168
0.00000172
0.00000411
0.00000154
0.00000189
0.00000342
0.00000174
0.00000319
0.00000156
0.00000185
0.00000274
0.00000256
0.00000151
0.00000251
0.00001413
0.00000146
0.00000150
0.00000220
0.00000419
0.00000160
0.00000837
0.00000243
0.00000145
0.00000262
0.00000138
0.00000151
0.00000166
0.00000126
0.00000203
0.00000172
0.00001053
0.00004679
0.00000158
0.00000108
0.00000201
0.00000240
0.00000206
0.00000103
0.00000158
0.00000168
0.00000112
0.00000190
0.00000140
0.00000112
0.00000163
0.00000173
0.00000440
0.00000608
0.00000269
0.00000162
0.00000125
0.00000136
0.00000134
0.00000276
0.00000178
0.00000118
0.00000132
0.00000160
0.00000173
0.00000156
0.00000237
0.00000222
0.00000210
0.00000150
0.00000178
0.00000220
0.00000106
0.00000158
0.00000110
0.00000104
0.00000139
0.00000745
0.00000439
0.00000118
0.00000569
0.00000597
0.00000131
0.00000127
0.00000690
0.00000260
0.00000221
0.00000342
0.00000367
0.00001666
0.00000117
0.00000218
0.00000199
0.00000244
0.00000127
0.00000214
0.00000149
0.00000121
0.00000138
0.00000148
0.00000202
0.00000329
0.00000171
0.00000205
0.00000332
0.00000150
0.00000222
0.00000309
0.00000150
0.00000123
0.00000349
0.00000172
0.00000164
0.00000107
0.00000445
0.00000155
0.00000244
0.00000119
0.00000349
0.00000181
0.00000117
0.00000354
0.00001370
0.00000616
0.00000193
0.00000144
0.00000130
0.00000256
0.00000578
0.00000203
0.00000365
0.00000187
0.00000211
0.00000476
0.00000126
0.00000175
0.00000239
0.00000113
0.00000195
0.00000179
0.00000123
0.00000133
0.00000117
0.00000107
0.00000343
0.00000125
0.00000244
0.00000182
0.00001056
0.00000431
0.00000167
0.00000148
0.00000183
0.00000141
0.00000492
0.00000192
0.00000268
0.00000127
0.00000210
0.00000177
0.00000275
0.00000137
0.00000355
0.00000116
0.00000222
0.00000190
0.00000162
0.00000167
0.00000193
0.00000130
0.00000284
0.00000568
0.00000249
0.00000229
0.00000166
0.00000335
0.00000243
0.00000142
0.00000220
0.00000176
0.00000292
0.00000203
0.00000138
0.00000221
0.00000166
0.00000167
0.00001059
0.00000184
0.00000291
0.00000311
0.00000173
0.00000174
0.00000098
0.00000134
0.00000143
0.00000166
0.00000176
0.00000131
0.00000193
0.00000118
0.00000123
0.00002385
0.00000157
0.00001137
0.00000125
0.00000147
0.00000151
0.00000134
0.00000131
0.00000208
0.00000200
0.00000127
0.00000161
0.00000267
0.00000138
0.00000100
0.00000112
0.00000115
0.00000136
0.00000130
0.00000095
0.00000122
0.00000137
0.00000130
0.00000236
0.00000140
0.00000200
0.00000139
0.00000145
0.00000179
0.00000409
0.00000130
0.00000196
0.00000111
0.00000195
0.00000258
0.00000171
0.00000115
0.00000144
0.00000502
0.00000278
0.00000161
0.00000155
0.00000173
0.00000154
0.00000179
0.00000356
0.00000107
0.00000225
0.00000170
0.00000139
0.00000129
0.00000242
0.00000161
0.00000141
0.00000120
0.00000174
0.00000113
0.00000167
0.00000218
0.00000194
0.00000165
0.00000229
0.00000201
0.00000126
0.00000132
0.00000395
0.00000095
0.00000192
0.00000231
0.00000182
0.00000118
0.00000194
0.00000278
0.00000148
0.00000126
0.00000126
0.00000129
0.00000176
0.00000453
0.00000152
0.00000144
0.00000226
0.00000148
0.00000121
0.00000159
0.00000130
0.00000220
0.00000141
0.00000175
0.00000192
0.00000124
0.00000235
0.00000173
0.00000213
0.00000134
0.00000250
0.00000112
0.00000139
0.00000107
0.00000145
0.00000142
0.00000117
0.00000137
0.00000103
0.00000150
0.00000187
0.00000338
0.00000106
0.00000175
0.00000132
0.00000234
0.00000141
0.00000135
0.00000153
0.00000275
0.00000342
0.00000176
0.00000093
0.00000107
0.00000693
0.00000213
0.00000103
0.00000244
0.00000280
0.00000550
0.00000136
0.00000114
0.00000204
0.00000222
0.00000256
0.00000108
0.00000223
0.00000156
0.00000147
0.00000135
0.00000149
0.00000199
0.00000098
0.00000221
0.00000169
0.00000173
0.00000186
0.00000253
0.00000151
0.00000133
0.00000150
0.00000208
0.00000100
0.00000144
0.00000190
0.00000121
0.00000099
0.00000142
0.00000136
0.00000191
0.00000116
0.00000143
0.00000143
0.00000122
0.00000255
0.00000160
0.00000144
0.00000211
0.00000151
0.00000268
0.00000245
0.00000211
0.00000096
0.00000119
0.00000176
0.00000127
0.00000204
0.00000102
0.00000106
0.00000166
0.00000421
0.00000141
0.00000482
0.00000133
0.00000203
0.00000141
0.00000778
0.00000139
0.00000133
0.00000237
0.00000285
0.00000191
0.00000097
0.00000140
0.00000202
0.00000100
0.00000118
0.00000172
0.00000114
0.00000145
0.00000191
0.00000272
0.00000145
0.00000130
0.00000142
0.00000158
0.00000129
0.00000138
0.00000131
0.00000113
0.00000131
0.00000088
0.00000179
0.00000112
0.00000628
0.00000363
0.00000184
0.00000132
0.00000135
0.00000216
0.00000257
0.00000207
0.00000139
0.00000156
0.00000131
