195.41394321
53.42148761
33.90663028
27.47771447
20.01443958
19.67685859
16.77712573
9.51278538
14.90141693
29.45400855
9.86309880
4.30243522
4.68955108
4.23461815
11.29847496
10.53187801
5.77717436
16.50204363
3.89138246
4.06662188
4.40135942
5.00727568
3.95756098
10.79307920
5.97220597
4.68280756
8.23758303
4.18287565
4.60358917
4.06976388
5.65195706
4.65732842
4.54774009
4.44968844
4.80571925
4.50130560
4.32985376
8.38662845
6.90471103
3.26041944
2.91777465
6.99257575
3.48396552
4.40539871
3.83112714
3.45401092
5.44649958
4.43231412
3.76537670
4.48608745
3.70399480
3.46404123
3.31442877
3.12893018
6.78989036
4.07568033
3.32476650
3.19883870
6.63213570
4.15730039
3.11223253
3.36718692
3.23498265
6.94936235
3.54961311
3.04786129
3.99272673
3.74393332
3.98885870
5.08267005
3.52319273
3.28346281
2.75082370
3.04765355
3.21255123
3.37529918
3.05034098
3.81737692
3.05373723
5.98413426
2.58509914
5.64189152
3.10156932
3.84899526
3.15695400
3.16056078
2.56201620
3.31205752
2.67978398
3.08212322
4.64322634
3.15972222
3.43403082
2.76268758
5.47876553
3.28538090
3.15405651
2.84812990
2.69026315
2.90463553
2.98057386
3.37091796
3.11875386
3.28488924
4.53860574
3.09407981
2.75277886
3.03066338
3.53272611
2.77551868
3.30605898
3.06204381
3.52015018
2.43255257
3.13314833
2.78528679
3.04796001
2.64142730
2.91241579
3.74109829
2.55868761
9.14136755
3.11995863
4.11378377
3.76503796
2.89639001
3.67521356
8.27717038
3.69392394
3.81272893
2.57274213
3.14664412
2.48901984
2.85124197
3.11013736
3.98142733
2.62735835
3.04133372
3.29753597
2.74669414
2.83315193
3.47119219
2.74453965
2.54275169
3.17416584
3.31517727
4.17794094
2.65929360
3.52743607
3.61573651
2.69561688
2.57250460
3.01689155
2.33963011
3.25396674
2.63204323
4.26485201
3.01963089
2.82577790
2.96190053
2.41296517
2.76778721
2.65938371
2.88401727
2.88850551
2.51266785
2.59832589
4.43234234
2.74101452
2.31524321
3.06475403
2.79377036
2.63947590
2.23455155
3.13818413
2.54375781
2.76111185
2.53303302
2.65212823
3.49946731
2.40766691
2.43173107
2.60840455
2.94039703
2.42832586
2.45210255
2.35873027
2.83195330
3.00011117
2.50654003
2.33302990
2.63874878
2.57648787
2.40998838
2.79356431
2.39769798
2.60116013
2.40766141
2.44285848
3.38484893
3.14177136
2.78569810
3.72888745
2.32388179
2.64919883
3.13364120
2.43397789
2.91817685
2.25035597
2.56940801
2.54238006
2.46047417
2.42540791
2.40508657
2.27489401
2.42761285
2.19302251
2.65412201
2.70396612
2.42927249
3.54209038
2.38464007
5.47439692
2.51951587
2.34456227
2.94864369
2.70996970
2.58990119
2.19080285
2.88030123
2.54305875
2.17561870
2.78388366
2.24341457
2.73351557
2.52529039
3.11180866
2.91630618
4.17788723
3.35111554
2.90704420
2.30929232
2.27506038
2.37031155
2.66213207
2.52964933
2.48489902
2.17014682
2.22456379
2.24231749
2.44645650
2.19179767
2.23031839
2.14968679
2.31856991
2.54363921
2.72854167
2.81476971
3.76878677
2.26475659
3.21643938
2.26285277
2.21482486
2.89800876
2.49257366
2.81500629
2.06053567
2.78273312
4.03552453
2.30553020
2.20012604
2.49430044
2.30578578
2.49828962
2.42843368
2.59266034
2.03731527
2.18196397
2.29651561
4.02333017
2.41171153
2.43701062
3.17992781
2.28644539
2.12718662
2.26146085
2.10698096
2.27696297
3.08214982
2.94256070
2.15478113
2.27349370
2.32530003
2.03166752
2.23911957
2.33465682
2.29593208
2.10370909
2.27532707
2.18731682
2.53691866
2.04990116
2.56742701
2.53588416
2.22758723
2.45532875
2.44135840
2.30713192
2.82334985
2.59302458
2.33837878
2.10000491
2.17544848
3.85035562
2.70753078
2.33030153
2.03515724
2.39999055
3.99026572
2.13170799
1.83070493
2.77173061
2.65718636
3.36009912
2.17977318
2.42561379
2.03413148
1.92408943
2.60491043
2.40771226
2.03860388
2.31616515
1.92548169
2.62093298
2.16432939
2.10728659
1.98870555
2.14654651
2.14532093
1.97255045
2.99890893
3.24722383
1.98804618
2.00851202
2.03107180
2.18738201
2.08393815
2.23201728
2.71028628
2.06203744
3.57307500
2.12717661
1.99583114
2.42880574
2.27661783
2.05347139
2.01768122
2.41407294
2.13185074
2.54845750
2.77866319
1.93835327
2.30284943
2.34578401
2.33011510
1.93151737
1.90826808
2.32846198
2.26601809
2.00696657
10.54130039
2.22527201
1.80855153
1.81375775
1.84562782
1.95742686
2.53896832
2.17299815
2.23265699
2.30205087
2.15419055
1.96302807
1.91216990
1.91884964
1.76837737
2.19278636
1.70872201
2.40617520
2.12129686
2.21208304
1.87875569
2.46744151
1.80433178
2.11421720
2.17657265
1.91932340
1.79252939
1.88628452
2.74176122
1.84094536
1.87657030
1.89585366
1.80327668
1.96800474
2.36339289
2.28543604
1.99488775
3.76646170
2.37249618
2.24624212
2.04330158
2.03996698
1.87594839
2.14491574
1.84016020
1.99578987
2.41652621
1.72554896
1.95479936
1.80742371
2.15160791
2.00134744
2.08545325
2.35479715
2.47251582
1.84766728
2.00457802
1.85684894
1.62398744
2.21278314
1.81491030
1.87619758
1.84117228
2.10221372
2.11292848
1.71969419
1.77589288
2.02017634
1.86711580
2.08873672
1.71249399
1.69741817
1.72349430
3.11529031
2.30635438
2.46083244
1.68782301
1.80504936
1.65585525
1.69432514
1.91034624
1.88390421
2.51948668
2.23721723
1.86431045
1.78320784
1.72689708
1.82700497
1.62165572
2.00939138
2.11113353
1.76875280
1.97417631
2.71641371
1.76303626
1.49138730
2.18974734
1.93718004
1.55403898
1.66542595
2.29890829
1.63764053
2.68201726
1.62501918
1.70263319
1.96388322
2.56825019
2.11521533
1.84213635
1.67362760
1.94547868
1.95047021
1.73883701
1.71967938
2.01430785
1.72852801
1.58585951
1.66038205
1.56005134
2.08596350
3.67643285
1.81192605
1.62834253
1.65451916
1.48629258
2.44232930
1.60790766
2.15203151
2.03092711
