0.39377579
0.15436094
0.11838483
0.10282133
0.07544459
0.07281090
0.05977163
0.05766414
0.05009592
0.04619188
0.04839541
0.04214354
0.03708782
0.03725403
0.03398329
0.03542391
0.02973558
0.03275826
0.02676971
0.02383141
0.02963051
0.02827726
0.02437326
0.02087035
0.02431470
0.02345211
0.02263473
0.02415905
0.02016070
0.02017615
0.02229237
0.01810685
0.02020026
0.02042704
0.01979386
0.01865395
0.01851242
0.01793576
0.01887419
0.01821376
0.01801066
0.01599961
0.01757352
0.01753576
0.01550135
0.01494421
0.01763982
0.01437622
0.01860747
0.01538625
0.01589566
0.01315014
0.01565242
0.01456643
0.01486349
0.01434620
0.01523075
0.01439797
0.01473045
0.01410177
0.01206162
0.01289099
0.01273945
0.01172607
0.01439064
0.01254668
0.01392153
0.01191884
0.01213111
0.01189288
0.01288915
0.01147294
0.01200378
0.01219450
0.01342012
0.01208286
0.01181394
0.01186536
0.01112104
0.01329218
0.01039937
0.01266042
0.01166904
0.01031326
0.01209037
0.01112027
0.01183288
0.01079411
0.01042089
0.01106833
0.01125077
0.00963256
0.01133488
0.01035940
0.01049140
0.01005376
0.01051952
0.00964569
0.01084824
0.00959929
0.00988830
0.00979079
0.00942881
0.00987103
0.00948499
0.00914143
0.00964441
0.00980536
0.00955724
0.00989160
0.00930825
0.01096525
0.00920789
0.00972901
0.00940226
0.00980924
0.00873770
0.00937689
0.00911408
0.00921223
0.00979014
0.00984371
0.00823285
0.00899910
0.00962048
0.00879434
0.00978634
0.00868094
0.00906071
0.00831630
0.00889734
0.00830561
0.00826229
0.00826351
0.00848614
0.00743516
0.00860109
0.00895308
0.00869175
0.00856750
0.00804603
0.00872645
0.00827086
0.00845185
0.00838145
0.00835822
0.00753561
0.00892900
0.00826748
0.00764862
0.00838051
0.00775426
0.00846064
0.00762862
0.00841057
0.00780859
0.00814115
0.00763428
0.00768633
0.00746611
0.00833142
0.00817022
0.00721513
0.00699835
0.00666992
0.00781106
0.00812050
0.00732617
0.00721440
0.00683562
0.00710546
0.00732640
0.00707397
0.00726002
0.00720916
0.00779862
0.00715264
0.00724470
0.00744562
0.00716862
0.00795242
0.00815252
0.00844336
0.00720597
0.00706323
0.00726189
0.00762492
0.00780684
0.00752997
0.00696619
0.00710405
0.00694071
0.00712863
0.00641117
0.00682447
0.00718794
0.00696916
0.00631764
0.00652424
0.00693746
0.00700828
0.00645397
0.00755828
0.00684146
0.00688747
0.00667712
0.00708425
0.00677146
0.00751340
0.00651066
0.00660080
0.00670267
0.00683271
0.00640191
0.00729272
0.00677719
0.00699322
0.00689963
0.00621473
0.00676105
0.00662491
0.00608538
0.00656184
0.00669561
0.00648433
0.00640696
0.00629759
0.00660269
0.00684950
0.00642638
0.00611848
0.00639373
0.00561284
0.00578608
0.00608541
0.00646300
0.00565583
0.00598840
0.00634368
0.00577383
0.00575905
0.00617435
0.00567728
0.00568165
0.00616572
0.00556102
0.00588357
0.00575023
0.00588384
0.00609298
0.00605330
0.00573310
0.00626284
0.00613718
0.00629988
0.00582545
0.00579409
0.00583361
0.00530724
0.00652569
0.00593560
0.00644491
0.00541376
0.00599016
0.00546126
0.00589537
0.00605019
0.00629566
0.00586058
0.00556084
0.00526588
0.00575911
0.00556266
0.00609958
0.00627552
0.00539762
0.00595119
0.00543595
0.00590157
0.00571380
0.00610264
0.00526788
0.00592775
0.00500873
0.00594638
0.00529258
0.00593215
0.00547894
0.00587194
0.00572960
0.00555790
0.00513751
0.00590438
0.00578678
0.00560016
0.00520166
0.00584408
0.00583977
0.00537162
0.00514105
0.00600367
0.00496401
0.00535604
0.00540019
0.00561531
0.00552219
0.00527510
0.00511456
0.00597653
0.00518056
0.00587580
0.00524318
0.00550593
0.00586289
0.00485917
0.00510211
0.00525492
0.00549704
0.00533256
0.00510283
0.00578778
0.00452802
0.00481809
0.00502320
0.00568497
0.00529143
0.00503654
0.00510372
0.00524748
0.00505129
0.00516985
0.00504187
0.00486511
0.00482086
0.00509025
0.00535887
0.00512137
0.00485655
0.00547898
0.00491176
0.00504014
0.00533621
0.00483637
0.00519792
0.00532626
0.00461254
0.00505660
0.00493086
0.00504875
0.00474993
0.00512599
0.00472618
0.00461195
0.00480796
0.00502138
0.00418139
0.00452982
0.00447688
0.00532767
0.00499728
0.00497101
0.00473146
0.00494488
0.00500061
0.00521767
0.00488662
0.00452544
0.00454497
0.00497460
0.00474837
0.00461171
0.00496650
0.00503745
0.00421233
0.00446043
0.00464278
0.00502570
0.00542238
0.00476602
0.00512388
0.00478549
0.00507749
0.00472379
0.00515815
0.00479977
0.00446899
0.00447839
0.00433203
0.00486262
0.00457313
0.00512357
0.00463708
0.00443920
0.00570985
0.00502856
0.00473334
0.00455342
0.00442670
0.00443704
0.00475365
0.00485517
0.00498766
0.00510952
0.00421186
0.00482654
0.00450493
0.00476924
0.00410934
0.00450345
0.00475058
0.00428166
0.00450476
0.00471517
0.00456670
0.00503820
0.00452379
0.00499472
0.00438333
0.00437023
0.00443612
0.00450453
0.00475246
0.00448331
0.00477005
0.00445222
0.00445543
0.00412025
0.00426204
0.00424490
0.00458357
0.00441748
0.00441335
0.00444754
0.00408430
0.00471840
0.00453151
0.00425032
0.00430207
0.00457795
0.00439069
0.00423770
0.00451254
0.00420908
0.00458909
0.00479526
0.00441957
0.00394505
0.00471118
0.00449668
0.00410782
0.00448958
0.00454960
0.00470895
0.00426294
0.00431637
0.00434741
0.00405279
0.00434195
0.00407591
0.00418813
0.00426433
0.00389927
0.00468976
0.00417354
0.00402937
0.00427002
0.00434148
0.00523705
0.00449727
0.00418804
0.00432277
0.00425682
0.00416172
0.00384134
0.00424179
0.00418082
0.00439647
0.00408578
0.00425655
0.00398858
0.00425085
0.00411755
0.00427846
0.00403294
0.00402720
0.00411663
0.00411841
0.00410230
0.00416423
0.00414658
0.00418358
0.00355357
0.00416620
0.00429287
0.00380558
0.00395538
0.00392838
0.00400544
0.00458076
0.00382138
0.00421499
0.00402117
0.00400658
0.00427993
0.00386731
0.00385348
0.00400982
0.00399371
0.00391127
0.00441176
0.00389557
0.00386762
0.00371080
0.00424245
0.00430468
0.00407428
0.00391945
0.00407575
0.00382571
0.00370008
0.00387560
0.00415345
0.00386130
0.00376002
0.00404144
0.00409009
0.00397826
0.00430423
0.00392675
0.00400840
0.00388355
0.00408506
0.00415137
0.00411675
0.00358197
0.00385378
0.00450056
0.00354719
0.00372630
0.00439486
0.00376605
0.00394881
0.00417077
0.00405680
0.00377570
0.00403836
0.00386271
0.00355392
0.00374908
0.00439207
0.00377082
0.00401219
0.00416113
0.00365942
0.00391205
0.00379064
0.00378002
0.00372107
0.00380755
0.00400486
0.00397407
0.00368687
0.00363699
0.00382189
0.00367983
0.00419372
0.00389087
0.00378744
0.00388645
0.00358205
0.00375361
0.00425786
0.00357615
0.00348237
0.00350075
0.00361098
0.00408931
0.00359002
0.00387474
0.00361399
0.00359433
0.00367311
0.00361378
0.00407419
0.00406836
0.00367214
0.00377701
0.00344986
0.00377139
0.00359173
0.00380819
0.00379324
0.00406006
0.00361747
0.00377141
0.00375715
0.00373204
0.00374653
0.00408280
0.00383302
0.00333152
0.00364558
0.00357365
0.00383283
0.00350897
0.00385001
0.00358922
0.00404860
0.00391950
0.00328686
0.00336938
0.00342255
0.00349898
0.00374413
0.00411703
0.00339638
0.00364457
0.00356500
0.00352797
0.00314119
0.00307620
0.00308265
0.00340330
0.00358914
0.00412678
0.00350748
0.00315359
0.00321692
0.00385361
0.00354398
0.00347976
0.00334351
0.00340239
0.00350580
0.00355590
0.00369804
0.00326772
0.00353188
0.00374976
0.00369323
0.00324839
0.00366802
0.00326901
0.00396856
0.00349122
0.00330477
0.00376904
0.00308373
0.00319501
0.00373101
0.00328286
0.00362606
0.00362879
0.00365485
0.00328331
0.00342368
0.00335885
0.00340523
0.00357374
0.00357657
0.00345328
0.00342156
0.00343369
0.00345855
0.00333430
0.00352775
0.00318650
0.00351745
0.00357188
0.00325972
0.00378375
0.00348552
0.00333515
0.00361670
0.00361222
0.00334630
0.00356278
0.00330932
0.00343506
0.00350702
0.00317850
0.00347903
0.00344206
0.00349483
0.00333002
0.00363501
0.00363175
0.00349529
0.00331464
0.00327525
0.00327146
0.00329917
0.00326062
0.00389783
0.00310686
0.00353600
0.00344753
0.00329087
0.00334410
0.00329875
0.00318027
0.00331019
0.00357523
0.00306427
0.00367682
0.00346175
0.00307593
0.00367469
0.00359814
0.00320616
0.00348357
0.00324541
0.00327926
0.00362519
0.00302003
0.00356664
0.00352819
0.00354924
0.00309132
0.00363425
0.00333368
0.00371049
0.00326421
0.00334287
0.00328380
0.00332243
0.00332404
0.00376674
0.00324184
0.00317641
0.00335597
0.00373885
0.00323068
0.00322213
0.00344738
0.00299105
0.00302498
0.00298145
0.00320572
0.00328641
0.00313965
0.00324317
0.00358120
0.00332764
0.00317534
0.00302374
0.00332133
0.00309664
0.00315675
0.00357191
0.00334830
0.00347074
0.00315468
0.00307405
0.00319768
0.00331686
0.00337605
0.00296416
0.00313790
0.00310082
0.00326000
0.00325338
0.00324247
0.00292438
0.00340161
0.00314097
0.00342605
0.00312968
0.00347534
0.00310391
0.00330540
0.00315146
0.00330941
0.00340459
0.00308174
0.00333114
0.00334218
0.00326487
0.00289862
0.00353178
0.00324231
0.00334597
0.00309284
0.00360458
0.00311999
0.00301033
0.00347302
0.00310011
0.00326288
0.00329182
0.00331966
0.00300332
0.00299083
0.00322036
0.00302010
0.00302388
0.00323376
0.00348608
0.00297458
0.00340101
0.00287679
0.00322624
0.00327135
0.00295879
0.00293811
0.00318707
0.00278093
0.00324123
0.00305291
0.00304951
0.00320927
0.00299342
0.00298849
0.00320617
0.00298442
0.00348202
0.00325871
0.00307777
0.00330510
0.00311014
0.00296546
0.00281327
0.00293897
0.00282645
0.00293108
0.00329971
0.00300195
0.00297309
0.00327981
0.00262898
0.00331677
0.00302472
0.00273880
0.00312806
0.00291422
0.00319175
0.00295076
0.00335539
0.00271862
0.00310923
0.00323917
0.00322315
0.00304373
0.00294260
0.00299972
0.00255323
0.00348089
0.00289589
0.00267973
0.00304578
0.00329455
0.00264114
0.00297480
0.00272755
0.00297971
0.00285970
0.00305105
0.00275984
0.00317446
0.00315074
0.00342190
0.00291433
0.00288341
0.00298327
0.00301325
0.00283484
0.00273172
0.00281344
0.00312199
0.00275220
0.00295755
0.00310568
0.00284661
0.00314981
0.00286672
0.00285871
0.00309545
0.00271471
0.00283968
0.00307363
0.00294347
0.00279725
0.00268714
0.00266336
0.00298211
0.00301276
0.00326180
0.00285754
0.00310078
0.00290557
0.00293059
0.00267437
0.00323441
0.00308259
0.00289011
0.00272869
0.00301080
0.00249254
0.00298992
0.00283654
0.00293172
0.00285120
0.00273764
0.00283645
0.00272776
0.00265006
0.00306902
0.00293255
0.00257476
0.00280460
0.00258886
0.00311565
0.00273681
0.00285678
0.00275838
0.00284307
0.00290316
0.00304692
0.00276295
0.00297229
0.00278105
0.00247167
0.00296766
0.00289952
0.00294351
0.00306122
0.00252150
0.00270450
0.00279847
0.00271835
0.00279650
0.00299291
0.00278678
0.00308019
0.00287809
0.00275812
0.00278194
0.00295963
0.00291055
0.00285495
0.00294601
0.00297174
0.00284903
0.00285654
0.00270310
0.00300033
0.00301016
0.00267750
0.00300172
0.00251963
0.00287466
0.00260823
0.00277409
0.00278424
0.00269231
0.00277587
0.00269353
0.00295265
0.00274821
0.00288163
0.00288507
0.00295577
0.00256934
0.00304142
0.00280280
0.00287007
0.00248951
0.00284931
0.00305249
0.00267017
0.00274280
0.00273021
0.00270358
0.00272567
0.00278583
0.00264301
0.00255375
0.00260637
0.00258835
0.00285767
0.00274131
0.00268212
0.00297663
0.00247923
0.00272009
0.00257904
0.00257025
0.00265898
0.00248376
0.00249801
0.00280486
0.00256380
0.00259759
0.00287807
0.00283505
0.00263351
0.00252146
0.00276438
0.00244855
0.00275566
0.00280890
0.00273620
0.00257337
0.00255775
0.00263287
0.00244017
0.00299307
0.00270130
0.00251883
0.00256538
0.00264038
0.00280033
0.00254362
0.00259518
0.00286366
0.00259398
0.00283170
0.00266211
0.00252446
0.00287244
0.00270392
0.00291839
0.00299071
0.00289162
0.00265679
0.00281372
0.00265702
0.00268499
0.00257518
0.00262939
0.00307462
0.00285915
0.00280506
0.00295564
0.00255491
0.00285079
0.00244019
0.00295967
0.00267273
0.00259065
0.00268114
0.00284979
0.00265272
0.00251568
0.00269016
0.00239022
0.00269775
0.00257077
0.00241245
0.00263921
0.00283721
0.00236317
0.00270524
0.00283197
0.00280886
0.00268155
0.00267217
0.00292458
0.00265295
0.00247302
0.00238781
0.00262743
0.00266915
0.00266192
0.00272317
0.00265853
0.00233375
0.00288411
0.00271908
0.00256637
0.00277924
0.00244266
0.00274165
0.00243881
0.00278506
0.00257866
0.00266768
0.00249105
0.00234428
0.00271289
0.00279081
0.00253165
0.00256082
0.00249218
0.00241736
0.00263540
0.00261882
0.00251037
0.00289354
0.00263434
0.00246622
0.00245299
0.00244403
0.00222636
0.00270625
0.00250648
0.00258821
0.00278243
0.00257887
0.00265884
0.00261138
0.00265117
0.00273294
0.00271408
0.00231313
0.00258132
0.00227864
0.00254895
0.00263341
0.00260894
0.00243857
0.00257936
0.00270468
0.00246357
0.00276347
0.00243156
0.00237551
0.00245535
0.00261481
0.00232954
0.00263177
0.00273032
0.00241729
0.00251813
0.00251653
0.00235839
0.00252737
0.00261816
0.00241220
0.00268798
0.00254955
0.00278226
0.00245607
0.00266343
0.00228766
0.00244183
0.00251170
0.00268105
0.00271647
0.00240884
0.00246614
0.00256253
0.00250793
0.00236261
0.00247447
0.00255823
0.00234065
0.00242048
0.00282079
0.00258710
0.00276431
0.00239397
0.00266043
0.00261446
0.00239116
0.00241463
0.00262258
0.00226967
0.00240996
0.00240039
0.00262177
0.00272749
0.00262622
0.00218096
0.00245599
0.00238157
0.00233324
0.00216565
0.00262842
0.00262257
0.00227757
0.00242916
0.00252369
0.00260047
0.00258130
0.00232155
0.00254329
0.00220493
0.00252153
0.00218520
0.00246893
0.00246482
0.00221059
0.00248924
0.00235665
0.00229251
0.00261486
0.00255055
0.00237225
0.00267766
0.00281989
0.00223438
0.00243711
0.00264043
0.00233531
0.00240214
0.00253291
0.00224558
0.00235004
0.00229693
0.00237316
0.00257644
0.00245314
0.00234507
0.00244219
0.00222719
0.00227647
0.00218971
0.00245289
0.00238680
0.00235874
0.00241585
0.00265536
0.00238715
0.00218623
0.00257662
0.00234400
0.00249832
0.00232158
0.00251784
0.00251472
0.00223619
0.00236327
0.00256324
0.00237870
0.00251462
0.00253862
0.00230150
0.00238734
0.00262748
0.00241671
0.00222490
0.00255662
0.00249401
0.00241037
0.00267065
0.00248047
0.00241308
0.00275815
0.00239065
0.00247152
0.00237004
0.00221100
0.00249824
0.00228413
0.00230519
0.00232408
0.00228582
0.00250186
0.00252828
0.00252468
0.00215968
0.00222197
0.00247777
0.00230584
0.00260704
0.00231572
0.00220436
0.00210901
0.00231889
0.00256620
0.00222572
0.00227004
0.00238125
0.00215560
0.00252530
0.00214720
0.00229733
0.00239506
0.00265014
0.00226619
0.00246707
0.00246426
0.00232933
0.00242349
0.00244006
0.00249106
0.00224005
0.00249323
0.00240465
0.00250549
0.00245959
0.00232656
0.00249354
0.00231277
0.00235747
0.00241736
0.00231586
0.00225256
0.00216472
0.00233019
0.00236838
0.00237019
0.00239982
0.00253312
0.00222987
0.00229002
0.00229462
0.00238879
0.00242104
0.00221049
0.00256924
0.00231083
0.00239443
0.00223572
0.00234153
0.00237929
0.00211181
0.00217435
0.00220867
0.00229636
0.00218863
0.00228795
0.00233892
0.00240810
0.00231440
0.00218768
0.00255971
0.00249992
0.00238758
0.00217170
0.00222465
0.00244742
0.00220935
0.00213687
0.00233285
0.00247741
0.00191770
0.00240782
0.00238436
0.00248242
0.00221830
0.00230857
0.00232862
0.00245370
0.00240264
0.00236299
0.00220051
0.00219835
0.00226880
0.00222311
0.00235627
0.00214554
0.00249686
0.00221823
0.00242062
0.00223568
0.00243875
0.00221189
0.00218455
0.00225571
0.00252271
0.00241629
0.00246263
0.00230536
0.00221582
0.00235282
0.00228978
0.00223912
0.00222746
0.00231939
0.00247421
0.00230930
0.00230406
0.00221330
0.00230851
0.00249772
0.00214541
0.00227711
0.00246184
0.00237825
0.00222904
0.00241400
0.00215827
0.00221534
0.00237995
0.00218327
0.00241160
0.00217995
0.00193908
0.00224698
0.00245165
0.00217950
0.00249071
0.00205053
0.00215161
0.00228204
0.00215127
0.00212376
0.00236189
0.00211128
0.00223810
0.00236514
0.00254813
0.00220111
0.00222848
0.00216283
0.00225444
0.00240554
0.00215124
0.00224105
0.00212797
0.00201498
0.00231059
0.00227242
0.00215545
0.00218913
0.00209536
0.00232625
0.00210909
0.00211274
0.00210418
0.00257000
0.00231060
0.00230276
0.00214306
0.00219354
0.00223914
0.00209027
0.00193034
0.00190876
0.00206872
0.00204071
0.00223581
0.00229219
0.00229679
0.00196955
0.00209771
0.00219916
0.00198496
0.00206670
0.00208847
0.00210746
0.00230428
0.00222984
0.00204596
0.00228743
0.00217303
0.00228061
0.00245913
0.00228534
0.00237177
0.00222287
0.00231959
0.00192843
0.00197682
0.00212077
0.00202720
0.00206382
0.00222818
0.00222116
0.00235483
0.00224827
0.00221672
0.00208593
0.00203196
0.00218047
0.00213545
0.00216157
0.00219128
0.00234210
0.00229689
0.00234160
0.00247103
0.00222239
0.00230226
0.00221767
0.00195079
0.00223583
0.00196987
0.00212146
0.00215881
0.00203241
0.00212292
0.00206993
0.00214927
0.00207682
0.00233226
0.00187466
0.00189454
0.00218549
0.00197385
0.00221306
0.00225272
0.00206398
0.00205909
0.00213066
0.00211638
0.00244107
0.00224904
0.00195048
0.00216570
0.00218250
0.00219229
0.00215656
0.00213710
0.00190316
0.00240082
0.00223827
0.00209923
