0.20195824
0.06320015
0.05539202
0.04571705
0.04054255
0.03336985
0.03047433
0.02810883
0.02648849
0.02500334
0.02089700
0.02226556
0.01890803
0.02086371
0.01725517
0.01904752
0.01741128
0.01689528
0.01596814
0.01593427
0.01576994
0.01441792
0.01487775
0.01438256
0.01272551
0.01368796
0.01219312
0.01313078
0.01212005
0.01263795
0.01222429
0.01257533
0.01142926
0.01184684
0.01000655
0.01147033
0.00992388
0.01211190
0.01027864
0.01008594
0.00998777
0.00970750
0.00922150
0.01070673
0.01025754
0.01034223
0.00923287
0.00986659
0.00988311
0.00983639
0.00918675
0.00911852
0.00940549
0.00854898
0.00895422
0.00870422
0.00810359
0.00862836
0.00815164
0.00816443
0.00848417
0.00829184
0.00785769
0.00765563
0.00810112
0.00802165
0.00857350
0.00794866
0.00760401
0.00789269
0.00780225
0.00789391
0.00783594
0.00776889
0.00769548
0.00730713
0.00722384
0.00746161
0.00704391
0.00693105
0.00737229
0.00727561
0.00700737
0.00701860
0.00691015
0.00680303
0.00667390
0.00672207
0.00661795
0.00703496
0.00664071
0.00652895
0.00632528
0.00638059
0.00676925
0.00686253
0.00683826
0.00616016
0.00668950
0.00559981
0.00651610
0.00657936
0.00635912
0.00657007
0.00624436
0.00619178
0.00564151
0.00582870
0.00560619
0.00623635
0.00594008
0.00593704
0.00615881
0.00596791
0.00607547
0.00577136
0.00594520
0.00594098
0.00585869
0.00570882
0.00583092
0.00528600
0.00528997
0.00564657
0.00574508
0.00487769
0.00547160
0.00564690
0.00518334
0.00564897
0.00553472
0.00539204
0.00535117
0.00542640
0.00536236
0.00505447
0.00518011
0.00494021
0.00519014
0.00521093
0.00539129
0.00549399
0.00540597
0.00516596
0.00514532
0.00469037
0.00504151
0.00530724
0.00539737
0.00532287
0.00512084
0.00484794
0.00525630
0.00505106
0.00513106
0.00475965
0.00473448
0.00483518
0.00487276
0.00472609
0.00466951
0.00485709
0.00487633
0.00480138
0.00484928
0.00434724
0.00497832
0.00482586
0.00472239
0.00477796
0.00491059
0.00474464
0.00464055
0.00462991
0.00427131
0.00465408
0.00443812
0.00488010
0.00482334
0.00474467
0.00469169
0.00470873
0.00469310
0.00464394
0.00460106
0.00452297
0.00406441
0.00455306
0.00442340
0.00421252
0.00454801
0.00446539
0.00436814
0.00431884
0.00422444
0.00409738
0.00427887
0.00417743
0.00420203
0.00447152
0.00434980
0.00428987
0.00439986
0.00433412
0.00413270
0.00385304
0.00424307
0.00409102
0.00411321
0.00428925
0.00425074
0.00428414
0.00418410
0.00430525
0.00401367
0.00416677
0.00404630
0.00416929
0.00421855
0.00421935
0.00385089
0.00415087
0.00392910
0.00409526
0.00401787
0.00404719
0.00414265
0.00373168
0.00380423
0.00391228
0.00412845
0.00399269
0.00400583
0.00394848
0.00413664
0.00390427
0.00393813
0.00391901
0.00395216
0.00379607
0.00376555
0.00355369
0.00380009
0.00388683
0.00388777
0.00401349
0.00398504
0.00393989
0.00322368
0.00385969
0.00378319
0.00399950
0.00375957
0.00370820
0.00393732
0.00383462
0.00382697
0.00383415
0.00378123
0.00369278
0.00373971
0.00371686
0.00347793
0.00370195
0.00377845
0.00384556
0.00370117
0.00368091
0.00362356
0.00367660
0.00352130
0.00364563
0.00368603
0.00352529
0.00360641
0.00360086
0.00347018
0.00374804
0.00360681
0.00352534
0.00347738
0.00346701
0.00360740
0.00352742
0.00364031
0.00327715
0.00349396
0.00344941
0.00352411
0.00342456
0.00367726
0.00355557
0.00340894
0.00326310
0.00355338
0.00359428
0.00367225
0.00359064
0.00350509
0.00350608
0.00345562
0.00342364
0.00337758
0.00346867
0.00331830
0.00346140
0.00335042
0.00325396
0.00325898
0.00321409
0.00343104
0.00341070
0.00351171
0.00335664
0.00308663
0.00336479
0.00337109
0.00322566
0.00343983
0.00344640
0.00318342
0.00338473
0.00328831
0.00341258
0.00345308
0.00327145
0.00337655
0.00312928
0.00319333
0.00292860
0.00327436
0.00318511
0.00318586
0.00322202
0.00344482
0.00336463
0.00329228
0.00315520
0.00322900
0.00331500
0.00327335
0.00320933
0.00324557
0.00305026
0.00331635
0.00328057
0.00316906
0.00335278
0.00320481
0.00307474
0.00318970
0.00305091
0.00317752
0.00315435
0.00314302
0.00302876
0.00318787
0.00301919
0.00313978
0.00298523
0.00324133
0.00306525
0.00316165
0.00325312
0.00316676
0.00297997
0.00310046
0.00307448
0.00322869
0.00323142
0.00312219
0.00308872
0.00316395
0.00302267
0.00318051
0.00324439
0.00302190
0.00308947
0.00307484
0.00309769
0.00274753
0.00312716
0.00299083
0.00292305
0.00281086
0.00309195
0.00311364
0.00292571
0.00308144
0.00304159
0.00307420
0.00289452
0.00283049
0.00295549
0.00306501
0.00299824
0.00305401
0.00299950
0.00309671
0.00298633
0.00304050
0.00299440
0.00305423
0.00290939
0.00286762
0.00302415
0.00300672
0.00285749
0.00287132
0.00284563
0.00281874
0.00293716
0.00277930
0.00303895
0.00297582
0.00289599
0.00272486
0.00260056
0.00305449
0.00283196
0.00268938
0.00291151
0.00290498
0.00287463
0.00275172
0.00285485
0.00288809
0.00283841
0.00276340
0.00290007
0.00290817
0.00290661
0.00280465
0.00293821
0.00279796
0.00288400
0.00261119
0.00284921
0.00292991
0.00283948
0.00290401
0.00286703
0.00290705
0.00287946
0.00280182
0.00284732
0.00264187
0.00290955
0.00290146
0.00272682
0.00271716
0.00278494
0.00268232
0.00281806
0.00281831
0.00273883
0.00280708
0.00281937
0.00287024
0.00257536
0.00275043
0.00276540
0.00273521
0.00278788
0.00234685
0.00263940
0.00274365
0.00272682
0.00276520
0.00283310
0.00271760
0.00276420
0.00270078
0.00275487
0.00271700
0.00274220
0.00271012
0.00271380
0.00273469
0.00281172
0.00272465
0.00266968
0.00256466
0.00260542
0.00264896
0.00258554
0.00265028
0.00254049
0.00269702
0.00270550
0.00266845
0.00263218
0.00264582
0.00272758
0.00255537
0.00266603
0.00270760
0.00270671
0.00269523
0.00275798
0.00259655
0.00249743
0.00244753
0.00257093
0.00266105
0.00256388
0.00253975
0.00257779
0.00270220
0.00260786
0.00263488
0.00270427
0.00270264
0.00261312
0.00257243
0.00254696
0.00263237
0.00206779
0.00274141
0.00261082
0.00252281
0.00252441
0.00260765
0.00255932
0.00242635
0.00260254
0.00258470
0.00257722
0.00263258
0.00259881
0.00257065
0.00260746
0.00263345
0.00256911
0.00258181
0.00249072
0.00235020
0.00258304
0.00238846
0.00252996
0.00254260
0.00240330
0.00262880
0.00258691
0.00252918
0.00262663
0.00251161
0.00251766
0.00236127
0.00246400
0.00251864
0.00245069
0.00256865
0.00251582
0.00249794
0.00245386
0.00237627
0.00251317
0.00253589
0.00258631
0.00254635
0.00256992
0.00238953
0.00246676
0.00246995
0.00241801
0.00256453
0.00250644
0.00235672
0.00242746
0.00237895
0.00248930
0.00243763
0.00257102
0.00242142
0.00243153
0.00234720
0.00246864
0.00252319
0.00246762
0.00236504
0.00244972
0.00248098
0.00240905
0.00250680
0.00240853
0.00250590
0.00240415
0.00253560
0.00251360
0.00220379
0.00242679
0.00236961
0.00244875
0.00238949
0.00251280
0.00238438
0.00223812
0.00234603
0.00236231
0.00239629
0.00237020
0.00235854
0.00234337
0.00228723
0.00220438
0.00245310
0.00234572
0.00210207
0.00231936
0.00228216
0.00238973
0.00232707
0.00236083
0.00234600
0.00234556
0.00225009
0.00237047
0.00222618
0.00241639
0.00235667
0.00237271
0.00237926
0.00231065
0.00239510
0.00219150
0.00235938
0.00230431
0.00229684
0.00235923
0.00227236
0.00225351
0.00233223
0.00233833
0.00240004
0.00236527
0.00232106
0.00220119
0.00227749
0.00227478
0.00227965
0.00234005
0.00239822
0.00229244
0.00223122
0.00219913
0.00228009
0.00236446
0.00234459
0.00232423
0.00227703
0.00233184
0.00233063
0.00223951
0.00232301
0.00226251
0.00225388
0.00235036
0.00226923
0.00217299
0.00229535
0.00228716
0.00231061
0.00225148
0.00191911
0.00236468
0.00226160
0.00228620
0.00227022
0.00232193
0.00228566
0.00218771
0.00223389
0.00230997
0.00226801
0.00231922
0.00212293
0.00213732
0.00221379
0.00224171
0.00224368
0.00230529
0.00213116
0.00222198
0.00228520
0.00218386
0.00219366
0.00226614
0.00219150
0.00219113
0.00225728
0.00226484
0.00225569
0.00220758
0.00222166
0.00223958
0.00225077
0.00225076
0.00227158
0.00224349
0.00220921
0.00220328
0.00215832
0.00213350
0.00225041
0.00218547
0.00215103
0.00221090
0.00212115
0.00220654
0.00223014
0.00221954
0.00210837
0.00230241
0.00226480
0.00219251
0.00212540
0.00229568
0.00211964
0.00227470
0.00217943
0.00217103
0.00218867
0.00221735
0.00203812
0.00220850
0.00213174
0.00217496
0.00208166
0.00224868
0.00215982
0.00215651
0.00206895
0.00202487
0.00215088
0.00209541
0.00210499
0.00220064
0.00211527
0.00212079
0.00200524
0.00220931
0.00200553
0.00212251
0.00216545
0.00211353
0.00203813
0.00205323
0.00212329
0.00213858
0.00216472
0.00199976
0.00217104
0.00201487
0.00216195
0.00198172
0.00209507
0.00214402
0.00206283
0.00197481
0.00208833
0.00212666
0.00206356
0.00199659
0.00198277
0.00205244
0.00211087
0.00205287
0.00204235
0.00213244
0.00210480
0.00206404
0.00205837
0.00204296
0.00198177
0.00203466
0.00206625
0.00206941
0.00206644
0.00210313
0.00216033
0.00190692
0.00201121
0.00206789
0.00210534
0.00213407
0.00217997
0.00213390
0.00200413
0.00209283
0.00210448
0.00189701
0.00203037
0.00206323
0.00211295
0.00208795
0.00207509
0.00198643
0.00197284
0.00197734
0.00212745
0.00207223
0.00199489
0.00191717
0.00186269
0.00205737
0.00201328
0.00199859
0.00207968
0.00207954
0.00198761
0.00206940
0.00203422
0.00193770
0.00210996
0.00200919
0.00204899
0.00193711
0.00198710
0.00204384
0.00198705
0.00203798
0.00198283
0.00193669
0.00202575
0.00189415
0.00205550
0.00203054
0.00191955
0.00198611
0.00194914
0.00197309
0.00194135
0.00197725
0.00207516
0.00202554
0.00201202
0.00205331
0.00202697
0.00209593
0.00194831
0.00198647
0.00193401
0.00207045
0.00192521
0.00194255
0.00185970
0.00198239
0.00198429
0.00197945
0.00197101
0.00194193
0.00186981
0.00206766
0.00195446
0.00204775
0.00198691
0.00208650
0.00197451
0.00195225
0.00193137
0.00190849
0.00193442
0.00194286
0.00203643
0.00189948
0.00205712
0.00192660
0.00199887
0.00204170
0.00200596
0.00194122
0.00188921
0.00196324
0.00196140
0.00188865
0.00203942
0.00203825
0.00187883
0.00198858
0.00199933
0.00196484
0.00201586
0.00195806
0.00202383
0.00195819
0.00196161
0.00185459
0.00192953
0.00198456
0.00197158
0.00200801
0.00188956
0.00195573
0.00188271
0.00174344
0.00192424
0.00182717
0.00185335
0.00193243
0.00195442
0.00196270
0.00192810
0.00189402
0.00184492
0.00188796
0.00192219
0.00194234
0.00193856
0.00197039
0.00195927
0.00197999
0.00190044
0.00201060
0.00189673
0.00195340
0.00181817
0.00186800
0.00180941
0.00181250
0.00186164
0.00191830
0.00191250
0.00185261
0.00176427
0.00194670
0.00195138
0.00191078
0.00199042
0.00186820
0.00198105
0.00202382
0.00190156
0.00193096
0.00186220
0.00192238
0.00170088
0.00184803
0.00190460
0.00187991
0.00193713
0.00186795
0.00194495
0.00190342
0.00187400
0.00185144
0.00187339
0.00188344
0.00190220
0.00193798
0.00196203
0.00187808
0.00191142
0.00183739
0.00188030
0.00191003
0.00184636
0.00188937
0.00192000
0.00188957
0.00185123
0.00185787
0.00181728
0.00187073
0.00189985
0.00185943
0.00188522
0.00184954
0.00189495
0.00183725
0.00182441
0.00181938
0.00186469
0.00178630
0.00184312
0.00179145
0.00191880
0.00187830
0.00190759
0.00189680
0.00177737
0.00183551
0.00185427
0.00178121
0.00179593
0.00186702
0.00175435
0.00188005
0.00186945
0.00175647
0.00182909
0.00166678
0.00184206
0.00189110
0.00187979
0.00182578
0.00178056
0.00177615
0.00178291
0.00184781
0.00181908
0.00187156
0.00181832
0.00175973
0.00181715
0.00174783
0.00178038
0.00187100
0.00182314
0.00180017
0.00182515
0.00184207
0.00176033
0.00178551
0.00181150
0.00183325
0.00181960
0.00181752
0.00175405
0.00177151
0.00175905
0.00187009
0.00177156
0.00177749
0.00167541
0.00152532
0.00177021
0.00170815
0.00186101
0.00178383
0.00175431
0.00178197
0.00182597
0.00182659
0.00177943
0.00176119
0.00181740
0.00187754
0.00182951
0.00182692
0.00159763
0.00169130
0.00179612
0.00154196
0.00168268
0.00175467
0.00157324
0.00174938
0.00175673
0.00178772
0.00181711
0.00168641
0.00179930
0.00181300
0.00185709
0.00182206
0.00177938
0.00183180
0.00173925
0.00168648
0.00180857
0.00166167
0.00165057
0.00169736
0.00162569
0.00180829
0.00178431
0.00180637
0.00179439
0.00180276
0.00170780
0.00180091
0.00171229
0.00180877
0.00177909
0.00176291
0.00175499
0.00170434
0.00175433
0.00174647
0.00181821
0.00175766
0.00180417
0.00166476
0.00187163
0.00176818
0.00162617
0.00177457
0.00177089
0.00174498
0.00173912
0.00177195
0.00174601
0.00175562
0.00174397
0.00177496
0.00167880
0.00171494
0.00172870
0.00180393
0.00172098
0.00170643
0.00174931
0.00173830
0.00150783
0.00174270
0.00171186
0.00174642
0.00162828
0.00157818
0.00174845
0.00169617
0.00162279
0.00173579
0.00168084
0.00168520
0.00173560
0.00168820
0.00173504
0.00165666
0.00166252
0.00168364
0.00164849
0.00167103
0.00170440
0.00171183
0.00178650
0.00170513
0.00172475
0.00174193
0.00172846
0.00161728
0.00176475
0.00172375
0.00170246
0.00166567
0.00168310
0.00173846
0.00167251
0.00174809
0.00173487
0.00176056
0.00171562
0.00171045
0.00170067
0.00140668
0.00160768
0.00170950
0.00171484
0.00166352
0.00164413
0.00166847
0.00171245
0.00172254
0.00168740
0.00170236
0.00169413
0.00172565
0.00175885
0.00171513
0.00167274
0.00165885
0.00173505
0.00165951
0.00176423
0.00165609
0.00171799
0.00168152
0.00163723
0.00159164
0.00168032
0.00172610
0.00172667
0.00167534
0.00171144
0.00151764
0.00167272
0.00166462
0.00165007
0.00158375
0.00169107
0.00167240
0.00162814
0.00166216
0.00160789
0.00172883
0.00164348
0.00167159
0.00149283
0.00169490
0.00167363
0.00171270
0.00160508
0.00165526
0.00169281
0.00164079
0.00167284
0.00162019
0.00165163
0.00160800
0.00165094
0.00168638
0.00171955
0.00156314
0.00161740
0.00164800
0.00155135
0.00166321
0.00155480
0.00153603
0.00166170
0.00161877
0.00159881
0.00171698
0.00172534
0.00160230
0.00161369
0.00165346
0.00158279
0.00157798
0.00160878
0.00165411
0.00157564
0.00160177
0.00169692
0.00167260
0.00168023
0.00162429
0.00163421
0.00165168
0.00170251
0.00163799
0.00162602
0.00164443
0.00164777
0.00166208
0.00168277
0.00158001
0.00167280
0.00163165
0.00160565
0.00155104
0.00164857
0.00161402
0.00159223
0.00162434
0.00158751
0.00167981
0.00165160
0.00150974
0.00165920
0.00161580
0.00168652
0.00161689
0.00159336
0.00165122
0.00155207
0.00160931
0.00163666
0.00163434
0.00160658
0.00159484
0.00151082
0.00154844
0.00165112
0.00159898
0.00163741
0.00158559
0.00154624
0.00161036
0.00160064
0.00153589
0.00160744
0.00165598
0.00161463
0.00153377
0.00160669
0.00166123
0.00157152
0.00154291
0.00159992
0.00163910
0.00158517
0.00153982
0.00152210
0.00167320
0.00163759
0.00157976
0.00158301
0.00156227
0.00161223
0.00153942
0.00160944
0.00157250
0.00164268
0.00163539
0.00158678
0.00160763
0.00158472
0.00151069
0.00162491
0.00155778
0.00156274
0.00161329
0.00159755
0.00161705
0.00159841
0.00158195
0.00156936
0.00157272
0.00158722
0.00154046
0.00160971
0.00159616
0.00150400
0.00164283
0.00158338
0.00163961
0.00156184
0.00162361
0.00147105
0.00150157
0.00144946
0.00158955
0.00150791
0.00152248
0.00155057
0.00149473
0.00148124
0.00159796
0.00163325
0.00156402
0.00159268
0.00160331
0.00156924
0.00147304
0.00160124
0.00153504
0.00151414
0.00158496
0.00162238
0.00163427
0.00162033
0.00150636
0.00161669
0.00155996
0.00153956
0.00152080
0.00153200
0.00159526
0.00152674
0.00140883
0.00158905
0.00157078
0.00155038
0.00152001
0.00154064
0.00155081
0.00148150
0.00157465
0.00154362
0.00157475
0.00146073
0.00153417
0.00153506
0.00157092
0.00153018
0.00155316
0.00155878
0.00156855
0.00155937
0.00153589
0.00158848
0.00152584
0.00156001
0.00153713
0.00150451
0.00149783
0.00157609
0.00150956
0.00158250
0.00149323
0.00151103
0.00155541
0.00151351
0.00156662
0.00154576
0.00152276
0.00153304
0.00150037
0.00147002
0.00147994
0.00138316
0.00153241
0.00149390
0.00152987
0.00158410
0.00152396
0.00155340
0.00153296
0.00143608
0.00155282
0.00155890
0.00155702
0.00155711
0.00147872
0.00148313
0.00155541
0.00153753
0.00148700
0.00158480
0.00150363
0.00154895
0.00155381
0.00150490
0.00149392
0.00158444
0.00146232
0.00153880
0.00151958
0.00151389
0.00146686
0.00154554
0.00150780
0.00148017
0.00148153
0.00152640
0.00148847
0.00152490
0.00153211
0.00149293
0.00149024
0.00143039
0.00152009
0.00150143
0.00145165
0.00151597
0.00150639
0.00143870
0.00153023
0.00143378
0.00154337
0.00144220
0.00141404
0.00152528
0.00149521
0.00155343
0.00149935
0.00145880
0.00144975
0.00151111
0.00141340
0.00156472
0.00149382
0.00146064
0.00155523
0.00148454
0.00153735
0.00158135
0.00144364
0.00147318
0.00156954
0.00141423
0.00143363
0.00141734
0.00146076
0.00149486
0.00142757
0.00143378
0.00149538
0.00148336
0.00142812
0.00151894
0.00149710
0.00136721
0.00152793
0.00144715
0.00144361
0.00154684
0.00143647
0.00134918
0.00146234
0.00147573
0.00145380
0.00151796
0.00144601
0.00153005
0.00152386
0.00153386
0.00151429
0.00144631
0.00150906
0.00147962
0.00150387
0.00145205
0.00131527
0.00146232
0.00149718
0.00152661
0.00143635
