219.28152166
51.42716114
57.39297377
73.98901572
18.15292492
33.91688385
37.62158732
26.92429301
20.16431509
33.26161626
28.85057748
16.40762978
14.90418014
23.02920638
39.95102562
9.97950577
14.95359393
15.76573844
8.88882035
10.50131263
12.67453698
9.37609176
12.55302440
12.13039233
15.00502736
22.28931597
6.22009478
18.21248582
19.19508557
14.61058018
11.90014057
9.24556916
8.16901862
10.56568203
10.84027226
8.35471371
12.31377986
13.99128565
9.63502426
16.73635977
17.99627706
8.50271284
6.75403350
6.04403383
17.30505340
10.46187357
12.58170605
6.97066988
9.68754596
7.36129897
13.35927676
7.56884258
8.58577335
16.08671269
8.09200151
14.27139694
4.78265719
8.51586981
9.94743121
10.60345119
7.83427845
7.19899188
7.85122621
8.77143030
8.79457641
13.47712050
10.25672126
9.50693652
8.66045180
6.97636725
7.12530622
5.22871559
6.75013661
9.95439286
7.29320122
4.59028785
8.68353357
5.82912880
8.70423169
7.71034830
6.48564712
6.28232321
6.71283480
4.65906008
5.08660497
5.62838600
4.49756222
10.22316135
7.46518789
9.56628215
5.94172381
10.86248665
6.07719919
5.78548777
5.87669216
6.06334947
5.09096835
5.07576015
9.50618003
6.56903063
5.83963915
5.11935295
11.58358548
4.20359049
5.70846266
4.14123295
5.22368606
8.60220523
8.13299259
4.96697432
5.83261660
6.41808052
3.70385653
6.09649467
7.52270294
7.23845827
8.00042287
5.44036929
6.93203649
6.91771519
3.04112956
6.43774781
4.70372639
4.60645332
7.34787795
5.51984810
5.52626598
2.18287846
9.54208815
8.87919872
5.42545471
7.54430494
4.77775904
4.54111597
6.83767561
8.03073101
7.27218914
5.13640452
5.44930172
5.57466638
4.86434604
4.23048008
3.79060222
3.40838227
5.27186639
6.56178068
6.73770492
3.32375183
6.47141459
6.14875938
5.16417803
6.36925348
6.35199842
4.91176468
4.96771766
5.43956917
4.13492215
4.73279307
6.03207421
3.51933786
6.12081490
5.94811657
7.04889182
6.84712191
3.11643360
7.46135167
3.82100144
5.71445039
3.36703101
4.43151015
3.13299174
3.67643084
5.82560415
6.72182232
5.10211493
5.23391934
4.65735574
4.42781711
5.75181658
3.85325467
5.80156721
3.55773186
2.37293705
6.36528591
5.38349341
4.01426180
4.03652219
4.37606850
4.71166430
3.49124153
4.31099637
3.17878570
4.97270723
3.89582744
6.38560527
4.13432347
3.67758957
3.75394649
4.81048521
4.48665144
4.35474211
5.44366362
2.32236799
5.41101113
3.51792295
2.13070685
3.87728512
3.58968431
3.93577153
3.33819853
4.13701700
4.53139436
2.56757194
4.90673568
2.89858026
4.25433730
3.20520743
3.91707171
4.20556905
3.53915438
3.94031070
6.86026925
6.34933247
2.56198348
2.80294564
3.45632493
4.72456292
4.40329885
3.81308969
6.02164091
2.03069468
2.45457159
4.58945668
3.88628817
4.41202060
4.49033643
5.04354554
4.54183887
4.62710255
4.42057027
2.99561005
5.28701710
3.46846338
3.48458266
5.56561797
4.51916374
4.33786155
3.93410908
4.32644802
3.09849937
4.69132389
4.60584687
4.22615312
5.06088269
4.09737692
3.44431975
2.74527314
2.18642984
6.64083282
6.83009689
3.23074047
2.63064225
3.66407348
2.99684178
5.02851089
3.29361377
2.59361667
4.47368178
3.13515766
4.23388174
4.50836403
3.48538851
2.88210498
2.95223134
1.98828381
3.70244792
1.41114477
1.73525163
5.09400267
5.11403600
4.18951132
3.41998677
4.57035730
3.32378961
4.00281646
2.79054540
2.74075788
3.58184541
5.97388684
3.61862528
3.73779019
3.57311626
3.54115135
3.80384098
2.93947809
3.20075841
3.72012710
1.98269148
3.65891417
4.74400947
4.50076164
2.17429811
3.61311707
3.31407567
3.03998834
3.40295706
3.38198314
1.80808879
3.72120083
4.40953199
4.08327124
2.94805451
1.82307947
4.25871174
2.71862256
2.47564188
5.46554475
4.97740550
4.14643653
5.88943467
1.44420754
5.04767370
3.49053295
2.03323958
2.59416518
3.38050998
2.05965249
4.29262501
3.44010944
4.32719954
3.36161776
5.28219093
4.72967834
2.55652923
2.92953439
2.70858768
2.61087505
3.71327786
2.57891283
2.78545682
4.94391228
1.43635189
3.69233642
1.94268088
3.26067343
3.20242947
3.40492920
3.18587670
3.83926020
4.71743853
3.05712175
2.82929722
3.06884383
3.68189484
2.92498760
2.75565541
2.90039696
4.07714609
2.53322071
3.67041313
2.81164281
2.08749072
3.87305662
4.07996908
3.58112699
2.96404833
3.38115912
3.44540676
2.70484708
4.00275370
4.11462777
2.85702386
2.50308248
2.71602092
4.21544425
3.56403382
3.76717438
3.00662085
2.09558431
2.38891217
3.42731727
2.39335769
2.20018202
2.98310617
2.47859710
2.44569196
2.44480371
4.15129199
3.66608615
3.38735774
3.35660535
2.87837606
3.38381664
2.12087779
3.05007903
2.97583758
2.49193097
3.05049452
3.10115190
2.55285280
2.86097342
1.41673589
1.99707836
2.10856010
2.93820975
1.51588590
4.12516483
3.15053618
1.93352624
2.04629929
4.95176322
2.47389300
3.16608238
3.93423584
2.64091286
4.84767032
3.96742415
2.20147638
2.80856700
3.72859007
4.33965816
2.74919214
4.78394439
3.07240015
2.94805407
3.66509520
1.78087415
2.30420701
2.58256446
3.46569562
5.29199362
3.61247468
2.65012002
2.69799986
1.96752762
3.69077970
2.05483581
3.07524264
2.04521409
2.00950306
2.33445411
3.05081656
2.96567796
4.62532610
3.00282678
3.70780635
1.36950396
2.53412240
2.15674539
3.27061423
4.52123774
1.97558410
2.63915300
2.66416181
3.64195107
2.71030344
1.88124807
4.15338224
2.23178171
3.68132898
2.08254749
3.98879013
5.23026504
3.50759411
1.94245776
3.20808139
2.14839358
2.65308988
2.51280504
2.55793374
3.69515631
1.99031817
3.97867015
3.36113414
2.97421032
2.57744434
1.98084204
2.92492247
2.91084016
3.41337573
3.12512899
2.66338104
2.90424874
1.93171610
2.25018152
3.21751555
3.61647452
2.78349257
2.36470409
2.90383240
1.70454204
2.61834556
1.72152593
3.70356925
1.45313998
2.37272274
3.55947308
4.10097312
1.98978441
