-30.55555556 932.94885254
14.96396396 224.14425659
22.89189189 538.58923340
-13.51051051 183.56204224
28.04504505 788.93542480
10.47147147 110.39170074
12.05705706 146.09851074
-14.10510511 199.97546387
25.13813814 636.11322021
-15.03003003 226.58125305
-23.94894895 571.46301270
30.02702703 905.83569336
1.02402402 1.04074907
19.06006006 367.09805298
23.81681682 576.79473877
9.28228228 86.72581482
15.69069069 246.78956604
12.12312312 147.64550781
-5.78078078 33.51085663
-28.30930931 804.43218994
-18.92792793 365.39080811
-28.57357357 818.58319092
-17.73873874 315.84762573
23.55255255 565.61151123
-19.98498498 406.52960205
9.21621622 85.52655029
-8.15915916 66.99797058
-20.31531532 418.23519897
-26.45945946 708.93750000
11.79279279 140.06965637
9.94294294 99.63431549
-18.26726727 336.98080444
-19.45645646 388.53018188
16.41741742 271.71228027
-2.47747748 6.32878780
-23.35435435 543.01300049
-31.67867868 1004.70251465
26.26126126 691.29779053
3.07207207 9.35936928
9.67867868 94.27871704
12.38738739 153.99812317
28.77177177 830.35760498
21.24024024 456.79495239
3.53453453 12.42112446
5.91291291 35.05451202
-8.55555556 73.81404877
6.37537538 40.94709396
25.53453453 655.06878662
19.45645646 381.99224854
27.31831832 747.59606934
-32.00900901 1027.04870605
17.01201201 293.95718384
-3.66666667 13.47120857
-11.19819820 125.79370117
24.54354354 608.70135498
32.00900901 1039.20495605
2.87387387 8.17410564
1.68468468 2.81753373
-22.16516517 490.28448486
24.01501502 585.32727051
-20.97597598 442.66619873
28.24324324 800.48803711
-26.32732733 700.94018555
5.18618619 27.33596420
-20.77777778 435.19085693
-28.50750751 815.02160645
7.63063063 58.70600510
3.27027027 10.69689941
-10.66966967 114.34096527
-11.72672673 138.19100952
-14.56756757 213.74450684
-13.97297297 196.20648193
-16.41741742 268.61596680
26.98798799 729.52819824
-17.40840841 303.31582642
0.56156156 0.31132102
14.30330330 205.30448914
28.50750751 815.28601074
-17.80480480 318.41510010
8.02702703 64.92922211
15.03003003 226.11434937
-17.67267267 313.30041504
21.96696697 491.29882812
-5.97897898 35.92878723
19.65465465 389.66394043
-23.55255255 552.33526611
26.85585586 722.42395020
6.57357357 43.55677414
-19.85285285 401.93908691
-28.70570571 825.75213623
-21.17417417 450.26864624
-14.50150150 211.72119141
21.83483483 484.83773804
16.02102102 257.82235718
-2.41141141 5.94824696
-22.56156156 507.26696777
14.23723724 203.41444397
25.20420420 639.23406982
21.43843844 465.95809937
1.22222222 1.47472715
