933.64197531 -30.79176331
223.92021751 -15.09746075
524.03871439 -23.12819290
182.53389425 -13.56002235
786.52455158 -28.25282478
109.65171478 -10.53903294
145.37262488 -12.10824203
198.95399003 -14.18794632
631.92598905 -25.35690880
225.90180270 -15.16795063
573.55215576 -24.18906593
901.62235208 -30.27739716
1.04862520 -1.03611004
363.28588949 -19.05461121
567.24076329 -24.05584717
86.16076437 -9.34192085
246.19777435 -15.85640240
146.97011426 -12.17314720
33.41742644 -5.81825733
801.41699357 -28.53124809
358.26645564 -18.93324852
816.44910676 -28.80710220
314.66285204 -17.85363770
554.72273174 -23.79386902
399.39962485 -20.00350952
84.93864134 -9.27403736
66.57187818 -8.18648624
412.71203636 -20.36348152
700.10299489 -26.59810638
139.06996185 -11.84792137
98.86211437 -9.99750519
333.69305341 -18.33794022
378.55369784 -19.42965126
269.53159466 -16.58586693
6.13789465 -2.46742749
545.42586731 -23.59613991
1003.53868283 -31.83364868
689.65384303 -26.41262817
9.43762682 -3.09013724
93.67682097 -9.73987293
153.44736629 -12.43554974
827.81485089 -29.01233101
451.14780546 -21.37598610
12.49293438 -3.55208755
34.96253912 -5.94845867
73.19753086 -8.58330059
40.64541118 -6.41103745
652.01245390 -25.73425484
378.55369784 -19.42965126
746.29051574 -27.47432709
1024.57665774 -32.10090256
289.40855270 -17.16283417
13.44444444 -3.68716669
125.39964289 -11.27679539
602.38552967 -24.77961922
1024.57665774 -32.10090256
8.25915104 -2.88920999
2.83816249 -1.69496095
491.29454680 -22.37349510
576.72094617 -24.25539780
439.99156814 -21.08325768
797.68078890 -28.46189117
693.12816420 -26.47460938
26.89652716 -5.21575451
431.71604938 -20.86212921
812.67798429 -28.73838043
58.22652382 -7.67168617
10.69466764 -3.28601670
113.84185086 -10.74564934
137.51611972 -11.78581047
212.21402484 -14.67611408
195.24397370 -14.04763603
269.53159466 -16.58586693
728.35149564 -27.11922073
303.05268331 -17.54291534
0.31535139 -0.56654721
204.58448539 -14.39870739
812.67798429 -28.73838043
317.01107414 -17.91505623
64.43316289 -8.05859470
225.90180270 -15.16795063
312.32335940 -17.79195786
482.54763773 -22.16327667
35.74818963 -6.01317406
386.30544959 -19.63858032
554.72273174 -23.79386902
721.23699375 -26.97905731
43.21186953 -6.61046314
394.13576640 -19.85762215
824.01754006 -28.94407463
448.34565196 -21.30309296
210.29354580 -14.60723400
476.76001226 -22.02208519
256.67311456 -16.18992233
5.81490500 -2.40229177
509.02406010 -22.78815460
202.69892415 -14.32856560
635.25190957 -25.42021370
459.60664268 -21.59333038
1.49382716 -1.22996938
