-30.79176331 -30.55555556
-15.09746075 14.96396396
-23.12819290 22.89189189
-13.56002235 -13.51051051
-28.25282478 28.04504505
-10.53903294 10.47147147
-12.10824203 12.05705706
-14.18794632 -14.10510511
-25.35690880 25.13813814
-15.16795063 -15.03003003
-24.18906593 -23.94894895
-30.27739716 30.02702703
-1.03611004 1.02402402
-19.05461121 19.06006006
-24.05584717 23.81681682
-9.34192085 9.28228228
-15.85640240 15.69069069
-12.17314720 12.12312312
-5.81825733 -5.78078078
-28.53124809 -28.30930931
-18.93324852 -18.92792793
-28.80710220 -28.57357357
-17.85363770 -17.73873874
-23.79386902 23.55255255
-20.00350952 -19.98498498
-9.27403736 9.21621622
-8.18648624 -8.15915916
-20.36348152 -20.31531532
-26.59810638 -26.45945946
-11.84792137 11.79279279
-9.99750519 9.94294294
-18.33794022 -18.26726727
-19.42965126 -19.45645646
-16.58586693 16.41741742
-2.46742749 -2.47747748
-23.59613991 -23.35435435
-31.83364868 -31.67867868
-26.41262817 26.26126126
-3.09013724 3.07207207
-9.73987293 9.67867868
-12.43554974 12.38738739
-29.01233101 28.77177177
-21.37598610 21.24024024
-3.55208755 3.53453453
-5.94845867 5.91291291
-8.58330059 -8.55555556
-6.41103745 6.37537538
-25.73425484 25.53453453
-19.42965126 19.45645646
-27.47432709 27.31831832
-32.10090256 -32.00900901
-17.16283417 17.01201201
-3.68716669 -3.66666667
-11.27679539 -11.19819820
-24.77961922 24.54354354
-32.10090256 32.00900901
-2.88920999 2.87387387
-1.69496095 1.68468468
-22.37349510 -22.16516517
-24.25539780 24.01501502
-21.08325768 -20.97597598
-28.46189117 28.24324324
-26.47460938 -26.32732733
-5.21575451 5.18618619
-20.86212921 -20.77777778
-28.73838043 -28.50750751
-7.67168617 7.63063063
-3.28601670 3.27027027
-10.74564934 -10.66966967
-11.78581047 -11.72672673
-14.67611408 -14.56756757
-14.04763603 -13.97297297
-16.58586693 -16.41741742
-27.11922073 26.98798799
-17.54291534 -17.40840841
-0.56654721 0.56156156
-14.39870739 14.30330330
-28.73838043 28.50750751
-17.91505623 -17.80480480
-8.05859470 8.02702703
-15.16795063 15.03003003
-17.79195786 -17.67267267
-22.16327667 21.96696697
-6.01317406 -5.97897898
-19.63858032 19.65465465
-23.79386902 -23.55255255
-26.97905731 26.85585586
-6.61046314 6.57357357
-19.85762215 -19.85285285
-28.94407463 -28.70570571
-21.30309296 -21.17417417
-14.60723400 -14.50150150
-22.02208519 21.83483483
-16.18992233 16.02102102
-2.40229177 -2.41141141
-22.78815460 -22.56156156
-14.32856560 14.23723724
-25.42021370 25.20420420
-21.59333038 21.43843844
-1.22996938 1.22222222
