932.94885254 933.64197531
224.14425659 223.92021751
538.58923340 524.03871439
183.56204224 182.53389425
788.93542480 786.52455158
110.39170074 109.65171478
146.09851074 145.37262488
199.97546387 198.95399003
636.11322021 631.92598905
226.58125305 225.90180270
571.46301270 573.55215576
905.83569336 901.62235208
1.04074907 1.04862520
367.09805298 363.28588949
576.79473877 567.24076329
86.72581482 86.16076437
246.78956604 246.19777435
147.64550781 146.97011426
33.51085663 33.41742644
804.43218994 801.41699357
365.39080811 358.26645564
818.58319092 816.44910676
315.84762573 314.66285204
565.61151123 554.72273174
406.52960205 399.39962485
85.52655029 84.93864134
66.99797058 66.57187818
418.23519897 412.71203636
708.93750000 700.10299489
140.06965637 139.06996185
99.63431549 98.86211437
336.98080444 333.69305341
388.53018188 378.55369784
271.71228027 269.53159466
6.32878780 6.13789465
543.01300049 545.42586731
1004.70251465 1003.53868283
691.29779053 689.65384303
9.35936928 9.43762682
94.27871704 93.67682097
153.99812317 153.44736629
830.35760498 827.81485089
456.79495239 451.14780546
12.42112446 12.49293438
35.05451202 34.96253912
73.81404877 73.19753086
40.94709396 40.64541118
655.06878662 652.01245390
381.99224854 378.55369784
747.59606934 746.29051574
1027.04870605 1024.57665774
293.95718384 289.40855270
13.47120857 13.44444444
125.79370117 125.39964289
608.70135498 602.38552967
1039.20495605 1024.57665774
8.17410564 8.25915104
2.81753373 2.83816249
490.28448486 491.29454680
585.32727051 576.72094617
442.66619873 439.99156814
800.48803711 797.68078890
700.94018555 693.12816420
27.33596420 26.89652716
435.19085693 431.71604938
815.02160645 812.67798429
58.70600510 58.22652382
10.69689941 10.69466764
114.34096527 113.84185086
138.19100952 137.51611972
213.74450684 212.21402484
196.20648193 195.24397370
268.61596680 269.53159466
729.52819824 728.35149564
303.31582642 303.05268331
0.31132102 0.31535139
205.30448914 204.58448539
815.28601074 812.67798429
318.41510010 317.01107414
64.92922211 64.43316289
226.11434937 225.90180270
313.30041504 312.32335940
491.29882812 482.54763773
35.92878723 35.74818963
389.66394043 386.30544959
552.33526611 554.72273174
722.42395020 721.23699375
43.55677414 43.21186953
401.93908691 394.13576640
825.75213623 824.01754006
450.26864624 448.34565196
211.72119141 210.29354580
484.83773804 476.76001226
257.82235718 256.67311456
5.94824696 5.81490500
507.26696777 509.02406010
203.41444397 202.69892415
639.23406982 635.25190957
465.95809937 459.60664268
1.47472715 1.49382716
