933.64197531 30.46407890
223.92021751 14.90470886
524.03871439 22.81124687
182.53389425 13.45773888
786.52455158 27.94427299
109.65171478 10.43241692
145.37262488 12.01303482
198.95399003 14.04924583
631.92598905 25.04201126
225.90180270 14.97006130
573.55215576 23.86167336
901.62235208 29.92407036
1.04862520 1.01537526
363.28588949 18.97896385
567.24076329 23.72887230
86.16076437 9.24699211
246.19777435 15.62857342
146.97011426 12.07905197
33.41742644 5.76840973
801.41699357 28.20577049
358.26645564 18.85162926
816.44910676 28.47053719
314.66285204 17.67153740
554.72273174 23.46611214
399.39962485 19.91162300
84.93864134 9.18208790
66.57187818 8.13139629
412.71203636 20.24318886
700.10299489 26.36211777
139.06996185 11.75049782
98.86211437 9.90397644
333.69305341 18.20325279
378.55369784 19.37455559
269.53159466 16.35511589
6.13789465 2.47225738
545.42586731 23.26787376
1003.53868283 31.58128548
689.65384303 26.16374397
9.43762682 3.06858802
93.67682097 9.64706421
153.44736629 12.34283066
827.81485089 28.66784477
451.14780546 21.16603470
12.49293438 3.53274536
34.96253912 5.90247011
73.19753086 8.52726078
40.64541118 6.36292171
652.01245390 25.43783379
378.55369784 19.37455559
746.29051574 27.22327042
1024.57665774 31.90236092
289.40855270 16.94422913
13.44444444 3.66526031
125.39964289 11.16007805
602.38552967 24.45289421
1024.57665774 31.90236092
8.25915104 2.87022734
2.83816249 1.67781806
491.29454680 22.07982063
576.72094617 23.92832565
439.99156814 20.89986229
797.68078890 28.13973045
693.12816420 26.23003197
26.89652716 5.17997456
431.71604938 20.70493889
812.67798429 28.40456581
58.22652382 7.60824728
10.69466764 3.26953697
113.84185086 10.62350368
137.51611972 11.68450928
212.21402484 14.51254463
195.24397370 13.91963863
269.53159466 16.35511589
728.35149564 26.89051247
303.05268331 17.34020615
0.31535139 0.55985969
204.58448539 14.24778938
812.67798429 28.40456581
317.01107414 17.73880577
64.43316289 8.00118160
225.90180270 14.97006130
312.32335940 17.60579109
482.54763773 21.88671684
35.74818963 5.96809578
386.30544959 19.57715416
554.72273174 23.46611214
721.23699375 26.75665283
43.21186953 6.55947447
394.13576640 19.77796745
824.01754006 28.60199165
448.34565196 21.09944916
210.29354580 14.44674683
476.76001226 21.75702095
256.67311456 15.96095753
5.81490500 2.40635729
509.02406010 22.47957039
202.69892415 14.18118477
635.25190957 25.10806084
459.60664268 21.36456871
1.49382716 1.22038627
