X My_beautiful_solution_real My_beautiful_solution_imag
   0.0000000000000000       -5.4113688458118396E-026   0.0000000000000000     
   9.0909090909090898E-004   3.9589526269663187E-005   0.0000000000000000     
   1.8181818181818186E-003   7.8168532833496063E-005   0.0000000000000000     
   2.7272727272727279E-003   1.1475229342407593E-004   0.0000000000000000     
   3.6363636363636372E-003   1.4840701028254324E-004   0.0000000000000000     
   4.5454545454545461E-003   1.7827364926743469E-004   0.0000000000000000     
   5.4545454545454558E-003   2.0358986664697571E-004   0.0000000000000000     
   6.3636363636363647E-003   2.2370946786138483E-004   0.0000000000000000     
   7.2727272727272745E-003   2.3811890158692374E-004   0.0000000000000000     
   8.1818181818181825E-003   2.4645036810466773E-004   0.0000000000000000     
   9.0909090909090922E-003   2.4849120735152998E-004   0.0000000000000000     
   1.0000000000000002E-002   2.4418932705855799E-004   0.0000000000000000     
   1.0909090909090910E-002   2.3365453239879979E-004   0.0000000000000000     
   1.1818181818181820E-002   2.1715572322196280E-004   0.0000000000000000     
   1.2727272727272729E-002   1.9511403039943804E-004   0.0000000000000000     
   1.3636363636363637E-002   1.6809206650011797E-004   0.0000000000000000     
   1.4545454545454549E-002   1.3677956513643766E-004   0.0000000000000000     
   1.5454545454545457E-002   1.0197577556951522E-004   0.0000000000000000     
   1.6363636363636365E-002   6.4569061936185603E-005   0.0000000000000000     
   1.7272727272727273E-002   2.5514227810219419E-005   0.0000000000000000     
   1.8181818181818184E-002  -1.4191855077834092E-005   0.0000000000000000     
   1.9090909090909092E-002  -5.3535691923188221E-005   0.0000000000000000     
   2.0000000000000000E-002  -9.1513034224210599E-005   0.0000000000000000     
   2.0909090909090912E-002  -1.2715451314901193E-004   0.0000000000000000     
   2.1818181818181820E-002  -1.5955038260784108E-004   0.0000000000000000     
   2.2727272727272728E-002  -1.8787374044542375E-004   0.0000000000000000     
   2.3636363636363636E-002  -2.1140163506612691E-004   0.0000000000000000     
   2.4545454545454544E-002  -2.2953351871516370E-004   0.0000000000000000     
   2.5454545454545455E-002  -2.4180657641162547E-004   0.0000000000000000     
   2.6363636363636363E-002  -2.4790753927528866E-004   0.0000000000000000     
   2.7272727272727271E-002  -2.4768068068261104E-004   0.0000000000000000     
   2.8181818181818179E-002  -2.4113179118288936E-004   0.0000000000000000     
   2.9090909090909091E-002  -2.2842803069161589E-004   0.0000000000000000     
   3.0000000000000002E-002  -2.0989366174970078E-004   0.0000000000000000     
   3.0909090909090910E-002  -1.8600177273963138E-004   0.0000000000000000     
   3.1818181818181822E-002  -1.5736220235019520E-004   0.0000000000000000     
   3.2727272727272730E-002  -1.2470597347879979E-004   0.0000000000000000     
   3.3636363636363638E-002  -8.8866633930942746E-005   0.0000000000000000     
   3.4545454545454546E-002  -5.0758980179664855E-005   0.0000000000000000     
   3.5454545454545461E-002  -1.1355707242848220E-005   0.0000000000000000     
   3.6363636363636369E-002   2.8337419274214333E-005   0.0000000000000000     
   3.7272727272727277E-002   6.7307235277175764E-005   0.0000000000000000     
   3.8181818181818185E-002   1.0455903911847865E-004   0.0000000000000000     
   3.9090909090909100E-002   1.3914198128141112E-004   0.0000000000000000     
   4.0000000000000008E-002   1.7017333474798245E-004   0.0000000000000000     
   4.0909090909090916E-002   1.9686102653206428E-004   0.0000000000000000     
   4.1818181818181824E-002   2.1852385529200314E-004   0.0000000000000000     
   4.2727272727272739E-002   2.3460887893995757E-004   0.0000000000000000     
   4.3636363636363647E-002   2.4470552844411904E-004   0.0000000000000000     
   4.4545454545454555E-002   2.4855608758093880E-004   0.0000000000000000     
   4.5454545454545463E-002   2.4606227111429742E-004   0.0000000000000000     
   4.6363636363636371E-002   2.3728773352417262E-004   0.0000000000000000     
   4.7272727272727279E-002   2.2245644422760110E-004   0.0000000000000000     
   4.8181818181818187E-002   2.0194697077968569E-004   0.0000000000000000     
   4.9090909090909095E-002   1.7628281595803930E-004   0.0000000000000000     
   5.0000000000000003E-002   1.4611905540429766E-004   0.0000000000000000     
   5.0909090909090911E-002   1.1222561685609443E-004   0.0000000000000000     
   5.1818181818181819E-002   7.5467627803619950E-005   0.0000000000000000     
   5.2727272727272727E-002   3.6783333180168191E-005   0.0000000000000000     
   5.3636363636363635E-002  -2.8398532812386570E-006   0.0000000000000000     
   5.4545454545454543E-002  -4.2390552698917977E-005   0.0000000000000000     
   5.5454545454545451E-002  -8.0859236419649828E-005   0.0000000000000000     
   5.6363636363636366E-002  -1.1726399415997497E-004   0.0000000000000000     
   5.7272727272727274E-002  -1.5067559719184618E-004   0.0000000000000000     
   5.8181818181818182E-002  -1.8024121684108915E-004   0.0000000000000000     
   5.9090909090909097E-002  -2.0520619286816798E-004   0.0000000000000000     
   6.0000000000000005E-002  -2.2493329612259590E-004   0.0000000000000000     
   6.0909090909090913E-002  -2.3891899376563726E-004   0.0000000000000000     
   6.1818181818181828E-002  -2.4680630190542760E-004   0.0000000000000000     
   6.2727272727272729E-002  -2.4839389759184744E-004   0.0000000000000000     
   6.3636363636363644E-002  -2.4364125756221112E-004   0.0000000000000000     
   6.4545454545454559E-002  -2.3266969259949462E-004   0.0000000000000000     
   6.5454545454545460E-002  -2.1575925108059318E-004   0.0000000000000000     
   6.6363636363636375E-002  -1.9334157076612396E-004   0.0000000000000000     
   6.7272727272727276E-002  -1.6598886127157576E-004   0.0000000000000000     
   6.8181818181818191E-002  -1.3439929847084876E-004   0.0000000000000000     
   6.9090909090909106E-002  -9.9379203597553623E-005   0.0000000000000000     
   7.0000000000000007E-002  -6.1822461960519146E-005   0.0000000000000000     
   7.0909090909090922E-002  -2.2687706593336560E-005   0.0000000000000000     
   7.1818181818181823E-002   1.7026150794192846E-005   0.0000000000000000     
   7.2727272727272738E-002   5.6305416951691324E-005   0.0000000000000000     
   7.3636363636363653E-002   9.4147491539699790E-005   0.0000000000000000     
   7.4545454545454554E-002   1.2958645842610968E-004   0.0000000000000000     
   7.5454545454545469E-002   1.6171774062250722E-004   0.0000000000000000     
   7.6363636363636370E-002   1.8972118954840704E-004   0.0000000000000000     
   7.7272727272727285E-002   2.1288201925570943E-004   0.0000000000000000     
   7.8181818181818200E-002   2.3060905129413349E-004   0.0000000000000000     
   7.9090909090909101E-002   2.4244980449350905E-004   0.0000000000000000     
   8.0000000000000016E-002   2.4810204450917108E-004   0.0000000000000000     
   8.0909090909090917E-002   2.4742149833804710E-004   0.0000000000000000     
   8.1818181818181832E-002   2.4042553686934559E-004   0.0000000000000000     
   8.2727272727272746E-002   2.2729273149848102E-004   0.0000000000000000     
   8.3636363636363648E-002   2.0835829610261062E-004   0.0000000000000000     
   8.4545454545454563E-002   1.8410553073520752E-004   0.0000000000000000     
   8.5454545454545464E-002   1.5515348542080590E-004   0.0000000000000000     
   8.6363636363636379E-002   1.2224115896098718E-004   0.0000000000000000     
   8.7272727272727293E-002   8.6208636033070570E-005   0.0000000000000000     
   8.8181818181818195E-002   4.7975644096442069E-005   0.0000000000000000     
   8.9090909090909109E-002   8.5180774232886533E-006   0.0000000000000000     
   9.0000000000000011E-002  -3.1156912542180619E-005   0.0000000000000000     
   9.0909090909090925E-002  -7.0036624637577114E-005   0.0000000000000000     
   9.1818181818181827E-002  -1.0712865711111724E-004   0.0000000000000000     
   9.2727272727272742E-002  -1.4148623859969818E-004   0.0000000000000000     
   9.3636363636363656E-002  -1.7223239439665731E-004   0.0000000000000000     
   9.4545454545454558E-002  -1.9858233116939818E-004   0.0000000000000000     
   9.5454545454545459E-002  -2.1986346874444980E-004   0.0000000000000000     
   9.6363636363636374E-002  -2.3553260767296470E-004   0.0000000000000000     
   9.7272727272727288E-002  -2.4518979435286559E-004   0.0000000000000000     
   9.8181818181818190E-002  -2.4858852981229917E-004   0.0000000000000000     
   9.9090909090909091E-002  -2.4564206158378849E-004   0.0000000000000000     
  0.10000000000000001       -2.3642559804820621E-004   0.0000000000000000     
  0.10090909090909091       -2.2117438875063003E-004   0.0000000000000000     
  0.10181818181818182       -2.0027771967048689E-004   0.0000000000000000     
  0.10272727272727274       -1.7426897672978613E-004   0.0000000000000000     
  0.10363636363636364       -1.4381203114959850E-004   0.0000000000000000     
  0.10454545454545455       -1.0968429419869824E-004   0.0000000000000000     
  0.10545454545454545       -7.2756873816509458E-005   0.0000000000000000     
  0.10636363636363637       -3.3972339653170165E-005   0.0000000000000000     
  0.10727272727272727        5.6793359448110069E-006   0.0000000000000000     
  0.10818181818181818        4.5186046917489503E-005   0.0000000000000000     
  0.10909090909090909        8.3539387411165296E-005   0.0000000000000000     
  0.11000000000000000        1.1976039126997182E-004   0.0000000000000000     
  0.11090909090909090        1.5292452007120968E-004   0.0000000000000000     
  0.11181818181818182        1.8218526189917926E-004   0.0000000000000000     
  0.11272727272727273        2.0679573850190290E-004   0.0000000000000000     
  0.11363636363636365        2.2612776929726710E-004   0.0000000000000000     
  0.11454545454545455        2.3968790564155414E-004   0.0000000000000000     
  0.11545454545454546        2.4713002606629872E-004   0.0000000000000000     
  0.11636363636363638        2.4826417100087009E-004   0.0000000000000000     
  0.11727272727272728        2.4306139148190403E-004   0.0000000000000000     
  0.11818181818181819        2.3165448806783097E-004   0.0000000000000000     
  0.11909090909090911        2.1433462111827324E-004   0.0000000000000000     
  0.12000000000000001        1.9154387894497628E-004   0.0000000000000000     
  0.12090909090909092        1.6386399354447403E-004   0.0000000000000000     
  0.12181818181818183        1.3200149192443744E-004   0.0000000000000000     
  0.12272727272727274        9.6769662066861629E-005   0.0000000000000000     
  0.12363636363636366        5.9067793800238942E-005   0.0000000000000000     
  0.12454545454545456        1.9858224499175958E-005   0.0000000000000000     
  0.12545454545454546       -1.9858224499523340E-005   0.0000000000000000     
  0.12636363636363637       -5.9067793799777851E-005   0.0000000000000000     
  0.12727272727272729       -9.6769662066871536E-005   0.0000000000000000     
  0.12818181818181820       -1.3200149192497468E-004   0.0000000000000000     
  0.12909090909090912       -1.6386399354395906E-004   0.0000000000000000     
  0.13000000000000000       -1.9154387894500764E-004   0.0000000000000000     
  0.13090909090909092       -2.1433462111837909E-004   0.0000000000000000     
  0.13181818181818183       -2.3165448806780758E-004   0.0000000000000000     
  0.13272727272727275       -2.4306139148161666E-004   0.0000000000000000     
  0.13363636363636366       -2.4826417100124105E-004   0.0000000000000000     
  0.13454545454545455       -2.4713002606590814E-004   0.0000000000000000     
  0.13545454545454547       -2.3968790564186796E-004   0.0000000000000000     
  0.13636363636363638       -2.2612776929729011E-004   0.0000000000000000     
  0.13727272727272730       -2.0679573850176664E-004   0.0000000000000000     
  0.13818181818181821       -1.8218526189917787E-004   0.0000000000000000     
  0.13909090909090910       -1.5292452007172343E-004   0.0000000000000000     
  0.14000000000000001       -1.1976039126942909E-004   0.0000000000000000     
  0.14090909090909093       -8.3539387411157382E-005   0.0000000000000000     
  0.14181818181818184       -4.5186046917967637E-005   0.0000000000000000     
  0.14272727272727276       -5.6793359444430566E-006   0.0000000000000000     
  0.14363636363636365        3.3972339653494667E-005   0.0000000000000000     
  0.14454545454545456        7.2756873816065789E-005   0.0000000000000000     
  0.14545454545454548        1.0968429419870904E-004   0.0000000000000000     
  0.14636363636363639        1.4381203115012753E-004   0.0000000000000000     
  0.14727272727272728        1.7426897672927064E-004   0.0000000000000000     
  0.14818181818181819        2.0027771967054720E-004   0.0000000000000000     
  0.14909090909090911        2.2117438875070470E-004   0.0000000000000000     
  0.15000000000000002        2.3642559804818228E-004   0.0000000000000000     
  0.15090909090909091        2.4564206158352850E-004   0.0000000000000000     
  0.15181818181818182        2.4858852981264916E-004   0.0000000000000000     
  0.15272727272727274        2.4518979435245657E-004   0.0000000000000000     
  0.15363636363636363        2.3553260767330406E-004   0.0000000000000000     
  0.15454545454545454        2.1986346874447248E-004   0.0000000000000000     
  0.15545454545454546        1.9858233116923181E-004   0.0000000000000000     
  0.15636363636363637        1.7223239439668523E-004   0.0000000000000000     
  0.15727272727272729        1.4148623860020822E-004   0.0000000000000000     
  0.15818181818181820        1.0712865711056973E-004   0.0000000000000000     
  0.15909090909090912        7.0036624637569836E-005   0.0000000000000000     
  0.16000000000000000        3.1156912542672819E-005   0.0000000000000000     
  0.16090909090909092       -8.5180774236774448E-006   0.0000000000000000     
  0.16181818181818183       -4.7975644096744121E-005   0.0000000000000000     
  0.16272727272727275       -8.6208636032647162E-005   0.0000000000000000     
  0.16363636363636366       -1.2224115896100011E-004   0.0000000000000000     
  0.16454545454545458       -1.5515348542132612E-004   0.0000000000000000     
  0.16545454545454547       -1.8410553073469415E-004   0.0000000000000000     
  0.16636363636363638       -2.0835829610270040E-004   0.0000000000000000     
  0.16727272727272730       -2.2729273149852452E-004   0.0000000000000000     
  0.16818181818181821       -2.4042553686932125E-004   0.0000000000000000     
  0.16909090909090910       -2.4742149833781503E-004   0.0000000000000000     
  0.17000000000000001       -2.4810204450949872E-004   0.0000000000000000     
  0.17090909090909093       -2.4244980449308255E-004   0.0000000000000000     
  0.17181818181818181       -2.3060905129449673E-004   0.0000000000000000     
  0.17272727272727273       -2.1288201925573097E-004   0.0000000000000000     
  0.17363636363636364       -1.8972118954821069E-004   0.0000000000000000     
  0.17454545454545456       -1.6171774062256417E-004   0.0000000000000000     
  0.17545454545454547       -1.2958645842661438E-004   0.0000000000000000     
  0.17636363636363639       -9.4147491539149652E-005   0.0000000000000000     
  0.17727272727272730       -5.6305416951685367E-005   0.0000000000000000     
  0.17818181818181819       -1.7026150794698250E-005   0.0000000000000000     
  0.17909090909090911        2.2687706593744088E-005   0.0000000000000000     
  0.18000000000000002        6.1822461960796838E-005   0.0000000000000000     
  0.18090909090909094        9.9379203597150950E-005   0.0000000000000000     
  0.18181818181818185        1.3439929847086288E-004   0.0000000000000000     
  0.18272727272727277        1.6598886127208465E-004   0.0000000000000000     
  0.18363636363636365        1.9334157076561376E-004   0.0000000000000000     
  0.18454545454545457        2.1575925108071166E-004   0.0000000000000000     
  0.18545454545454548        2.3266969259950660E-004   0.0000000000000000     
  0.18636363636363640        2.4364125756218629E-004   0.0000000000000000     
  0.18727272727272729        2.4839389759164404E-004   0.0000000000000000     
  0.18818181818181820        2.4680630190573172E-004   0.0000000000000000     
  0.18909090909090912        2.3891899376519461E-004   0.0000000000000000     
  0.19000000000000000        2.2493329612298182E-004   0.0000000000000000     
  0.19090909090909092        2.0520619286818847E-004   0.0000000000000000     
  0.19181818181818183        1.8024121684086350E-004   0.0000000000000000     
  0.19272727272727275        1.5067559719193223E-004   0.0000000000000000     
  0.19363636363636363        1.1726399416047298E-004   0.0000000000000000     
  0.19454545454545455        8.0859236419099283E-005   0.0000000000000000     
  0.19545454545454546        4.2390552698913803E-005   0.0000000000000000     
  0.19636363636363638        2.8398532817560891E-006   0.0000000000000000     
  0.19727272727272729       -3.6783333180592616E-005   0.0000000000000000     
  0.19818181818181818       -7.5467627803871810E-005   0.0000000000000000     
  0.19909090909090910       -1.1222561685571323E-004   0.0000000000000000     
  0.20000000000000001       -1.4611905540431235E-004   0.0000000000000000     
  0.20090909090909093       -1.7628281595853489E-004   0.0000000000000000     
  0.20181818181818184       -2.0194697077918013E-004   0.0000000000000000     
  0.20272727272727273       -2.2245644422774785E-004   0.0000000000000000     
  0.20363636363636364       -2.3728773352415305E-004   0.0000000000000000     
  0.20454545454545456       -2.4606227111427222E-004   0.0000000000000000     
  0.20545454545454547       -2.4855608758076489E-004   0.0000000000000000     
  0.20636363636363639       -2.4470552844439871E-004   0.0000000000000000     
  0.20727272727272728       -2.3460887893950031E-004   0.0000000000000000     
  0.20818181818181819       -2.1852385529241044E-004   0.0000000000000000     
  0.20909090909090911       -1.9686102653208339E-004   0.0000000000000000     
  0.21000000000000002       -1.7017333474772785E-004   0.0000000000000000     
  0.21090909090909093       -1.3914198128152529E-004   0.0000000000000000     
  0.21181818181818182       -1.0455903911896744E-004   0.0000000000000000     
  0.21272727272727274       -6.7307235276625410E-005   0.0000000000000000     
  0.21363636363636365       -2.8337419274210650E-005   0.0000000000000000     
  0.21454545454545457        1.1355707242321704E-005   0.0000000000000000     
  0.21545454545454548        5.0758980180106023E-005   0.0000000000000000     
  0.21636363636363637        8.8866633931169141E-005   0.0000000000000000     
  0.21727272727272728        1.2470597347844235E-004   0.0000000000000000     
  0.21818181818181820        1.5736220235021138E-004   0.0000000000000000     
  0.21909090909090911        1.8600177274011269E-004   0.0000000000000000     
  0.22000000000000000        2.0989366174920180E-004   0.0000000000000000     
  0.22090909090909092        2.2842803069179058E-004   0.0000000000000000     
  0.22181818181818183        2.4113179118283835E-004   0.0000000000000000     
  0.22272727272727272        2.4768068068258556E-004   0.0000000000000000     
  0.22363636363636363        2.4790753927514473E-004   0.0000000000000000     
  0.22454545454545455        2.4180657641188007E-004   0.0000000000000000     
  0.22545454545454546        2.2953351871469389E-004   0.0000000000000000     
  0.22636363636363635        2.1140163506655523E-004   0.0000000000000000     
  0.22727272727272727        1.8787374044544269E-004   0.0000000000000000     
  0.22818181818181818        1.5955038260755981E-004   0.0000000000000000     
  0.22909090909090910        1.2715451314915539E-004   0.0000000000000000     
  0.23000000000000001        9.1513034224690101E-005   0.0000000000000000     
  0.23090909090909092        5.3535691922641390E-005   0.0000000000000000     
  0.23181818181818181        1.4191855077832384E-005   0.0000000000000000     
  0.23272727272727273       -2.5514227809684294E-005   0.0000000000000000     
  0.23363636363636364       -6.4569061936641022E-005   0.0000000000000000     
  0.23454545454545456       -1.0197577556971464E-004   0.0000000000000000     
  0.23545454545454547       -1.3677956513610465E-004   0.0000000000000000     
  0.23636363636363639       -1.6809206650013526E-004   0.0000000000000000     
  0.23727272727272730       -1.9511403039990335E-004   0.0000000000000000     
  0.23818181818181822       -2.1715572322147209E-004   0.0000000000000000     
  0.23909090909090910       -2.3365453239900189E-004   0.0000000000000000     
  0.24000000000000002       -2.4418932705847570E-004   0.0000000000000000     
  0.24090909090909093       -2.4849120735150434E-004   0.0000000000000000     
  0.24181818181818185       -2.4645036810455405E-004   0.0000000000000000     
  0.24272727272727276       -2.3811890158715186E-004   0.0000000000000000     
  0.24363636363636365       -2.2370946786090285E-004   0.0000000000000000     
  0.24454545454545457       -2.0358986664742204E-004   0.0000000000000000     
  0.24545454545454548       -1.7827364926745139E-004   0.0000000000000000     
  0.24646464646464650       -1.4483971029059494E-004   0.0000000000000000     
  0.24747474747474751       -1.0684382829810992E-004   0.0000000000000000     
  0.24848484848484850       -6.5482740345849710E-005   0.0000000000000000     
  0.24949494949494952       -2.2059175676729183E-005   0.0000000000000000     
  0.25050505050505051        2.2059175676731670E-005   0.0000000000000000     
  0.25151515151515152        6.5482740345852041E-005   0.0000000000000000     
  0.25252525252525254        1.0684382829811214E-004   0.0000000000000000     
  0.25353535353535356        1.4483971029059716E-004   0.0000000000000000     
  0.25454545454545457        1.7827364926745342E-004   0.0000000000000000     
  0.25545454545454549        2.0358986664742394E-004   0.0000000000000000     
  0.25636363636363640        2.2370946786090431E-004   0.0000000000000000     
  0.25727272727272732        2.3811890158715283E-004   0.0000000000000000     
  0.25818181818181823        2.4645036810455476E-004   0.0000000000000000     
  0.25909090909090915        2.4849120735150488E-004   0.0000000000000000     
  0.26000000000000001        2.4418932705847586E-004   0.0000000000000000     
  0.26090909090909092        2.3365453239900137E-004   0.0000000000000000     
  0.26181818181818184        2.1715572322147101E-004   0.0000000000000000     
  0.26272727272727275        1.9511403039990181E-004   0.0000000000000000     
  0.26363636363636367        1.6809206650013326E-004   0.0000000000000000     
  0.26454545454545458        1.3677956513610248E-004   0.0000000000000000     
  0.26545454545454550        1.0197577556971233E-004   0.0000000000000000     
  0.26636363636363641        6.4569061936638555E-005   0.0000000000000000     
  0.26727272727272733        2.5514227809681814E-005   0.0000000000000000     
  0.26818181818181819       -1.4191855077834744E-005   0.0000000000000000     
  0.26909090909090910       -5.3535691922643708E-005   0.0000000000000000     
  0.27000000000000002       -9.1513034224692310E-005   0.0000000000000000     
  0.27090909090909093       -1.2715451314915748E-004   0.0000000000000000     
  0.27181818181818185       -1.5955038260756171E-004   0.0000000000000000     
  0.27272727272727276       -1.8787374044544429E-004   0.0000000000000000     
  0.27363636363636368       -2.1140163506655683E-004   0.0000000000000000     
  0.27454545454545459       -2.2953351871469525E-004   0.0000000000000000     
  0.27545454545454551       -2.4180657641188107E-004   0.0000000000000000     
  0.27636363636363642       -2.4790753927514544E-004   0.0000000000000000     
  0.27727272727272734       -2.4768068068258610E-004   0.0000000000000000     
  0.27818181818181820       -2.4113179118283849E-004   0.0000000000000000     
  0.27909090909090911       -2.2842803069179012E-004   0.0000000000000000     
  0.28000000000000003       -2.0989366174920072E-004   0.0000000000000000     
  0.28090909090909094       -1.8600177274011114E-004   0.0000000000000000     
  0.28181818181818186       -1.5736220235020926E-004   0.0000000000000000     
  0.28272727272727277       -1.2470597347843997E-004   0.0000000000000000     
  0.28363636363636369       -8.8866633931166444E-005   0.0000000000000000     
  0.28454545454545460       -5.0758980180102994E-005   0.0000000000000000     
  0.28545454545454552       -1.1355707242318536E-005   0.0000000000000000     
  0.28636363636363638        2.8337419274213818E-005   0.0000000000000000     
  0.28727272727272729        6.7307235276628567E-005   0.0000000000000000     
  0.28818181818181821        1.0455903911897054E-004   0.0000000000000000     
  0.28909090909090912        1.3914198128152833E-004   0.0000000000000000     
  0.29000000000000004        1.7017333474773067E-004   0.0000000000000000     
  0.29090909090909095        1.9686102653208588E-004   0.0000000000000000     
  0.29181818181818187        2.1852385529241272E-004   0.0000000000000000     
  0.29272727272727278        2.3460887893950221E-004   0.0000000000000000     
  0.29363636363636370        2.4470552844440001E-004   0.0000000000000000     
  0.29454545454545461        2.4855608758076586E-004   0.0000000000000000     
  0.29545454545454553        2.4606227111427298E-004   0.0000000000000000     
  0.29636363636363638        2.3728773352415337E-004   0.0000000000000000     
  0.29727272727272730        2.2245644422774750E-004   0.0000000000000000     
  0.29818181818181821        2.0194697077917907E-004   0.0000000000000000     
  0.29909090909090913        1.7628281595853334E-004   0.0000000000000000     
  0.30000000000000004        1.4611905540431026E-004   0.0000000000000000     
  0.30090909090909096        1.1222561685571106E-004   0.0000000000000000     
  0.30181818181818187        7.5467627803869561E-005   0.0000000000000000     
  0.30272727272727273        3.6783333180590319E-005   0.0000000000000000     
  0.30363636363636365       -2.8398532817583269E-006   0.0000000000000000     
  0.30454545454545456       -4.2390552698915883E-005   0.0000000000000000     
  0.30545454545454548       -8.0859236419101248E-005   0.0000000000000000     
  0.30636363636363639       -1.1726399416047477E-004   0.0000000000000000     
  0.30727272727272725       -1.5067559719193389E-004   0.0000000000000000     
  0.30818181818181817       -1.8024121684086488E-004   0.0000000000000000     
  0.30909090909090908       -2.0520619286818959E-004   0.0000000000000000     
  0.31000000000000000       -2.2493329612298315E-004   0.0000000000000000     
  0.31090909090909091       -2.3891899376519586E-004   0.0000000000000000     
  0.31181818181818183       -2.4680630190573280E-004   0.0000000000000000     
  0.31272727272727274       -2.4839389759164480E-004   0.0000000000000000     
  0.31363636363636366       -2.4364125756218670E-004   0.0000000000000000     
  0.31454545454545457       -2.3266969259950655E-004   0.0000000000000000     
  0.31545454545454549       -2.1575925108071098E-004   0.0000000000000000     
  0.31636363636363640       -1.9334157076561221E-004   0.0000000000000000     
  0.31727272727272732       -1.6598886127208240E-004   0.0000000000000000     
  0.31818181818181823       -1.3439929847085973E-004   0.0000000000000000     
  0.31909090909090915       -9.9379203597147508E-005   0.0000000000000000     
  0.32000000000000006       -6.1822461960793124E-005   0.0000000000000000     
  0.32090909090909098       -2.2687706593740188E-005   0.0000000000000000     
  0.32181818181818189        1.7026150794702245E-005   0.0000000000000000     
  0.32272727272727275        5.6305416951689250E-005   0.0000000000000000     
  0.32363636363636367        9.4147491539153420E-005   0.0000000000000000     
  0.32454545454545458        1.2958645842661793E-004   0.0000000000000000     
  0.32545454545454550        1.6171774062256753E-004   0.0000000000000000     
  0.32636363636363641        1.8972118954821367E-004   0.0000000000000000     
  0.32727272727272733        2.1288201925573349E-004   0.0000000000000000     
  0.32818181818181824        2.3060905129449903E-004   0.0000000000000000     
  0.32909090909090916        2.4244980449308445E-004   0.0000000000000000     
  0.33000000000000007        2.4810204450949986E-004   0.0000000000000000     
  0.33090909090909099        2.4742149833781568E-004   0.0000000000000000     
  0.33181818181818190        2.4042553686932157E-004   0.0000000000000000     
  0.33272727272727276        2.2729273149852436E-004   0.0000000000000000     
  0.33363636363636368        2.0835829610269942E-004   0.0000000000000000     
  0.33454545454545459        1.8410553073469233E-004   0.0000000000000000     
  0.33545454545454551        1.5515348542132363E-004   0.0000000000000000     
  0.33636363636363642        1.2224115896099688E-004   0.0000000000000000     
  0.33727272727272734        8.6208636032643625E-005   0.0000000000000000     
  0.33818181818181825        4.7975644096740313E-005   0.0000000000000000     
  0.33909090909090916        8.5180774236734570E-006   0.0000000000000000     
  0.34000000000000008       -3.1156912542676892E-005   0.0000000000000000     
  0.34090909090909094       -7.0036624637573821E-005   0.0000000000000000     
  0.34181818181818185       -1.0712865711057358E-004   0.0000000000000000     
  0.34272727272727277       -1.4148623860021182E-004   0.0000000000000000     
  0.34363636363636368       -1.7223239439668867E-004   0.0000000000000000     
  0.34454545454545460       -1.9858233116923490E-004   0.0000000000000000     
  0.34545454545454551       -2.1986346874447508E-004   0.0000000000000000     
  0.34636363636363643       -2.3553260767330636E-004   0.0000000000000000     
  0.34727272727272734       -2.4518979435245853E-004   0.0000000000000000     
  0.34818181818181820       -2.4858852981265056E-004   0.0000000000000000     
  0.34909090909090912       -2.4564206158352931E-004   0.0000000000000000     
  0.35000000000000003       -2.3642559804818271E-004   0.0000000000000000     
  0.35090909090909095       -2.2117438875070484E-004   0.0000000000000000     
  0.35181818181818186       -2.0027771967054712E-004   0.0000000000000000     
  0.35272727272727272       -1.7426897672927043E-004   0.0000000000000000     
  0.35363636363636364       -1.4381203115012707E-004   0.0000000000000000     
  0.35454545454545455       -1.0968429419870830E-004   0.0000000000000000     
  0.35545454545454547       -7.2756873816064529E-005   0.0000000000000000     
  0.35636363636363638       -3.3972339653492851E-005   0.0000000000000000     
  0.35727272727272730        5.6793359444454105E-006   0.0000000000000000     
  0.35818181818181821        4.5186046917970388E-005   0.0000000000000000     
  0.35909090909090913        8.3539387411160431E-005   0.0000000000000000     
  0.36000000000000004        1.1976039126943245E-004   0.0000000000000000     
  0.36090909090909096        1.5292452007172682E-004   0.0000000000000000     
  0.36181818181818187        1.8218526189918113E-004   0.0000000000000000     
  0.36272727272727279        2.0679573850176979E-004   0.0000000000000000     
  0.36363636363636370        2.2612776929729290E-004   0.0000000000000000     
  0.36454545454545462        2.3968790564187032E-004   0.0000000000000000     
  0.36545454545454553        2.4713002606590998E-004   0.0000000000000000     
  0.36636363636363639        2.4826417100124229E-004   0.0000000000000000     
  0.36727272727272731        2.4306139148161732E-004   0.0000000000000000     
  0.36818181818181822        2.3165448806780782E-004   0.0000000000000000     
  0.36909090909090914        2.1433462111837900E-004   0.0000000000000000     
  0.37000000000000005        1.9154387894500734E-004   0.0000000000000000     
  0.37090909090909091        1.6386399354395860E-004   0.0000000000000000     
  0.37181818181818183        1.3200149192497409E-004   0.0000000000000000     
  0.37272727272727274        9.6769662066870790E-005   0.0000000000000000     
  0.37363636363636366        5.9067793799776611E-005   0.0000000000000000     
  0.37454545454545457        1.9858224499521595E-005   0.0000000000000000     
  0.37545454545454549       -1.9858224499178181E-005   0.0000000000000000     
  0.37636363636363640       -5.9067793800241537E-005   0.0000000000000000     
  0.37727272727272732       -9.6769662066864475E-005   0.0000000000000000     
  0.37818181818181823       -1.3200149192444053E-004   0.0000000000000000     
  0.37909090909090915       -1.6386399354447717E-004   0.0000000000000000     
  0.38000000000000006       -1.9154387894497932E-004   0.0000000000000000     
  0.38090909090909097       -2.1433462111827606E-004   0.0000000000000000     
  0.38181818181818189       -2.3165448806783338E-004   0.0000000000000000     
  0.38272727272727280       -2.4306139148190604E-004   0.0000000000000000     
  0.38363636363636372       -2.4826417100087160E-004   0.0000000000000000     
  0.38454545454545458       -2.4713002606629965E-004   0.0000000000000000     
  0.38545454545454549       -2.3968790564155452E-004   0.0000000000000000     
  0.38636363636363641       -2.2612776929726720E-004   0.0000000000000000     
  0.38727272727272732       -2.0679573850190279E-004   0.0000000000000000     
  0.38818181818181824       -1.8218526189917912E-004   0.0000000000000000     
  0.38909090909090910       -1.5292452007120954E-004   0.0000000000000000     
  0.39000000000000001       -1.1976039126997171E-004   0.0000000000000000     
  0.39090909090909093       -8.3539387411165201E-005   0.0000000000000000     
  0.39181818181818184       -4.5186046917489198E-005   0.0000000000000000     
  0.39272727272727276       -5.6793359448104927E-006   0.0000000000000000     
  0.39363636363636367        3.3972339653170924E-005   0.0000000000000000     
  0.39454545454545459        7.2756873816510448E-005   0.0000000000000000     
  0.39545454545454550        1.0968429419869943E-004   0.0000000000000000     
  0.39636363636363636        1.4381203114959991E-004   0.0000000000000000     
  0.39727272727272728        1.7426897672978743E-004   0.0000000000000000     
  0.39818181818181819        2.0027771967048806E-004   0.0000000000000000     
  0.39909090909090911        2.2117438875063114E-004   0.0000000000000000     
  0.40000000000000002        2.3642559804820716E-004   0.0000000000000000     
  0.40090909090909094        2.4564206158378957E-004   0.0000000000000000     
  0.40181818181818185        2.4858852981230004E-004   0.0000000000000000     
  0.40272727272727277        2.4518979435286608E-004   0.0000000000000000     
  0.40363636363636368        2.3553260767296506E-004   0.0000000000000000     
  0.40454545454545454        2.1986346874445001E-004   0.0000000000000000     
  0.40545454545454546        1.9858233116939783E-004   0.0000000000000000     
  0.40636363636363637        1.7223239439665658E-004   0.0000000000000000     
  0.40727272727272729        1.4148623859969734E-004   0.0000000000000000     
  0.40818181818181820        1.0712865711111613E-004   0.0000000000000000     
  0.40909090909090912        7.0036624637575718E-005   0.0000000000000000     
  0.41000000000000003        3.1156912542179107E-005   0.0000000000000000     
  0.41090909090909095       -8.5180774232902475E-006   0.0000000000000000     
  0.41181818181818186       -4.7975644096443729E-005   0.0000000000000000     
  0.41272727272727278       -8.6208636033072264E-005   0.0000000000000000     
  0.41363636363636369       -1.2224115896098889E-004   0.0000000000000000     
  0.41454545454545455       -1.5515348542080760E-004   0.0000000000000000     
  0.41545454545454547       -1.8410553073520898E-004   0.0000000000000000     
  0.41636363636363638       -2.0835829610261176E-004   0.0000000000000000     
  0.41727272727272730       -2.2729273149848186E-004   0.0000000000000000     
  0.41818181818181821       -2.4042553686934613E-004   0.0000000000000000     
  0.41909090909090913       -2.4742149833804764E-004   0.0000000000000000     
  0.42000000000000004       -2.4810204450917151E-004   0.0000000000000000     
  0.42090909090909090       -2.4244980449350929E-004   0.0000000000000000     
  0.42181818181818181       -2.3060905129413355E-004   0.0000000000000000     
  0.42272727272727273       -2.1288201925570948E-004   0.0000000000000000     
  0.42363636363636364       -1.8972118954840725E-004   0.0000000000000000     
  0.42454545454545456       -1.6171774062250771E-004   0.0000000000000000     
  0.42545454545454542       -1.2958645842611044E-004   0.0000000000000000     
  0.42636363636363633       -9.4147491539700793E-005   0.0000000000000000     
  0.42727272727272725       -5.6305416951692537E-005   0.0000000000000000     
  0.42818181818181816       -1.7026150794194056E-005   0.0000000000000000     
  0.42909090909090908        2.2687706593335398E-005   0.0000000000000000     
  0.42999999999999999        6.1822461960518076E-005   0.0000000000000000     
  0.43090909090909091        9.9379203597552702E-005   0.0000000000000000     
  0.43181818181818177        1.3439929847084792E-004   0.0000000000000000     
  0.43272727272727268        1.6598886127157497E-004   0.0000000000000000     
  0.43363636363636360        1.9334157076612333E-004   0.0000000000000000     
  0.43454545454545451        2.1575925108059294E-004   0.0000000000000000     
  0.43545454545454543        2.3266969259949457E-004   0.0000000000000000     
  0.43636363636363634        2.4364125756221118E-004   0.0000000000000000     
  0.43727272727272726        2.4839389759184771E-004   0.0000000000000000     
  0.43818181818181817        2.4680630190542809E-004   0.0000000000000000     
  0.43909090909090909        2.3891899376563778E-004   0.0000000000000000     
  0.44000000000000000        2.2493329612259657E-004   0.0000000000000000     
  0.44090909090909092        2.0520619286816904E-004   0.0000000000000000     
  0.44181818181818178        1.8024121684109042E-004   0.0000000000000000     
  0.44272727272727269        1.5067559719184753E-004   0.0000000000000000     
  0.44363636363636361        1.1726399415997623E-004   0.0000000000000000     
  0.44454545454545452        8.0859236419651115E-005   0.0000000000000000     
  0.44545454545454544        4.2390552698919196E-005   0.0000000000000000     
  0.44636363636363635        2.8398532812394994E-006   0.0000000000000000     
  0.44727272727272727       -3.6783333180167758E-005   0.0000000000000000     
  0.44818181818181818       -7.5467627803619964E-005   0.0000000000000000     
  0.44909090909090910       -1.1222561685609477E-004   0.0000000000000000     
  0.45000000000000001       -1.4611905540429826E-004   0.0000000000000000     
  0.45090909090909093       -1.7628281595804017E-004   0.0000000000000000     
  0.45181818181818184       -2.0194697077968669E-004   0.0000000000000000     
  0.45272727272727276       -2.2245644422760202E-004   0.0000000000000000     
  0.45363636363636367       -2.3728773352417348E-004   0.0000000000000000     
  0.45454545454545459       -2.4606227111429802E-004   0.0000000000000000     
  0.45545454545454550       -2.4855608758093917E-004   0.0000000000000000     
  0.45636363636363642       -2.4470552844411915E-004   0.0000000000000000     
  0.45727272727272728       -2.3460887893995733E-004   0.0000000000000000     
  0.45818181818181819       -2.1852385529200257E-004   0.0000000000000000     
  0.45909090909090911       -1.9686102653206360E-004   0.0000000000000000     
  0.46000000000000002       -1.7017333474798177E-004   0.0000000000000000     
  0.46090909090909093       -1.3914198128141064E-004   0.0000000000000000     
  0.46181818181818179       -1.0455903911847839E-004   0.0000000000000000     
  0.46272727272727271       -6.7307235277175710E-005   0.0000000000000000     
  0.46363636363636362       -2.8337419274214465E-005   0.0000000000000000     
  0.46454545454545454        1.1355707242848321E-005   0.0000000000000000     
  0.46545454545454545        5.0758980179665200E-005   0.0000000000000000     
  0.46636363636363637        8.8866633930943342E-005   0.0000000000000000     
  0.46727272727272728        1.2470597347880049E-004   0.0000000000000000     
  0.46818181818181820        1.5736220235019598E-004   0.0000000000000000     
  0.46909090909090911        1.8600177273963225E-004   0.0000000000000000     
  0.47000000000000003        2.0989366174970156E-004   0.0000000000000000     
  0.47090909090909094        2.2842803069161649E-004   0.0000000000000000     
  0.47181818181818186        2.4113179118288972E-004   0.0000000000000000     
  0.47272727272727277        2.4768068068261104E-004   0.0000000000000000     
  0.47363636363636369        2.4790753927528839E-004   0.0000000000000000     
  0.47454545454545460        2.4180657641162496E-004   0.0000000000000000     
  0.47545454545454546        2.2953351871516289E-004   0.0000000000000000     
  0.47636363636363638        2.1140163506612578E-004   0.0000000000000000     
  0.47727272727272729        1.8787374044542250E-004   0.0000000000000000     
  0.47818181818181821        1.5955038260783989E-004   0.0000000000000000     
  0.47909090909090912        1.2715451314901087E-004   0.0000000000000000     
  0.47999999999999998        9.1513034224209786E-005   0.0000000000000000     
  0.48090909090909090        5.3535691923187604E-005   0.0000000000000000     
  0.48181818181818181        1.4191855077833694E-005   0.0000000000000000     
  0.48272727272727273       -2.5514227810220043E-005   0.0000000000000000     
  0.48363636363636364       -6.4569061936186429E-005   0.0000000000000000     
  0.48454545454545456       -1.0197577556951624E-004   0.0000000000000000     
  0.48545454545454547       -1.3677956513643872E-004   0.0000000000000000     
  0.48636363636363639       -1.6809206650011897E-004   0.0000000000000000     
  0.48727272727272730       -1.9511403039943902E-004   0.0000000000000000     
  0.48818181818181822       -2.1715572322196359E-004   0.0000000000000000     
  0.48909090909090913       -2.3365453239880017E-004   0.0000000000000000     
  0.49000000000000005       -2.4418932705855804E-004   0.0000000000000000     
  0.49090909090909096       -2.4849120735152955E-004   0.0000000000000000     
  0.49181818181818188       -2.4645036810466703E-004   0.0000000000000000     
  0.49272727272727279       -2.3811890158692288E-004   0.0000000000000000     
  0.49363636363636365       -2.2370946786138369E-004   0.0000000000000000     
  0.49454545454545457       -2.0358986664697440E-004   0.0000000000000000     
  0.49545454545454548       -1.7827364926743339E-004   0.0000000000000000     
  0.49636363636363640       -1.4840701028254202E-004   0.0000000000000000     
  0.49727272727272731       -1.1475229342407498E-004   0.0000000000000000     
  0.49818181818181817       -7.8168532833495439E-005   0.0000000000000000     
  0.49909090909090909       -3.9589526269662888E-005   0.0000000000000000     
  0.50000000000000000       -5.4113688465730089E-026   0.0000000000000000     
  0.50090909090909086        3.9589526269662868E-005   0.0000000000000000     
  0.50181818181818183        7.8168532833495399E-005   0.0000000000000000     
  0.50272727272727269        1.1475229342407517E-004   0.0000000000000000     
  0.50363636363636366        1.4840701028254216E-004   0.0000000000000000     
  0.50454545454545452        1.7827364926743342E-004   0.0000000000000000     
  0.50545454545454538        2.0358986664697454E-004   0.0000000000000000     
  0.50636363636363635        2.2370946786138372E-004   0.0000000000000000     
  0.50727272727272721        2.3811890158692252E-004   0.0000000000000000     
  0.50818181818181818        2.4645036810466697E-004   0.0000000000000000     
  0.50909090909090904        2.4849120735152949E-004   0.0000000000000000     
  0.50999999999999990        2.4418932705855793E-004   0.0000000000000000     
  0.51090909090909087        2.3365453239880023E-004   0.0000000000000000     
  0.51181818181818184        2.1715572322196356E-004   0.0000000000000000     
  0.51272727272727270        1.9511403039943907E-004   0.0000000000000000     
  0.51363636363636367        1.6809206650011943E-004   0.0000000000000000     
  0.51454545454545453        1.3677956513643912E-004   0.0000000000000000     
  0.51545454545454550        1.0197577556951644E-004   0.0000000000000000     
  0.51636363636363636        6.4569061936186511E-005   0.0000000000000000     
  0.51727272727272733        2.5514227810219998E-005   0.0000000000000000     
  0.51818181818181819       -1.4191855077833899E-005   0.0000000000000000     
  0.51909090909090905       -5.3535691923188004E-005   0.0000000000000000     
  0.52000000000000002       -9.1513034224210342E-005   0.0000000000000000     
  0.52090909090909088       -1.2715451314901184E-004   0.0000000000000000     
  0.52181818181818185       -1.5955038260784095E-004   0.0000000000000000     
  0.52272727272727271       -1.8787374044542358E-004   0.0000000000000000     
  0.52363636363636357       -2.1140163506612710E-004   0.0000000000000000     
  0.52454545454545454       -2.2953351871516414E-004   0.0000000000000000     
  0.52545454545454540       -2.4180657641162590E-004   0.0000000000000000     
  0.52636363636363637       -2.4790753927528953E-004   0.0000000000000000     
  0.52727272727272723       -2.4768068068261223E-004   0.0000000000000000     
  0.52818181818181809       -2.4113179118289110E-004   0.0000000000000000     
  0.52909090909090906       -2.2842803069161817E-004   0.0000000000000000     
  0.53000000000000003       -2.0989366174970343E-004   0.0000000000000000     
  0.53090909090909089       -1.8600177273963434E-004   0.0000000000000000     
  0.53181818181818175       -1.5736220235019810E-004   0.0000000000000000     
  0.53272727272727272       -1.2470597347880220E-004   0.0000000000000000     
  0.53363636363636369       -8.8866633930944643E-005   0.0000000000000000     
  0.53454545454545455       -5.0758980179666291E-005   0.0000000000000000     
  0.53545454545454541       -1.1355707242849155E-005   0.0000000000000000     
  0.53636363636363638        2.8337419274213872E-005   0.0000000000000000     
  0.53727272727272724        6.7307235277175344E-005   0.0000000000000000     
  0.53818181818181821        1.0455903911847825E-004   0.0000000000000000     
  0.53909090909090907        1.3914198128141096E-004   0.0000000000000000     
  0.54000000000000004        1.7017333474798240E-004   0.0000000000000000     
  0.54090909090909089        1.9686102653206436E-004   0.0000000000000000     
  0.54181818181818175        2.1852385529200362E-004   0.0000000000000000     
  0.54272727272727272        2.3460887893995841E-004   0.0000000000000000     
  0.54363636363636358        2.4470552844412007E-004   0.0000000000000000     
  0.54454545454545455        2.4855608758094042E-004   0.0000000000000000     
  0.54545454545454541        2.4606227111429948E-004   0.0000000000000000     
  0.54636363636363627        2.3728773352417508E-004   0.0000000000000000     
  0.54727272727272724        2.2245644422760400E-004   0.0000000000000000     
  0.54818181818181821        2.0194697077968864E-004   0.0000000000000000     
  0.54909090909090907        1.7628281595804233E-004   0.0000000000000000     
  0.55000000000000004        1.4611905540430080E-004   0.0000000000000000     
  0.55090909090909090        1.1222561685609729E-004   0.0000000000000000     
  0.55181818181818187        7.5467627803622146E-005   0.0000000000000000     
  0.55272727272727273        3.6783333180169764E-005   0.0000000000000000     
  0.55363636363636370       -2.8398532812377896E-006   0.0000000000000000     
  0.55454545454545456       -4.2390552698917868E-005   0.0000000000000000     
  0.55545454545454542       -8.0859236419649950E-005   0.0000000000000000     
  0.55636363636363639       -1.1726399415997523E-004   0.0000000000000000     
  0.55727272727272725       -1.5067559719184693E-004   0.0000000000000000     
  0.55818181818181822       -1.8024121684109007E-004   0.0000000000000000     
  0.55909090909090908       -2.0520619286816915E-004   0.0000000000000000     
  0.55999999999999994       -2.2493329612259758E-004   0.0000000000000000     
  0.56090909090909091       -2.3891899376563935E-004   0.0000000000000000     
  0.56181818181818177       -2.4680630190542993E-004   0.0000000000000000     
  0.56272727272727274       -2.4839389759185037E-004   0.0000000000000000     
  0.56363636363636360       -2.4364125756221451E-004   0.0000000000000000     
  0.56454545454545446       -2.3266969259949847E-004   0.0000000000000000     
  0.56545454545454543       -2.1575925108059747E-004   0.0000000000000000     
  0.56636363636363640       -1.9334157076612838E-004   0.0000000000000000     
  0.56727272727272726       -1.6598886127158020E-004   0.0000000000000000     
  0.56818181818181812       -1.3439929847085293E-004   0.0000000000000000     
  0.56909090909090909       -9.9379203597557052E-005   0.0000000000000000     
  0.57000000000000006       -6.1822461960521735E-005   0.0000000000000000     
  0.57090909090909092       -2.2687706593338400E-005   0.0000000000000000     
  0.57181818181818178        1.7026150794191884E-005   0.0000000000000000     
  0.57272727272727275        5.6305416951691161E-005   0.0000000000000000     
  0.57363636363636361        9.4147491539700481E-005   0.0000000000000000     
  0.57454545454545458        1.2958645842611134E-004   0.0000000000000000     
  0.57545454545454555        1.6171774062250947E-004   0.0000000000000000     
  0.57636363636363641        1.8972118954841007E-004   0.0000000000000000     
  0.57727272727272738        2.1288201925571311E-004   0.0000000000000000     
  0.57818181818181824        2.3060905129413737E-004   0.0000000000000000     
  0.57909090909090921        2.4244980449351260E-004   0.0000000000000000     
  0.58000000000000007        2.4810204450917428E-004   0.0000000000000000     
  0.58090909090909104        2.4742149833804959E-004   0.0000000000000000     
  0.58181818181818190        2.4042553686934740E-004   0.0000000000000000     
  0.58272727272727276        2.2729273149848248E-004   0.0000000000000000     
  0.58363636363636373        2.0835829610261165E-004   0.0000000000000000     
  0.58454545454545459        1.8410553073520833E-004   0.0000000000000000     
  0.58545454545454556        1.5515348542080647E-004   0.0000000000000000     
  0.58636363636363642        1.2224115896098729E-004   0.0000000000000000     
  0.58727272727272728        8.6208636033070502E-005   0.0000000000000000     
  0.58818181818181825        4.7975644096441886E-005   0.0000000000000000     
  0.58909090909090911        8.5180774232882247E-006   0.0000000000000000     
  0.59000000000000008       -3.1156912542181222E-005   0.0000000000000000     
  0.59090909090909094       -7.0036624637577873E-005   0.0000000000000000     
  0.59181818181818180       -1.0712865711111824E-004   0.0000000000000000     
  0.59272727272727277       -1.4148623859969937E-004   0.0000000000000000     
  0.59363636363636363       -1.7223239439665891E-004   0.0000000000000000     
  0.59454545454545460       -1.9858233116939994E-004   0.0000000000000000     
  0.59545454545454546       -2.1986346874445175E-004   0.0000000000000000     
  0.59636363636363632       -2.3553260767296701E-004   0.0000000000000000     
  0.59727272727272729       -2.4518979435286814E-004   0.0000000000000000     
  0.59818181818181815       -2.4858852981230172E-004   0.0000000000000000     
  0.59909090909090912       -2.4564206158379147E-004   0.0000000000000000     
  0.59999999999999998       -2.3642559804820925E-004   0.0000000000000000     
  0.60090909090909084       -2.2323610403908754E-004   0.0000000000000000     
  0.60181818181818181       -2.0847195569572696E-004   0.0000000000000000     
  0.60272727272727278       -1.9251000680462624E-004   0.0000000000000000     
  0.60363636363636364       -1.7575768491953536E-004   0.0000000000000000     
  0.60454545454545450       -1.5864259180931517E-004   0.0000000000000000     
  0.60545454545454547       -1.4160158894866166E-004   0.0000000000000000     
  0.60636363636363644       -1.2506964666417813E-004   0.0000000000000000     
  0.60727272727272730       -1.0946874155185000E-004   0.0000000000000000     
  0.60818181818181816       -9.5197085549892938E-005   0.0000000000000000     
  0.60909090909090913       -8.2618961614513292E-005   0.0000000000000000     
  0.60999999999999999       -7.2055425421004645E-005   0.0000000000000000     
  0.61090909090909096       -6.3776110443182710E-005   0.0000000000000000     
  0.61181818181818182       -5.7992345578477851E-005   0.0000000000000000     
  0.61272727272727279       -5.4851760993918739E-005   0.0000000000000000     
  0.61363636363636365       -5.4434519876790862E-005   0.0000000000000000     
  0.61454545454545451       -5.6751272275484642E-005   0.0000000000000000     
  0.61545454545454548       -6.1742883257868625E-005   0.0000000000000000     
  0.61636363636363634       -6.9281942325665526E-005   0.0000000000000000     
  0.61727272727272731       -7.9176015558362462E-005   0.0000000000000000     
  0.61818181818181817       -9.1172557474375202E-005   0.0000000000000000     
  0.61909090909090903       -1.0496535723570271E-004   0.0000000000000000     
  0.62000000000000000       -1.2020235465715073E-004   0.0000000000000000     
  0.62090909090909097       -1.3649462651476202E-004   0.0000000000000000     
  0.62181818181818183       -1.5342631378569010E-004   0.0000000000000000     
  0.62272727272727280       -1.7056523641297816E-004   0.0000000000000000     
  0.62363636363636366       -1.8747392467528460E-004   0.0000000000000000     
  0.62454545454545463       -2.0372078556625742E-004   0.0000000000000000     
  0.62545454545454549       -2.1889111917123216E-004   0.0000000000000000     
  0.62636363636363646       -2.3259770385761013E-004   0.0000000000000000     
  0.62727272727272732       -2.4449068007238500E-004   0.0000000000000000     
  0.62818181818181817       -2.5426648048475014E-004   0.0000000000000000     
  0.62909090909090915       -2.6167557851795159E-004   0.0000000000000000     
  0.63000000000000000       -2.6652885749723514E-004   0.0000000000000000     
  0.63090909090909097       -2.6870243783833108E-004   0.0000000000000000     
  0.63181818181818183       -2.6814083906527092E-004   0.0000000000000000     
  0.63272727272727269       -2.6485839594483077E-004   0.0000000000000000     
  0.63363636363636366       -2.5893889259276539E-004   0.0000000000000000     
  0.63454545454545452       -2.5053342389100665E-004   0.0000000000000000     
  0.63545454545454549       -2.3985653880128513E-004   0.0000000000000000     
  0.63636363636363635       -2.2718076401951777E-004   0.0000000000000000     
  0.63727272727272721       -2.1282964775194124E-004   0.0000000000000000     
  0.63818181818181818       -1.9716950117095017E-004   0.0000000000000000     
  0.63909090909090915       -1.8060004835124206E-004   0.0000000000000000     
  0.64000000000000001       -1.6354422333906510E-004   0.0000000000000000     
  0.64090909090909087       -1.4643737479795547E-004   0.0000000000000000     
  0.64181818181818184       -1.2971615376059845E-004   0.0000000000000000     
  0.64272727272727281       -1.1380736814641569E-004   0.0000000000000000     
  0.64363636363636367       -9.9117088523825457E-005   0.0000000000000000     
  0.64454545454545453       -8.6020283183328396E-005   0.0000000000000000     
  0.64545454545454550       -7.4851247105588682E-005   0.0000000000000000     
  0.64636363636363636       -6.5895069103389804E-005   0.0000000000000000     
  0.64727272727272733       -5.9380354952595417E-005   0.0000000000000000     
  0.64818181818181819       -5.5473392245998488E-005   0.0000000000000000     
  0.64909090909090916       -5.4273905915654735E-005   0.0000000000000000     
  0.65000000000000002       -5.5812512760434895E-005   0.0000000000000000     
  0.65090909090909088       -6.0049939955425757E-005   0.0000000000000000     
  0.65181818181818185       -6.6878027487620367E-005   0.0000000000000000     
  0.65272727272727271       -7.6122488931531682E-005   0.0000000000000000     
  0.65363636363636368       -8.7547360098329932E-005   0.0000000000000000     
  0.65454545454545454       -1.0086102200320237E-004   0.0000000000000000     
  0.65545454545454540       -1.1572364441867522E-004   0.0000000000000000     
  0.65636363636363637       -1.3175586001605935E-004   0.0000000000000000     
  0.65727272727272734       -1.4854844768676464E-004   0.0000000000000000     
  0.65818181818181820       -1.6567277788409300E-004   0.0000000000000000     
  0.65909090909090917       -1.8269175335478051E-004   0.0000000000000000     
  0.66000000000000003       -1.9917096601970797E-004   0.0000000000000000     
  0.66090909090909100       -2.1468978520510436E-004   0.0000000000000000     
  0.66181818181818186       -2.2885209420658915E-004   0.0000000000000000     
  0.66272727272727283       -2.4129640114438491E-004   0.0000000000000000     
  0.66363636363636369       -2.5170506601091328E-004   0.0000000000000000     
  0.66454545454545455       -2.5981240841186460E-004   0.0000000000000000     
  0.66545454545454552       -2.6541148903679029E-004   0.0000000000000000     
  0.66636363636363638       -2.6835939177042271E-004   0.0000000000000000     
  0.66727272727272735       -2.6858087161492068E-004   0.0000000000000000     
  0.66818181818181821       -2.6607027531414532E-004   0.0000000000000000     
  0.66909090909090907       -2.6089168565135494E-004   0.0000000000000000     
  0.67000000000000004       -2.5317728574132767E-004   0.0000000000000000     
  0.67090909090909090       -2.4312398506701159E-004   0.0000000000000000     
  0.67181818181818187       -2.3098839337819734E-004   0.0000000000000000     
  0.67272727272727273       -2.1708027074807872E-004   0.0000000000000000     
  0.67363636363636359       -2.0175462096979903E-004   0.0000000000000000     
  0.67454545454545456       -1.8540263011096824E-004   0.0000000000000000     
  0.67545454545454553       -1.6844168151986997E-004   0.0000000000000000     
  0.67636363636363639       -1.5130470214316316E-004   0.0000000000000000     
  0.67727272727272725       -1.3442911210345061E-004   0.0000000000000000     
  0.67818181818181822       -1.1824565957742386E-004   0.0000000000000000     
  0.67909090909090919       -1.0316742598337474E-004   0.0000000000000000     
  0.68000000000000005       -8.9579282111290075E-005   0.0000000000000000     
  0.68090909090909091       -7.7828064318848764E-005   0.0000000000000000     
  0.68181818181818188       -6.8213721564861605E-005   0.0000000000000000     
  0.68272727272727274       -6.0981659230940125E-005   0.0000000000000000     
  0.68363636363636371       -5.6316475169100113E-005   0.0000000000000000     
  0.68454545454545457       -5.4337247854420952E-005   0.0000000000000000     
  0.68545454545454554       -5.5094496916986486E-005   0.0000000000000000     
  0.68636363636363640       -5.8568893630457040E-005   0.0000000000000000     
  0.68727272727272726       -6.4671754277948563E-005   0.0000000000000000     
  0.68818181818181823       -7.3247303796757551E-005   0.0000000000000000     
  0.68909090909090909       -8.4076651924280184E-005   0.0000000000000000     
  0.69000000000000006       -9.6883380357431885E-005   0.0000000000000000     
  0.69090909090909092       -1.1134059830761224E-004   0.0000000000000000     
  0.69181818181818178       -1.2707928636459303E-004   0.0000000000000000     
  0.69272727272727275       -1.4369771568948741E-004   0.0000000000000000     
  0.69363636363636361       -1.6077170211204598E-004   0.0000000000000000     
  0.69454545454545458       -1.7786543340336434E-004   0.0000000000000000     
  0.69545454545454544       -1.9454259334502223E-004   0.0000000000000000     
  0.69636363636363630       -2.1037749867377570E-004   0.0000000000000000     
  0.69727272727272727       -2.2496596461253889E-004   0.0000000000000000     
  0.69818181818181813       -2.3793562165423920E-004   0.0000000000000000     
  0.69909090909090910       -2.4895542027140419E-004   0.0000000000000000     
  0.69999999999999996       -2.5774408092514974E-004   0.0000000000000000     
  0.70090909090909082       -2.6407727370790908E-004   0.0000000000000000     
  0.70181818181818179       -2.6779334434592331E-004   0.0000000000000000     
  0.70272727272727276       -2.6879744041353570E-004   0.0000000000000000     
  0.70363636363636362       -2.6706393243295306E-004   0.0000000000000000     
  0.70454545454545459       -2.6263706806670573E-004   0.0000000000000000     
  0.70545454545454545       -2.5562984269745170E-004   0.0000000000000000     
  0.70636363636363642       -2.4622111522994361E-004   0.0000000000000000     
  0.70727272727272728       -2.3465104273190162E-004   0.0000000000000000     
  0.70818181818181825       -2.2121495044065347E-004   0.0000000000000000     
  0.70909090909090911       -2.0625579361039896E-004   0.0000000000000000     
  0.70999999999999996       -1.9015540360383640E-004   0.0000000000000000     
  0.71090909090909093       -1.7332474167515763E-004   0.0000000000000000     
  0.71181818181818191       -1.5619340921598177E-004   0.0000000000000000     
  0.71272727272727276       -1.3919868220855272E-004   0.0000000000000000     
  0.71363636363636362       -1.2277434979429341E-004   0.0000000000000000     
  0.71454545454545459       -1.0733964183267450E-004   0.0000000000000000     
  0.71545454545454557       -9.3288528092843698E-005   0.0000000000000000     
  0.71636363636363642       -8.0979662207025013E-005   0.0000000000000000     
  0.71727272727272728       -7.0727227057735355E-005   0.0000000000000000     
  0.71818181818181825       -6.2792915288541185E-005   0.0000000000000000     
  0.71909090909090911       -5.7379249615433738E-005   0.0000000000000000     
  0.72000000000000008       -5.4624413451273764E-005   0.0000000000000000     
  0.72090909090909094       -5.4598723783397421E-005   0.0000000000000000     
  0.72181818181818191       -5.7302836339278662E-005   0.0000000000000000     
  0.72272727272727277       -6.2667728846874714E-005   0.0000000000000000     
  0.72363636363636363       -7.0556462825204533E-005   0.0000000000000000     
  0.72454545454545460       -8.0767678928037672E-005   0.0000000000000000     
  0.72545454545454546       -9.3040736624976081E-005   0.0000000000000000     
  0.72636363636363643       -1.0706236703398838E-004   0.0000000000000000     
  0.72727272727272729       -1.2247466908403090E-004   0.0000000000000000     
  0.72818181818181815       -1.3888424491447591E-004   0.0000000000000000     
  0.72909090909090912       -1.5587224132601870E-004   0.0000000000000000     
  0.72999999999999998       -1.7300504097611584E-004   0.0000000000000000     
  0.73090909090909095       -1.8984533043254944E-004   0.0000000000000000     
  0.73181818181818181       -2.0596326256090935E-004   0.0000000000000000     
  0.73272727272727267       -2.2094742834616204E-004   0.0000000000000000     
  0.73363636363636364       -2.3441535807459707E-004   0.0000000000000000     
  0.73454545454545450       -2.4602328384244027E-004   0.0000000000000000     
  0.73545454545454547       -2.5547491421138964E-004   0.0000000000000000     
  0.73636363636363633       -2.6252899702020629E-004   0.0000000000000000     
  0.73727272727272719       -2.6700547733147974E-004   0.0000000000000000     
  0.73818181818181816       -2.6879009331881793E-004   0.0000000000000000     
  0.73909090909090913       -2.6783729279260162E-004   0.0000000000000000     
  0.73999999999999999       -2.6417139591452372E-004   0.0000000000000000     
  0.74090909090909096       -2.5788597442983447E-004   0.0000000000000000     
  0.74181818181818182       -2.4914146325297491E-004   0.0000000000000000     
  0.74272727272727279       -2.3816106537931933E-004   0.0000000000000000     
  0.74363636363636365       -2.2522505464670886E-004   0.0000000000000000     
  0.74454545454545462       -2.1066362176389827E-004   0.0000000000000000     
  0.74545454545454548       -1.9484844621987246E-004   0.0000000000000000     
  0.74636363636363634       -1.7818320919113587E-004   0.0000000000000000     
  0.74727272727272731       -1.6109328961002971E-004   0.0000000000000000     
  0.74818181818181817       -1.4401490640037824E-004   0.0000000000000000     
  0.74909090909090914       -1.2738398401885420E-004   0.0000000000000000     
  0.75000000000000000       -1.1162502552084736E-004   0.0000000000000000     
  0.75090909090909086       -9.7140277146259496E-005   0.0000000000000000     
  0.75181818181818183       -8.4299461016654607E-005   0.0000000000000000     
  0.75272727272727269       -7.3430338007907803E-005   0.0000000000000000     
  0.75363636363636366       -6.4810341673019533E-005   0.0000000000000000     
  0.75454545454545452       -5.8659496776495640E-005   0.0000000000000000     
  0.75545454545454538       -5.5134803175385389E-005   0.0000000000000000     
  0.75636363636363635       -5.4326228411283778E-005   0.0000000000000000     
  0.75727272727272732       -5.6254411294318096E-005   0.0000000000000000     
  0.75818181818181818       -6.0870135100941737E-005   0.0000000000000000     
  0.75909090909090904       -6.8055583824280978E-005   0.0000000000000000     
  0.76000000000000001       -7.7627349421778073E-005   0.0000000000000000     
  0.76090909090909098       -8.9341113290692891E-005   0.0000000000000000     
  0.76181818181818184       -1.0289788248074488E-004   0.0000000000000000     
  0.76272727272727270       -1.1795162146991651E-004   0.0000000000000000     
  0.76363636363636367       -1.3411808469252095E-004   0.0000000000000000     
  0.76454545454545453       -1.5098462438026860E-004   0.0000000000000000     
  0.76545454545454550       -1.6812072336544316E-004   0.0000000000000000     
  0.76636363636363636       -1.8508898399839974E-004   0.0000000000000000     
  0.76727272727272733       -2.0145629269298053E-004   0.0000000000000000     
  0.76818181818181819       -2.1680487511354906E-004   0.0000000000000000     
  0.76909090909090905       -2.3074295983896198E-004   0.0000000000000000     
  0.77000000000000002       -2.4291477829651469E-004   0.0000000000000000     
  0.77090909090909088       -2.5300964572608236E-004   0.0000000000000000     
  0.77181818181818185       -2.6076989139055100E-004   0.0000000000000000     
  0.77272727272727271       -2.6599743559719663E-004   0.0000000000000000     
  0.77363636363636357       -2.6855884567023237E-004   0.0000000000000000     
  0.77454545454545454       -2.6838874180828108E-004   0.0000000000000000     
  0.77545454545454551       -2.6549146590021584E-004   0.0000000000000000     
  0.77636363636363637       -2.5994097069671507E-004   0.0000000000000000     
  0.77727272727272734       -2.5187893217494994E-004   0.0000000000000000     
  0.77818181818181820       -2.4151113326668152E-004   0.0000000000000000     
  0.77909090909090917       -2.2910221126551570E-004   0.0000000000000000     
  0.78000000000000003       -2.1496890298131484E-004   0.0000000000000000     
  0.78090909090909100       -1.9947196005341082E-004   0.0000000000000000     
  0.78181818181818186       -1.8300694079502374E-004   0.0000000000000000     
  0.78272727272727272       -1.6599411359497784E-004   0.0000000000000000     
  0.78363636363636369       -1.4886772959884733E-004   0.0000000000000000     
  0.78454545454545455       -1.3206493848187879E-004   0.0000000000000000     
  0.78545454545454552       -1.1601463023322056E-004   0.0000000000000000     
  0.78636363636363638       -1.0112648777570852E-004   0.0000000000000000     
  0.78727272727272724       -8.7780529834782185E-005   0.0000000000000000     
  0.78818181818181821       -7.6317410991150029E-005   0.0000000000000000     
  0.78909090909090907       -6.7029726500075469E-005   0.0000000000000000     
  0.79000000000000004       -6.0154543814399288E-005   0.0000000000000000     
  0.79090909090909089       -5.5867351460277005E-005   0.0000000000000000     
  0.79181818181818175       -5.4277579702579033E-005   0.0000000000000000     
  0.79272727272727272       -5.5425807347142114E-005   0.0000000000000000     
  0.79363636363636370       -5.9282725968431365E-005   0.0000000000000000     
  0.79454545454545455       -6.5749888007138563E-005   0.0000000000000000     
  0.79545454545454541       -7.4662219633384950E-005   0.0000000000000000     
  0.79636363636363638       -8.5792234247356898E-005   0.0000000000000000     
  0.79727272727272736       -9.8855839056428789E-005   0.0000000000000000     
  0.79818181818181821       -1.1351958652079559E-004   0.0000000000000000     
  0.79909090909090907       -1.2940918558067586E-004   0.0000000000000000     
  0.80000000000000004       -1.4611905540431628E-004   0.0000000000000000     
  0.80090909090909090       -1.6116096252203431E-004   0.0000000000000000     
  0.80181818181818187       -1.7208924808750047E-004   0.0000000000000000     
  0.80272727272727273       -1.7862496842675567E-004   0.0000000000000000     
  0.80363636363636370       -1.8060129976498030E-004   0.0000000000000000     
  0.80454545454545456       -1.7796779639259330E-004   0.0000000000000000     
  0.80545454545454542       -1.7079167828668184E-004   0.0000000000000000     
  0.80636363636363639       -1.5925611532650478E-004   0.0000000000000000     
  0.80727272727272725       -1.4365555189708914E-004   0.0000000000000000     
  0.80818181818181822       -1.2438819121635261E-004   0.0000000000000000     
  0.80909090909090908       -1.0194583122929853E-004   0.0000000000000000     
  0.80999999999999994       -7.6901311501324343E-005   0.0000000000000000     
  0.81090909090909091       -4.9893891530647963E-005   0.0000000000000000     
  0.81181818181818188       -2.1612933699742528E-005   0.0000000000000000     
  0.81272727272727274        7.2196926539802797E-006   0.0000000000000000     
  0.81363636363636371        3.5868036889628013E-005   0.0000000000000000     
  0.81454545454545457        6.3600852158012395E-005   0.0000000000000000     
  0.81545454545454554        8.9710260418531689E-005   0.0000000000000000     
  0.81636363636363640        1.1352982096909730E-004   0.0000000000000000     
  0.81727272727272737        1.3445154130524090E-004   0.0000000000000000     
  0.81818181818181823        1.5194139607389420E-004   0.0000000000000000     
  0.81909090909090909        1.6555295803670072E-004   0.0000000000000000     
  0.82000000000000006        1.7493879308918831E-004   0.0000000000000000     
  0.82090909090909092        1.7985932849181612E-004   0.0000000000000000     
  0.82181818181818189        1.8018896794469571E-004   0.0000000000000000     
  0.82272727272727275        1.7591929742601187E-004   0.0000000000000000     
  0.82363636363636361        1.6715929995718821E-004   0.0000000000000000     
  0.82454545454545458        1.5413257382004985E-004   0.0000000000000000     
  0.82545454545454544        1.3717162522870334E-004   0.0000000000000000     
  0.82636363636363641        1.1670938113074611E-004   0.0000000000000000     
  0.82727272727272727        9.3268138781396100E-005   0.0000000000000000     
  0.82818181818181813        6.7446234143839142E-005   0.0000000000000000     
  0.82909090909090910        3.9902769408162716E-005   0.0000000000000000     
  0.83000000000000007        1.1340789459478101E-005   0.0000000000000000     
  0.83090909090909093       -1.7510663296164610E-005   0.0000000000000000     
  0.83181818181818179       -4.5915157675404414E-005   0.0000000000000000     
  0.83272727272727276       -7.3147671078443964E-005   0.0000000000000000     
  0.83363636363636373       -9.8513095632467830E-005   0.0000000000000000     
  0.83454545454545459       -1.2136398076406601E-004   0.0000000000000000     
  0.83545454545454545       -1.4111705933658140E-004   0.0000000000000000     
  0.83636363636363642       -1.5726813549084401E-004   0.0000000000000000     
  0.83727272727272728       -1.6940495421281050E-004   0.0000000000000000     
  0.83818181818181825       -1.7721772410924535E-004   0.0000000000000000     
  0.83909090909090911       -1.8050702481150691E-004   0.0000000000000000     
  0.84000000000000008       -1.7918889716366242E-004   0.0000000000000000     
  0.84090909090909094       -1.7329698627645303E-004   0.0000000000000000     
  0.84181818181818180       -1.6298168273567496E-004   0.0000000000000000     
  0.84272727272727277       -1.4850628389459990E-004   0.0000000000000000     
  0.84363636363636363       -1.3024027323025580E-004   0.0000000000000000     
  0.84454545454545460       -1.0864988930220140E-004   0.0000000000000000     
  0.84545454545454546       -8.4286225050783469E-005   0.0000000000000000     
  0.84636363636363632       -5.7771161189429811E-005   0.0000000000000000     
  0.84727272727272729       -2.9781492745749244E-005   0.0000000000000000     
  0.84818181818181826       -1.0316539212056704E-006   0.0000000000000000     
  0.84909090909090912        2.7744517794308265E-005   0.0000000000000000     
  0.85000000000000009        5.5812512760413990E-005   0.0000000000000000     
  0.85090909090909095        8.2455897499727771E-005   0.0000000000000000     
  0.85181818181818192        1.0699460160462205E-004   0.0000000000000000     
  0.85272727272727278        1.2880227647956165E-004   0.0000000000000000     
  0.85363636363636375        1.4732228285186674E-004   0.0000000000000000     
  0.85454545454545461        1.6208189893836112E-004   0.0000000000000000     
  0.85545454545454547        1.7270438663948191E-004   0.0000000000000000     
  0.85636363636363644        1.7891860774836422E-004   0.0000000000000000     
  0.85727272727272741        1.8056594473505718E-004   0.0000000000000000     
  0.85818181818181827        1.7760434944490003E-004   0.0000000000000000     
  0.85909090909090913        1.7010941637783184E-004   0.0000000000000000     
  0.86000000000000010        1.5827245314118933E-004   0.0000000000000000     
  0.86090909090909107        1.4239559733845181E-004   0.0000000000000000     
  0.86181818181818193        1.2288410453126496E-004   0.0000000000000000     
  0.86272727272727279        1.0023600411787579E-004   0.0000000000000000     
  0.86363636363636376        7.5029387173134620E-005   0.0000000000000000     
  0.86454545454545462        4.7907650715083936E-005   0.0000000000000000     
  0.86545454545454559        1.9563075044146640E-005   0.0000000000000000     
  0.86636363636363645       -9.2808466577292847E-006   0.0000000000000000     
  0.86727272727272742       -3.7887875442170442E-005   0.0000000000000000     
  0.86818181818181828       -6.5527819029558555E-005   0.0000000000000000     
  0.86909090909090914       -9.1495169922014722E-005   0.0000000000000000     
  0.87000000000000011       -1.1512711342541434E-004   0.0000000000000000     
  0.87090909090909097       -1.3582044594102782E-004   0.0000000000000000     
  0.87181818181818194       -1.5304697170176191E-004   0.0000000000000000     
  0.87272727272727280       -1.6636698492063351E-004   0.0000000000000000     
  0.87363636363636366       -1.7544049325393540E-004   0.0000000000000000     
  0.87454545454545463       -1.8003589607764719E-004   0.0000000000000000     
  0.87545454545454549       -1.8003589607792385E-004   0.0000000000000000     
  0.87636363636363646       -1.7544049325371623E-004   0.0000000000000000     
  0.87727272727272732       -1.6636698492061546E-004   0.0000000000000000     
  0.87818181818181817       -1.5304697170184832E-004   0.0000000000000000     
  0.87909090909090915       -1.3582044594103791E-004   0.0000000000000000     
  0.88000000000000000       -1.1512711342503805E-004   0.0000000000000000     
  0.88090909090909097       -9.1495169922404534E-005   0.0000000000000000     
  0.88181818181818183       -6.5527819029562282E-005   0.0000000000000000     
  0.88272727272727269       -3.7887875441826180E-005   0.0000000000000000     
  0.88363636363636366       -9.2808466579861440E-006   0.0000000000000000     
  0.88454545454545452        1.9563075043905564E-005   0.0000000000000000     
  0.88545454545454549        4.7907650715415674E-005   0.0000000000000000     
  0.88636363636363635        7.5029387173129863E-005   0.0000000000000000     
  0.88727272727272721        1.0023600411749060E-004   0.0000000000000000     
  0.88818181818181818        1.2288410453164132E-004   0.0000000000000000     
  0.88909090909090904        1.4239559733841972E-004   0.0000000000000000     
  0.89000000000000001        1.5827245314112433E-004   0.0000000000000000     
  0.89090909090909087        1.7010941637784894E-004   0.0000000000000000     
  0.89181818181818173        1.7760434944509888E-004   0.0000000000000000     
  0.89272727272727270        1.8056594473479535E-004   0.0000000000000000     
  0.89363636363636367        1.7891860774865506E-004   0.0000000000000000     
  0.89454545454545453        1.7270438663924507E-004   0.0000000000000000     
  0.89545454545454550        1.6208189893834543E-004   0.0000000000000000     
  0.89636363636363636        1.4732228285197741E-004   0.0000000000000000     
  0.89727272727272733        1.2880227647955213E-004   0.0000000000000000     
  0.89818181818181819        1.0699460160424965E-004   0.0000000000000000     
  0.89909090909090916        8.2455897500123153E-005   0.0000000000000000     
  0.90000000000000002        5.5812512760418334E-005   0.0000000000000000     
  0.90090909090909088        2.7744517793954249E-005   0.0000000000000000     
  0.90181818181818185       -1.0316539209320902E-006   0.0000000000000000     
  0.90272727272727282       -2.9781492745523127E-005   0.0000000000000000     
  0.90363636363636368       -5.7771161189746534E-005   0.0000000000000000     
  0.90454545454545454       -8.4286225050776313E-005   0.0000000000000000     
  0.90545454545454551       -1.0864988930182144E-004   0.0000000000000000     
  0.90636363636363648       -1.3024027323063102E-004   0.0000000000000000     
  0.90727272727272734       -1.4850628389454637E-004   0.0000000000000000     
  0.90818181818181820       -1.6298168273563306E-004   0.0000000000000000     
  0.90909090909090917       -1.7329698627647138E-004   0.0000000000000000     
  0.91000000000000003       -1.7918889716384156E-004   0.0000000000000000     
  0.91090909090909100       -1.8050702481126038E-004   0.0000000000000000     
  0.91181818181818186       -1.7721772410954857E-004   0.0000000000000000     
  0.91272727272727283       -1.6940495421255417E-004   0.0000000000000000     
  0.91363636363636369       -1.5726813549082655E-004   0.0000000000000000     
  0.91454545454545455       -1.4111705933671169E-004   0.0000000000000000     
  0.91545454545454552       -1.2136398076403376E-004   0.0000000000000000     
  0.91636363636363638       -9.8513095632097466E-005   0.0000000000000000     
  0.91727272727272735       -7.3147671078841269E-005   0.0000000000000000     
  0.91818181818181821       -4.5915157675407707E-005   0.0000000000000000     
  0.91909090909090907       -1.7510663295800656E-005   0.0000000000000000     
  0.92000000000000004        1.1340789459189903E-005   0.0000000000000000     
  0.92090909090909090        3.9902769407952997E-005   0.0000000000000000     
  0.92181818181818187        6.7446234144140008E-005   0.0000000000000000     
  0.92272727272727273        9.3268138781386572E-005   0.0000000000000000     
  0.92363636363636359        1.1670938113037238E-004   0.0000000000000000     
  0.92454545454545456        1.3717162522907552E-004   0.0000000000000000     
  0.92545454545454542        1.5413257381997390E-004   0.0000000000000000     
  0.92636363636363639        1.6715929995716780E-004   0.0000000000000000     
  0.92727272727272725        1.7591929742602955E-004   0.0000000000000000     
  0.92818181818181811        1.8018896794485368E-004   0.0000000000000000     
  0.92909090909090908        1.7985932849158646E-004   0.0000000000000000     
  0.93000000000000005        1.7493879308950406E-004   0.0000000000000000     
  0.93090909090909091        1.6555295803642820E-004   0.0000000000000000     
  0.93181818181818188        1.5194139607387872E-004   0.0000000000000000     
  0.93272727272727274        1.3445154130539380E-004   0.0000000000000000     
  0.93363636363636371        1.1352982096904435E-004   0.0000000000000000     
  0.93454545454545457        8.9710260418165866E-005   0.0000000000000000     
  0.93545454545454554        6.3600852158410569E-005   0.0000000000000000     
  0.93636363636363640        3.5868036889629558E-005   0.0000000000000000     
  0.93727272727272726        7.2196926536065705E-006   0.0000000000000000     
  0.93818181818181823       -2.1612933699441920E-005   0.0000000000000000     
  0.93909090909090909       -4.9893891530457082E-005   0.0000000000000000     
  0.94000000000000006       -7.6901311501610450E-005   0.0000000000000000     
  0.94090909090909092       -1.0194583122928893E-004   0.0000000000000000     
  0.94181818181818178       -1.2438819121598840E-004   0.0000000000000000     
  0.94272727272727275       -1.4365555189745907E-004   0.0000000000000000     
  0.94363636363636361       -1.5925611532640872E-004   0.0000000000000000     
  0.94454545454545458       -1.7079167828668487E-004   0.0000000000000000     
  0.94545454545454544       -1.7796779639261162E-004   0.0000000000000000     
  0.94636363636363630       -1.8060129976511742E-004   0.0000000000000000     
  0.94727272727272727       -1.7862496842654341E-004   0.0000000000000000     
  0.94818181818181824       -1.7208924808782730E-004   0.0000000000000000     
  0.94909090909090910       -1.6116096252174542E-004   0.0000000000000000     
  0.94999999999999996       -1.4611905540430083E-004   0.0000000000000000     
  0.95090909090909093       -1.2734747029239423E-004   0.0000000000000000     
  0.95181818181818190       -1.0532535049548340E-004   0.0000000000000000     
  0.95272727272727276       -8.0614808981230079E-005   0.0000000000000000     
  0.95363636363636362       -5.3846580477819707E-005   0.0000000000000000     
  0.95454545454545459       -2.5703922022769855E-005   0.0000000000000000     
  0.95545454545454545        3.0948271253944527E-006   0.0000000000000000     
  0.95636363636363642        3.1814581042263969E-005   0.0000000000000000     
  0.95727272727272728        5.9722270149347623E-005   0.0000000000000000     
  0.95818181818181825        8.6105552765074886E-005   0.0000000000000000     
  0.95909090909090911        1.1029099756539375E-004   0.0000000000000000     
  0.95999999999999996        1.3166127287622564E-004   0.0000000000000000     
  0.96090909090909093        1.4967090401468545E-004   0.0000000000000000     
  0.96181818181818179        1.6386019648639355E-004   0.0000000000000000     
  0.96272727272727276        1.7386696966106838E-004   0.0000000000000000     
  0.96363636363636362        1.7943580139837101E-004   0.0000000000000000     
  0.96454545454545448        1.8042454768393690E-004   0.0000000000000000     
  0.96545454545454545        1.7680797084209765E-004   0.0000000000000000     
  0.96636363636363642        1.6867838372802823E-004   0.0000000000000000     
  0.96727272727272728        1.5624329344498798E-004   0.0000000000000000     
  0.96818181818181825        1.3982010474717149E-004   0.0000000000000000     
  0.96909090909090911        1.1982801830076237E-004   0.0000000000000000     
  0.97000000000000008        9.6777330620720375E-005   0.0000000000000000     
  0.97090909090909094        7.1256408793369513E-005   0.0000000000000000     
  0.97181818181818191        4.3916672443844935E-005   0.0000000000000000     
  0.97272727272727277        1.5455966304890972E-005   0.0000000000000000     
  0.97363636363636363       -1.3399252221578885E-005   0.0000000000000000     
  0.97454545454545460       -4.1912455834458797E-005   0.0000000000000000     
  0.97545454545454546       -6.9355847136420327E-005   0.0000000000000000     
  0.97636363636363643       -9.5028935612654326E-005   0.0000000000000000     
  0.97727272727272729       -1.1827641759167472E-004   0.0000000000000000     
  0.97818181818181815       -1.3850490283043548E-004   0.0000000000000000     
  0.97909090909090912       -1.5519806075245358E-004   0.0000000000000000     
  0.97999999999999998       -1.6792979974415424E-004   0.0000000000000000     
  0.98090909090909095       -1.7637514311906257E-004   0.0000000000000000     
  0.98181818181818181       -1.8031852411610837E-004   0.0000000000000000     
  0.98272727272727267       -1.7965928822986411E-004   0.0000000000000000     
  0.98363636363636364       -1.7441426240670399E-004   0.0000000000000000     
  0.98454545454545461       -1.6471732554069441E-004   0.0000000000000000     
  0.98545454545454547       -1.5081599122053721E-004   0.0000000000000000     
  0.98636363636363633       -1.3306508997028342E-004   0.0000000000000000     
  0.98727272727272730       -1.1191771221995867E-004   0.0000000000000000     
  0.98818181818181827       -8.7913643208859760E-005   0.0000000000000000     
  0.98909090909090913       -6.1665585010830618E-005   0.0000000000000000     
  0.98999999999999999       -3.3843517352537798E-005   0.0000000000000000     
  0.99090909090909096       -5.1575964374827224E-006   0.0000000000000000     
  0.99181818181818182        2.3659971742081944E-005   0.0000000000000000     
  0.99272727272727279        5.1873620907321079E-005   0.0000000000000000     
  0.99363636363636365        7.8763199765904574E-005   0.0000000000000000     
  0.99454545454545462        1.0364235382424548E-004   0.0000000000000000     
  0.99545454545454548        1.2587604452779359E-004   0.0000000000000000     
  0.99636363636363634        1.4489675858017089E-004   0.0000000000000000     
  0.99727272727272731        1.6021899367431639E-004   0.0000000000000000     
  0.99818181818181817        1.7145165089973936E-004   0.0000000000000000     
  0.99909090909090914        1.7830801752017592E-004   0.0000000000000000     
   1.0000000000000000        1.8061308528779317E-004   0.0000000000000000     
