X My_beautiful_solution_real My_beautiful_solution_imag
   0.0000000000000000       -5.4113237914446660E-026   0.0000000000000000     
   1.1363636363636365E-003   4.9368117726657652E-005   0.0000000000000000     
   2.2727272727272731E-003   9.6769661738159841E-005   0.0000000000000000     
   3.4090909090909094E-003   1.4031639928551996E-004   0.0000000000000000     
   4.5454545454545461E-003   1.7827364925221276E-004   0.0000000000000000     
   5.6818181818181828E-003   2.0912939023408754E-004   0.0000000000000000     
   6.8181818181818187E-003   2.3165448838948090E-004   0.0000000000000000     
   7.9545454545454555E-003   2.4495165715522952E-004   0.0000000000000000     
   9.0909090909090922E-003   2.4849120735114005E-004   0.0000000000000000     
   1.0389610389610391E-002   2.4042553049582143E-004   0.0000000000000000     
   1.1688311688311690E-002   2.1986347647997520E-004   0.0000000000000000     
   1.2987012987012988E-002   1.8787373622848789E-004   0.0000000000000000     
   1.4285714285714287E-002   1.4611905190669162E-004   0.0000000000000000     
   1.5584415584415586E-002   9.6769669388288717E-005   0.0000000000000000     
   1.6883116883116885E-002   4.2390546595823384E-005   0.0000000000000000     
   1.8181818181818184E-002  -1.4191855077782553E-005   0.0000000000000000     
   1.9318181818181821E-002  -6.3196793115323629E-005   0.0000000000000000     
   2.0454545454545454E-002  -1.0968429388940104E-004   0.0000000000000000     
   2.1590909090909091E-002  -1.5180253533605100E-004   0.0000000000000000     
   2.2727272727272728E-002  -1.8787374042934140E-004   0.0000000000000000     
   2.3863636363636365E-002  -2.1646101808149438E-004   0.0000000000000000     
   2.5000000000000001E-002  -2.3642559834999600E-004   0.0000000000000000     
   2.6136363636363635E-002  -2.4697219271809759E-004   0.0000000000000000     
   2.7272727272727271E-002  -2.4768068068219481E-004   0.0000000000000000     
   2.8571428571428571E-002  -2.3642559206601095E-004   0.0000000000000000     
   2.9870129870129870E-002  -2.1288202652116795E-004   0.0000000000000000     
   3.1168831168831169E-002  -1.7827364527846080E-004   0.0000000000000000     
   3.2467532467532471E-002  -1.3439929523773056E-004   0.0000000000000000     
   3.3766233766233771E-002  -8.3539394241522580E-005   0.0000000000000000     
   3.5064935064935070E-002  -2.8337413576218384E-005   0.0000000000000000     
   3.6363636363636369E-002   2.8337419274110408E-005   0.0000000000000000     
   3.7500000000000006E-002   7.6819333700444878E-005   0.0000000000000000     
   3.8636363636363642E-002   1.2224115867210582E-004   0.0000000000000000     
   3.9772727272727279E-002   1.6279352306881940E-004   0.0000000000000000     
   4.0909090909090916E-002   1.9686102651517555E-004   0.0000000000000000     
   4.2045454545454553E-002   2.2308659507983656E-004   0.0000000000000000     
   4.3181818181818189E-002   2.4042553715029424E-004   0.0000000000000000     
   4.4318181818181826E-002   2.4818715632205369E-004   0.0000000000000000     
   4.5454545454545463E-002   2.4606227111385962E-004   0.0000000000000000     
   4.6753246753246762E-002   2.3165448249648033E-004   0.0000000000000000     
   4.8051948051948054E-002   2.0520619963986390E-004   0.0000000000000000     
   4.9350649350649353E-002   1.6809206275211939E-004   0.0000000000000000     
   5.0649350649350652E-002   1.2224115600290415E-004   0.0000000000000000     
   5.1948051948051951E-002   7.0036630954594214E-005   0.0000000000000000     
   5.3246753246753244E-002   1.4191849803523703E-005   0.0000000000000000     
   5.4545454545454543E-002  -4.2390552698763525E-005   0.0000000000000000     
   5.5681818181818180E-002  -9.0191305586109373E-005   0.0000000000000000     
   5.6818181818181816E-002  -1.3439929820332634E-004   0.0000000000000000     
   5.7954545454545453E-002  -1.7325351216634311E-004   0.0000000000000000     
   5.9090909090909097E-002  -2.0520619285053146E-004   0.0000000000000000     
   6.0227272727272733E-002  -2.2898450997408681E-004   0.0000000000000000     
   6.1363636363636370E-002  -2.4364125782140554E-004   0.0000000000000000     
   6.2500000000000000E-002  -2.4859258500835481E-004   0.0000000000000000     
   6.3636363636363644E-002  -2.4364125756175638E-004   0.0000000000000000     
   6.4935064935064943E-002  -2.2612776415495981E-004   0.0000000000000000     
   6.6233766233766242E-002  -1.9686103278791225E-004   0.0000000000000000     
   6.7532467532467541E-002  -1.5736219885539984E-004   0.0000000000000000     
   6.8831168831168840E-002  -1.0968429152529973E-004   0.0000000000000000     
   7.0129870129870139E-002  -5.6305422734765288E-005   0.0000000000000000     
   7.1428571428571438E-002   4.8334223798368611E-012   0.0000000000000000     
   7.2727272727272738E-002   5.6305416951487473E-005   0.0000000000000000     
   7.3863636363636381E-002   1.0326909217942183E-004   0.0000000000000000     
   7.5000000000000011E-002   1.4611905515900963E-004   0.0000000000000000     
   7.6136363636363641E-002   1.8314838431831928E-004   0.0000000000000000     
   7.7272727272727285E-002   2.1288201923738560E-004   0.0000000000000000     
   7.8409090909090928E-002   2.3413552499175572E-004   0.0000000000000000     
   7.9545454545454558E-002   2.4606227135089582E-004   0.0000000000000000     
   8.0681818181818188E-002   2.4818715635289588E-004   0.0000000000000000     
   8.1818181818181832E-002   2.4042553686887903E-004   0.0000000000000000     
   8.3116883116883131E-002   2.1986346404793858E-004   0.0000000000000000     
   8.4415584415584430E-002   1.8787374616502207E-004   0.0000000000000000     
   8.5714285714285729E-002   1.4611905217410681E-004   0.0000000000000000     
   8.7012987012987028E-002   9.6769659686870554E-005   0.0000000000000000     
   8.8311688311688327E-002   4.2390557929186567E-005   0.0000000000000000     
   8.9610389610389626E-002  -1.4191859454602557E-005   0.0000000000000000     
   9.0909090909090925E-002  -7.0036624637324901E-005   0.0000000000000000     
   9.2045454545454555E-002  -1.1601003645876145E-004   0.0000000000000000     
   9.3181818181818199E-002  -1.5736220212794348E-004   0.0000000000000000     
   9.4318181818181829E-002  -1.9244586450845901E-004   0.0000000000000000     
   9.5454545454545459E-002  -2.1986346872550130E-004   0.0000000000000000     
   9.6590909090909102E-002  -2.3852283859250521E-004   0.0000000000000000     
   9.7727272727272732E-002  -2.4768068089584482E-004   0.0000000000000000     
   9.8863636363636376E-002  -2.4697219277968114E-004   0.0000000000000000     
  0.10000000000000001       -2.3642559804773269E-004   0.0000000000000000     
  0.10129870129870130       -2.1288201502031649E-004   0.0000000000000000     
  0.10259740259740260       -1.7827365443212937E-004   0.0000000000000000     
  0.10389610389610390       -1.3439929551580128E-004   0.0000000000000000     
  0.10519480519480519       -8.3539385332338412E-005   0.0000000000000000     
  0.10649350649350649       -2.8337423934618001E-005   0.0000000000000000     
  0.10779220779220779        2.8337423180051341E-005   0.0000000000000000     
  0.10909090909090909        8.3539387410866910E-005   0.0000000000000000     
  0.11022727272727273        1.2837258011212310E-004   0.0000000000000000     
  0.11136363636363636        1.6809206630162893E-004   0.0000000000000000     
  0.11250000000000000        2.0111562628888474E-004   0.0000000000000000     
  0.11363636363636365        2.2612776927775883E-004   0.0000000000000000     
  0.11477272727272728        2.4213214027128327E-004   0.0000000000000000     
  0.11590909090909092        2.4849120754070737E-004   0.0000000000000000     
  0.11704545454545455        2.4495165724735412E-004   0.0000000000000000     
  0.11818181818181819        2.3165448806735544E-004   0.0000000000000000     
  0.11948051948051949        2.0520618910771125E-004   0.0000000000000000     
  0.12077922077922079        1.6809207109306506E-004   0.0000000000000000     
  0.12207792207792209        1.2224115629072308E-004   0.0000000000000000     
  0.12337662337662339        7.0036622866703275E-005   0.0000000000000000     
  0.12467532467532469        1.4191859153171765E-005   0.0000000000000000     
  0.12597402597402599       -4.2390556121086362E-005   0.0000000000000000     
  0.12727272727272729       -9.6769662066528724E-005   0.0000000000000000     
  0.12840909090909092       -1.4031639909169429E-004   0.0000000000000000     
  0.12954545454545457       -1.7827364909335936E-004   0.0000000000000000     
  0.13068181818181820       -2.0912939069869921E-004   0.0000000000000000     
  0.13181818181818183       -2.3165448804780627E-004   0.0000000000000000     
  0.13295454545454546       -2.4495165723621508E-004   0.0000000000000000     
  0.13409090909090909       -2.4849120751603711E-004   0.0000000000000000     
  0.13522727272727275       -2.4213214032284746E-004   0.0000000000000000     
  0.13636363636363638       -2.2612776929681694E-004   0.0000000000000000     
  0.13766233766233768       -1.9686102325881173E-004   0.0000000000000000     
  0.13896103896103898       -1.5736220635641609E-004   0.0000000000000000     
  0.14025974025974028       -1.0968429182192826E-004   0.0000000000000000     
  0.14155844155844158       -5.6305415494549252E-005   0.0000000000000000     
  0.14285714285714288       -3.4769785355386594E-012   0.0000000000000000     
  0.14415584415584418        5.6305419879027987E-005   0.0000000000000000     
  0.14545454545454548        1.0968429419832450E-004   0.0000000000000000     
  0.14659090909090911        1.5180253514251218E-004   0.0000000000000000     
  0.14772727272727273        1.8787374029633212E-004   0.0000000000000000     
  0.14886363636363636        2.1646101850407570E-004   0.0000000000000000     
  0.15000000000000002        2.3642559802775602E-004   0.0000000000000000     
  0.15113636363636365        2.4697219280900404E-004   0.0000000000000000     
  0.15227272727272728        2.4768068082191551E-004   0.0000000000000000     
  0.15340909090909091        2.3852283868432716E-004   0.0000000000000000     
  0.15454545454545454        2.1986346874400679E-004   0.0000000000000000     
  0.15584415584415584        1.8787373767005657E-004   0.0000000000000000     
  0.15714285714285714        1.4611905881072764E-004   0.0000000000000000     
  0.15844155844155844        9.6769659991341656E-005   0.0000000000000000     
  0.15974025974025977        4.2390551560261608E-005   0.0000000000000000     
  0.16103896103896106       -1.4191852210555793E-005   0.0000000000000000     
  0.16233766233766236       -7.0036627060534578E-005   0.0000000000000000     
  0.16363636363636366       -1.2224115896057686E-004   0.0000000000000000     
  0.16477272727272729       -1.6279352287619939E-004   0.0000000000000000     
  0.16590909090909092       -1.9686102640844506E-004   0.0000000000000000     
  0.16704545454545455       -2.2308659545900987E-004   0.0000000000000000     
  0.16818181818181821       -2.4042553684854056E-004   0.0000000000000000     
  0.16931818181818184       -2.4818715642258482E-004   0.0000000000000000     
  0.17045454545454547       -2.4606227122794789E-004   0.0000000000000000     
  0.17159090909090910       -2.3413552512353516E-004   0.0000000000000000     
  0.17272727272727273       -2.1288201925527729E-004   0.0000000000000000     
  0.17402597402597403       -1.7827364699900641E-004   0.0000000000000000     
  0.17532467532467533       -1.3439930126637792E-004   0.0000000000000000     
  0.17662337662337663       -8.3539385643657471E-005   0.0000000000000000     
  0.17792207792207795       -2.8337418457756832E-005   0.0000000000000000     
  0.17922077922077925        2.8337417025988571E-005   0.0000000000000000     
  0.18051948051948055        8.3539389321842791E-005   0.0000000000000000     
  0.18181818181818185        1.3439929847040399E-004   0.0000000000000000     
  0.18295454545454548        1.7325351197527010E-004   0.0000000000000000     
  0.18409090909090911        2.0520619277042770E-004   0.0000000000000000     
  0.18522727272727274        2.2898451030861535E-004   0.0000000000000000     
  0.18636363636363640        2.4364125754112239E-004   0.0000000000000000     
  0.18750000000000003        2.4859258511818270E-004   0.0000000000000000     
  0.18863636363636366        2.4364125764984016E-004   0.0000000000000000     
  0.18977272727272729        2.2898451014539414E-004   0.0000000000000000     
  0.19090909090909092        2.0520619286775124E-004   0.0000000000000000     
  0.19220779220779222        1.6809206474603062E-004   0.0000000000000000     
  0.19350649350649352        1.2224116113649964E-004   0.0000000000000000     
  0.19480519480519481        7.0036623183856628E-005   0.0000000000000000     
  0.19610389610389611        1.4191854586241009E-005   0.0000000000000000     
  0.19740259740259741       -4.2390551077078311E-005   0.0000000000000000     
  0.19870129870129871       -9.6769663459034925E-005   0.0000000000000000     
  0.20000000000000001       -1.4611905540382080E-004   0.0000000000000000     
  0.20113636363636364       -1.8314838412941507E-004   0.0000000000000000     
  0.20227272727272727       -2.1288201918416881E-004   0.0000000000000000     
  0.20340909090909093       -2.3413552528054766E-004   0.0000000000000000     
  0.20454545454545456       -2.4606227109299724E-004   0.0000000000000000     
  0.20568181818181819       -2.4818715647166204E-004   0.0000000000000000     
  0.20681818181818185       -2.4042553693067080E-004   0.0000000000000000     
  0.20795454545454548       -2.2308659529011256E-004   0.0000000000000000     
  0.20909090909090911       -1.9686102653166675E-004   0.0000000000000000     
  0.21038961038961040       -1.5736220111617295E-004   0.0000000000000000     
  0.21168831168831170       -1.0968429574709844E-004   0.0000000000000000     
  0.21298701298701300       -5.6305415816501583E-005   0.0000000000000000     
  0.21428571428571430        1.6512659178279646E-013   0.0000000000000000     
  0.21558441558441560        5.6305415961528572E-005   0.0000000000000000     
  0.21688311688311690        1.0968429506782052E-004   0.0000000000000000     
  0.21818181818181820        1.5736220234969107E-004   0.0000000000000000     
  0.21931818181818183        1.9244586432234074E-004   0.0000000000000000     
  0.22045454545454546        2.1986346869934579E-004   0.0000000000000000     
  0.22159090909090909        2.3852283883461886E-004   0.0000000000000000     
  0.22272727272727272        2.4768068066117175E-004   0.0000000000000000     
  0.22386363636363638        2.4697219290699841E-004   0.0000000000000000     
  0.22500000000000001        2.3642559808303128E-004   0.0000000000000000     
  0.22613636363636364        2.1646101833005393E-004   0.0000000000000000     
  0.22727272727272727        1.8787374044505113E-004   0.0000000000000000     
  0.22857142857142856        1.4611905469436845E-004   0.0000000000000000     
  0.22987012987012986        9.6769662983102738E-005   0.0000000000000000     
  0.23116883116883116        4.2390551885963360E-005   0.0000000000000000     
  0.23246753246753249       -1.4191854915954859E-005   0.0000000000000000     
  0.23376623376623379       -7.0036624282321196E-005   0.0000000000000000     
  0.23506493506493509       -1.2224115930422594E-004   0.0000000000000000     
  0.23636363636363639       -1.6809206649958980E-004   0.0000000000000000     
  0.23750000000000002       -2.0111562610615968E-004   0.0000000000000000     
  0.23863636363636365       -2.2612776927874984E-004   0.0000000000000000     
  0.23977272727272730       -2.4213214046592873E-004   0.0000000000000000     
  0.24090909090909093       -2.4849120733002537E-004   0.0000000000000000     
  0.24204545454545456       -2.4495165738280670E-004   0.0000000000000000     
  0.24318181818181822       -2.3165448807604497E-004   0.0000000000000000     
  0.24431818181818185       -2.0912939052011872E-004   0.0000000000000000     
  0.24545454545454548       -1.7827364926708818E-004   0.0000000000000000     
  0.24675324675324678       -1.3439929828732838E-004   0.0000000000000000     
  0.24805194805194808       -8.3539387692249805E-005   0.0000000000000000     
  0.24935064935064938       -2.8337418786144587E-005   0.0000000000000000     
  0.25064935064935068        2.8337418785857961E-005   0.0000000000000000     
  0.25194805194805198        8.3539387691978131E-005   0.0000000000000000     
  0.25324675324675328        1.3439929828708568E-004   0.0000000000000000     
  0.25454545454545457        1.7827364926688703E-004   0.0000000000000000     
  0.25568181818181823        2.0912939051996260E-004   0.0000000000000000     
  0.25681818181818183        2.3165448807593991E-004   0.0000000000000000     
  0.25795454545454549        2.4495165738275699E-004   0.0000000000000000     
  0.25909090909090915        2.4849120733003323E-004   0.0000000000000000     
  0.26022727272727275        2.4213214046599394E-004   0.0000000000000000     
  0.26136363636363641        2.2612776927886995E-004   0.0000000000000000     
  0.26250000000000001        2.0111562610632971E-004   0.0000000000000000     
  0.26363636363636367        1.6809206649980295E-004   0.0000000000000000     
  0.26493506493506497        1.2224115930447815E-004   0.0000000000000000     
  0.26623376623376627        7.0036624282599185E-005   0.0000000000000000     
  0.26753246753246757        1.4191854916244172E-005   0.0000000000000000     
  0.26883116883116887       -4.2390551885677599E-005   0.0000000000000000     
  0.27012987012987016       -9.6769662982835496E-005   0.0000000000000000     
  0.27142857142857146       -1.4611905469413366E-004   0.0000000000000000     
  0.27272727272727276       -1.8787374044486088E-004   0.0000000000000000     
  0.27386363636363642       -2.1646101832991120E-004   0.0000000000000000     
  0.27500000000000002       -2.3642559808294134E-004   0.0000000000000000     
  0.27613636363636368       -2.4697219290696501E-004   0.0000000000000000     
  0.27727272727272734       -2.4768068066119642E-004   0.0000000000000000     
  0.27840909090909094       -2.3852283883470045E-004   0.0000000000000000     
  0.27954545454545460       -2.1986346869948116E-004   0.0000000000000000     
  0.28068181818181820       -1.9244586432252449E-004   0.0000000000000000     
  0.28181818181818186       -1.5736220234991561E-004   0.0000000000000000     
  0.28311688311688316       -1.0968429506808093E-004   0.0000000000000000     
  0.28441558441558445       -5.6305415961811162E-005   0.0000000000000000     
  0.28571428571428575       -1.6541658367409940E-013   0.0000000000000000     
  0.28701298701298705        5.6305415816219134E-005   0.0000000000000000     
  0.28831168831168835        1.0968429574683828E-004   0.0000000000000000     
  0.28961038961038965        1.5736220111594863E-004   0.0000000000000000     
  0.29090909090909095        1.9686102653148979E-004   0.0000000000000000     
  0.29204545454545461        2.2308659528998484E-004   0.0000000000000000     
  0.29318181818181821        2.4042553693059705E-004   0.0000000000000000     
  0.29431818181818187        2.4818715647164524E-004   0.0000000000000000     
  0.29545454545454553        2.4606227109303833E-004   0.0000000000000000     
  0.29659090909090913        2.3413552528064535E-004   0.0000000000000000     
  0.29772727272727278        2.1288201918431913E-004   0.0000000000000000     
  0.29886363636363639        1.8314838412961194E-004   0.0000000000000000     
  0.30000000000000004        1.4611905540405632E-004   0.0000000000000000     
  0.30129870129870134        9.6769663459303278E-005   0.0000000000000000     
  0.30259740259740264        4.2390551077365644E-005   0.0000000000000000     
  0.30389610389610394       -1.4191854585949730E-005   0.0000000000000000     
  0.30519480519480519       -7.0036623183576579E-005   0.0000000000000000     
  0.30649350649350648       -1.2224116113624542E-004   0.0000000000000000     
  0.30779220779220778       -1.6809206474581554E-004   0.0000000000000000     
  0.30909090909090908       -2.0520619286758650E-004   0.0000000000000000     
  0.31022727272727274       -2.2898451014528087E-004   0.0000000000000000     
  0.31136363636363640       -2.4364125764978276E-004   0.0000000000000000     
  0.31250000000000000       -2.4859258511818346E-004   0.0000000000000000     
  0.31363636363636366       -2.4364125754118096E-004   0.0000000000000000     
  0.31477272727272732       -2.2898451030872917E-004   0.0000000000000000     
  0.31590909090909092       -2.0520619277059185E-004   0.0000000000000000     
  0.31704545454545457       -1.7325351197547791E-004   0.0000000000000000     
  0.31818181818181823       -1.3439929847064718E-004   0.0000000000000000     
  0.31948051948051953       -8.3539389322115115E-005   0.0000000000000000     
  0.32077922077922083       -2.8337417026275800E-005   0.0000000000000000     
  0.32207792207792213        2.8337418457469671E-005   0.0000000000000000     
  0.32337662337662343        8.3539385643385201E-005   0.0000000000000000     
  0.32467532467532473        1.3439930126613479E-004   0.0000000000000000     
  0.32597402597402603        1.7827364699880507E-004   0.0000000000000000     
  0.32727272727272733        2.1288201925512813E-004   0.0000000000000000     
  0.32857142857142863        2.3642558907849582E-004   0.0000000000000000     
  0.32987012987012992        2.4768069152192063E-004   0.0000000000000000     
  0.33116883116883122        2.4606226547283086E-004   0.0000000000000000     
  0.33246753246753252        2.3165448267462770E-004   0.0000000000000000     
  0.33376623376623382        2.0520620356476583E-004   0.0000000000000000     
  0.33506493506493512        1.6809205762398051E-004   0.0000000000000000     
  0.33636363636363642        1.2224115896087095E-004   0.0000000000000000     
  0.33766233766233772        7.0036627060862604E-005   0.0000000000000000     
  0.33896103896103902        1.4191852210900649E-005   0.0000000000000000     
  0.34025974025974032       -4.2390551559917916E-005   0.0000000000000000     
  0.34155844155844162       -9.6769659991016857E-005   0.0000000000000000     
  0.34285714285714292       -1.4611905881043875E-004   0.0000000000000000     
  0.34415584415584421       -1.8787373766981870E-004   0.0000000000000000     
  0.34545454545454551       -2.1986346874383218E-004   0.0000000000000000     
  0.34675324675324681       -2.4042552803801674E-004   0.0000000000000000     
  0.34805194805194811       -2.4849121802709897E-004   0.0000000000000000     
  0.34935064935064941       -2.4364125198580533E-004   0.0000000000000000     
  0.35064935064935066       -2.2612776402266714E-004   0.0000000000000000     
  0.35194805194805195       -1.9686103703416642E-004   0.0000000000000000     
  0.35324675324675325       -1.5736219363262616E-004   0.0000000000000000     
  0.35454545454545455       -1.0968429419867286E-004   0.0000000000000000     
  0.35584415584415585       -5.6305419879413990E-005   0.0000000000000000     
  0.35714285714285715        3.4765749246527683E-012   0.0000000000000000     
  0.35844155844155845        5.6305415494149093E-005   0.0000000000000000     
  0.35974025974025980        1.0968429182155240E-004   0.0000000000000000     
  0.36103896103896110        1.5736220635608392E-004   0.0000000000000000     
  0.36233766233766240        1.9686102325854033E-004   0.0000000000000000     
  0.36363636363636370        2.2612776929662029E-004   0.0000000000000000     
  0.36493506493506500        2.4364124889807585E-004   0.0000000000000000     
  0.36623376623376630        2.4849121782854355E-004   0.0000000000000000     
  0.36753246753246760        2.4042553137619628E-004   0.0000000000000000     
  0.36883116883116884        2.1986346360563982E-004   0.0000000000000000     
  0.37012987012987014        1.8787375071877983E-004   0.0000000000000000     
  0.37142857142857144        1.4611904687373458E-004   0.0000000000000000     
  0.37272727272727274        9.6769662066929391E-005   0.0000000000000000     
  0.37402597402597404        4.2390556121527903E-005   0.0000000000000000     
  0.37532467532467534       -1.4191859152712287E-005   0.0000000000000000     
  0.37662337662337664       -7.0036622866249766E-005   0.0000000000000000     
  0.37792207792207799       -1.2224115629029913E-004   0.0000000000000000     
  0.37922077922077929       -1.6809207109269250E-004   0.0000000000000000     
  0.38051948051948059       -2.0520618910740930E-004   0.0000000000000000     
  0.38181818181818189       -2.3165448806713971E-004   0.0000000000000000     
  0.38311688311688319       -2.4606226264562326E-004   0.0000000000000000     
  0.38441558441558449       -2.4768069092690262E-004   0.0000000000000000     
  0.38571428571428579       -2.3642559265623752E-004   0.0000000000000000     
  0.38701298701298703       -2.1288201426945726E-004   0.0000000000000000     
  0.38831168831168833       -1.7827365927853956E-004   0.0000000000000000     
  0.38961038961038963       -1.3439929015512058E-004   0.0000000000000000     
  0.39090909090909093       -8.3539387411320229E-005   0.0000000000000000     
  0.39220779220779223       -2.8337423180548214E-005   0.0000000000000000     
  0.39350649350649353        2.8337423934103483E-005   0.0000000000000000     
  0.39480519480519483        8.3539385331833039E-005   0.0000000000000000     
  0.39610389610389612        1.3439929551533120E-004   0.0000000000000000     
  0.39740259740259742        1.7827365443171911E-004   0.0000000000000000     
  0.39870129870129872        2.1288201501998744E-004   0.0000000000000000     
  0.40000000000000002        2.3642559804750164E-004   0.0000000000000000     
  0.40129870129870132        2.4768067243702811E-004   0.0000000000000000     
  0.40259740259740262        2.4606228109245998E-004   0.0000000000000000     
  0.40389610389610392        2.3165448279463839E-004   0.0000000000000000     
  0.40519480519480522        2.0520618805074532E-004   0.0000000000000000     
  0.40649350649350652        1.6809207621632370E-004   0.0000000000000000     
  0.40779220779220782        1.2224115088722262E-004   0.0000000000000000     
  0.40909090909090912        7.0036624637829001E-005   0.0000000000000000     
  0.41038961038961042        1.4191859455151447E-005   0.0000000000000000     
  0.41168831168831171       -4.2390557928621528E-005   0.0000000000000000     
  0.41298701298701301       -9.6769659686318736E-005   0.0000000000000000     
  0.41428571428571431       -1.4611905217359685E-004   0.0000000000000000     
  0.41558441558441561       -1.8787374616458048E-004   0.0000000000000000     
  0.41688311688311691       -2.1986346404758841E-004   0.0000000000000000     
  0.41818181818181821       -2.4042553686863831E-004   0.0000000000000000     
  0.41948051948051951       -2.4849119935594103E-004   0.0000000000000000     
  0.42077922077922081       -2.4364126724170449E-004   0.0000000000000000     
  0.42207792207792211       -2.2612776416007982E-004   0.0000000000000000     
  0.42337662337662335       -1.9686102189918957E-004   0.0000000000000000     
  0.42467532467532465       -1.5736221173981530E-004   0.0000000000000000     
  0.42597402597402595       -1.0968428639323644E-004   0.0000000000000000     
  0.42727272727272725       -5.6305416952045397E-005   0.0000000000000000     
  0.42857142857142855       -4.8340255265287017E-012   0.0000000000000000     
  0.42987012987012985        5.6305422734148356E-005   0.0000000000000000     
  0.43116883116883115        1.0968429152470110E-004   0.0000000000000000     
  0.43246753246753245        1.5736219885485056E-004   0.0000000000000000     
  0.43376623376623374        1.9686103278744092E-004   0.0000000000000000     
  0.43506493506493504        2.2612776415459104E-004   0.0000000000000000     
  0.43636363636363634        2.4364125756150905E-004   0.0000000000000000     
  0.43766233766233764        2.4849119963202200E-004   0.0000000000000000     
  0.43896103896103894        2.4042554621860477E-004   0.0000000000000000     
  0.44025974025974024        2.1986346376000730E-004   0.0000000000000000     
  0.44155844155844154        1.8787373601221523E-004   0.0000000000000000     
  0.44285714285714284        1.4611906443670885E-004   0.0000000000000000     
  0.44415584415584414        9.6769654555165204E-005   0.0000000000000000     
  0.44545454545454544        4.2390552699372068E-005   0.0000000000000000     
  0.44675324675324674       -1.4191849802871125E-005   0.0000000000000000     
  0.44805194805194803       -7.0036630953931455E-005   0.0000000000000000     
  0.44935064935064933       -1.2224115600226564E-004   0.0000000000000000     
  0.45064935064935069       -1.6809206275153815E-004   0.0000000000000000     
  0.45194805194805199       -2.0520619963937007E-004   0.0000000000000000     
  0.45324675324675329       -2.3165448249609912E-004   0.0000000000000000     
  0.45454545454545459       -2.4606227111361085E-004   0.0000000000000000     
  0.45584415584415588       -2.4768067326437032E-004   0.0000000000000000     
  0.45714285714285718       -2.3642560703674136E-004   0.0000000000000000     
  0.45844155844155848       -2.1288201444027465E-004   0.0000000000000000     
  0.45974025974025973       -1.7827364504835534E-004   0.0000000000000000     
  0.46103896103896103       -1.3439930711659227E-004   0.0000000000000000     
  0.46233766233766233       -8.3539380217730050E-005   0.0000000000000000     
  0.46363636363636362       -2.8337419274768021E-005   0.0000000000000000     
  0.46493506493506492        2.8337413575518026E-005   0.0000000000000000     
  0.46623376623376622        8.3539394240815789E-005   0.0000000000000000     
  0.46753246753246752        1.3439929523705401E-004   0.0000000000000000     
  0.46883116883116888        1.7827364527784966E-004   0.0000000000000000     
  0.47012987012987018        2.1288202652065382E-004   0.0000000000000000     
  0.47142857142857147        2.3642559206562026E-004   0.0000000000000000     
  0.47272727272727277        2.4768068068194783E-004   0.0000000000000000     
  0.47402597402597407        2.4606226402152726E-004   0.0000000000000000     
  0.47532467532467537        2.3165449666633019E-004   0.0000000000000000     
  0.47662337662337667        2.0520618823745426E-004   0.0000000000000000     
  0.47792207792207791        1.6809206250893521E-004   0.0000000000000000     
  0.47922077922077921        1.2224116719186664E-004   0.0000000000000000     
  0.48051948051948051        7.0036617785876836E-005   0.0000000000000000     
  0.48181818181818181        1.4191855078486977E-005   0.0000000000000000     
  0.48311688311688311       -4.2390546595078599E-005   0.0000000000000000     
  0.48441558441558441       -9.6769669387542176E-005   0.0000000000000000     
  0.48571428571428571       -1.4611905190598206E-004   0.0000000000000000     
  0.48701298701298706       -1.8787373622785214E-004   0.0000000000000000     
  0.48831168831168836       -2.1986347647944611E-004   0.0000000000000000     
  0.48961038961038966       -2.4042553049542626E-004   0.0000000000000000     
  0.49090909090909096       -2.4849120735089924E-004   0.0000000000000000     
  0.49220779220779226       -2.4364125081805345E-004   0.0000000000000000     
  0.49350649350649356       -2.2612777747771362E-004   0.0000000000000000     
  0.49480519480519486       -1.9686102210118186E-004   0.0000000000000000     
  0.49610389610389610       -1.5736219859993324E-004   0.0000000000000000     
  0.49740259740259740       -1.0968430198786946E-004   0.0000000000000000     
  0.49870129870129870       -5.6305410464078881E-005   0.0000000000000000     
  0.50000000000000000       -7.5035763504173406E-016   0.0000000000000000     
  0.50129870129870124        5.6305410462617139E-005   0.0000000000000000     
  0.50259740259740260        1.0968430198652280E-004   0.0000000000000000     
  0.50389610389610384        1.5736219859877176E-004   0.0000000000000000     
  0.50519480519480520        1.9686102210026541E-004   0.0000000000000000     
  0.50649350649350644        2.2612777747708934E-004   0.0000000000000000     
  0.50779220779220779        2.4364125081775400E-004   0.0000000000000000     
  0.50909090909090904        2.4849120735094066E-004   0.0000000000000000     
  0.51038961038961039        2.4042553049580622E-004   0.0000000000000000     
  0.51168831168831164        2.1986347648014491E-004   0.0000000000000000     
  0.51298701298701299        1.8787373622883381E-004   0.0000000000000000     
  0.51428571428571423        1.4611905190719539E-004   0.0000000000000000     
  0.51558441558441559        9.6769669388924154E-005   0.0000000000000000     
  0.51688311688311683        4.2390546596557410E-005   0.0000000000000000     
  0.51818181818181819       -1.4191855076988148E-005   0.0000000000000000     
  0.51948051948051943       -7.0036617784435890E-005   0.0000000000000000     
  0.52077922077922079       -1.2224116719055861E-004   0.0000000000000000     
  0.52207792207792203       -1.6809206250782818E-004   0.0000000000000000     
  0.52337662337662338       -2.0520618823660533E-004   0.0000000000000000     
  0.52467532467532463       -2.3165449666578294E-004   0.0000000000000000     
  0.52597402597402598       -2.4606226402131020E-004   0.0000000000000000     
  0.52727272727272723       -2.4768068068207284E-004   0.0000000000000000     
  0.52857142857142858       -2.3642559206608042E-004   0.0000000000000000     
  0.52987012987012982       -2.1288202652142542E-004   0.0000000000000000     
  0.53116883116883118       -1.7827364527889280E-004   0.0000000000000000     
  0.53246753246753242       -1.3439929523831434E-004   0.0000000000000000     
  0.53376623376623378       -8.3539394242227867E-005   0.0000000000000000     
  0.53506493506493502       -2.8337413577008469E-005   0.0000000000000000     
  0.53636363636363638        2.8337419273276664E-005   0.0000000000000000     
  0.53766233766233762        8.3539380216315220E-005   0.0000000000000000     
  0.53896103896103897        1.3439930711532772E-004   0.0000000000000000     
  0.54025974025974022        1.7827364504730689E-004   0.0000000000000000     
  0.54155844155844157        2.1288201443949619E-004   0.0000000000000000     
  0.54285714285714282        2.3642560703627296E-004   0.0000000000000000     
  0.54415584415584417        2.4768067326423637E-004   0.0000000000000000     
  0.54545454545454541        2.4606227111381891E-004   0.0000000000000000     
  0.54675324675324677        2.3165448249663775E-004   0.0000000000000000     
  0.54805194805194801        2.0520619964021139E-004   0.0000000000000000     
  0.54935064935064937        1.6809206275263867E-004   0.0000000000000000     
  0.55064935064935061        1.2224115600356809E-004   0.0000000000000000     
  0.55194805194805197        7.0036630955368131E-005   0.0000000000000000     
  0.55324675324675321        1.4191849804367392E-005   0.0000000000000000     
  0.55454545454545456       -4.2390552697893975E-005   0.0000000000000000     
  0.55584415584415581       -9.6769654553781695E-005   0.0000000000000000     
  0.55714285714285716       -1.4611906443549205E-004   0.0000000000000000     
  0.55844155844155841       -1.8787373601122863E-004   0.0000000000000000     
  0.55974025974025976       -2.1986346375930203E-004   0.0000000000000000     
  0.56103896103896100       -2.4042554621821693E-004   0.0000000000000000     
  0.56233766233766236       -2.4849119963197224E-004   0.0000000000000000     
  0.56363636363636360       -2.4364125756180062E-004   0.0000000000000000     
  0.56493506493506496       -2.2612776415520806E-004   0.0000000000000000     
  0.56623376623376620       -1.9686103278835162E-004   0.0000000000000000     
  0.56753246753246755       -1.5736219885600748E-004   0.0000000000000000     
  0.56883116883116880       -1.0968429152604377E-004   0.0000000000000000     
  0.57012987012987015       -5.6305422735607110E-005   0.0000000000000000     
  0.57142857142857140        4.8325265667151333E-012   0.0000000000000000     
  0.57272727272727275        5.6305416950584279E-005   0.0000000000000000     
  0.57402597402597411        1.0968428639188922E-004   0.0000000000000000     
  0.57532467532467535        1.5736221173865203E-004   0.0000000000000000     
  0.57662337662337670        1.9686102189827047E-004   0.0000000000000000     
  0.57792207792207795        2.2612776415945228E-004   0.0000000000000000     
  0.57922077922077930        2.4364126724140070E-004   0.0000000000000000     
  0.58051948051948055        2.4849119935597643E-004   0.0000000000000000     
  0.58181818181818190        2.4042553686901100E-004   0.0000000000000000     
  0.58311688311688314        2.1986346404827885E-004   0.0000000000000000     
  0.58441558441558450        1.8787374616555357E-004   0.0000000000000000     
  0.58571428571428574        1.4611905217480219E-004   0.0000000000000000     
  0.58701298701298710        9.6769659687693409E-005   0.0000000000000000     
  0.58831168831168834        4.2390557930094051E-005   0.0000000000000000     
  0.58961038961038970       -1.4191859453657602E-005   0.0000000000000000     
  0.59090909090909094       -7.0036624636391593E-005   0.0000000000000000     
  0.59220779220779218       -1.2224115088591616E-004   0.0000000000000000     
  0.59350649350649354       -1.6809207621521651E-004   0.0000000000000000     
  0.59480519480519478       -2.0520618804989511E-004   0.0000000000000000     
  0.59610389610389614       -2.3165448279408927E-004   0.0000000000000000     
  0.59740259740259738       -2.4606228109223983E-004   0.0000000000000000     
  0.59870129870129873       -2.4768067243714884E-004   0.0000000000000000     
  0.59999999999999998       -2.3642559804795777E-004   0.0000000000000000     
  0.60129870129870133       -2.1708027077675998E-004   0.0000000000000000     
  0.60259740259740258       -1.9484844621147027E-004   0.0000000000000000     
  0.60389610389610393       -1.7088564932493129E-004   0.0000000000000000     
  0.60519480519480517       -1.4643737507595195E-004   0.0000000000000000     
  0.60649350649350653       -1.2277434954400816E-004   0.0000000000000000     
  0.60779220779220777       -1.0112648796365416E-004   0.0000000000000000     
  0.60909090909090913       -8.2618961615751573E-005   0.0000000000000000     
  0.61038961038961037       -6.8213725545521455E-005   0.0000000000000000     
  0.61168831168831173       -5.8659491973557564E-005   0.0000000000000000     
  0.61298701298701297       -5.4452881694681952E-005   0.0000000000000000     
  0.61428571428571432       -5.5812515207392557E-005   0.0000000000000000     
  0.61558441558441557       -6.2667724056912722E-005   0.0000000000000000     
  0.61688311688311692       -7.4662223604432385E-005   0.0000000000000000     
  0.61818181818181817       -9.1172557474537142E-005   0.0000000000000000     
  0.61948051948051952       -1.1134059805156490E-004   0.0000000000000000     
  0.62077922077922076       -1.3411808497520400E-004   0.0000000000000000     
  0.62207792207792212       -1.5832113021532759E-004   0.0000000000000000     
  0.62337662337662336       -1.8269175293700784E-004   0.0000000000000000     
  0.62467532467532472       -2.0596326308473667E-004   0.0000000000000000     
  0.62597402597402596       -2.2692609358844574E-004   0.0000000000000000     
  0.62727272727272732       -2.4449068007112109E-004   0.0000000000000000     
  0.62857142857142856       -2.5774407695910225E-004   0.0000000000000000     
  0.62987012987012991       -2.6599744038398321E-004   0.0000000000000000     
  0.63116883116883116       -2.6882176388438639E-004   0.0000000000000000     
  0.63246753246753251       -2.6607027289105305E-004   0.0000000000000000     
  0.63376623376623376       -2.5788597918988934E-004   0.0000000000000000     
  0.63506493506493511       -2.4469424833708755E-004   0.0000000000000000     
  0.63636363636363635       -2.2718076401944792E-004   0.0000000000000000     
  0.63766233766233771       -2.0625579409297884E-004   0.0000000000000000     
  0.63896103896103895       -1.8300694023898220E-004   0.0000000000000000     
  0.64025974025974031       -1.5864259194818854E-004   0.0000000000000000     
  0.64155844155844155       -1.3442911265963562E-004   0.0000000000000000     
  0.64285714285714290       -1.1162502472518664E-004   0.0000000000000000     
  0.64415584415584415       -9.1415601694053215E-005   0.0000000000000000     
  0.64545454545454550       -7.4851247106871890E-005   0.0000000000000000     
  0.64675324675324675       -6.2792919227039394E-005   0.0000000000000000     
  0.64805194805194810       -5.5867346705252702E-005   0.0000000000000000     
  0.64935064935064934       -5.4434522339538045E-005   0.0000000000000000     
  0.65064935064935070       -5.8568896021777668E-005   0.0000000000000000     
  0.65194805194805194       -6.8055579109656047E-005   0.0000000000000000     
  0.65324675324675330       -8.2401512583629661E-005   0.0000000000000000     
  0.65454545454545454       -1.0086102200317811E-004   0.0000000000000000     
  0.65584415584415590       -1.2247466837649141E-004   0.0000000000000000     
  0.65714285714285714       -1.4611905623190160E-004   0.0000000000000000     
  0.65844155844155849       -1.7056523613342650E-004   0.0000000000000000     
  0.65974025974025974       -1.9454259265224010E-004   0.0000000000000000     
  0.66103896103896109       -2.1680487617844904E-004   0.0000000000000000     
  0.66233766233766234       -2.3619497279965440E-004   0.0000000000000000     
  0.66363636363636369       -2.5170506600961749E-004   0.0000000000000000     
  0.66493506493506493       -2.6252899312210858E-004   0.0000000000000000     
  0.66623376623376629       -2.6810418496273108E-004   0.0000000000000000     
  0.66753246753246753       -2.6814083661849214E-004   0.0000000000000000     
  0.66883116883116889       -2.6263706571495857E-004   0.0000000000000000     
  0.67012987012987013       -2.5187893682876943E-004   0.0000000000000000     
  0.67142857142857149       -2.3642559418678082E-004   0.0000000000000000     
  0.67272727272727273       -2.1708027074819874E-004   0.0000000000000000     
  0.67402597402597408       -1.9484844715006487E-004   0.0000000000000000     
  0.67532467532467533       -1.7088564837188522E-004   0.0000000000000000     
  0.67662337662337668       -1.4643737521727299E-004   0.0000000000000000     
  0.67792207792207793       -1.2277435062141439E-004   0.0000000000000000     
  0.67922077922077928       -1.0112648644504116E-004   0.0000000000000000     
  0.68051948051948052       -8.2618962698666093E-005   0.0000000000000000     
  0.68181818181818188       -6.8213721566163637E-005   0.0000000000000000     
  0.68311688311688312       -5.8659500621476784E-005   0.0000000000000000     
  0.68441558441558448       -5.4452874578986129E-005   0.0000000000000000     
  0.68571428571428572       -5.5812515183261774E-005   0.0000000000000000     
  0.68701298701298708       -6.2667731151373158E-005   0.0000000000000000     
  0.68831168831168832       -7.4662215055548237E-005   0.0000000000000000     
  0.68961038961038967       -9.1172561273866415E-005   0.0000000000000000     
  0.69090909090909092       -1.1134059830739544E-004   0.0000000000000000     
  0.69220779220779216       -1.3411808354270809E-004   0.0000000000000000     
  0.69350649350649352       -1.5832113157476536E-004   0.0000000000000000     
  0.69480519480519476       -1.8269175279706382E-004   0.0000000000000000     
  0.69610389610389611       -2.0596326160214951E-004   0.0000000000000000     
  0.69740259740259736       -2.2692609559530190E-004   0.0000000000000000     
  0.69870129870129871       -2.4449067877121733E-004   0.0000000000000000     
  0.69999999999999996       -2.5774408092384766E-004   0.0000000000000000     
  0.70129870129870131       -2.6599743181787613E-004   0.0000000000000000     
  0.70259740259740255       -2.6882177092244153E-004   0.0000000000000000     
  0.70389610389610391       -2.6607027292317612E-004   0.0000000000000000     
  0.70519480519480515       -2.5788597218010271E-004   0.0000000000000000     
  0.70649350649350651       -2.4469425677135640E-004   0.0000000000000000     
  0.70779220779220775       -2.2718076029435948E-004   0.0000000000000000     
  0.70909090909090911       -2.0625579361071395E-004   0.0000000000000000     
  0.71038961038961046       -1.8300694216070694E-004   0.0000000000000000     
  0.71168831168831170       -1.5864259018679298E-004   0.0000000000000000     
  0.71298701298701306       -1.3442911279774511E-004   0.0000000000000000     
  0.71428571428571430       -1.1162502660811734E-004   0.0000000000000000     
  0.71558441558441566       -9.1415599205497847E-005   0.0000000000000000     
  0.71688311688311690       -7.4851248619522815E-005   0.0000000000000000     
  0.71818181818181825       -6.2792915289836684E-005   0.0000000000000000     
  0.71948051948051950       -5.5867355161606077E-005   0.0000000000000000     
  0.72077922077922085       -5.4434515402080099E-005   0.0000000000000000     
  0.72207792207792210       -5.8568895981766928E-005   0.0000000000000000     
  0.72337662337662345       -6.8055586011904636E-005   0.0000000000000000     
  0.72467532467532469       -8.2401504291487650E-005   0.0000000000000000     
  0.72597402597402605       -1.0086102564187595E-004   0.0000000000000000     
  0.72727272727272729       -1.2247466908361804E-004   0.0000000000000000     
  0.72857142857142854       -1.4611905382721623E-004   0.0000000000000000     
  0.72987012987012989       -1.7056523829103414E-004   0.0000000000000000     
  0.73116883116883113       -1.9454259251641473E-004   0.0000000000000000     
  0.73246753246753249       -2.1680487390131524E-004   0.0000000000000000     
  0.73376623376623373       -2.3619497576179009E-004   0.0000000000000000     
  0.73506493506493509       -2.5170506428915160E-004   0.0000000000000000     
  0.73636363636363633       -2.6252899701892477E-004   0.0000000000000000     
  0.73766233766233769       -2.6810417664371389E-004   0.0000000000000000     
  0.73896103896103893       -2.6814084343272431E-004   0.0000000000000000     
  0.74025974025974028       -2.6263706576272656E-004   0.0000000000000000     
  0.74155844155844153       -2.5187893005657275E-004   0.0000000000000000     
  0.74285714285714288       -2.3642560230974934E-004   0.0000000000000000     
  0.74415584415584413       -2.1708026720776072E-004   0.0000000000000000     
  0.74545454545454548       -1.9484844622038325E-004   0.0000000000000000     
  0.74696969696969695       -1.6681037067709575E-004   0.0000000000000000     
  0.74848484848484853       -1.3840016927906332E-004   0.0000000000000000     
  0.75000000000000000       -1.1162502791072960E-004   0.0000000000000000     
  0.75151515151515147       -8.8375952183391629E-005   0.0000000000000000     
  0.75303030303030305       -7.0294918497775506E-005   0.0000000000000000     
  0.75454545454545452       -5.8659496782655792E-005   0.0000000000000000     
  0.75584415584415587       -5.4452882737161823E-005   0.0000000000000000     
  0.75714285714285712       -5.5812508516653835E-005   0.0000000000000000     
  0.75844155844155847       -6.2667731096605268E-005   0.0000000000000000     
  0.75974025974025972       -7.4662221674603015E-005   0.0000000000000000     
  0.76103896103896107       -9.1172553344016753E-005   0.0000000000000000     
  0.76233766233766231       -1.1134060173405808E-004   0.0000000000000000     
  0.76363636363636367       -1.3411808468673396E-004   0.0000000000000000     
  0.76493506493506491       -1.5832112822311936E-004   0.0000000000000000     
  0.76623376623376627       -1.8269175571797010E-004   0.0000000000000000     
  0.76753246753246751       -2.0596326146519699E-004   0.0000000000000000     
  0.76883116883116887       -2.2692609254638257E-004   0.0000000000000000     
  0.77012987012987011       -2.4449068264354324E-004   0.0000000000000000     
  0.77142857142857146       -2.5774407879956308E-004   0.0000000000000000     
  0.77272727272727271       -2.6599743559135955E-004   0.0000000000000000     
  0.77402597402597406       -2.6882176295568526E-004   0.0000000000000000     
  0.77532467532467531       -2.6607027942296478E-004   0.0000000000000000     
  0.77662337662337666       -2.5788597224269186E-004   0.0000000000000000     
  0.77792207792207790       -2.4469425032643124E-004   0.0000000000000000     
  0.77922077922077926       -2.2718076800305197E-004   0.0000000000000000     
  0.78051948051948050       -2.0625579030537336E-004   0.0000000000000000     
  0.78181818181818186       -1.8300694080116952E-004   0.0000000000000000     
  0.78311688311688310       -1.5864259399343754E-004   0.0000000000000000     
  0.78441558441558445       -1.3442910950562292E-004   0.0000000000000000     
  0.78571428571428570       -1.1162502674149624E-004   0.0000000000000000     
  0.78701298701298705       -9.1415602622501614E-005   0.0000000000000000     
  0.78831168831168830       -7.4851244306938563E-005   0.0000000000000000     
  0.78961038961038965       -6.2792917602897370E-005   0.0000000000000000     
  0.79090909090909089       -5.5867351465769302E-005   0.0000000000000000     
  0.79220779220779225       -5.4434523151431261E-005   0.0000000000000000     
  0.79350649350649349       -5.8568889669998641E-005   0.0000000000000000     
  0.79480519480519485       -6.8055585941698059E-005   0.0000000000000000     
  0.79610389610389609       -8.2401510541260431E-005   0.0000000000000000     
  0.79740259740259745       -1.0086101817948408E-004   0.0000000000000000     
  0.79870129870129869       -1.2247467225685478E-004   0.0000000000000000     
  0.80000000000000004       -1.4611905539783075E-004   0.0000000000000000     
  0.80129870129870129       -1.6636697828580267E-004   0.0000000000000000     
  0.80259740259740264       -1.7796780439030337E-004   0.0000000000000000     
  0.80389610389610389       -1.8031851996360316E-004   0.0000000000000000     
  0.80519480519480524       -1.7329698224513950E-004   0.0000000000000000     
  0.80649350649350648       -1.5726814341951285E-004   0.0000000000000000     
  0.80779220779220784       -1.3306508338192181E-004   0.0000000000000000     
  0.80909090909090908       -1.0194583122419188E-004   0.0000000000000000     
  0.81038961038961044       -6.5527820226677700E-005   0.0000000000000000     
  0.81168831168831168       -2.5703920614838819E-005   0.0000000000000000     
  0.81298701298701304        1.5455965829192617E-005   0.0000000000000000     
  0.81428571428571428        5.5812511587647205E-005   0.0000000000000000     
  0.81558441558441563        9.3268140584169376E-005   0.0000000000000000     
  0.81688311688311688        1.2587604306066064E-004   0.0000000000000000     
  0.81818181818181823        1.5194139606709362E-004   0.0000000000000000     
  0.81948051948051948        1.7010940981137352E-004   0.0000000000000000     
  0.82077922077922083        1.7943580931564635E-004   0.0000000000000000     
  0.82207792207792207        1.7943579727303907E-004   0.0000000000000000     
  0.82337662337662343        1.7010941241351197E-004   0.0000000000000000     
  0.82467532467532467        1.5194140389962525E-004   0.0000000000000000     
  0.82597402597402603        1.2587603802325289E-004   0.0000000000000000     
  0.82727272727272727        9.3268138776714555E-005   0.0000000000000000     
  0.82857142857142863        5.5812514332600178E-005   0.0000000000000000     
  0.82987012987012987        1.5455964444830832E-005   0.0000000000000000     
  0.83116883116883122       -2.5703921311422055E-005   0.0000000000000000     
  0.83246753246753247       -6.5527817630338514E-005   0.0000000000000000     
  0.83376623376623382       -1.0194583347897941E-004   0.0000000000000000     
  0.83506493506493507       -1.3306508813163310E-004   0.0000000000000000     
  0.83636363636363642       -1.5726813548375414E-004   0.0000000000000000     
  0.83766233766233766       -1.7329697979977159E-004   0.0000000000000000     
  0.83896103896103902       -1.8031853192714727E-004   0.0000000000000000     
  0.84025974025974026       -1.7796779230791327E-004   0.0000000000000000     
  0.84155844155844162       -1.6636698103622409E-004   0.0000000000000000     
  0.84285714285714286       -1.4611906310158727E-004   0.0000000000000000     
  0.84415584415584421       -1.1827641119217607E-004   0.0000000000000000     
  0.84545454545454546       -8.4286225046544645E-005   0.0000000000000000     
  0.84675324675324681       -4.5915159617529152E-005   0.0000000000000000     
  0.84805194805194806       -5.1575941313615454E-006   0.0000000000000000     
  0.84935064935064941        3.5868035944952767E-005   0.0000000000000000     
  0.85064935064935066        7.5029385552027197E-005   0.0000000000000000     
  0.85194805194805201        1.1029100025465684E-004   0.0000000000000000     
  0.85324675324675325        1.3982010254300458E-004   0.0000000000000000     
  0.85454545454545461        1.6208189893101015E-004   0.0000000000000000     
  0.85584415584415596        1.7591929106023859E-004   0.0000000000000000     
  0.85714285714285721        1.8061309296712300E-004   0.0000000000000000     
  0.85844155844155856        1.7591929339529303E-004   0.0000000000000000     
  0.85974025974025980        1.6208189514655411E-004   0.0000000000000000     
  0.86103896103896116        1.3982011229089333E-004   0.0000000000000000     
  0.86233766233766240        1.1029099129181213E-004   0.0000000000000000     
  0.86363636363636376        7.5029387169355715E-005   0.0000000000000000     
  0.86493506493506500        3.5868039195354776E-005   0.0000000000000000     
  0.86623376623376636       -5.1575991821483055E-006   0.0000000000000000     
  0.86753246753246760       -4.5915156500485941E-005   0.0000000000000000     
  0.86883116883116895       -8.4286223213075816E-005   0.0000000000000000     
  0.87012987012987020       -1.1827642071174112E-004   0.0000000000000000     
  0.87142857142857155       -1.4611905284180952E-004   0.0000000000000000     
  0.87272727272727280       -1.6636698491304729E-004   0.0000000000000000     
  0.87402597402597404       -1.7796779015849493E-004   0.0000000000000000     
  0.87532467532467539       -1.8031853163868618E-004   0.0000000000000000     
  0.87662337662337664       -1.7329698231284809E-004   0.0000000000000000     
  0.87792207792207799       -1.5726813180401316E-004   0.0000000000000000     
  0.87922077922077924       -1.3306509733584192E-004   0.0000000000000000     
  0.88051948051948059       -1.0194582510209526E-004   0.0000000000000000     
  0.88181818181818183       -6.5527819026257444E-005   0.0000000000000000     
  0.88311688311688308       -2.5703924684585992E-005   0.0000000000000000     
  0.88441558441558443        1.5455969479138841E-005   0.0000000000000000     
  0.88571428571428568        5.5812511359080189E-005   0.0000000000000000     
  0.88701298701298703        9.3268136733084560E-005   0.0000000000000000     
  0.88831168831168827        1.2587604806848693E-004   0.0000000000000000     
  0.88961038961038963        1.5194139316142405E-004   0.0000000000000000     
  0.89090909090909087        1.7010941637005792E-004   0.0000000000000000     
  0.89220779220779223        1.7943579531626901E-004   0.0000000000000000     
  0.89350649350649347        1.7943580873966574E-004   0.0000000000000000     
  0.89480519480519483        1.7010941249427446E-004   0.0000000000000000     
  0.89610389610389607        1.5194139250406939E-004   0.0000000000000000     
  0.89740259740259742        1.2587605169116616E-004   0.0000000000000000     
  0.89870129870129867        9.3268132820567616E-005   0.0000000000000000     
  0.90000000000000002        5.5812512757600370E-005   0.0000000000000000     
  0.90129870129870138        1.5455969314112307E-005   0.0000000000000000     
  0.90259740259740262       -2.5703925616251290E-005   0.0000000000000000     
  0.90389610389610398       -6.5527817406384195E-005   0.0000000000000000     
  0.90519480519480522       -1.0194582897707102E-004   0.0000000000000000     
  0.90649350649350657       -1.3306509392006349E-004   0.0000000000000000     
  0.90779220779220782       -1.5726813223791746E-004   0.0000000000000000     
  0.90909090909090917       -1.7329698626850510E-004   0.0000000000000000     
  0.91038961038961042       -1.8031851820586475E-004   0.0000000000000000     
  0.91168831168831177       -1.7796780352868178E-004   0.0000000000000000     
  0.91298701298701301       -1.6636698112977677E-004   0.0000000000000000     
  0.91428571428571437       -1.4611905196314459E-004   0.0000000000000000     
  0.91558441558441561       -1.1827642452949956E-004   0.0000000000000000     
  0.91688311688311697       -8.4286219275774092E-005   0.0000000000000000     
  0.91818181818181821       -4.5915157673086633E-005   0.0000000000000000     
  0.91948051948051945       -5.1575997842950381E-006   0.0000000000000000     
  0.92077922077922081        3.5868040890622549E-005   0.0000000000000000     
  0.92207792207792205        7.5029385333414431E-005   0.0000000000000000     
  0.92337662337662341        1.1029099511660682E-004   0.0000000000000000     
  0.92467532467532465        1.3982010909315554E-004   0.0000000000000000     
  0.92597402597402600        1.6208189535559078E-004   0.0000000000000000     
  0.92727272727272725        1.7591929741791947E-004   0.0000000000000000     
  0.92857142857142860        1.8061307956869111E-004   0.0000000000000000     
  0.92987012987012985        1.7591930433360478E-004   0.0000000000000000     
  0.93116883116883120        1.6208189525259380E-004   0.0000000000000000     
  0.93246753246753245        1.3982010144589753E-004   0.0000000000000000     
  0.93376623376623380        1.1029100425504558E-004   0.0000000000000000     
  0.93506493506493504        7.5029381602788488E-005   0.0000000000000000     
  0.93636363636363640        3.5868036887814793E-005   0.0000000000000000     
  0.93766233766233764       -5.1575927639994316E-006   0.0000000000000000     
  0.93896103896103900       -4.5915162070863393E-005   0.0000000000000000     
  0.94025974025974024       -8.4286223000517546E-005   0.0000000000000000     
  0.94155844155844159       -1.1827641495430967E-004   0.0000000000000000     
  0.94285714285714284       -1.4611906013231769E-004   0.0000000000000000     
  0.94415584415584419       -1.6636698101970949E-004   0.0000000000000000     
  0.94545454545454544       -1.7796779638438732E-004   0.0000000000000000     
  0.94675324675324679       -1.8031851860680784E-004   0.0000000000000000     
  0.94805194805194803       -1.7329699293302270E-004   0.0000000000000000     
  0.94935064935064939       -1.5726813192219077E-004   0.0000000000000000     
  0.95064935064935063       -1.3306508681966298E-004   0.0000000000000000     
  0.95194805194805199       -1.0194583764894981E-004   0.0000000000000000     
  0.95324675324675323       -6.5527813682043589E-005   0.0000000000000000     
  0.95454545454545459       -2.5703922021468826E-005   0.0000000000000000     
  0.95584415584415583        1.5455962316715277E-005   0.0000000000000000     
  0.95714285714285718        5.5812517536001122E-005   0.0000000000000000     
  0.95844155844155843        9.3268136527278282E-005   0.0000000000000000     
  0.95974025974025978        1.2587604171045643E-004   0.0000000000000000     
  0.96103896103896103        1.5194140116851082E-004   0.0000000000000000     
  0.96233766233766238        1.7010941217150154E-004   0.0000000000000000     
  0.96363636363636362        1.7943580139006502E-004   0.0000000000000000     
  0.96493506493506498        1.7943579611684788E-004   0.0000000000000000     
  0.96623376623376622        1.7010942276167161E-004   0.0000000000000000     
  0.96753246753246758        1.5194139263400032E-004   0.0000000000000000     
  0.96883116883116882        1.2587604153810688E-004   0.0000000000000000     
  0.97012987012987018        9.3268144910119862E-005   0.0000000000000000     
  0.97142857142857142        5.5812507653174543E-005   0.0000000000000000     
  0.97272727272727277        1.5455966304108077E-005   0.0000000000000000     
  0.97402597402597402       -2.5703917732911344E-005   0.0000000000000000     
  0.97532467532467537       -6.5527824169696544E-005   0.0000000000000000     
  0.97662337662337662       -1.0194582877868366E-004   0.0000000000000000     
  0.97792207792207797       -1.3306508698216840E-004   0.0000000000000000     
  0.97922077922077921       -1.5726814093546188E-004   0.0000000000000000     
  0.98051948051948057       -1.7329698177842251E-004   0.0000000000000000     
  0.98181818181818181       -1.8031852410775218E-004   0.0000000000000000     
  0.98311688311688317       -1.7796779135609750E-004   0.0000000000000000     
  0.98441558441558441       -1.6636699101090654E-004   0.0000000000000000     
  0.98571428571428577       -1.4611905210440559E-004   0.0000000000000000     
  0.98701298701298701       -1.1827641477267812E-004   0.0000000000000000     
  0.98831168831168836       -8.4286230868591496E-005   0.0000000000000000     
  0.98961038961038961       -4.5915152825098927E-005   0.0000000000000000     
  0.99090909090909096       -5.1575964372214924E-006   0.0000000000000000     
  0.99220779220779221        3.5868032312081006E-005   0.0000000000000000     
  0.99350649350649356        7.5029392661059283E-005   0.0000000000000000     
  0.99480519480519480        1.1029099492628782E-004   0.0000000000000000     
  0.99610389610389616        1.3982010159802874E-004   0.0000000000000000     
  0.99740259740259740        1.6208190471522614E-004   0.0000000000000000     
  0.99870129870129876        1.7591929265095837E-004   0.0000000000000000     
   1.0000000000000000        1.8061308527941966E-004   0.0000000000000000     
