X My_beautiful_solution_real My_beautiful_solution_imag
   0.0000000000000000        0.0000000000000000        0.0000000000000000     
   1.5151515151515149E-003   6.5482592006590648E-005   0.0000000000000000     
   3.0303030303030307E-003   1.2634030029177792E-004   0.0000000000000000     
   4.5454545454545461E-003   1.7827364039339048E-004   0.0000000000000000     
   6.0606060606060615E-003   2.1761479891581925E-004   0.0000000000000000     
   7.5757575757575760E-003   2.4158528823254192E-004   0.0000000000000000     
   9.0909090909090922E-003   2.4849120685467086E-004   0.0000000000000000     
   1.0606060606060607E-002   2.3784543979051706E-004   0.0000000000000000     
   1.2121212121212123E-002   2.1039923886035291E-004   0.0000000000000000     
   1.3636363636363637E-002   1.6809205814612366E-004   0.0000000000000000     
   1.5151515151515154E-002   1.1391186180533306E-004   0.0000000000000000     
   1.6666666666666670E-002   5.1685148500969202E-005   0.0000000000000000     
   1.8181818181818184E-002  -1.4191855031010092E-005   0.0000000000000000     
   1.9696969696969699E-002  -7.9066444908347378E-005   0.0000000000000000     
   2.1212121212121213E-002  -1.3835664297986067E-004   0.0000000000000000     
   2.2727272727272728E-002  -1.8787373108178685E-004   0.0000000000000000     
   2.4242424242424242E-002  -2.2412054473079778E-004   0.0000000000000000     
   2.5757575757575757E-002  -2.4453713568045176E-004   0.0000000000000000     
   2.7272727272727271E-002  -2.4768068018947990E-004   0.0000000000000000     
   2.8787878787878786E-002  -2.3332978896262749E-004   0.0000000000000000     
   3.0303030303030304E-002  -2.0249740022146810E-004   0.0000000000000000     
   3.1818181818181822E-002  -1.5736219454492593E-004   0.0000000000000000     
   3.3333333333333340E-002  -1.0111186650348465E-004   0.0000000000000000     
   3.4848484848484851E-002  -3.7719118784251596E-005   0.0000000000000000     
   3.6363636363636369E-002   2.8337419180838467E-005   0.0000000000000000     
   3.7878787878787887E-002   9.2392399501623615E-005   0.0000000000000000     
   3.9393939393939398E-002   1.4992169505745882E-004   0.0000000000000000     
   4.0909090909090916E-002   1.9686101671096933E-004   0.0000000000000000     
   4.2424242424242434E-002   2.2989525591472936E-004   0.0000000000000000     
   4.3939393939393945E-002   2.4669135382144475E-004   0.0000000000000000     
   4.5454545454545463E-002   2.4606227062860320E-004   0.0000000000000000     
   4.6969696969696974E-002   2.2805306486324710E-004   0.0000000000000000     
   4.8484848484848492E-002   1.9393505715432276E-004   0.0000000000000000     
   5.0000000000000003E-002   1.4611904817454682E-004   0.0000000000000000     
   5.1515151515151514E-002   8.7982065310290744E-005   0.0000000000000000     
   5.3030303030303032E-002   2.3630057142384610E-005   0.0000000000000000     
   5.4545454545454543E-002  -4.2390552559535588E-005   0.0000000000000000     
   5.6060606060606061E-002  -1.0541698929247854E-004   0.0000000000000000     
   5.7575757575757579E-002  -1.6099773372861526E-004   0.0000000000000000     
   5.9090909090909097E-002  -2.0520618262331910E-004   0.0000000000000000     
   6.0606060606060608E-002  -2.3492009656006743E-004   0.0000000000000000     
   6.2121212121212126E-002  -2.4804091604372226E-004   0.0000000000000000     
   6.3636363636363644E-002  -2.4364125708762450E-004   0.0000000000000000     
   6.5151515151515155E-002  -2.2203247906956442E-004   0.0000000000000000     
   6.6666666666666680E-002  -1.8474013824222696E-004   0.0000000000000000     
   6.8181818181818191E-002  -1.3439929184143773E-004   0.0000000000000000     
   6.9696969696969702E-002  -7.4565284908072979E-005   0.0000000000000000     
   7.1212121212121227E-002  -9.4639191658804942E-006   0.0000000000000000     
   7.2727272727272738E-002   5.6305416767115926E-005   0.0000000000000000     
   7.4242424242424249E-002   1.1809773077631628E-004   0.0000000000000000     
   7.5757575757575774E-002   1.7154863125745917E-004   0.0000000000000000     
   7.7272727272727285E-002   2.1288200862226318E-004   0.0000000000000000     
   7.8787878787878796E-002   2.3917867668109448E-004   0.0000000000000000     
   8.0303030303030321E-002   2.4858142035583635E-004   0.0000000000000000     
   8.1818181818181832E-002   2.4042553640948083E-004   0.0000000000000000     
   8.3333333333333343E-002   2.1528766948099477E-004   0.0000000000000000     
   8.4848484848484867E-002   1.7494263539940893E-004   0.0000000000000000     
   8.6363636363636379E-002   1.2224115295467967E-004   0.0000000000000000     
   8.7878787878787890E-002   6.0905288045681281E-005   0.0000000000000000     
   8.9393939393939414E-002  -4.7330881477652137E-006   0.0000000000000000     
   9.0909090909090925E-002  -7.0036624408887908E-005   0.0000000000000000     
   9.2424242424242437E-002  -1.3039326201024444E-004   0.0000000000000000     
   9.3939393939393948E-002  -1.8153997280936815E-004   0.0000000000000000     
   9.5454545454545459E-002  -2.1986345775889518E-004   0.0000000000000000     
   9.6969696969696983E-002  -2.4265710567464708E-004   0.0000000000000000     
   9.8484848484848495E-002  -2.4831110374507067E-004   0.0000000000000000     
  0.10000000000000001       -2.3642559760660237E-004   0.0000000000000000     
  0.10151515151515152       -2.0784063626443552E-004   0.0000000000000000     
  0.10303030303030303       -1.6457450604362664E-004   0.0000000000000000     
  0.10454545454545455       -1.0968428883612249E-004   0.0000000000000000     
  0.10606060606060606       -4.7046630793504910E-005   0.0000000000000000     
  0.10757575757575757        1.8914657111694595E-005   0.0000000000000000     
  0.10909090909090909        8.3539387139701875E-005   0.0000000000000000     
  0.11060606060606060        1.4226347752713538E-004   0.0000000000000000     
  0.11212121212121212        1.9093916870500743E-004   0.0000000000000000     
  0.11363636363636365        2.2612775799730109E-004   0.0000000000000000     
  0.11515151515151516        2.4534403762837729E-004   0.0000000000000000     
  0.11666666666666667        2.4723084792802112E-004   0.0000000000000000     
  0.11818181818181819        2.3165448764793335E-004   0.0000000000000000     
  0.11969696969696970        1.9971567009429193E-004   0.0000000000000000     
  0.12121212121212123        1.5366956885770958E-004   0.0000000000000000     
  0.12272727272727274        9.6769657366439381E-005   0.0000000000000000     
  0.12424242424242425        3.3034517210826518E-005   0.0000000000000000     
  0.12575757575757576       -3.3034530395742466E-005   0.0000000000000000     
  0.12727272727272729       -9.6769661754228056E-005   0.0000000000000000     
  0.12878787878787881       -1.5366965915132794E-004   0.0000000000000000     
  0.13030303030303031       -1.9971556072109146E-004   0.0000000000000000     
  0.13181818181818183       -2.3165447649220626E-004   0.0000000000000000     
  0.13333333333333336       -2.4723070832876004E-004   0.0000000000000000     
  0.13484848484848486       -2.4534417647462022E-004   0.0000000000000000     
  0.13636363636363638       -2.2612776890243259E-004   0.0000000000000000     
  0.13787878787878791       -1.9093927292135007E-004   0.0000000000000000     
  0.13939393939393940       -1.4226339348005087E-004   0.0000000000000000     
  0.14090909090909093       -8.3539383389040785E-005   0.0000000000000000     
  0.14242424242424245       -1.8914651899586320E-005   0.0000000000000000     
  0.14393939393939395        4.7046651908221249E-005   0.0000000000000000     
  0.14545454545454548        1.0968429384672599E-004   0.0000000000000000     
  0.14696969696969697        1.6457460228925906E-004   0.0000000000000000     
  0.14848484848484850        2.0784052209112903E-004   0.0000000000000000     
  0.15000000000000002        2.3642558623666686E-004   0.0000000000000000     
  0.15151515151515152        2.4831096384813522E-004   0.0000000000000000     
  0.15303030303030302        2.4265724331498461E-004   0.0000000000000000     
  0.15454545454545454        2.1986346837786101E-004   0.0000000000000000     
  0.15606060606060607        1.8154007152892048E-004   0.0000000000000000     
  0.15757575757575759        1.3039318448383700E-004   0.0000000000000000     
  0.15909090909090912        7.0036621307586832E-005   0.0000000000000000     
  0.16060606060606061        4.7330909254639137E-006   0.0000000000000000     
  0.16212121212121214       -6.0905317021327586E-005   0.0000000000000000     
  0.16363636363636366       -1.2224115857175562E-004   0.0000000000000000     
  0.16515151515151516       -1.7494273728312329E-004   0.0000000000000000     
  0.16666666666666669       -2.1528755087999281E-004   0.0000000000000000     
  0.16818181818181821       -2.4042552486242382E-004   0.0000000000000000     
  0.16969696969696971       -2.4858128061754130E-004   0.0000000000000000     
  0.17121212121212120       -2.3917881266657202E-004   0.0000000000000000     
  0.17272727272727273       -2.1288201892042595E-004   0.0000000000000000     
  0.17424242424242425       -1.7154872415821849E-004   0.0000000000000000     
  0.17575757575757578       -1.1809766002346135E-004   0.0000000000000000     
  0.17727272727272730       -5.6305414325291622E-005   0.0000000000000000     
  0.17878787878787880        9.4639084074340652E-006   0.0000000000000000     
  0.18030303030303033        7.4565321650135659E-005   0.0000000000000000     
  0.18181818181818185        1.3439929804666341E-004   0.0000000000000000     
  0.18333333333333335        1.8474024543169897E-004   0.0000000000000000     
  0.18484848484848487        2.2203235642771836E-004   0.0000000000000000     
  0.18636363636363640        2.4364124540110998E-004   0.0000000000000000     
  0.18787878787878790        2.4804077691986491E-004   0.0000000000000000     
  0.18939393939393939        2.3492023044712894E-004   0.0000000000000000     
  0.19090909090909092        2.0520619256708894E-004   0.0000000000000000     
  0.19242424242424244        1.6099782050755929E-004   0.0000000000000000     
  0.19393939393939394        1.0541692554395809E-004   0.0000000000000000     
  0.19545454545454546        4.2390550785153833E-005   0.0000000000000000     
  0.19696969696969699       -2.3630038438281135E-005   0.0000000000000000     
  0.19848484848484849       -8.7982109698923772E-005   0.0000000000000000     
  0.20000000000000001       -1.4611905494768112E-004   0.0000000000000000     
  0.20151515151515154       -1.9393516929992210E-004   0.0000000000000000     
  0.20303030303030303       -2.2805293858058911E-004   0.0000000000000000     
  0.20454545454545456       -2.4606225884075034E-004   0.0000000000000000     
  0.20606060606060608       -2.4669121576581835E-004   0.0000000000000000     
  0.20757575757575758       -2.2989538726666289E-004   0.0000000000000000     
  0.20909090909090911       -1.9686102626791135E-004   0.0000000000000000     
  0.21060606060606063       -1.4992177543153213E-004   0.0000000000000000     
  0.21212121212121213       -9.2392342965371183E-005   0.0000000000000000     
  0.21363636363636365       -2.8337418079685763E-005   0.0000000000000000     
  0.21515151515151518        3.7719092195501107E-005   0.0000000000000000     
  0.21666666666666667        1.0111191839390249E-004   0.0000000000000000     
  0.21818181818181820        1.5736220186387710E-004   0.0000000000000000     
  0.21969696969696970        2.0249751695739944E-004   0.0000000000000000     
  0.22121212121212122        2.3332965945106491E-004   0.0000000000000000     
  0.22272727272727272        2.4768066833873750E-004   0.0000000000000000     
  0.22424242424242424        2.4453699914336489E-004   0.0000000000000000     
  0.22575757575757574        2.2412067311916139E-004   0.0000000000000000     
  0.22727272727272727        1.8787374022072957E-004   0.0000000000000000     
  0.22878787878787879        1.3835671668690114E-004   0.0000000000000000     
  0.23030303030303031        7.9066395768774041E-005   0.0000000000000000     
  0.23181818181818181        1.4191854606679555E-005   0.0000000000000000     
  0.23333333333333334       -5.1685114114297653E-005   0.0000000000000000     
  0.23484848484848486       -1.1391192102827940E-004   0.0000000000000000     
  0.23636363636363639       -1.6809206598701859E-004   0.0000000000000000     
  0.23787878787878791       -2.1039935980584799E-004   0.0000000000000000     
  0.23939393939393941       -2.3784530747249035E-004   0.0000000000000000     
  0.24090909090909093       -2.4849119497969454E-004   0.0000000000000000     
  0.24242424242424246       -2.4158515365935062E-004   0.0000000000000000     
  0.24393939393939396       -2.1761492392183599E-004   0.0000000000000000     
  0.24545454545454548       -1.7827364908452309E-004   0.0000000000000000     
  0.24727272727272731       -1.1475247217381715E-004   0.0000000000000000     
  0.24909090909090911       -3.9589298112711285E-005   0.0000000000000000     
  0.25090909090909091        3.9589297611446605E-005   0.0000000000000000     
  0.25272727272727274        1.1475247172339395E-004   0.0000000000000000     
  0.25454545454545457        1.7827364873065395E-004   0.0000000000000000     
  0.25606060606060610        2.1761492367637929E-004   0.0000000000000000     
  0.25757575757575762        2.4158515353964516E-004   0.0000000000000000     
  0.25909090909090915        2.4849119499419466E-004   0.0000000000000000     
  0.26060606060606062        2.3784530762017189E-004   0.0000000000000000     
  0.26212121212121214        2.1039936007628056E-004   0.0000000000000000     
  0.26363636363636367        1.6809206636109910E-004   0.0000000000000000     
  0.26515151515151519        1.1391192147958571E-004   0.0000000000000000     
  0.26666666666666672        5.1685114610952135E-005   0.0000000000000000     
  0.26818181818181819       -1.4191854099757740E-005   0.0000000000000000     
  0.26969696969696971       -7.9066395287390810E-005   0.0000000000000000     
  0.27121212121212124       -1.3835671626505889E-004   0.0000000000000000     
  0.27272727272727276       -1.8787373988822477E-004   0.0000000000000000     
  0.27424242424242429       -2.2412067289948002E-004   0.0000000000000000     
  0.27575757575757581       -2.4453699905202536E-004   0.0000000000000000     
  0.27727272727272734       -2.4768066838219021E-004   0.0000000000000000     
  0.27878787878787881       -2.3332965962624024E-004   0.0000000000000000     
  0.28030303030303033       -2.0249751725192507E-004   0.0000000000000000     
  0.28181818181818186       -1.5736220225694817E-004   0.0000000000000000     
  0.28333333333333338       -1.0111191885775541E-004   0.0000000000000000     
  0.28484848484848491       -3.7719092697371903E-005   0.0000000000000000     
  0.28636363636363638        2.8337417575246306E-005   0.0000000000000000     
  0.28787878787878790        9.2392342493993634E-005   0.0000000000000000     
  0.28939393939393943        1.4992177502651214E-004   0.0000000000000000     
  0.29090909090909095        1.9686102595785704E-004   0.0000000000000000     
  0.29242424242424248        2.2989538707347430E-004   0.0000000000000000     
  0.29393939393939400        2.4669121570314241E-004   0.0000000000000000     
  0.29545454545454553        2.4606225891301306E-004   0.0000000000000000     
  0.29696969696969699        2.2805293878268637E-004   0.0000000000000000     
  0.29848484848484852        1.9393516961758000E-004   0.0000000000000000     
  0.30000000000000004        1.4611905535846082E-004   0.0000000000000000     
  0.30151515151515157        8.7982110173811127E-005   0.0000000000000000     
  0.30303030303030304        2.3630038943732827E-005   0.0000000000000000     
  0.30454545454545456       -4.2390550284839870E-005   0.0000000000000000     
  0.30606060606060609       -1.0541692508412094E-004   0.0000000000000000     
  0.30757575757575756       -1.6099782012067961E-004   0.0000000000000000     
  0.30909090909090908       -2.0520619228049360E-004   0.0000000000000000     
  0.31060606060606061       -2.3492023028106148E-004   0.0000000000000000     
  0.31212121212121213       -2.4804077688605634E-004   0.0000000000000000     
  0.31363636363636366       -2.4364124550194701E-004   0.0000000000000000     
  0.31515151515151518       -2.2203235665607812E-004   0.0000000000000000     
  0.31666666666666671       -1.8474024577145220E-004   0.0000000000000000     
  0.31818181818181823       -1.3439929847381058E-004   0.0000000000000000     
  0.31969696969696976       -7.4565322134506612E-005   0.0000000000000000     
  0.32121212121212128       -9.4639089148154421E-006   0.0000000000000000     
  0.32272727272727275        5.6305413830738094E-005   0.0000000000000000     
  0.32424242424242428        1.1809765957666793E-004   0.0000000000000000     
  0.32575757575757580        1.7154872379074445E-004   0.0000000000000000     
  0.32727272727272733        2.1288201865822743E-004   0.0000000000000000     
  0.32878787878787885        2.3917881252816898E-004   0.0000000000000000     
  0.33030303030303038        2.4858128061271107E-004   0.0000000000000000     
  0.33181818181818190        2.4042552499150654E-004   0.0000000000000000     
  0.33333333333333337        2.1528755113387052E-004   0.0000000000000000     
  0.33484848484848490        1.7494273764386426E-004   0.0000000000000000     
  0.33636363636363642        1.2224115901387806E-004   0.0000000000000000     
  0.33787878787878795        6.0905317513603470E-005   0.0000000000000000     
  0.33939393939393947       -4.7330904178063693E-006   0.0000000000000000     
  0.34090909090909094       -7.0036620820405356E-005   0.0000000000000000     
  0.34242424242424246       -1.3039318405154313E-004   0.0000000000000000     
  0.34393939393939399       -1.8154007118204946E-004   0.0000000000000000     
  0.34545454545454551       -2.1986346814091356E-004   0.0000000000000000     
  0.34696969696969704       -2.4265724320469707E-004   0.0000000000000000     
  0.34848484848484851       -2.4831096387229921E-004   0.0000000000000000     
  0.35000000000000003       -2.3642558639357472E-004   0.0000000000000000     
  0.35151515151515156       -2.0784052236969726E-004   0.0000000000000000     
  0.35303030303030303       -1.6457460266981234E-004   0.0000000000000000     
  0.35454545454545455       -1.0968429430238327E-004   0.0000000000000000     
  0.35606060606060608       -4.7046652406797595E-005   0.0000000000000000     
  0.35757575757575760        1.8914651393307931E-005   0.0000000000000000     
  0.35909090909090913        8.3539382910820579E-005   0.0000000000000000     
  0.36060606060606065        1.4226339306366747E-004   0.0000000000000000     
  0.36212121212121218        1.9093927259621461E-004   0.0000000000000000     
  0.36363636363636370        2.2612776869151020E-004   0.0000000000000000     
  0.36515151515151523        2.4534417639280860E-004   0.0000000000000000     
  0.36666666666666670        2.4723070838183938E-004   0.0000000000000000     
  0.36818181818181822        2.3165447667642636E-004   0.0000000000000000     
  0.36969696969696975        1.9971556102344018E-004   0.0000000000000000     
  0.37121212121212122        1.5366965955045027E-004   0.0000000000000000     
  0.37272727272727274        9.6769662221931406E-005   0.0000000000000000     
  0.37424242424242427        3.3034530898990855E-005   0.0000000000000000     
  0.37575757575757579       -3.3034516707580140E-005   0.0000000000000000     
  0.37727272727272732       -9.6769656898741031E-005   0.0000000000000000     
  0.37878787878787884       -1.5366956845859464E-004   0.0000000000000000     
  0.38030303030303036       -1.9971566979195193E-004   0.0000000000000000     
  0.38181818181818189       -2.3165448746372306E-004   0.0000000000000000     
  0.38333333333333341       -2.4723084787495170E-004   0.0000000000000000     
  0.38484848484848488       -2.4534403771019867E-004   0.0000000000000000     
  0.38636363636363641       -2.2612775820823311E-004   0.0000000000000000     
  0.38787878787878793       -1.9093916903015109E-004   0.0000000000000000     
  0.38939393939393940       -1.4226347794352553E-004   0.0000000000000000     
  0.39090909090909093       -8.3539387617926256E-005   0.0000000000000000     
  0.39242424242424245       -1.8914657617974391E-005   0.0000000000000000     
  0.39393939393939398        4.7046630294931004E-005   0.0000000000000000     
  0.39545454545454550        1.0968428838047040E-004   0.0000000000000000     
  0.39696969696969697        1.6457450566308065E-004   0.0000000000000000     
  0.39848484848484850        2.0784063598587574E-004   0.0000000000000000     
  0.40000000000000002        2.3642559744970393E-004   0.0000000000000000     
  0.40151515151515155        2.4831110372091584E-004   0.0000000000000000     
  0.40303030303030307        2.4265710578494300E-004   0.0000000000000000     
  0.40454545454545454        2.1986345799584992E-004   0.0000000000000000     
  0.40606060606060607        1.8153997315624435E-004   0.0000000000000000     
  0.40757575757575759        1.3039326244254201E-004   0.0000000000000000     
  0.40909090909090912        7.0036624896070739E-005   0.0000000000000000     
  0.41060606060606064        4.7330886554223142E-006   0.0000000000000000     
  0.41212121212121217       -6.0905287553408528E-005   0.0000000000000000     
  0.41363636363636369       -1.2224115251256208E-004   0.0000000000000000     
  0.41515151515151516       -1.7494263503867492E-004   0.0000000000000000     
  0.41666666666666669       -2.1528766922712509E-004   0.0000000000000000     
  0.41818181818181821       -2.4042553628040659E-004   0.0000000000000000     
  0.41969696969696973       -2.4858142036067471E-004   0.0000000000000000     
  0.42121212121212120       -2.3917867681950487E-004   0.0000000000000000     
  0.42272727272727273       -2.1288200888446829E-004   0.0000000000000000     
  0.42424242424242425       -1.7154863162493838E-004   0.0000000000000000     
  0.42575757575757572       -1.1809773122311414E-004   0.0000000000000000     
  0.42727272727272725       -5.6305417261672246E-005   0.0000000000000000     
  0.42878787878787877        9.4639186584979858E-006   0.0000000000000000     
  0.43030303030303030        7.4565284423703504E-005   0.0000000000000000     
  0.43181818181818177        1.3439929141429368E-004   0.0000000000000000     
  0.43333333333333329        1.8474013790247925E-004   0.0000000000000000     
  0.43484848484848482        2.2203247884121165E-004   0.0000000000000000     
  0.43636363636363634        2.4364125698679549E-004   0.0000000000000000     
  0.43787878787878787        2.4804091607753896E-004   0.0000000000000000     
  0.43939393939393939        2.3492009672614240E-004   0.0000000000000000     
  0.44090909090909092        2.0520618290992084E-004   0.0000000000000000     
  0.44242424242424239        1.6099773411549996E-004   0.0000000000000000     
  0.44393939393939391        1.0541698975231973E-004   0.0000000000000000     
  0.44545454545454544        4.2390553059851706E-005   0.0000000000000000     
  0.44696969696969696       -2.3630056636932780E-005   0.0000000000000000     
  0.44848484848484849       -8.7982064835406086E-005   0.0000000000000000     
  0.45000000000000001       -1.4611904776377170E-004   0.0000000000000000     
  0.45151515151515154       -1.9393505683667177E-004   0.0000000000000000     
  0.45303030303030306       -2.2805306466115789E-004   0.0000000000000000     
  0.45454545454545459       -2.4606227055634904E-004   0.0000000000000000     
  0.45606060606060611       -2.4669135388412941E-004   0.0000000000000000     
  0.45757575757575758       -2.2989525610792638E-004   0.0000000000000000     
  0.45909090909090911       -1.9686101702103164E-004   0.0000000000000000     
  0.46060606060606063       -1.4992169546248539E-004   0.0000000000000000     
  0.46212121212121210       -9.2392399973006652E-005   0.0000000000000000     
  0.46363636363636362       -2.8337419685281451E-005   0.0000000000000000     
  0.46515151515151515        3.7719118282379682E-005   0.0000000000000000     
  0.46666666666666667        1.0111186603963387E-004   0.0000000000000000     
  0.46818181818181820        1.5736219415185928E-004   0.0000000000000000     
  0.46969696969696972        2.0249739992694933E-004   0.0000000000000000     
  0.47121212121212125        2.3332978878746043E-004   0.0000000000000000     
  0.47272727272727277        2.4768068014603619E-004   0.0000000000000000     
  0.47424242424242430        2.4453713577180029E-004   0.0000000000000000     
  0.47575757575757577        2.2412054495048747E-004   0.0000000000000000     
  0.47727272727272729        1.8787373141429929E-004   0.0000000000000000     
  0.47878787878787882        1.3835664340170915E-004   0.0000000000000000     
  0.48030303030303029        7.9066445389735840E-005   0.0000000000000000     
  0.48181818181818181        1.4191855537935245E-005   0.0000000000000000     
  0.48333333333333334       -5.1685148004313663E-005   0.0000000000000000     
  0.48484848484848486       -1.1391186135402877E-004   0.0000000000000000     
  0.48636363636363639       -1.6809205777204735E-004   0.0000000000000000     
  0.48787878787878791       -2.1039923858992692E-004   0.0000000000000000     
  0.48939393939393944       -2.3784543964284354E-004   0.0000000000000000     
  0.49090909090909096       -2.4849120684017936E-004   0.0000000000000000     
  0.49242424242424249       -2.4158528835225603E-004   0.0000000000000000     
  0.49393939393939396       -2.1761479916128433E-004   0.0000000000000000     
  0.49545454545454548       -1.7827364074726751E-004   0.0000000000000000     
  0.49696969696969701       -1.2634030072907108E-004   0.0000000000000000     
  0.49848484848484848       -6.5482592496413024E-005   0.0000000000000000     
  0.50000000000000000       -5.0775256960219899E-013   0.0000000000000000     
  0.50151515151515147        6.5482591516771946E-005   0.0000000000000000     
  0.50303030303030305        1.2634029985449175E-004   0.0000000000000000     
  0.50454545454545452        1.7827364003952364E-004   0.0000000000000000     
  0.50606060606060599        2.1761479867036726E-004   0.0000000000000000     
  0.50757575757575757        2.4158528811284310E-004   0.0000000000000000     
  0.50909090909090904        2.4849120686917900E-004   0.0000000000000000     
  0.51060606060606051        2.3784543993820713E-004   0.0000000000000000     
  0.51212121212121209        2.1039923913079392E-004   0.0000000000000000     
  0.51363636363636367        1.6809205852021252E-004   0.0000000000000000     
  0.51515151515151514        1.1391186225664589E-004   0.0000000000000000     
  0.51666666666666661        5.1685148997628184E-005   0.0000000000000000     
  0.51818181818181819       -1.4191854524086750E-005   0.0000000000000000     
  0.51969696969696966       -7.9066444426964500E-005   0.0000000000000000     
  0.52121212121212124       -1.3835664255802113E-004   0.0000000000000000     
  0.52272727272727271       -1.8787373074928625E-004   0.0000000000000000     
  0.52424242424242418       -2.2412054451112251E-004   0.0000000000000000     
  0.52575757575757576       -2.4453713558911938E-004   0.0000000000000000     
  0.52727272727272723       -2.4768068023294068E-004   0.0000000000000000     
  0.52878787878787870       -2.3332978913781179E-004   0.0000000000000000     
  0.53030303030303028       -2.0249740051600285E-004   0.0000000000000000     
  0.53181818181818175       -1.5736219493800565E-004   0.0000000000000000     
  0.53333333333333333       -1.0111186696734396E-004   0.0000000000000000     
  0.53484848484848480       -3.7719119286126789E-005   0.0000000000000000     
  0.53636363636363638        2.8337418676397421E-005   0.0000000000000000     
  0.53787878787878785        9.2392399030246216E-005   0.0000000000000000     
  0.53939393939393943        1.4992169465244127E-004   0.0000000000000000     
  0.54090909090909089        1.9686101640091903E-004   0.0000000000000000     
  0.54242424242424236        2.2989525572154689E-004   0.0000000000000000     
  0.54393939393939394        2.4669135375877661E-004   0.0000000000000000     
  0.54545454545454541        2.4606227070087476E-004   0.0000000000000000     
  0.54696969696969688        2.2805306506535369E-004   0.0000000000000000     
  0.54848484848484846        1.9393505747198952E-004   0.0000000000000000     
  0.55000000000000004        1.4611904858533503E-004   0.0000000000000000     
  0.55151515151515151        8.7982065785184306E-005   0.0000000000000000     
  0.55303030303030298        2.3630057647840087E-005   0.0000000000000000     
  0.55454545454545456       -4.2390552059221253E-005   0.0000000000000000     
  0.55606060606060603       -1.0541698883264322E-004   0.0000000000000000     
  0.55757575757575761       -1.6099773334173992E-004   0.0000000000000000     
  0.55909090909090908       -2.0520618233672963E-004   0.0000000000000000     
  0.56060606060606055       -2.3492009639400737E-004   0.0000000000000000     
  0.56212121212121213       -2.4804091600992236E-004   0.0000000000000000     
  0.56363636363636360       -2.4364125718847099E-004   0.0000000000000000     
  0.56515151515151507       -2.2203247929793429E-004   0.0000000000000000     
  0.56666666666666665       -1.8474013858199020E-004   0.0000000000000000     
  0.56818181818181812       -1.3439929226859442E-004   0.0000000000000000     
  0.56969696969696970       -7.4565285392450790E-005   0.0000000000000000     
  0.57121212121212117       -9.4639196732663095E-006   0.0000000000000000     
  0.57272727272727275        5.6305416272561293E-005   0.0000000000000000     
  0.57424242424242422        1.1809773032952464E-004   0.0000000000000000     
  0.57575757575757580        1.7154863088999052E-004   0.0000000000000000     
  0.57727272727272738        2.1288200836007244E-004   0.0000000000000000     
  0.57878787878787885        2.3917867654270049E-004   0.0000000000000000     
  0.58030303030303032        2.4858142035101490E-004   0.0000000000000000     
  0.58181818181818190        2.4042553653857152E-004   0.0000000000000000     
  0.58333333333333337        2.1528766973487993E-004   0.0000000000000000     
  0.58484848484848495        1.7494263576015603E-004   0.0000000000000000     
  0.58636363636363642        1.2224115339680712E-004   0.0000000000000000     
  0.58787878787878789        6.0905288537960195E-005   0.0000000000000000     
  0.58939393939393947       -4.7330876401058763E-006   0.0000000000000000     
  0.59090909090909094       -7.0036623921706866E-005   0.0000000000000000     
  0.59242424242424241       -1.3039326157795295E-004   0.0000000000000000     
  0.59393939393939399       -1.8153997246250165E-004   0.0000000000000000     
  0.59545454545454546       -2.1986345752195356E-004   0.0000000000000000     
  0.59696969696969693       -2.4265710556436692E-004   0.0000000000000000     
  0.59848484848484851       -2.4831110376924279E-004   0.0000000000000000     
  0.59999999999999998       -2.3642559776351801E-004   0.0000000000000000     
  0.60181818181818181       -2.0847199114448509E-004   0.0000000000000000     
  0.60363636363636364       -1.7575760945651967E-004   0.0000000000000000     
  0.60545454545454547       -1.4160171069700891E-004   0.0000000000000000     
  0.60727272727272730       -1.0946862341781267E-004   0.0000000000000000     
  0.60909090909090913       -8.2618962324078714E-005   0.0000000000000000     
  0.61060606060606060       -6.6267767862349504E-005   0.0000000000000000     
  0.61212121212121218       -5.6646424546324751E-005   0.0000000000000000     
  0.61363636363636365       -5.4434525649891325E-005   0.0000000000000000     
  0.61515151515151512       -5.9788286736522530E-005   0.0000000000000000     
  0.61666666666666670       -7.2329596863932930E-005   0.0000000000000000     
  0.61818181818181817       -9.1172557678561060E-005   0.0000000000000000     
  0.62000000000000000       -1.2020240710308072E-004   0.0000000000000000     
  0.62181818181818183       -1.5342634078451122E-004   0.0000000000000000     
  0.62363636363636366       -1.8747375512608968E-004   0.0000000000000000     
  0.62545454545454549       -2.1889132481932346E-004   0.0000000000000000     
  0.62727272727272732       -2.4449067945196419E-004   0.0000000000000000     
  0.62878787878787878       -2.5948182935139587E-004   0.0000000000000000     
  0.63030303030303036       -2.6755529114340474E-004   0.0000000000000000     
  0.63181818181818183       -2.6814083348664563E-004   0.0000000000000000     
  0.63333333333333330       -2.6119710295041990E-004   0.0000000000000000     
  0.63484848484848488       -2.4721450276208581E-004   0.0000000000000000     
  0.63636363636363635       -2.2718076396295415E-004   0.0000000000000000     
  0.63787878787878782       -2.0251099056937239E-004   0.0000000000000000     
  0.63939393939393940       -1.7494738403342694E-004   0.0000000000000000     
  0.64090909090909087       -1.4643737593012055E-004   0.0000000000000000     
  0.64242424242424245       -1.1899449783105193E-004   0.0000000000000000     
  0.64393939393939392       -9.4556915001690078E-005   0.0000000000000000     
  0.64545454545454550       -7.4851247734113041E-005   0.0000000000000000     
  0.64696969696969697       -6.1269040437041911E-005   0.0000000000000000     
  0.64848484848484855       -5.4769794139582277E-005   0.0000000000000000     
  0.65000000000000002       -5.5812518273277993E-005   0.0000000000000000     
  0.65151515151515149       -6.4323569249310559E-005   0.0000000000000000     
  0.65303030303030307       -7.9701851148930960E-005   0.0000000000000000     
  0.65454545454545454       -1.0086102201743283E-004   0.0000000000000000     
  0.65606060606060601       -1.2630650381293757E-004   0.0000000000000000     
  0.65757575757575759       -1.5424129596318262E-004   0.0000000000000000     
  0.65909090909090917       -1.8269175189991520E-004   0.0000000000000000     
  0.66060606060606064       -2.0964854599165702E-004   0.0000000000000000     
  0.66212121212121211       -2.3320784282406976E-004   0.0000000000000000     
  0.66363636363636369       -2.5170506537707080E-004   0.0000000000000000     
  0.66515151515151516       -2.6383402773478599E-004   0.0000000000000000     
  0.66666666666666674       -2.6873785934721222E-004   0.0000000000000000     
  0.66818181818181821       -2.6607026988596246E-004   0.0000000000000000     
  0.66969696969696968       -2.5601965974929330E-004   0.0000000000000000     
  0.67121212121212126       -2.3929585689740188E-004   0.0000000000000000     
  0.67272727272727273       -2.1708027077674185E-004   0.0000000000000000     
  0.67424242424242420       -1.9094207845181426E-004   0.0000000000000000     
  0.67575757575757578       -1.6272721817271721E-004   0.0000000000000000     
  0.67727272727272725       -1.3442911387609110E-004   0.0000000000000000     
  0.67878787878787883       -1.0804633125074388E-004   0.0000000000000000     
  0.68030303030303030       -8.5442165944494216E-005   0.0000000000000000     
  0.68181818181818188       -6.8213722201190377E-005   0.0000000000000000     
  0.68333333333333335       -5.7577566936906446E-005   0.0000000000000000     
  0.68484848484848493       -5.4285145288919296E-005   0.0000000000000000     
  0.68636363636363640       -5.8568898955387444E-005   0.0000000000000000     
  0.68787878787878787       -7.0126285251554595E-005   0.0000000000000000     
  0.68939393939393945       -8.8141059487036467E-005   0.0000000000000000     
  0.69090909090909092       -1.1134059823567754E-004   0.0000000000000000     
  0.69242424242424239       -1.3808624373976819E-004   0.0000000000000000     
  0.69393939393939397       -1.6648914113824890E-004   0.0000000000000000     
  0.69545454545454544       -1.9454259126061818E-004   0.0000000000000000     
  0.69696969696969691       -2.2026530726659211E-004   0.0000000000000000     
  0.69848484848484849       -2.4184061095796865E-004   0.0000000000000000     
  0.69999999999999996       -2.5774408028920201E-004   0.0000000000000000     
  0.70151515151515142       -2.6685273553242217E-004   0.0000000000000000     
  0.70303030303030301       -2.6852300802092047E-004   0.0000000000000000     
  0.70454545454545459       -2.6263706286327012E-004   0.0000000000000000     
  0.70606060606060606       -2.4961059819937582E-004   0.0000000000000000     
  0.70757575757575752       -2.3036361302929454E-004   0.0000000000000000     
  0.70909090909090911       -2.0625579372579643E-004   0.0000000000000000     
  0.71060606060606057       -1.7898993377880623E-004   0.0000000000000000     
  0.71212121212121215       -1.5049164360840728E-004   0.0000000000000000     
  0.71363636363636362       -1.2277435218338226E-004   0.0000000000000000     
  0.71515151515151520       -9.7795604949650034E-005   0.0000000000000000     
  0.71666666666666667       -7.7319537029129292E-005   0.0000000000000000     
  0.71818181818181825       -6.2792915921217971E-005   0.0000000000000000     
  0.72000000000000008       -5.4622966196175252E-005   0.0000000000000000     
  0.72181818181818191       -5.7303652378588227E-005   0.0000000000000000     
  0.72363636363636363       -7.0557201992160380E-005   0.0000000000000000     
  0.72545454545454546       -9.3039347955440666E-005   0.0000000000000000     
  0.72727272727272729       -1.2247466776285577E-004   0.0000000000000000     
  0.72878787878787876       -1.5017180632860176E-004   0.0000000000000000     
  0.73030303030303034       -1.7867253361577670E-004   0.0000000000000000     
  0.73181818181818181       -2.0596325825513953E-004   0.0000000000000000     
  0.73333333333333328       -2.3011656130466420E-004   0.0000000000000000     
  0.73484848484848486       -2.4942660495588624E-004   0.0000000000000000     
  0.73636363636363633       -2.6252899529777203E-004   0.0000000000000000     
  0.73818181818181816       -2.6879150756136424E-004   0.0000000000000000     
  0.73999999999999999       -2.6417059456238873E-004   0.0000000000000000     
  0.74181818181818182       -2.4914074953480013E-004   0.0000000000000000     
  0.74363636363636365       -2.2522640378183306E-004   0.0000000000000000     
  0.74545454545454548       -1.9484844877940862E-004   0.0000000000000000     
  0.74696969696969695       -1.6681037387784135E-004   0.0000000000000000     
  0.74848484848484853       -1.3840017289544761E-004   0.0000000000000000     
  0.75000000000000000       -1.1162503168731159E-004   0.0000000000000000     
  0.75151515151515147       -8.8375955853416200E-005   0.0000000000000000     
  0.75303030303030305       -7.0294921802013127E-005   0.0000000000000000     
  0.75454545454545452       -5.8659499487714477E-005   0.0000000000000000     
  0.75636363636363635       -5.4324851692986296E-005   0.0000000000000000     
  0.75818181818181818       -6.0870919055152543E-005   0.0000000000000000     
  0.76000000000000001       -7.7628035280457100E-005   0.0000000000000000     
  0.76181818181818184       -1.0289657722049751E-004   0.0000000000000000     
  0.76363636363636367       -1.3411808087152496E-004   0.0000000000000000     
  0.76515151515151514       -1.6240563776283759E-004   0.0000000000000000     
  0.76666666666666672       -1.9063264429679713E-004   0.0000000000000000     
  0.76818181818181819       -2.1680486715364215E-004   0.0000000000000000     
  0.76969696969696966       -2.3907388214086474E-004   0.0000000000000000     
  0.77121212121212124       -2.5586693003463046E-004   0.0000000000000000     
  0.77272727272727271       -2.6599743200318867E-004   0.0000000000000000     
  0.77454545454545454       -2.6839007661300595E-004   0.0000000000000000     
  0.77636363636363637       -2.5994020679258822E-004   0.0000000000000000     
  0.77818181818181820       -2.4151047758386672E-004   0.0000000000000000     
  0.78000000000000003       -2.1497016016457738E-004   0.0000000000000000     
  0.78181818181818186       -1.8300694589091468E-004   0.0000000000000000     
  0.78333333333333333       -1.5456217511409211E-004   0.0000000000000000     
  0.78484848484848491       -1.2661043363017916E-004   0.0000000000000000     
  0.78636363636363638       -1.0112649745091459E-004   0.0000000000000000     
  0.78787878787878785       -7.9910180187559805E-005   0.0000000000000000     
  0.78939393939393943       -6.4459893867330455E-005   0.0000000000000000     
  0.79090909090909089       -5.5867355826720457E-005   0.0000000000000000     
  0.79242424242424236       -5.4739167472910071E-005   0.0000000000000000     
  0.79393939393939394       -6.1155279776750154E-005   0.0000000000000000     
  0.79545454545454541       -7.4662223076634867E-005   0.0000000000000000     
  0.79696969696969699       -9.4306063036166471E-005   0.0000000000000000     
  0.79848484848484846       -1.1869944555706307E-004   0.0000000000000000     
  0.80000000000000004       -1.4611905005120304E-004   0.0000000000000000     
  0.80151515151515151       -1.6892303901524708E-004   0.0000000000000000     
  0.80303030303030309       -1.7979523170563415E-004   0.0000000000000000     
  0.80454545454545456       -1.7796778113939114E-004   0.0000000000000000     
  0.80606060606060603       -1.6356975305867978E-004   0.0000000000000000     
  0.80757575757575761       -1.3761801318262477E-004   0.0000000000000000     
  0.80909090909090908       -1.0194582717343428E-004   0.0000000000000000     
  0.81090909090909091       -4.9893502347769331E-005   0.0000000000000000     
  0.81272727272727274        7.2195732200255407E-006   0.0000000000000000     
  0.81454545454545457        6.3600405504559809E-005   0.0000000000000000     
  0.81636363636363640        1.1353045878712254E-004   0.0000000000000000     
  0.81818181818181823        1.5194139090320521E-004   0.0000000000000000     
  0.81969696969696970        1.7229681693315337E-004   0.0000000000000000     
  0.82121212121212128        1.8048211861074545E-004   0.0000000000000000     
  0.82272727272727275        1.7591928292400234E-004   0.0000000000000000     
  0.82424242424242422        1.5893056336025674E-004   0.0000000000000000     
  0.82575757575757580        1.3071579436181751E-004   0.0000000000000000     
  0.82727272727272727        9.3268135453752817E-005   0.0000000000000000     
  0.82878787878787874        4.9232665979870425E-005   0.0000000000000000     
  0.83030303030303032        1.7192711216636511E-006   0.0000000000000000     
  0.83181818181818179       -4.5915154018103857E-005   0.0000000000000000     
  0.83333333333333337       -9.0306407843501293E-005   0.0000000000000000     
  0.83484848484848484       -1.2831933849118766E-004   0.0000000000000000     
  0.83636363636363642       -1.5726813012318175E-004   0.0000000000000000     
  0.83787878787878789       -1.7510859795035854E-004   0.0000000000000000     
  0.83939393939393947       -1.8058030979757465E-004   0.0000000000000000     
  0.84090909090909094       -1.7329697198672879E-004   0.0000000000000000     
  0.84242424242424241       -1.5377297462821127E-004   0.0000000000000000     
  0.84393939393939399       -1.2338720727580929E-004   0.0000000000000000     
  0.84545454545454546       -8.4286222041375221E-005   0.0000000000000000     
  0.84696969696969693       -3.9231845957905056E-005   0.0000000000000000     
  0.84848484848484851        8.5940498627707094E-006   0.0000000000000000     
  0.85000000000000009        5.5812508274130833E-005   0.0000000000000000     
  0.85151515151515156        9.9088705580446145E-005   0.0000000000000000     
  0.85303030303030303        1.3536624119854697E-004   0.0000000000000000     
  0.85454545454545461        1.6208189339256772E-004   0.0000000000000000     
  0.85606060606060608        1.7734921111925376E-004   0.0000000000000000     
  0.85757575757575766        1.8008948554940239E-004   0.0000000000000000     
  0.85909090909090913        1.7010940234847219E-004   0.0000000000000000     
  0.86060606060606071        1.4811381041629200E-004   0.0000000000000000     
  0.86212121212121218        1.1565615676702078E-004   0.0000000000000000     
  0.86363636363636376        7.5029384492491030E-005   0.0000000000000000     
  0.86515151515151523        2.9103059809181292E-005   0.0000000000000000     
  0.86666666666666681       -1.8879338842922189E-005   0.0000000000000000     
  0.86818181818181828       -6.5527813729400225E-005   0.0000000000000000     
  0.86969696969696975       -1.0754779655644250E-004   0.0000000000000000     
  0.87121212121212133       -1.4197160736444703E-004   0.0000000000000000     
  0.87272727272727280       -1.6636697921617260E-004   0.0000000000000000     
  0.87424242424242427       -1.7901134802541935E-004   0.0000000000000000     
  0.87575757575757585       -1.7901124683290408E-004   0.0000000000000000     
  0.87727272727272732       -1.6636697119882385E-004   0.0000000000000000     
  0.87878787878787878       -1.4197152974184602E-004   0.0000000000000000     
  0.88030303030303036       -1.0754785991523984E-004   0.0000000000000000     
  0.88181818181818183       -6.5527816687064111E-005   0.0000000000000000     
  0.88333333333333330       -1.8879345528751207E-005   0.0000000000000000     
  0.88484848484848488        2.9103047344035084E-005   0.0000000000000000     
  0.88636363636363635        7.5029381076939552E-005   0.0000000000000000     
  0.88787878787878782        1.1565608897503328E-004   0.0000000000000000     
  0.88939393939393940        1.4811389165744624E-004   0.0000000000000000     
  0.89090909090909087        1.7010941053473806E-004   0.0000000000000000     
  0.89242424242424234        1.8008958712375874E-004   0.0000000000000000     
  0.89393939393939392        1.7734911063865027E-004   0.0000000000000000     
  0.89545454545454550        1.6208188557029058E-004   0.0000000000000000     
  0.89696969696969697        1.3536616744769166E-004   0.0000000000000000     
  0.89848484848484844        9.9088764299392964E-005   0.0000000000000000     
  0.90000000000000002        5.5812510764262245E-005   0.0000000000000000     
  0.90151515151515149        8.5940507474772224E-006   0.0000000000000000     
  0.90303030303030307       -3.9231827754097963E-005   0.0000000000000000     
  0.90454545454545454       -8.4286218179074565E-005   0.0000000000000000     
  0.90606060606060612       -1.2338713527175363E-004   0.0000000000000000     
  0.90757575757575759       -1.5377305922292730E-004   0.0000000000000000     
  0.90909090909090917       -1.7329698031521179E-004   0.0000000000000000     
  0.91060606060606064       -1.8058041142245869E-004   0.0000000000000000     
  0.91212121212121222       -1.7510849850941180E-004   0.0000000000000000     
  0.91363636363636369       -1.5726812252148689E-004   0.0000000000000000     
  0.91515151515151516       -1.2831926885263379E-004   0.0000000000000000     
  0.91666666666666674       -9.0306461731065626E-005   0.0000000000000000     
  0.91818181818181821       -4.5915156032578259E-005   0.0000000000000000     
  0.91969696969696968        1.7192760409672033E-006   0.0000000000000000     
  0.92121212121212126        4.9232642096780672E-005   0.0000000000000000     
  0.92272727272727273        9.3268131157301967E-005   0.0000000000000000     
  0.92424242424242420        1.3071571838055656E-004   0.0000000000000000     
  0.92575757575757578        1.5893065103260391E-004   0.0000000000000000     
  0.92727272727272725        1.7591929136753564E-004   0.0000000000000000     
  0.92878787878787872        1.8048221995467777E-004   0.0000000000000000     
  0.93030303030303030        1.7229671885622081E-004   0.0000000000000000     
  0.93181818181818188        1.5194138354689119E-004   0.0000000000000000     
  0.93333333333333335        1.2085381947512090E-004   0.0000000000000000     
  0.93484848484848482        8.1229598255741527E-005   0.0000000000000000     
  0.93636363636363640        3.5868035605874466E-005   0.0000000000000000     
  0.93787878787878787       -1.2026994908337305E-005   0.0000000000000000     
  0.93939393939393945       -5.9072869794479889E-005   0.0000000000000000     
  0.94090909090909092       -1.0194582287848074E-004   0.0000000000000000     
  0.94242424242424239       -1.3761793398667208E-004   0.0000000000000000     
  0.94393939393939397       -1.6356984409405896E-004   0.0000000000000000     
  0.94545454545454544       -1.7796779025813650E-004   0.0000000000000000     
  0.94696969696969691       -1.7979533300057569E-004   0.0000000000000000     
  0.94848484848484849       -1.6892294311984622E-004   0.0000000000000000     
  0.94999999999999996       -1.4611904336181406E-004   0.0000000000000000     
  0.95151515151515154       -1.1299417005924371E-004   0.0000000000000000     
  0.95303030303030301       -7.1887780715350832E-005   0.0000000000000000     
  0.95454545454545459       -2.5703921102580014E-005   0.0000000000000000     
  0.95606060606060606        2.2295484218257693E-005   0.0000000000000000     
  0.95757575757575764        6.8720414069841599E-005   0.0000000000000000     
  0.95909090909090911        1.1029098851596600E-004   0.0000000000000000     
  0.96060606060606057        1.4407126849749069E-004   0.0000000000000000     
  0.96212121212121215        1.6767550632383005E-004   0.0000000000000000     
  0.96363636363636362        1.7943579520943382E-004   0.0000000000000000     
  0.96515151515151509        1.7852199104261818E-004   0.0000000000000000     
  0.96666666666666667        1.6499817585546392E-004   0.0000000000000000     
  0.96818181818181825        1.3982009322970499E-004   0.0000000000000000     
  0.96969696969696972        1.0476595714768749E-004   0.0000000000000000     
  0.97121212121212119        6.2311480176916140E-005   0.0000000000000000     
  0.97272727272727277        1.5455965751486479E-005   0.0000000000000000     
  0.97424242424242424       -3.2491250293013140E-005   0.0000000000000000     
  0.97575757575757582       -7.8143806638783424E-005   0.0000000000000000     
  0.97727272727272729       -1.1827640787407923E-004   0.0000000000000000     
  0.97878787878787876       -1.5005467247723226E-004   0.0000000000000000     
  0.98030303030303034       -1.7123424590512944E-004   0.0000000000000000     
  0.98181818181818181       -1.8031851789441740E-004   0.0000000000000000     
  0.98333333333333328       -1.7666634745759546E-004   0.0000000000000000     
  0.98484848484848486       -1.6053521883808679E-004   0.0000000000000000     
  0.98636363636363633       -1.3306507901659023E-004   0.0000000000000000     
  0.98787878787878791       -9.6196019460645076E-005   0.0000000000000000     
  0.98939393939393938       -5.2531932542254140E-005   0.0000000000000000     
  0.99090909090909096       -5.1575962527990603E-006   0.0000000000000000     
  0.99242424242424243        4.2581036662969608E-005   0.0000000000000000     
  0.99393939393939401        8.7312310353500922E-005   0.0000000000000000     
  0.99545454545454548        1.2587603417473105E-004   0.0000000000000000     
  0.99696969696969695        1.5554862930583055E-004   0.0000000000000000     
  0.99848484848484853        1.7423445496916559E-004   0.0000000000000000     
   1.0000000000000000        1.8061307905517198E-004   0.0000000000000000     
