X My_beautiful_solution_real My_beautiful_solution_imag
   0.0000000000000000        0.0000000000000000        0.0000000000000000     
   3.0303030303030307E-003   1.2563461368298148E-004   0.0000000000000000     
   6.0606060606060615E-003   2.1648298490719225E-004   0.0000000000000000     
   9.0909090909090922E-003   2.4756963883126290E-004   0.0000000000000000     
   1.2121212121212123E-002   2.0933818344770797E-004   0.0000000000000000     
   1.5151515151515154E-002   1.1332329356843616E-004   0.0000000000000000     
   1.8181818181818184E-002  -1.4079208468049884E-005   0.0000000000000000     
   2.1212121212121213E-002  -1.3753961115761911E-004   0.0000000000000000     
   2.4242424242424242E-002  -2.2292764541551681E-004   0.0000000000000000     
   2.7272727272727271E-002  -2.4676895861852524E-004   0.0000000000000000     
   3.0303030303030304E-002  -2.0151634847939646E-004   0.0000000000000000     
   3.3333333333333340E-002  -1.0064546761241992E-004   0.0000000000000000     
   3.6363636363636369E-002   2.8112882501083530E-005   0.0000000000000000     
   3.9393939393939398E-002   1.4899978330698118E-004   0.0000000000000000     
   4.2424242424242434E-002   2.2865132189931007E-004   0.0000000000000000     
   4.5454545454545463E-002   2.4517018772222694E-004   0.0000000000000000     
   4.8484848484848492E-002   1.9304277708034851E-004   0.0000000000000000     
   5.1515151515151514E-002   8.7642137952478676E-005   0.0000000000000000     
   5.4545454545454543E-002  -4.2055634929804042E-005   0.0000000000000000     
   5.7575757575757579E-002  -1.5997806608267277E-004   0.0000000000000000     
   6.0606060606060608E-002  -2.3363550306402674E-004   0.0000000000000000     
   6.3636363636363644E-002  -2.4277849682576575E-004   0.0000000000000000     
   6.6666666666666680E-002  -1.8394487414957525E-004   0.0000000000000000     
   6.9696969696969702E-002  -7.4355359457728925E-005   0.0000000000000000     
   7.2727272727272738E-002   5.5862372640075292E-005   0.0000000000000000     
   7.5757575757575774E-002   1.7043895394439586E-004   0.0000000000000000     
   7.8787878787878796E-002   2.3786406926246790E-004   0.0000000000000000     
   8.1818181818181832E-002   2.3960162104393542E-004   0.0000000000000000     
   8.4848484848484867E-002   1.7425206377513720E-004   0.0000000000000000     
   8.7878787878787890E-002   6.0828103716617903E-005   0.0000000000000000     
   9.0909090909090925E-002  -6.9488442411334749E-005   0.0000000000000000     
   9.3939393939393948E-002  -1.8034861469059987E-004   0.0000000000000000     
   9.6969696969696983E-002  -2.4132334462832218E-004   0.0000000000000000     
  0.10000000000000001       -2.3564983490631460E-004   0.0000000000000000     
  0.10303030303030303       -1.6399569407189011E-004   0.0000000000000000     
  0.10606060606060606       -4.7104120059862959E-005   0.0000000000000000     
  0.10909090909090909        8.2889775332325834E-005   0.0000000000000000     
  0.11212121212121212        1.8967499887729026E-004   0.0000000000000000     
  0.11515151515151516        2.4400214130612815E-004   0.0000000000000000     
  0.11818181818181819        2.3093591912777645E-004   0.0000000000000000     
  0.12121212121212123        1.5320893579661267E-004   0.0000000000000000     
  0.12424242424242425        3.3227794068043326E-005   0.0000000000000000     
  0.12727272727272729       -9.6023029327081195E-005   0.0000000000000000     
  0.13030303030303031       -1.9838794347110968E-004   0.0000000000000000     
  0.13333333333333336       -2.4589179563460701E-004   0.0000000000000000     
  0.13636363636363638       -2.2547511927359441E-004   0.0000000000000000     
  0.13939393939393940       -1.4192667506842535E-004   0.0000000000000000     
  0.14242424242424245       -1.9244004021468326E-005   0.0000000000000000     
  0.14545454545454548        1.0884572933019040E-004   0.0000000000000000     
  0.14848484848484850        2.0645926940145710E-004   0.0000000000000000     
  0.15151515151515152        2.4698619616634140E-004   0.0000000000000000     
  0.15454545454545454        2.1928509645281912E-004   0.0000000000000000     
  0.15757575757575759        1.3018540054144059E-004   0.0000000000000000     
  0.16060606060606061        5.1979757565619011E-006   0.0000000000000000     
  0.16363636363636366       -1.2131640465803213E-004   0.0000000000000000     
  0.16666666666666669       -2.1386287269615988E-004   0.0000000000000000     
  0.16969696969696971       -2.4728180343318540E-004   0.0000000000000000     
  0.17272727272727273       -2.1238587019939729E-004   0.0000000000000000     
  0.17575757575757578       -1.1802308539455955E-004   0.0000000000000000     
  0.17878787878787880        8.8648636017980211E-006   0.0000000000000000     
  0.18181818181818185        1.3339472313166211E-004   0.0000000000000000     
  0.18484848484848487        2.2057480890593477E-004   0.0000000000000000     
  0.18787878787878790        2.4677766139347563E-004   0.0000000000000000     
  0.19090909090909092        2.0479975372576697E-004   0.0000000000000000     
  0.19393939393939394        1.0547906452007911E-004   0.0000000000000000     
  0.19696969696969699       -2.2899032558939569E-005   0.0000000000000000     
  0.20000000000000001       -1.4504162151759636E-004   0.0000000000000000     
  0.20303030303030303       -2.2657337054460632E-004   0.0000000000000000     
  0.20606060606060608       -2.4547540052402496E-004   0.0000000000000000     
  0.20909090909090911       -1.9655128175832159E-004   0.0000000000000000     
  0.21212121212121213       -9.2593907308291675E-005   0.0000000000000000     
  0.21515151515151518        3.6859142344903287E-005   0.0000000000000000     
  0.21818181818181820        1.5621943186462338E-004   0.0000000000000000     
  0.22121212121212122        2.3183915729462566E-004   0.0000000000000000     
  0.22424242424242424        2.4337923254689637E-004   0.0000000000000000     
  0.22727272727272727        1.8766713118814081E-004   0.0000000000000000     
  0.23030303030303031        7.9409286439523981E-005   0.0000000000000000     
  0.23333333333333334       -5.0700043709053425E-005   0.0000000000000000     
  0.23636363636363639       -1.6689200332803964E-004   0.0000000000000000     
  0.24090909090909093       -2.4661348099340609E-004   0.0000000000000000     
  0.24545454545454548       -1.7810819038688319E-004   0.0000000000000000     
  0.24848484848484850       -6.5944904838709700E-005   0.0000000000000000     
  0.25151515151515152        6.4348702882018703E-005   0.0000000000000000     
  0.25454545454545457        1.7695311639025693E-004   0.0000000000000000     
  0.25909090909090915        2.4665022577855737E-004   0.0000000000000000     
  0.26363636363636367        1.6809848148125999E-004   0.0000000000000000     
  0.26666666666666672        5.2313625468163250E-005   0.0000000000000000     
  0.26969696969696971       -7.7834504059775257E-005   0.0000000000000000     
  0.27272727272727276       -1.8656638468652752E-004   0.0000000000000000     
  0.27575757575757581       -2.4306072476557283E-004   0.0000000000000000     
  0.27878787878787881       -2.3239028211563350E-004   0.0000000000000000     
  0.28181818181818186       -1.5748850912951159E-004   0.0000000000000000     
  0.28484848484848491       -3.8490837542612154E-005   0.0000000000000000     
  0.28787878787878790        9.1050467225941141E-005   0.0000000000000000     
  0.29090909090909095        1.9552270728660231E-004   0.0000000000000000     
  0.29393939393939400        2.4524968674180953E-004   0.0000000000000000     
  0.29696969696969699        2.2721227032372268E-004   0.0000000000000000     
  0.30000000000000004        1.4636919349322780E-004   0.0000000000000000     
  0.30303030303030304        2.4543564029339823E-005   0.0000000000000000     
  0.30606060606060609       -1.0397195846973016E-004   0.0000000000000000     
  0.30909090909090908       -2.0384667785997143E-004   0.0000000000000000     
  0.31212121212121213       -2.4664547160520864E-004   0.0000000000000000     
  0.31515151515151518       -2.2129941733804444E-004   0.0000000000000000     
  0.31818181818181823       -1.3477649623576662E-004   0.0000000000000000     
  0.32121212121212128       -1.0516912664399868E-005   0.0000000000000000     
  0.32424242424242428        1.1655718760069037E-004   0.0000000000000000     
  0.32727272727272733        2.1151137534086999E-004   0.0000000000000000     
  0.33030303030303038        2.4724356516200093E-004   0.0000000000000000     
  0.33333333333333337        2.1467084628051556E-004   0.0000000000000000     
  0.33636363636363642        1.2274791001313311E-004   0.0000000000000000     
  0.33939393939393947       -3.5437520953539558E-006   0.0000000000000000     
  0.34242424242424246       -1.2876545195436616E-004   0.0000000000000000     
  0.34545454545454551       -2.1849201085922705E-004   0.0000000000000000     
  0.34848484848484851       -2.4704203308098711E-004   0.0000000000000000     
  0.35151515151515156       -2.0734799502094097E-004   0.0000000000000000     
  0.35454545454545455       -1.1032233721667772E-004   0.0000000000000000     
  0.35757575757575760        1.7592955788252929E-005   0.0000000000000000     
  0.36060606060606065        1.4055726803130351E-004   0.0000000000000000     
  0.36363636363636370        2.2476600791189059E-004   0.0000000000000000     
  0.36666666666666670        2.4604152714947957E-004   0.0000000000000000     
  0.36969696969696975        1.9935454684347266E-004   0.0000000000000000     
  0.37272727272727274        9.7539964156466514E-005   0.0000000000000000     
  0.37575757575757579       -3.1585261019574515E-005   0.0000000000000000     
  0.37878787878787884       -1.5189449919306202E-004   0.0000000000000000     
  0.38181818181818189       -2.3031307537867791E-004   0.0000000000000000     
  0.38484848484848488       -2.4424528316531582E-004   0.0000000000000000     
  0.38787878787878793       -1.9071635385104870E-004   0.0000000000000000     
  0.39090909090909093       -8.4442131092274489E-005   0.0000000000000000     
  0.39393939393939398        4.5475414413408714E-005   0.0000000000000000     
  0.39696969696969697        1.6274047900226345E-004   0.0000000000000000     
  0.40000000000000002        2.3511527314713993E-004   0.0000000000000000     
  0.40303030303030307        2.4165911047176658E-004   0.0000000000000000     
  0.40606060606060607        1.8146135335551236E-004   0.0000000000000000     
  0.40909090909090912        7.1071198532497717E-005   0.0000000000000000     
  0.41212121212121217       -5.9218492969396303E-005   0.0000000000000000     
  0.41515151515151516       -1.7306012980778101E-004   0.0000000000000000     
  0.41818181818181821       -2.3915707013378576E-004   0.0000000000000000     
  0.42121212121212120       -2.3829137316918057E-004   0.0000000000000000     
  0.42424242424242425       -1.7161947752383219E-004   0.0000000000000000     
  0.42727272727272725       -5.7470410233428354E-005   0.0000000000000000     
  0.43030303030303030        7.2770049350964351E-005   0.0000000000000000     
  0.43333333333333329        1.8282007619152324E-004   0.0000000000000000     
  0.43636363636363634        2.4242539451411191E-004   0.0000000000000000     
  0.43939393939393939        2.3415296306413262E-004   0.0000000000000000     
  0.44242424242424239        1.6122255657263486E-004   0.0000000000000000     
  0.44545454545454544        4.3683753341951607E-005   0.0000000000000000     
  0.44848484848484849       -8.6086255635203614E-005   0.0000000000000000     
  0.45151515151515154       -1.9198875290993745E-004   0.0000000000000000     
  0.45454545454545459       -2.4490967599899790E-004   0.0000000000000000     
  0.45757575757575758       -2.2925726444356008E-004   0.0000000000000000     
  0.46060606060606063       -1.5030421582414629E-004   0.0000000000000000     
  0.46363636363636362       -2.9755816134018557E-005   0.0000000000000000     
  0.46666666666666667        9.9124045059438556E-005   0.0000000000000000     
  0.46969696969696972        2.0053650698109588E-004   0.0000000000000000     
  0.47272727272727277        2.4660188002072599E-004   0.0000000000000000     
  0.47575757575757577        2.2362011078781954E-004   0.0000000000000000     
  0.47878787878787882        1.3889976695646568E-004   0.0000000000000000     
  0.48181818181818181        1.5731643808949012E-005   0.0000000000000000     
  0.48484848484848486       -1.1184125130610658E-004   0.0000000000000000     
  0.48787878787878791       -2.0843569358724003E-004   0.0000000000000000     
  0.49090909090909096       -2.4749653371807412E-004   0.0000000000000000     
  0.49393939393939396       -2.1725973356264913E-004   0.0000000000000000     
  0.49696969696969701       -1.2704609379989029E-004   0.0000000000000000     
  0.50000000000000000       -1.6565928059804866E-006   0.0000000000000000     
  0.50303030303030305        1.2419674487543794E-004   0.0000000000000000     
  0.50606060606060599        2.1566076548258260E-004   0.0000000000000000     
  0.50909090909090904        2.4759074363643282E-004   0.0000000000000000     
  0.51212121212121209        2.1019670325566741E-004   0.0000000000000000     
  0.51515151515151514        1.1478153304865257E-004   0.0000000000000000     
  0.51818181818181819       -1.2423815885784517E-005   0.0000000000000000     
  0.52121212121212124       -1.3615056610490878E-004   0.0000000000000000     
  0.52424242424242418       -2.2218835561723659E-004   0.0000000000000000     
  0.52727272727272723       -2.4688420508570320E-004   0.0000000000000000     
  0.53030303030303028       -2.0245386284808249E-004   0.0000000000000000     
  0.53333333333333333       -1.0214575027384986E-004   0.0000000000000000     
  0.53636363636363638        2.6464043949612002E-005   0.0000000000000000     
  0.53939393939393943        1.4766405440523633E-004   0.0000000000000000     
  0.54242424242424236        2.2799735271001435E-004   0.0000000000000000     
  0.54545454545454541        2.4537920312571844E-004   0.0000000000000000     
  0.54848484848484846        1.9405625393681620E-004   0.0000000000000000     
  0.55151515151515151        8.9179611638589299E-005   0.0000000000000000     
  0.55454545454545456       -4.0418683019411488E-005   0.0000000000000000     
  0.55757575757575761       -1.5869997329498193E-004   0.0000000000000000     
  0.56060606060606055       -2.3306896952574038E-004   0.0000000000000000     
  0.56363636363636360       -2.4308060517598323E-004   0.0000000000000000     
  0.56666666666666665       -1.8503103574591848E-004   0.0000000000000000     
  0.56969696969696970       -7.5925051730203714E-005   0.0000000000000000     
  0.57272727272727275        5.4242601537727527E-005   0.0000000000000000     
  0.57575757575757580        1.6922263082934038E-004   0.0000000000000000     
  0.57878787878787885        2.3738680363618925E-004   0.0000000000000000     
  0.58181818181818190        2.3999584527366005E-004   0.0000000000000000     
  0.58484848484848495        1.7540739728925429E-004   0.0000000000000000     
  0.58787878787878789        6.2424937937023822E-005   0.0000000000000000     
  0.59090909090909094       -6.7891090718490328E-005   0.0000000000000000     
  0.59393939393939399       -1.7919799503365817E-004   0.0000000000000000     
  0.59696969696969693       -2.4093689046819920E-004   0.0000000000000000     
  0.59999999999999998       -2.3613490003069303E-004   0.0000000000000000     
  0.60303030303030303       -1.8783234524033675E-004   0.0000000000000000     
  0.60606060606060608       -1.3230524199130662E-004   0.0000000000000000     
  0.60909090909090913       -8.4818759614902121E-005   0.0000000000000000     
  0.61363636363636365       -5.6472379777663945E-005   0.0000000000000000     
  0.61818181818181817       -9.1279938626595547E-005   0.0000000000000000     
  0.62121212121212122       -1.4108717262872859E-004   0.0000000000000000     
  0.62424242424242427       -1.9650812123043834E-004   0.0000000000000000     
  0.62727272727272732       -2.4230679848244661E-004   0.0000000000000000     
  0.63181818181818183       -2.6628422717613341E-004   0.0000000000000000     
  0.63636363636363635       -2.2730840868864208E-004   0.0000000000000000     
  0.63939393939393940       -1.7612255094925111E-004   0.0000000000000000     
  0.64242424242424245       -1.2094802003323833E-004   0.0000000000000000     
  0.64545454545454550       -7.6953058256983947E-005   0.0000000000000000     
  0.64848484848484855       -5.6643436636457194E-005   0.0000000000000000     
  0.65151515151515149       -6.5318308799267068E-005   0.0000000000000000     
  0.65454545454545454       -1.0059283230371879E-004   0.0000000000000000     
  0.65757575757575759       -1.5293369191673393E-004   0.0000000000000000     
  0.66060606060606064       -2.0761488554716317E-004   0.0000000000000000     
  0.66363636363636369       -2.4960379612758095E-004   0.0000000000000000     
  0.66666666666666674       -2.6693680931838521E-004   0.0000000000000000     
  0.66969696969696968       -2.5515223465716352E-004   0.0000000000000000     
  0.67272727272727273       -2.1748981484927618E-004   0.0000000000000000     
  0.67575757575757578       -1.6416323215953481E-004   0.0000000000000000     
  0.67878787878787883       -1.1015222362993592E-004   0.0000000000000000     
  0.68181818181818188       -7.0305163166478117E-005   0.0000000000000000     
  0.68484848484848493       -5.6004816170615909E-005   0.0000000000000000     
  0.68787878787878787       -7.0860980111717435E-005   0.0000000000000000     
  0.69090909090909092       -1.1078948987212201E-004   0.0000000000000000     
  0.69393939393939397       -1.6492932885399408E-004   0.0000000000000000     
  0.69696969696969691       -2.1809547195441554E-004   0.0000000000000000     
  0.69999999999999996       -2.5567181046913599E-004   0.0000000000000000     
  0.70303030303030301       -2.6689324163731224E-004   0.0000000000000000     
  0.70606060606060606       -2.4901353565088267E-004   0.0000000000000000     
  0.70909090909090911       -2.0694807118992389E-004   0.0000000000000000     
  0.71363636363636362       -1.2548155656124209E-004   0.0000000000000000     
  0.71818181818181825       -6.5691088921452983E-005   0.0000000000000000     
  0.72121212121212130       -5.7019316315964115E-005   0.0000000000000000     
  0.72424242424242424       -7.7219819343787554E-005   0.0000000000000000     
  0.72727272727272729       -1.2073920009194094E-004   0.0000000000000000     
  0.73181818181818181       -2.0195633668644705E-004   0.0000000000000000     
  0.73636363636363633       -2.5888443569052697E-004   0.0000000000000000     
  0.73939393939393938       -2.6498460263201955E-004   0.0000000000000000     
  0.74242424242424243       -2.4251442734508972E-004   0.0000000000000000     
  0.74545454545454548       -1.9765127206526810E-004   0.0000000000000000     
  0.75000000000000000       -1.1688906325885487E-004   0.0000000000000000     
  0.75454545454545452       -6.2967410325764355E-005   0.0000000000000000     
  0.75757575757575757       -5.9454287758205390E-005   0.0000000000000000     
  0.76060606060606062       -8.4137266283806146E-005   0.0000000000000000     
  0.76363636363636367       -1.3023065342543020E-004   0.0000000000000000     
  0.76818181818181819       -2.1033353605146384E-004   0.0000000000000000     
  0.77272727272727271       -2.6111227439280695E-004   0.0000000000000000     
  0.77575757575757576       -2.6202946134119126E-004   0.0000000000000000     
  0.77878787878787881       -2.3519614890758842E-004   0.0000000000000000     
  0.78181818181818186       -1.8798918612699230E-004   0.0000000000000000     
  0.78636363636363638       -1.0874835940689008E-004   0.0000000000000000     
  0.79090909090909089       -6.1241049879883283E-005   0.0000000000000000     
  0.79393939393939394       -6.2922119828663124E-005   0.0000000000000000     
  0.79696969696969699       -9.1837854630920430E-005   0.0000000000000000     
  0.80000000000000004       -1.4003891851605354E-004   0.0000000000000000     
  0.80454545454545456       -1.6957836404440032E-004   0.0000000000000000     
  0.80909090909090908       -9.7192915727195963E-005   0.0000000000000000     
  0.81212121212121213       -1.0986374196370649E-005   0.0000000000000000     
  0.81515151515151518        7.8191845427584775E-005   0.0000000000000000     
  0.81818181818181823        1.4582541609771117E-004   0.0000000000000000     
  0.82272727272727275        1.6803128499779071E-004   0.0000000000000000     
  0.82727272727272727        8.9242130254127834E-005   0.0000000000000000     
  0.83030303030303032        1.2847529888116999E-006   0.0000000000000000     
  0.83333333333333337       -8.6963825351086331E-005   0.0000000000000000     
  0.83636363636363642       -1.5124284897639190E-004   0.0000000000000000     
  0.83939393939393947       -1.7317472378799387E-004   0.0000000000000000     
  0.84242424242424241       -1.4726660621102074E-004   0.0000000000000000     
  0.84545454545454546       -8.0640996407131446E-005   0.0000000000000000     
  0.84848484848484851        8.5636397669318930E-006   0.0000000000000000     
  0.85151515151515156        9.5338831506990745E-005   0.0000000000000000     
  0.85454545454545461        1.5582887739589774E-004   0.0000000000000000     
  0.85757575757575766        1.7268771225421634E-004   0.0000000000000000     
  0.86060606060606071        1.4184471647436212E-004   0.0000000000000000     
  0.86363636363636376        7.1779056548281579E-005   0.0000000000000000     
  0.86666666666666681       -1.8384336328013757E-005   0.0000000000000000     
  0.86969696969696975       -1.0340549647755072E-004   0.0000000000000000     
  0.87272727272727280       -1.5991093004804992E-004   0.0000000000000000     
  0.87575757575757585       -1.7164220075720606E-004   0.0000000000000000     
  0.87878787878787878       -1.3596407800624375E-004   0.0000000000000000     
  0.88181818181818183       -6.2684971622948993E-005   0.0000000000000000     
  0.88484848484848488        2.8145574974978008E-005   0.0000000000000000     
  0.88787878787878782        1.1113773136488332E-004   0.0000000000000000     
  0.89090909090909087        1.6347580491501417E-004   0.0000000000000000     
  0.89393939393939392        1.7004157065007215E-004   0.0000000000000000     
  0.89696969696969697        1.2964370974162556E-004   0.0000000000000000     
  0.90000000000000002        5.3388153371137450E-005   0.0000000000000000     
  0.90303030303030307       -3.7815786284892057E-005   0.0000000000000000     
  0.90606060606060612       -1.1851052887204622E-004   0.0000000000000000     
  0.90909090909090917       -1.6651197261548513E-004   0.0000000000000000     
  0.91212121212121222       -1.6789099862919772E-004   0.0000000000000000     
  0.91515151515151516       -1.2290405277267939E-004   0.0000000000000000     
  0.91818181818181821       -4.3918669205200005E-005   0.0000000000000000     
  0.92121212121212126        4.7363695231918510E-005   0.0000000000000000     
  0.92424242424242420        1.2550004418063982E-004   0.0000000000000000     
  0.92727272727272725        1.6900961369255009E-004   0.0000000000000000     
  0.93030303030303030        1.6519743999197911E-004   0.0000000000000000     
  0.93333333333333335        1.1576690423899849E-004   0.0000000000000000     
  0.93636363636363640        3.4307144966947479E-005   0.0000000000000000     
  0.93939393939393945       -5.6758422335837500E-005   0.0000000000000000     
  0.94242424242424239       -1.3208367206884352E-004   0.0000000000000000     
  0.94545454545454544       -1.7096065037141596E-004   0.0000000000000000     
  0.94848484848484849       -1.6196960614225394E-004   0.0000000000000000     
  0.95151515151515154       -1.0825534683211385E-004   0.0000000000000000     
  0.95454545454545459       -2.4584665878737946E-005   0.0000000000000000     
  0.95757575757575764        6.5969583531249611E-005   0.0000000000000000     
  0.96060606060606057        1.3824012002031951E-004   0.0000000000000000     
  0.96363636363636362        1.7235877268422650E-004   0.0000000000000000     
  0.96666666666666667        1.5821793641622705E-004   0.0000000000000000     
  0.96969696969696972        1.0039367414235079E-004   0.0000000000000000     
  0.97272727272727277        1.4782676008839212E-005   0.0000000000000000     
  0.97575757575757582       -7.4967388434568936E-005   0.0000000000000000     
  0.97878787878787876       -1.4394947708767521E-004   0.0000000000000000     
  0.98181818181818181       -1.7319945887752031E-004   0.0000000000000000     
  0.98484848484848486       -1.5395456431996246E-004   0.0000000000000000     
  0.98787878787878791       -9.2207312089427699E-005   0.0000000000000000     
  0.99090909090909096       -4.9328765762355916E-006   0.0000000000000000     
  0.99393939393939401        8.3722736690927359E-005   0.0000000000000000     
  0.99696969696969695        1.4919327828766992E-004   0.0000000000000000     
   1.0000000000000000        1.7347999003631742E-004   0.0000000000000000     
