X My_beautiful_solution_real My_beautiful_solution_imag
   0.0000000000000000        0.0000000000000000        0.0000000000000000     
   9.0909090909090922E-003  -9.6017827141676738E-005   0.0000000000000000     
   1.8181818181818184E-002  -1.9839164839529600E-005   0.0000000000000000     
   2.7272727272727271E-002   9.1918666878975988E-005   0.0000000000000000     
   3.6363636363636369E-002   3.8831362833669381E-005   0.0000000000000000     
   4.5454545454545463E-002  -8.3895346302641669E-005   0.0000000000000000     
   5.4545454545454543E-002  -5.6165785556146264E-005   0.0000000000000000     
   6.3636363636363644E-002   7.2290394272786769E-005   0.0000000000000000     
   7.2727272727272738E-002   7.1102397756047674E-005   0.0000000000000000     
   8.1818181818181832E-002  -5.7599245435533525E-005   0.0000000000000000     
   9.0909090909090925E-002  -8.3003530689851267E-005   0.0000000000000000     
  0.10000000000000001        4.0449089296412033E-005   0.0000000000000000     
  0.10909090909090909        9.1361105257502253E-005   0.0000000000000000     
  0.11818181818181819       -2.1572094460330524E-005   0.0000000000000000     
  0.12727272727272729       -9.5818322741719102E-005   0.0000000000000000     
  0.13636363636363638        1.7741511397083792E-006   0.0000000000000000     
  0.14545454545454548        9.6184897136898651E-005   0.0000000000000000     
  0.15454545454545454        1.8099533635062937E-005   0.0000000000000000     
  0.16363636363636366       -9.2445178774237073E-005   0.0000000000000000     
  0.17272727272727273       -3.7200519305314458E-005   0.0000000000000000     
  0.18181818181818185        8.4758822432042083E-005   0.0000000000000000     
  0.19090909090909092        5.4713353118482632E-005   0.0000000000000000     
  0.20000000000000001       -7.3453971408498931E-005   0.0000000000000000     
  0.20909090909090911       -6.9890383158342521E-005   0.0000000000000000     
  0.21818181818181820        5.9013248540126575E-005   0.0000000000000000     
  0.22727272727272727        8.2083676845109697E-005   0.0000000000000000     
  0.23636363636363639       -4.2053152232573761E-005   0.0000000000000000     
  0.24545454545454548       -9.0772682251707824E-005   0.0000000000000000     
  0.25454545454545457        2.3297737121370867E-005   0.0000000000000000     
  0.26363636363636367        9.5586451328744996E-005   0.0000000000000000     
  0.27272727272727276       -3.5477029788722931E-006   0.0000000000000000     
  0.28181818181818186       -9.6319476291866526E-005   0.0000000000000000     
  0.29090909090909095       -1.6353788486789831E-005   0.0000000000000000     
  0.30000000000000004        9.2940463089854645E-005   0.0000000000000000     
  0.30909090909090908        3.5557109603203383E-005   0.0000000000000000     
  0.31818181818181823       -8.5593667399568341E-005   0.0000000000000000     
  0.32727272727272733       -5.3242438747907156E-005   0.0000000000000000     
  0.33636363636363642        7.4592736111884562E-005   0.0000000000000000     
  0.34545454545454551        6.8654759892934110E-005   0.0000000000000000     
  0.35454545454545455       -6.0407317225821057E-005   0.0000000000000000     
  0.36363636363636370       -8.1136095491047053E-005   0.0000000000000000     
  0.37272727272727274        4.3643009796664025E-005   0.0000000000000000     
  0.38181818181818189        9.0153596628327596E-005   0.0000000000000000     
  0.39090909090909093       -2.5015509908057005E-005   0.0000000000000000     
  0.40000000000000002       -9.5322291227910568E-005   0.0000000000000000     
  0.40909090909090912        5.3200564193858613E-006   0.0000000000000000     
  0.41818181818181821        9.6421519146326788E-005   0.0000000000000000     
  0.42727272727272725        1.4602519099838754E-005   0.0000000000000000     
  0.43636363636363634       -9.3404352520939606E-005   0.0000000000000000     
  0.44545454545454544       -3.3901688863993130E-005   0.0000000000000000     
  0.45454545454545459        8.6399599198218546E-005   0.0000000000000000     
  0.46363636363636362        5.1753539312905380E-005   0.0000000000000000     
  0.47272727272727277       -7.5706303713175265E-005   0.0000000000000000     
  0.48181818181818181       -6.7395945347994832E-005   0.0000000000000000     
  0.49090909090909096        6.1780980582275190E-005   0.0000000000000000     
  0.50000000000000000        8.0161106716528647E-005   0.0000000000000000     
  0.50909090909090904       -4.5218124941709044E-005   0.0000000000000000     
  0.51818181818181819       -8.9504057511794334E-005   0.0000000000000000     
  0.52727272727272723        2.6724832564209659E-005   0.0000000000000000     
  0.53636363636363638        9.5025931671348731E-005   0.0000000000000000     
  0.54545454545454541       -7.0906127679623241E-006   0.0000000000000000     
  0.55454545454545456       -9.6490991230646072E-005   0.0000000000000000     
  0.56363636363636360       -1.2846317045391951E-005   0.0000000000000000     
  0.57272727272727275        9.3836690367658061E-005   0.0000000000000000     
  0.58181818181818190        3.2234816281610553E-005   0.0000000000000000     
  0.59090909090909094       -8.7176345587733012E-005   0.0000000000000000     
  0.59999999999999998       -5.0247157757230438E-005   0.0000000000000000     
  0.60909090909090913       -6.8061748707105331E-005   0.0000000000000000     
  0.61818181818181817       -2.5352782691839669E-004   0.0000000000000000     
  0.62727272727272732       -2.7403416248090491E-004   0.0000000000000000     
  0.63636363636363635       -9.2805095078856534E-005   0.0000000000000000     
  0.64545454545454550       -3.4853282473858005E-005   0.0000000000000000     
  0.65454545454545454       -2.0410836965529942E-004   0.0000000000000000     
  0.66363636363636369       -2.9703160032380955E-004   0.0000000000000000     
  0.67272727272727273       -1.4697627370281125E-004   0.0000000000000000     
  0.68181818181818188       -2.3048671778421262E-005   0.0000000000000000     
  0.69090909090909092       -1.4749812711556076E-004   0.0000000000000000     
  0.69999999999999996       -2.9713942546613761E-004   0.0000000000000000     
  0.70909090909090911       -2.0360879503010602E-004   0.0000000000000000     
  0.71818181818181825       -3.4642235423328643E-005   0.0000000000000000     
  0.72727272727272729       -9.3261063247321904E-005   0.0000000000000000     
  0.73636363636363633       -2.7433942149107730E-004   0.0000000000000000     
  0.74545454545454548       -2.5313493124388216E-004   0.0000000000000000     
  0.75454545454545452       -6.7675309750630532E-005   0.0000000000000000     
  0.76363636363636367       -5.0560207569928033E-005   0.0000000000000000     
  0.77272727272727271       -2.3248351353182174E-004   0.0000000000000000     
  0.78181818181818186       -2.8718753604712742E-004   0.0000000000000000     
  0.79090909090909089       -1.1656715322329981E-004   0.0000000000000000     
  0.80000000000000004       -2.6609615807777125E-005   0.0000000000000000     
  0.80909090909090908       -3.3786961657543390E-005   0.0000000000000000     
  0.81818181818181823        1.9628567374325107E-005   0.0000000000000000     
  0.82727272727272727        3.7842608356655390E-005   0.0000000000000000     
  0.83636363636363642       -1.1809542850497123E-005   0.0000000000000000     
  0.84545454545454546       -4.0282691352334917E-005   0.0000000000000000     
  0.85454545454545461        3.4863493591503233E-006   0.0000000000000000     
  0.86363636363636376        4.1003039455217014E-005   0.0000000000000000     
  0.87272727272727280        4.9856821675941442E-006   0.0000000000000000     
  0.88181818181818183       -3.9972899810268982E-005   0.0000000000000000     
  0.89090909090909087       -1.3244866655073065E-005   0.0000000000000000     
  0.90000000000000002        3.7236250787167631E-005   0.0000000000000000     
  0.90909090909090917        2.0938605821682407E-005   0.0000000000000000     
  0.91818181818181821       -3.2909924470770660E-005   0.0000000000000000     
  0.92727272727272725       -2.7738441184221315E-005   0.0000000000000000     
  0.93636363636363640        2.7178618905676271E-005   0.0000000000000000     
  0.94545454545454544        3.3354076495202289E-005   0.0000000000000000     
  0.95454545454545459       -2.0287013030423360E-005   0.0000000000000000     
  0.96363636363636362       -3.7545770971045693E-005   0.0000000000000000     
  0.97272727272727277        1.2529320927864985E-005   0.0000000000000000     
  0.98181818181818181        4.0134574223680316E-005   0.0000000000000000     
  0.99090909090909096       -4.2367313380895140E-006   0.0000000000000000     
   1.0000000000000000       -4.1009965949355753E-005   0.0000000000000000     
