X My_beautiful_solution_real My_beautiful_solution_imag
   0.0000000000000000        0.0000000000000000        0.0000000000000000     
   2.2727272727272731E-003   9.6803475772024874E-005   0.0000000000000000     
   4.5454545454545461E-003   1.7826946160504431E-004   0.0000000000000000     
   6.8181818181818187E-003   2.3162397749875574E-004   0.0000000000000000     
   9.0909090909090922E-003   2.4848963660823283E-004   0.0000000000000000     
   1.0909090909090910E-002   2.3365569316697847E-004   0.0000000000000000     
   1.2727272727272729E-002   1.9511148882557240E-004   0.0000000000000000     
   1.4545454545454549E-002   1.3677779668150821E-004   0.0000000000000000     
   1.6363636363636365E-002   6.4571225068033372E-005   0.0000000000000000     
   1.8181818181818184E-002  -1.4191459404217525E-005   0.0000000000000000     
   2.0454545454545454E-002  -1.0971586628704176E-004   0.0000000000000000     
   2.2727272727272728E-002  -1.8786891698304895E-004   0.0000000000000000     
   2.5000000000000001E-002  -2.3639675108419160E-004   0.0000000000000000     
   2.7272727272727271E-002  -2.4767884912079097E-004   0.0000000000000000     
   2.9090909090909091E-002  -2.2842891780619880E-004   0.0000000000000000     
   3.0909090909090910E-002  -1.8599932768476664E-004   0.0000000000000000     
   3.2727272727272730E-002  -1.2470446366708523E-004   0.0000000000000000     
   3.4545454545454546E-002  -5.0761276710701536E-005   0.0000000000000000     
   3.6363636363636369E-002   2.8336631269764544E-005   0.0000000000000000     
   3.8636363636363642E-002   1.2227040231655570E-004   0.0000000000000000     
   4.0909090909090916E-002   1.9685561016991179E-004   0.0000000000000000     
   4.3181818181818189E-002   2.4039848178771030E-004   0.0000000000000000     
   4.5454545454545463E-002   2.4606022052411089E-004   0.0000000000000000     
   4.7272727272727279E-002   2.2245708782732125E-004   0.0000000000000000     
   4.9090909090909095E-002   1.7628050229415621E-004   0.0000000000000000     
   5.0909090909090911E-002   1.1222438864536832E-004   0.0000000000000000     
   5.2727272727272727E-002   3.6785762959999541E-005   0.0000000000000000     
   5.4545454545454543E-002  -4.2389379031604263E-005   0.0000000000000000     
   5.6818181818181816E-002  -1.3442613538899346E-004   0.0000000000000000     
   5.9090909090909097E-002  -2.0520022973989500E-004   0.0000000000000000     
   6.1363636363636370E-002  -2.4361611737420128E-004   0.0000000000000000     
   6.3636363636363644E-002  -2.4363903021417516E-004   0.0000000000000000     
   6.5454545454545460E-002  -2.1575968123491279E-004   0.0000000000000000     
   6.7272727272727276E-002  -1.6598671203667926E-004   0.0000000000000000     
   6.9090909090909106E-002  -9.9378277222365055E-005   0.0000000000000000     
   7.0909090909090922E-002  -2.2690267015987959E-005   0.0000000000000000     
   7.2727272727272738E-002   5.6303867579553987E-005   0.0000000000000000     
   7.5000000000000011E-002   1.4614341778746947E-004   0.0000000000000000     
   7.7272727272727285E-002   2.1287555848509713E-004   0.0000000000000000     
   7.9545454545454558E-002   2.4603916305046623E-004   0.0000000000000000     
   8.1818181818181832E-002   2.4042317526040501E-004   0.0000000000000000     
   8.3636363636363648E-002   2.0835854260871801E-004   0.0000000000000000     
   8.5454545454545464E-002   1.5515153162801892E-004   0.0000000000000000     
   8.7272727272727293E-002   8.6208028885812753E-005   0.0000000000000000     
   8.9090909090909109E-002   8.5207634183553700E-006   0.0000000000000000     
   9.0909090909090925E-002  -7.0034712756253121E-005   0.0000000000000000     
   9.3181818181818199E-002  -1.5738403186665813E-004   0.0000000000000000     
   9.5454545454545459E-002  -2.1985656218838771E-004   0.0000000000000000     
   9.7727272727272732E-002  -2.4765971569553231E-004   0.0000000000000000     
  0.10000000000000001       -2.3642314464820309E-004   0.0000000000000000     
  0.10181818181818182       -2.0027781185433897E-004   0.0000000000000000     
  0.10363636363636364       -1.4381030160771349E-004   0.0000000000000000     
  0.10545454545454545       -7.2756600343815275E-005   0.0000000000000000     
  0.10727272727272727        5.6765319063289182E-006   0.0000000000000000     
  0.10909090909090909        8.3537129384292366E-005   0.0000000000000000     
  0.11136363636363636        1.6811131470528687E-004   0.0000000000000000     
  0.11363636363636365        2.2612047127620332E-004   0.0000000000000000     
  0.11590909090909092        2.4847248963785008E-004   0.0000000000000000     
  0.11818181818181819        2.3165198506758049E-004   0.0000000000000000     
  0.12000000000000001        1.9154384546737126E-004   0.0000000000000000     
  0.12181818181818183        1.3200001307077177E-004   0.0000000000000000     
  0.12363636363636366        5.9067865415200550E-005   0.0000000000000000     
  0.12545454545454546       -1.9855312384679832E-005   0.0000000000000000     
  0.12727272727272729       -9.6767077339679369E-005   0.0000000000000000     
  0.12954545454545457       -1.7829027768766301E-004   0.0000000000000000     
  0.13181818181818183       -2.3164685508487006E-004   0.0000000000000000     
  0.13409090909090909       -2.4847483389528843E-004   0.0000000000000000     
  0.13636363636363638       -2.2612525835945127E-004   0.0000000000000000     
  0.13818181818181821       -1.8218513056780542E-004   0.0000000000000000     
  0.14000000000000001       -1.1975918701576091E-004   0.0000000000000000     
  0.14181818181818184       -4.5186471928590903E-005   0.0000000000000000     
  0.14363636363636365        3.3969331832211970E-005   0.0000000000000000     
  0.14545454545454548        1.0968140519519366E-004   0.0000000000000000     
  0.14772727272727273        1.8788772062420150E-004   0.0000000000000000     
  0.15000000000000002        2.3641768849822552E-004   0.0000000000000000     
  0.15227272727272728        2.4766674082170618E-004   0.0000000000000000     
  0.15454545454545454        2.1986099075839533E-004   0.0000000000000000     
  0.15636363636363637        1.7223219198508405E-004   0.0000000000000000     
  0.15818181818181820        1.0712774870288724E-004   0.0000000000000000     
  0.16000000000000000        3.1157696096921803E-005   0.0000000000000000     
  0.16181818181818183       -4.7972555292097122E-005   0.0000000000000000     
  0.16363636363636366       -1.2223799096513921E-004   0.0000000000000000     
  0.16590909090909092       -1.9687234003874790E-004   0.0000000000000000     
  0.16818181818181821       -2.4041741073919909E-004   0.0000000000000000     
  0.17045454545454547       -2.4605084613189013E-004   0.0000000000000000     
  0.17272727272727273       -2.1287961409742967E-004   0.0000000000000000     
  0.17454545454545456       -1.6171749269686139E-004   0.0000000000000000     
  0.17636363636363639       -9.4146897431863675E-005   0.0000000000000000     
  0.17818181818181819       -1.7027294842388729E-005   0.0000000000000000     
  0.18000000000000002        6.1819309184969726E-005   0.0000000000000000     
  0.18181818181818185        1.3439587949241400E-004   0.0000000000000000     
  0.18409090909090911        2.0521483126947955E-004   0.0000000000000000     
  0.18636363636363640        2.4363297612357712E-004   0.0000000000000000     
  0.18863636363636366        2.4363242030478146E-004   0.0000000000000000     
  0.19090909090909092        2.0520389916657471E-004   0.0000000000000000     
  0.19272727272727275        1.5067532794621726E-004   0.0000000000000000     
  0.19454545454545455        8.0858972164321406E-005   0.0000000000000000     
  0.19636363636363638        2.8413565535001889E-006   0.0000000000000000     
  0.19818181818181818       -7.5464430280040962E-005   0.0000000000000000     
  0.20000000000000001       -1.4611541602979646E-004   0.0000000000000000     
  0.20227272727272727       -2.1288798405038654E-004   0.0000000000000000     
  0.20454545454545456       -2.4605389661043042E-004   0.0000000000000000     
  0.20681818181818185       -2.4041935139303266E-004   0.0000000000000000     
  0.20909090909090911       -1.9685888144256087E-004   0.0000000000000000     
  0.21090909090909093       -1.3914171338265938E-004   0.0000000000000000     
  0.21272727272727274       -6.7307313429035653E-005   0.0000000000000000     
  0.21454545454545457        1.1353849239005796E-005   0.0000000000000000     
  0.21636363636363637        8.8863413001643579E-005   0.0000000000000000     
  0.21818181818181820        1.5735837557975720E-004   0.0000000000000000     
  0.22045454545454546        2.1986677126156775E-004   0.0000000000000000     
  0.22272727272727272        2.4767227601040463E-004   0.0000000000000000     
  0.22500000000000001        2.3642211929495954E-004   0.0000000000000000     
  0.22727272727272727        1.8787177943193066E-004   0.0000000000000000     
  0.22909090909090910        1.2715426759177213E-004   0.0000000000000000     
  0.23090909090909092        5.3536121960401763E-005   0.0000000000000000     
  0.23272727272727273       -2.5512022777057044E-005   0.0000000000000000     
  0.23454545454545456       -1.0197255459072707E-004   0.0000000000000000     
  0.23636363636363639       -1.6808808757092268E-004   0.0000000000000000     
  0.23863636363636365       -2.2612843055887558E-004   0.0000000000000000     
  0.24090909090909093       -2.4848283574031073E-004   0.0000000000000000     
  0.24318181818181822       -2.3165376157280643E-004   0.0000000000000000     
  0.24545454545454548       -1.7827190589385695E-004   0.0000000000000000     
  0.24727272727272731       -1.1475208939664124E-004   0.0000000000000000     
  0.24909090909090911       -3.9590314531209352E-005   0.0000000000000000     
  0.25090909090909091        3.9586985088748593E-005   0.0000000000000000     
  0.25272727272727274        1.1474909764786269E-004   0.0000000000000000     
  0.25454545454545457        1.7826955546456109E-004   0.0000000000000000     
  0.25681818181818183        2.3165253861665990E-004   0.0000000000000000     
  0.25909090909090915        2.4848293203999831E-004   0.0000000000000000     
  0.26136363636363641        2.2612983092881451E-004   0.0000000000000000     
  0.26363636363636367        1.6809057223226412E-004   0.0000000000000000     
  0.26545454545454550        1.0197563033128588E-004   0.0000000000000000     
  0.26727272727272733        2.5515377449973192E-005   0.0000000000000000     
  0.26909090909090910       -5.3532828607861099E-005   0.0000000000000000     
  0.27090909090909093       -1.2715136959280112E-004   0.0000000000000000     
  0.27272727272727276       -1.8786957090094995E-004   0.0000000000000000     
  0.27500000000000002       -2.3642107774145583E-004   0.0000000000000000     
  0.27727272727272734       -2.4767256459537143E-004   0.0000000000000000     
  0.27954545454545460       -2.1986834447778496E-004   0.0000000000000000     
  0.28181818181818186       -1.5736098636905365E-004   0.0000000000000000     
  0.28363636363636369       -8.8866562701999836E-005   0.0000000000000000     
  0.28545454545454552       -1.1357218200614957E-005   0.0000000000000000     
  0.28727272727272729        6.7304066908172163E-005   0.0000000000000000     
  0.28909090909090912        1.3913891858574905E-004   0.0000000000000000     
  0.29090909090909095        1.9685682201334644E-004   0.0000000000000000     
  0.29318181818181821        2.4041849463935232E-004   0.0000000000000000     
  0.29545454545454553        2.4605437653941336E-004   0.0000000000000000     
  0.29772727272727278        2.1288972498160531E-004   0.0000000000000000     
  0.30000000000000004        1.4611814443157427E-004   0.0000000000000000     
  0.30181818181818187        7.5467643666983728E-005   0.0000000000000000     
  0.30363636363636365       -2.8379842915613758E-006   0.0000000000000000     
  0.30545454545454548       -8.0855783064139760E-005   0.0000000000000000     
  0.30727272727272725       -1.5067264546700818E-004   0.0000000000000000     
  0.30909090909090908       -2.0520199555625746E-004   0.0000000000000000     
  0.31136363636363640       -2.4363175114535331E-004   0.0000000000000000     
  0.31363636363636366       -2.4363364583121781E-004   0.0000000000000000     
  0.31590909090909092       -2.0521673423739547E-004   0.0000000000000000     
  0.31818181818181823       -1.3439871660758621E-004   0.0000000000000000     
  0.32000000000000006       -6.1822575777560442E-005   0.0000000000000000     
  0.32181818181818189        1.7023930279253434E-005   0.0000000000000000     
  0.32363636363636367        9.4143776154087964E-005   0.0000000000000000     
  0.32545454545454550        1.6171493128465782E-004   0.0000000000000000     
  0.32727272727272733        2.1287787251491729E-004   0.0000000000000000     
  0.32954545454545459        2.4605036674927623E-004   0.0000000000000000     
  0.33181818181818190        2.4041826804114671E-004   0.0000000000000000     
  0.33409090909090916        1.9687439883655044E-004   0.0000000000000000     
  0.33636363636363642        1.2224092754003761E-004   0.0000000000000000     
  0.33818181818181825        4.7975864435863880E-005   0.0000000000000000     
  0.34000000000000008       -3.1154350206607353E-005   0.0000000000000000     
  0.34181818181818185       -1.0712470542802388E-004   0.0000000000000000     
  0.34363636363636368       -1.7222975999430892E-004   0.0000000000000000     
  0.34545454545454551       -2.1985941688411559E-004   0.0000000000000000     
  0.34727272727272734       -2.4518935738678817E-004   0.0000000000000000     
  0.34909090909090912       -2.4563681301175409E-004   0.0000000000000000     
  0.35090909090909095       -2.2117018189228468E-004   0.0000000000000000     
  0.35272727272727272       -1.7427103973955611E-004   0.0000000000000000     
  0.35454545454545455       -1.0968429780675162E-004   0.0000000000000000     
  0.35636363636363638       -3.3972588984300899E-005   0.0000000000000000     
  0.35818181818181821        4.5183180781914745E-005   0.0000000000000000     
  0.36000000000000004        1.1975619568404014E-004   0.0000000000000000     
  0.36181818181818187        1.8218274245126672E-004   0.0000000000000000     
  0.36363636363636370        2.2612371583766419E-004   0.0000000000000000     
  0.36545454545454553        2.4712960278087915E-004   0.0000000000000000     
  0.36727272727272731        2.4305630734458100E-004   0.0000000000000000     
  0.36909090909090914        2.1433065584976641E-004   0.0000000000000000     
  0.37090909090909091        1.6386620344381817E-004   0.0000000000000000     
  0.37272727272727274        9.6769900898360681E-005   0.0000000000000000     
  0.37454545454545457        1.9858502072619074E-005   0.0000000000000000     
  0.37636363636363640       -5.9064633297886878E-005   0.0000000000000000     
  0.37818181818181823       -1.3199706634648168E-004   0.0000000000000000     
  0.38000000000000006       -1.9154148301195925E-004   0.0000000000000000     
  0.38181818181818189       -2.3165044665560326E-004   0.0000000000000000     
  0.38363636363636372       -2.4826376324176539E-004   0.0000000000000000     
  0.38545454545454549       -2.3968300297961479E-004   0.0000000000000000     
  0.38727272727272732       -2.0679202815993355E-004   0.0000000000000000     
  0.38909090909090910       -1.5292686996048687E-004   0.0000000000000000     
  0.39090909090909093       -8.3539860869016021E-005   0.0000000000000000     
  0.39272727272727276       -5.6796408921469749E-006   0.0000000000000000     
  0.39454545454545459        7.2753429367803057E-005   0.0000000000000000     
  0.39636363636363636        1.4380739026255117E-004   0.0000000000000000     
  0.39818181818181819        2.0027545542750599E-004   0.0000000000000000     
  0.40000000000000002        2.3642158230113762E-004   0.0000000000000000     
  0.40227272727272728        2.4765935824531661E-004   0.0000000000000000     
  0.40454545454545454        2.1985746495190817E-004   0.0000000000000000     
  0.40681818181818186        1.5738605248633255E-004   0.0000000000000000     
  0.40909090909090912        7.0037533464549194E-005   0.0000000000000000     
  0.41136363636363638       -2.8376454188185482E-005   0.0000000000000000     
  0.41363636363636369       -1.2223543808866539E-004   0.0000000000000000     
  0.41590909090909095       -1.9681900705037923E-004   0.0000000000000000     
  0.41818181818181821       -2.4042139684657163E-004   0.0000000000000000     
  0.42045454545454547       -2.4603879069253084E-004   0.0000000000000000     
  0.42272727272727273       -2.1287664967973625E-004   0.0000000000000000     
  0.42499999999999999       -1.4614580046323040E-004   0.0000000000000000     
  0.42727272727272725       -5.6307167008580395E-005   0.0000000000000000     
  0.42954545454545451        4.2427627681481917E-005   0.0000000000000000     
  0.43181818181818177        1.3439273543556872E-004   0.0000000000000000     
  0.43409090909090908        2.0516533322051446E-004   0.0000000000000000     
  0.43636363636363634        2.4363707584713361E-004   0.0000000000000000     
  0.43863636363636360        2.4361576643776452E-004   0.0000000000000000     
  0.44090909090909092        2.0520153618836952E-004   0.0000000000000000     
  0.44318181818181818        1.3442889320735787E-004   0.0000000000000000     
  0.44545454545454544        4.2393154455958954E-005   0.0000000000000000     
  0.44772727272727275       -5.6340423262555714E-005   0.0000000000000000     
  0.45000000000000001       -1.4611171022795204E-004   0.0000000000000000     
  0.45227272727272727       -2.1284251166726360E-004   0.0000000000000000     
  0.45454545454545459       -2.4605813135026151E-004   0.0000000000000000     
  0.45681818181818185       -2.4039818818630398E-004   0.0000000000000000     
  0.45909090909090911       -1.9685715689745877E-004   0.0000000000000000     
  0.46136363636363636       -1.2227354546821403E-004   0.0000000000000000     
  0.46363636363636362       -2.8340876425703305E-005   0.0000000000000000     
  0.46590909090909094        7.0069464281545592E-005   0.0000000000000000     
  0.46818181818181820        1.5735414097303108E-004   0.0000000000000000     
  0.47045454545454546        2.1982550323610845E-004   0.0000000000000000     
  0.47272727272727277        2.4767666707175873E-004   0.0000000000000000     
  0.47500000000000003        2.3639655008512875E-004   0.0000000000000000     
  0.47727272727272729        1.8787072704029093E-004   0.0000000000000000     
  0.47954545454545455        1.0971940197105273E-004   0.0000000000000000     
  0.48181818181818181        1.4196164490355686E-005   0.0000000000000000     
  0.48409090909090913       -8.3569973404980344E-005   0.0000000000000000     
  0.48636363636363639       -1.6808336042873148E-004   0.0000000000000000     
  0.48863636363636365       -2.2609153286638303E-004   0.0000000000000000     
  0.49090909090909096       -2.4848740414956688E-004   0.0000000000000000     
  0.49318181818181822       -2.3162390349619721E-004   0.0000000000000000     
  0.49545454545454548       -1.7827155590116757E-004   0.0000000000000000     
  0.49772727272727274       -9.6807408115412175E-005   0.0000000000000000     
  0.50000000000000000       -5.1516960839551060E-009   0.0000000000000000     
  0.50227272727272720        9.6797918657267785E-005   0.0000000000000000     
  0.50454545454545452        1.7826437519407205E-004   0.0000000000000000     
  0.50681818181818183        2.3162016387223838E-004   0.0000000000000000     
  0.50909090909090904        2.4848769836079772E-004   0.0000000000000000     
  0.51136363636363635        2.2609581442936834E-004   0.0000000000000000     
  0.51363636363636367        1.6809095122303716E-004   0.0000000000000000     
  0.51590909090909087        8.3579676431501856E-005   0.0000000000000000     
  0.51818181818181819       -1.4185877900468408E-005   0.0000000000000000     
  0.52045454545454550       -1.0971015703119725E-004   0.0000000000000000     
  0.52272727272727271       -1.8786397984031538E-004   0.0000000000000000     
  0.52499999999999991       -2.3639336459699766E-004   0.0000000000000000     
  0.52727272727272723       -2.4767754874587997E-004   0.0000000000000000     
  0.52954545454545454       -2.1983031277378247E-004   0.0000000000000000     
  0.53181818181818175       -1.5736211709713435E-004   0.0000000000000000     
  0.53409090909090906       -7.0079349229974737E-005   0.0000000000000000     
  0.53636363636363638        2.8330640187861247E-005   0.0000000000000000     
  0.53863636363636358        1.2226457519906535E-004   0.0000000000000000     
  0.54090909090909089        1.9685086521063007E-004   0.0000000000000000     
  0.54318181818181821        2.4039556722348657E-004   0.0000000000000000     
  0.54545454545454541        2.4605959761168895E-004   0.0000000000000000     
  0.54772727272727273        2.1284783349329536E-004   0.0000000000000000     
  0.55000000000000004        1.4612004566768596E-004   0.0000000000000000     
  0.55227272727272725        5.6350457893087509E-005   0.0000000000000000     
  0.55454545454545456       -4.2383001955698851E-005   0.0000000000000000     
  0.55681818181818188       -1.3442022686548937E-004   0.0000000000000000     
  0.55909090909090908       -2.0519572053505233E-004   0.0000000000000000     
  0.56136363636363629       -2.4361371854854231E-004   0.0000000000000000     
  0.56363636363636360       -2.4363912191364861E-004   0.0000000000000000     
  0.56590909090909092       -2.0517114997774382E-004   0.0000000000000000     
  0.56818181818181812       -1.3440140300485632E-004   0.0000000000000000     
  0.57045454545454544       -4.2437779266118072E-005   0.0000000000000000     
  0.57272727272727275        5.6297131358334183E-005   0.0000000000000000     
  0.57500000000000007        1.4613746631396277E-004   0.0000000000000000     
  0.57727272727272738        2.1287132902771664E-004   0.0000000000000000     
  0.57954545454545459        2.4603732255610753E-004   0.0000000000000000     
  0.58181818181818190        2.4042401604491739E-004   0.0000000000000000     
  0.58409090909090922        1.9682529976742017E-004   0.0000000000000000     
  0.58636363636363642        1.2224440951818347E-004   0.0000000000000000     
  0.58863636363636362        2.8386689617481777E-005   0.0000000000000000     
  0.59090909090909094       -7.0027647395638846E-005   0.0000000000000000     
  0.59318181818181825       -1.5737807771153164E-004   0.0000000000000000     
  0.59545454545454546       -2.1985265665451468E-004   0.0000000000000000     
  0.59772727272727266       -2.4765847465002300E-004   0.0000000000000000     
  0.59999999999999998       -2.3642476608878781E-004   0.0000000000000000     
  0.60227272727272729       -2.0059904558359948E-004   0.0000000000000000     
  0.60454545454545450       -1.5864880015674113E-004   0.0000000000000000     
  0.60681818181818181       -1.1715529919616215E-004   0.0000000000000000     
  0.60909090909090913       -8.2628377917264806E-005   0.0000000000000000     
  0.61136363636363633       -6.0569802958311714E-005   0.0000000000000000     
  0.61363636363636365       -5.4443182863285983E-005   0.0000000000000000     
  0.61590909090909096       -6.5205583697807316E-005   0.0000000000000000     
  0.61818181818181817       -9.1172653132080362E-005   0.0000000000000000     
  0.62045454545454548       -1.2825812972244049E-004   0.0000000000000000     
  0.62272727272727280       -1.7055826388692619E-004   0.0000000000000000     
  0.62500000000000000       -2.1143712859073992E-004   0.0000000000000000     
  0.62727272727272732       -2.4448108128282808E-004   0.0000000000000000     
  0.62954545454545463       -2.6442172002454436E-004   0.0000000000000000     
  0.63181818181818183       -2.6813259696678501E-004   0.0000000000000000     
  0.63409090909090904       -2.5503562109006976E-004   0.0000000000000000     
  0.63636363636363635       -2.2718142519547734E-004   0.0000000000000000     
  0.63863636363636367       -1.8895714698063202E-004   0.0000000000000000     
  0.64090909090909087       -1.4644508617002317E-004   0.0000000000000000     
  0.64318181818181819       -1.0631418433728056E-004   0.0000000000000000     
  0.64545454545454550       -7.4860973243009456E-005   0.0000000000000000     
  0.64772727272727271       -5.7103307207918296E-005   0.0000000000000000     
  0.65000000000000002       -5.5820276461499639E-005   0.0000000000000000     
  0.65227272727272734       -7.1209111530447220E-005   0.0000000000000000     
  0.65454545454545454       -1.0085958729116564E-004   0.0000000000000000     
  0.65681818181818186       -1.4009799846282180E-004   0.0000000000000000     
  0.65909090909090917       -1.8268333262827231E-004   0.0000000000000000     
  0.66136363636363638       -2.2193538446014756E-004   0.0000000000000000     
  0.66363636363636369       -2.5169526915698329E-004   0.0000000000000000     
  0.66590909090909101       -2.6721204577206676E-004   0.0000000000000000     
  0.66818181818181821       -2.6606304571169840E-004   0.0000000000000000     
  0.67045454545454541       -2.4843254221028463E-004   0.0000000000000000     
  0.67272727272727273       -2.1708249175307715E-004   0.0000000000000000     
  0.67500000000000004       -1.7695792389181293E-004   0.0000000000000000     
  0.67727272727272725       -1.3443820864420314E-004   0.0000000000000000     
  0.67954545454545456       -9.6193027569476696E-005   0.0000000000000000     
  0.68181818181818188       -6.8223531277485344E-005   0.0000000000000000     
  0.68409090909090908       -5.4998252124144659E-005   0.0000000000000000     
  0.68636363636363640       -5.8575535522063706E-005   0.0000000000000000     
  0.68863636363636371       -7.8390205483778417E-005   0.0000000000000000     
  0.69090909090909092       -1.1133758229677216E-004   0.0000000000000000     
  0.69318181818181812       -1.5221744037612655E-004   0.0000000000000000     
  0.69545454545454544       -1.9453285844963036E-004   0.0000000000000000     
  0.69772727272727275       -2.3164643192475479E-004   0.0000000000000000     
  0.69999999999999996       -2.5773431716490618E-004   0.0000000000000000     
  0.70227272727272727       -2.6862496454478776E-004   0.0000000000000000     
  0.70454545454545459       -2.6263106513636677E-004   0.0000000000000000     
  0.70681818181818179       -2.4069685435595728E-004   0.0000000000000000     
  0.70909090909090911       -2.0625960921549013E-004   0.0000000000000000     
  0.71136363636363642       -1.6475779077224976E-004   0.0000000000000000     
  0.71363636363636362       -1.2278468181289783E-004   0.0000000000000000     
  0.71590909090909094       -8.6923762036186046E-005   0.0000000000000000     
  0.71818181818181825       -6.2802573611353497E-005   0.0000000000000000     
  0.72045454545454546       -5.4282077903864769E-005   0.0000000000000000     
  0.72272727272727277       -6.2673044190971806E-005   0.0000000000000000     
  0.72500000000000009       -8.6655257255873101E-005   0.0000000000000000     
  0.72727272727272729       -1.2247005348276784E-004   0.0000000000000000     
  0.72954545454545450       -1.6445847390896286E-004   0.0000000000000000     
  0.73181818181818181       -2.0595237825694136E-004   0.0000000000000000     
  0.73409090909090913       -2.4044368377250478E-004   0.0000000000000000     
  0.73636363636363633       -2.6251950400968415E-004   0.0000000000000000     
  0.73863636363636365       -2.6864205840695433E-004   0.0000000000000000     
  0.74090909090909096       -2.5788139241815982E-004   0.0000000000000000     
  0.74318181818181817       -2.3192939517229533E-004   0.0000000000000000     
  0.74545454545454548       -1.9485385798952766E-004   0.0000000000000000     
  0.74772727272727280       -1.5251578101602132E-004   0.0000000000000000     
  0.75000000000000000       -1.1163641384848647E-004   0.0000000000000000     
  0.75227272727272720       -7.8627216153290706E-005   0.0000000000000000     
  0.75454545454545452       -5.8668764497894245E-005   0.0000000000000000     
  0.75681818181818183       -5.4964120151526319E-005   0.0000000000000000     
  0.75909090909090904       -6.8059389878010105E-005   0.0000000000000000     
  0.76136363636363635       -9.5896528740708028E-005   0.0000000000000000     
  0.76363636363636367       -1.3411188483608783E-004   0.0000000000000000     
  0.76590909090909087       -1.7666153251474681E-004   0.0000000000000000     
  0.76818181818181819       -2.1679303424874374E-004   0.0000000000000000     
  0.77045454545454550       -2.4821246446615330E-004   0.0000000000000000     
  0.77272727272727271       -2.6598845295347387E-004   0.0000000000000000     
  0.77500000000000002       -2.6726310453354361E-004   0.0000000000000000     
  0.77727272727272734       -2.5187594135471557E-004   0.0000000000000000     
  0.77954545454545454       -2.2224445183778691E-004   0.0000000000000000     
  0.78181818181818186       -1.8301391639793409E-004   0.0000000000000000     
  0.78409090909090917       -1.4039147389515548E-004   0.0000000000000000     
  0.78636363636363638       -1.0113872668107325E-004   0.0000000000000000     
  0.78863636363636358       -7.1411538564574960E-005   0.0000000000000000     
  0.79090909090909089       -5.5875989717478413E-005   0.0000000000000000     
  0.79318181818181821       -5.7035488185979962E-005   0.0000000000000000     
  0.79545454545454541       -7.4664359510264524E-005   0.0000000000000000     
  0.79772727272727273       -1.0599355643551363E-004   0.0000000000000000     
  0.80000000000000004       -1.4611132063937438E-004   0.0000000000000000     
  0.80227272727272725       -1.7590600197399660E-004   0.0000000000000000     
  0.80454545454545456       -1.7795342947826112E-004   0.0000000000000000     
  0.80681818181818188       -1.5193922243034448E-004   0.0000000000000000     
  0.80909090909090908       -1.0193779908148103E-004   0.0000000000000000     
  0.81090909090909091       -4.9888368820761828E-005   0.0000000000000000     
  0.81272727272727274        7.2212913721031426E-006   0.0000000000000000     
  0.81454545454545457        6.3598534014752215E-005   0.0000000000000000     
  0.81636363636363640        1.1352518747489365E-004   0.0000000000000000     
  0.81818181818181823        1.5193325456204897E-004   0.0000000000000000     
  0.82045454545454555        1.7795244890755351E-004   0.0000000000000000     
  0.82272727272727275        1.7590506038842838E-004   0.0000000000000000     
  0.82499999999999996        1.4611904646055586E-004   0.0000000000000000     
  0.82727272727272727        9.3260645390993603E-005   0.0000000000000000     
  0.82909090909090910        3.9897729945854230E-005   0.0000000000000000     
  0.83090909090909093       -1.7511525463356948E-005   0.0000000000000000     
  0.83272727272727276       -7.3144660767961102E-005   0.0000000000000000     
  0.83454545454545459       -1.2135897687161084E-004   0.0000000000000000     
  0.83636363636363642       -1.5725963575855781E-004   0.0000000000000000     
  0.83863636363636362       -1.7941847767368398E-004   0.0000000000000000     
  0.84090909090909094       -1.7328295099089831E-004   0.0000000000000000     
  0.84318181818181825       -1.3982228166215920E-004   0.0000000000000000     
  0.84545454545454546       -8.4279308345777348E-005   0.0000000000000000     
  0.84727272727272729       -2.9776958738169903E-005   0.0000000000000000     
  0.84909090909090912        2.7744643130640795E-005   0.0000000000000000     
  0.85090909090909095        8.2452215418225415E-005   0.0000000000000000     
  0.85272727272727278        1.2879693605981408E-004   0.0000000000000000     
  0.85454545454545461        1.6207309145076728E-004   0.0000000000000000     
  0.85681818181818192        1.8029930660326703E-004   0.0000000000000000     
  0.85909090909090913        1.7009565368233839E-004   0.0000000000000000     
  0.86136363636363644        1.3306946586257379E-004   0.0000000000000000     
  0.86363636363636376        7.5023081901718700E-005   0.0000000000000000     
  0.86545454545454559        1.9559065586230264E-005   0.0000000000000000     
  0.86727272727272742       -3.7887267550878484E-005   0.0000000000000000     
  0.86909090909090914       -9.1490840002806197E-005   0.0000000000000000     
  0.87090909090909097       -1.3581480503820501E-004   0.0000000000000000     
  0.87272727272727280       -1.6635792184275272E-004   0.0000000000000000     
  0.87500000000000000       -1.8059206274278908E-004   0.0000000000000000     
  0.87727272727272732       -1.6635356430318084E-004   0.0000000000000000     
  0.87954545454545463       -1.2588262436685565E-004   0.0000000000000000     
  0.88181818181818183       -6.5522156607050557E-005   0.0000000000000000     
  0.88363636363636366       -9.2773776561205291E-006   0.0000000000000000     
  0.88545454545454549        4.7906317058060645E-005   0.0000000000000000     
  0.88727272727272721        1.0023105371404676E-004   0.0000000000000000     
  0.88909090909090904        1.4238969399168455E-004   0.0000000000000000     
  0.89090909090909087        1.7010015132800290E-004   0.0000000000000000     
  0.89318181818181819        1.8029579122490959E-004   0.0000000000000000     
  0.89545454545454550        1.6206888823004699E-004   0.0000000000000000     
  0.89772727272727271        1.1828519811889294E-004   0.0000000000000000     
  0.90000000000000002        5.5807521131389611E-005   0.0000000000000000     
  0.90181818181818185       -1.0345698100132618E-006   0.0000000000000000     
  0.90363636363636368       -5.7769113044007188E-005   0.0000000000000000     
  0.90545454545454551       -1.0864434905539490E-004   0.0000000000000000     
  0.90727272727272734       -1.4850015794987017E-004   0.0000000000000000     
  0.90909090909090917       -1.7328757407292190E-004   0.0000000000000000     
  0.91136363636363638       -1.7941145838289629E-004   0.0000000000000000     
  0.91363636363636369       -1.5725560056611444E-004   0.0000000000000000     
  0.91590909090909101       -1.1030196724532547E-004   0.0000000000000000     
  0.91818181818181821       -4.5910861191649744E-005   0.0000000000000000     
  0.92000000000000004        1.1343142874069969E-005   0.0000000000000000     
  0.92181818181818187        6.7443486544436072E-005   0.0000000000000000     
  0.92363636363636359        1.1670328482278044E-004   0.0000000000000000     
  0.92545454545454542        1.5412626673300995E-004   0.0000000000000000     
  0.92727272727272725        1.7590979382794571E-004   0.0000000000000000     
  0.92954545454545456        1.7794194859878766E-004   0.0000000000000000     
  0.93181818181818188        1.5192940055925883E-004   0.0000000000000000     
  0.93409090909090908        1.0195897023150634E-004   0.0000000000000000     
  0.93636363636363640        3.5864456204391593E-005   0.0000000000000000     
  0.93863636363636371       -3.5896405500381520E-005   0.0000000000000000     
  0.94090909090909092       -1.0193962031103024E-004   0.0000000000000000     
  0.94318181818181812       -1.5190788573776903E-004   0.0000000000000000     
  0.94545454545454544       -1.7795799807635783E-004   0.0000000000000000     
  0.94772727272727275       -1.7589191973930605E-004   0.0000000000000000     
  0.94999999999999996       -1.4610767103929336E-004   0.0000000000000000     
  0.95227272727272727       -9.3283573756447499E-005   0.0000000000000000     
  0.95454545454545459       -2.5701348596632575E-005   0.0000000000000000     
  0.95681818181818179        4.5941520229525656E-005   0.0000000000000000     
  0.95909090909090911        1.1028376892554861E-004   0.0000000000000000     
  0.96136363636363642        1.5723527202201015E-004   0.0000000000000000     
  0.96363636363636362        1.7942579145611881E-004   0.0000000000000000     
  0.96590909090909094        1.7326821853562947E-004   0.0000000000000000     
  0.96818181818181825        1.3980941064585702E-004   0.0000000000000000     
  0.97045454545454546        8.4303932455868997E-005   0.0000000000000000     
  0.97272727272727277        1.5454415916522551E-005   0.0000000000000000     
  0.97500000000000009       -5.5836796468958452E-005   0.0000000000000000     
  0.97727272727272729       -1.1826822649604383E-004   0.0000000000000000     
  0.97954545454545450       -1.6204983470852915E-004   0.0000000000000000     
  0.98181818181818181       -1.8030838675204479E-004   0.0000000000000000     
  0.98409090909090913       -1.7007940220188398E-004   0.0000000000000000     
  0.98636363636363633       -1.3305516118558626E-004   0.0000000000000000     
  0.98863636363636365       -7.5049333473159980E-005   0.0000000000000000     
  0.99090909090909096       -5.1570785843943815E-006   0.0000000000000000     
  0.99318181818181817        6.5549960727523325E-005   0.0000000000000000     
  0.99545454545454548        1.2586695167565918E-004   0.0000000000000000     
  0.99772727272727280        1.6633587107791416E-004   0.0000000000000000     
   1.0000000000000000        1.8060290537532287E-004   0.0000000000000000     
