X My_beautiful_solution_real My_beautiful_solution_imag
   0.0000000000000000        5.4800409374680908E-028   0.0000000000000000     
   1.1363636363636365E-003   5.4587213654157283E-006   0.0000000000000000     
   2.2727272727272731E-003   9.4129681430900418E-006   0.0000000000000000     
   3.4090909090909094E-003   1.1705223382656130E-005   0.0000000000000000     
   4.5454545454545461E-003   1.2244175383293607E-005   0.0000000000000000     
   5.6818181818181828E-003   1.1008355071108949E-005   0.0000000000000000     
   6.8181818181818187E-003   8.0469911653984869E-006   0.0000000000000000     
   7.9545454545454555E-003   3.4780492712484840E-006   0.0000000000000000     
   9.0909090909090922E-003  -2.5164673953866908E-006   0.0000000000000000     
   1.0101010101010102E-002  -8.8497793525937955E-006   0.0000000000000000     
   1.1111111111111113E-002  -1.5921976106969987E-005   0.0000000000000000     
   1.2121212121212123E-002  -2.3510308259439134E-005   0.0000000000000000     
   1.3131313131313133E-002  -3.1375769953268660E-005   0.0000000000000000     
   1.4141414141414144E-002  -3.9270626724660330E-005   0.0000000000000000     
   1.5151515151515154E-002  -4.6946218268264466E-005   0.0000000000000000     
   1.6161616161616162E-002  -5.4160790361962817E-005   0.0000000000000000     
   1.7171717171717171E-002  -6.0687109283301582E-005   0.0000000000000000     
   1.8181818181818184E-002  -6.6319618868744852E-005   0.0000000000000000     
   1.9191919191919194E-002  -7.0880914817895142E-005   0.0000000000000000     
   2.0202020202020204E-002  -7.4227332294531632E-005   0.0000000000000000     
   2.1212121212121213E-002  -7.6253470897702047E-005   0.0000000000000000     
   2.2222222222222223E-002  -7.6895514344024445E-005   0.0000000000000000     
   2.3232323232323233E-002  -7.6133240533104825E-005   0.0000000000000000     
   2.4242424242424242E-002  -7.3990658417109450E-005   0.0000000000000000     
   2.5252525252525252E-002  -7.0535251803239611E-005   0.0000000000000000     
   2.6262626262626262E-002  -6.5875853905661338E-005   0.0000000000000000     
   2.7272727272727271E-002  -6.0159219404815941E-005   0.0000000000000000     
   2.8282828282828281E-002  -5.3565402249990810E-005   0.0000000000000000     
   2.9292929292929294E-002  -4.6302084560735142E-005   0.0000000000000000     
   3.0303030303030304E-002  -3.8598035374531590E-005   0.0000000000000000     
   3.1313131313131314E-002  -3.0695905230172204E-005   0.0000000000000000     
   3.2323232323232323E-002  -2.2844583518107199E-005   0.0000000000000000     
   3.3333333333333340E-002  -1.5291359341971106E-005   0.0000000000000000     
   3.4343434343434343E-002  -8.2741327818298504E-006   0.0000000000000000     
   3.5353535353535359E-002  -2.0139218665536722E-006   0.0000000000000000     
   3.6363636363636369E-002   3.2920987085393154E-006   0.0000000000000000     
   3.7373737373737378E-002   7.4768079024945319E-006   0.0000000000000000     
   3.8383838383838388E-002   1.0408402041400767E-005   0.0000000000000000     
   3.9393939393939398E-002   1.1994546204814448E-005   0.0000000000000000     
   4.0404040404040407E-002   1.2185282391575374E-005   0.0000000000000000     
   4.1414141414141424E-002   1.0974603097441023E-005   0.0000000000000000     
   4.2424242424242434E-002   8.4006404749858326E-006   0.0000000000000000     
   4.3434343434343443E-002   4.5444653049514541E-006   0.0000000000000000     
   4.4444444444444453E-002  -4.7246639437861784E-007   0.0000000000000000     
   4.5454545454545463E-002  -6.4921388813335031E-006   0.0000000000000000     
   4.6464646464646472E-002  -1.3324953572757470E-005   0.0000000000000000     
   4.7474747474747482E-002  -2.0755700764287381E-005   0.0000000000000000     
   4.8484848484848492E-002  -2.8550337977084070E-005   0.0000000000000000     
   4.9494949494949494E-002  -3.6463361465918117E-005   0.0000000000000000     
   5.0505050505050511E-002  -4.4245538739146726E-005   0.0000000000000000     
   5.1515151515151514E-002  -5.1651758500506975E-005   0.0000000000000000     
   5.2525252525252523E-002  -5.8448750792598461E-005   0.0000000000000000     
   5.3535353535353533E-002  -6.4422434195005512E-005   0.0000000000000000     
   5.4545454545454543E-002  -6.9384658623500680E-005   0.0000000000000000     
   5.5555555555555552E-002  -7.3179131410671473E-005   0.0000000000000000     
   5.6565656565656562E-002  -7.5686339961104806E-005   0.0000000000000000     
   5.7575757575757579E-002  -7.6827316012184426E-005   0.0000000000000000     
   5.8585858585858588E-002  -7.6566122797587621E-005   0.0000000000000000     
   5.9595959595959598E-002  -7.4910987004453536E-005   0.0000000000000000     
   6.0606060606060608E-002  -7.1914039606608970E-005   0.0000000000000000     
   6.1616161616161617E-002  -6.7669673922299969E-005   0.0000000000000000     
   6.2626262626262627E-002  -6.2311572609640713E-005   0.0000000000000000     
   6.3636363636363644E-002  -5.6008497057026164E-005   0.0000000000000000     
   6.4646464646464660E-002  -4.8958972050310687E-005   0.0000000000000000     
   6.5656565656565663E-002  -4.1385032909347601E-005   0.0000000000000000     
   6.6666666666666680E-002  -3.3525232156412890E-005   0.0000000000000000     
   6.7676767676767682E-002  -2.5627125960984861E-005   0.0000000000000000     
   6.8686868686868699E-002  -1.7939476971314616E-005   0.0000000000000000     
   6.9696969696969702E-002  -1.0704419174192137E-005   0.0000000000000000     
   7.0707070707070718E-002  -4.1498315262369760E-006   0.0000000000000000     
   7.1717171717171721E-002   1.5178394496859768E-006   0.0000000000000000     
   7.2727272727272738E-002   6.1200819869072169E-006   0.0000000000000000     
   7.3737373737373754E-002   9.5119415857515977E-006   0.0000000000000000     
   7.4747474747474757E-002   1.1586586554549540E-005   0.0000000000000000     
   7.5757575757575774E-002   1.2278672866570863E-005   0.0000000000000000     
   7.6767676767676776E-002   1.1566402208592741E-005   0.0000000000000000     
   7.7777777777777793E-002   9.4722086253923948E-006   0.0000000000000000     
   7.8787878787878796E-002   6.0620518716479645E-006   0.0000000000000000     
   7.9797979797979812E-002   1.4433399117254281E-006   0.0000000000000000     
   8.0808080808080815E-002  -4.2384540014746947E-006   0.0000000000000000     
   8.1818181818181832E-002  -1.0804373297404830E-005   0.0000000000000000     
   8.2828282828282848E-002  -1.8047614534099672E-005   0.0000000000000000     
   8.3838383838383851E-002  -2.5740041009278534E-005   0.0000000000000000     
   8.4848484848484867E-002  -3.3639368265972656E-005   0.0000000000000000     
   8.5858585858585870E-002  -4.1496795187224536E-005   0.0000000000000000     
   8.6868686868686887E-002  -4.9064840380227372E-005   0.0000000000000000     
   8.7878787878787890E-002  -5.6105136958401047E-005   0.0000000000000000     
   8.8888888888888906E-002  -6.2395940259698173E-005   0.0000000000000000     
   8.9898989898989909E-002  -6.7739112044451838E-005   0.0000000000000000     
   9.0909090909090925E-002  -7.1966361131829270E-005   0.0000000000000000     
   9.1919191919191928E-002  -7.4944544001341538E-005   0.0000000000000000     
   9.2929292929292945E-002  -7.6579858327835510E-005   0.0000000000000000     
   9.3939393939393948E-002  -7.6820797459100450E-005   0.0000000000000000     
   9.4949494949494964E-002  -7.5659772636580246E-005   0.0000000000000000     
   9.5959595959595967E-002  -7.3133352087499136E-005   0.0000000000000000     
   9.6969696969696983E-002  -6.9321109200376656E-005   0.0000000000000000     
   9.7979797979797986E-002  -6.4343116243244201E-005   0.0000000000000000     
   9.8989898989898989E-002  -5.8356162560274393E-005   0.0000000000000000     
  0.10000000000000001       -5.1548816185030750E-005   0.0000000000000000     
  0.10101010101010101       -4.4135484665746484E-005   0.0000000000000000     
  0.10202020202020202       -3.6349661952625669E-005   0.0000000000000000     
  0.10303030303030303       -2.8436574155790454E-005   0.0000000000000000     
  0.10404040404040404       -2.0645455802147805E-005   0.0000000000000000     
  0.10505050505050505       -1.3221699796196469E-005   0.0000000000000000     
  0.10606060606060606       -6.3991284210679133E-006   0.0000000000000000     
  0.10707070707070707       -3.9262875923988930E-007   0.0000000000000000     
  0.10808080808080808        4.6086155185729381E-006   0.0000000000000000     
  0.10909090909090909        8.4470827482269350E-006   0.0000000000000000     
  0.11010101010101010        1.1001874674908845E-005   0.0000000000000000     
  0.11111111111111110        1.2192524303669654E-005   0.0000000000000000     
  0.11212121212121212        1.1981530360811818E-005   0.0000000000000000     
  0.11313131313131314        1.0375538395399020E-005   0.0000000000000000     
  0.11414141414141414        7.4251315391459993E-006   0.0000000000000000     
  0.11515151515151516        3.2232372625599673E-006   0.0000000000000000     
  0.11616161616161617       -2.0977995134435025E-006   0.0000000000000000     
  0.11717171717171718       -8.3703847676711760E-006   0.0000000000000000     
  0.11818181818181819       -1.5396954073274688E-005   0.0000000000000000     
  0.11919191919191921       -2.2956195128610256E-005   0.0000000000000000     
  0.12020202020202021       -3.0810018344283921E-005   0.0000000000000000     
  0.12121212121212123       -3.8711055833620404E-005   0.0000000000000000     
  0.12222222222222223       -4.6410452610985832E-005   0.0000000000000000     
  0.12323232323232325       -5.3665704680838586E-005   0.0000000000000000     
  0.12424242424242425       -6.0248297043183267E-005   0.0000000000000000     
  0.12525252525252525       -6.5950901112109969E-005   0.0000000000000000     
  0.12626262626262627       -7.0593904863667725E-005   0.0000000000000000     
  0.12727272727272729       -7.4031069953329231E-005   0.0000000000000000     
  0.12828282828282830       -7.6154137736935237E-005   0.0000000000000000     
  0.12929292929292932       -7.6896239016353032E-005   0.0000000000000000     
  0.13030303030303031       -7.6234000217758377E-005   0.0000000000000000     
  0.13131313131313133       -7.4188279521435012E-005   0.0000000000000000     
  0.13232323232323234       -7.0823509971926365E-005   0.0000000000000000     
  0.13333333333333336       -6.6245670011633672E-005   0.0000000000000000     
  0.13434343434343435       -6.0598945532733054E-005   0.0000000000000000     
  0.13535353535353536       -5.4061188576575887E-005   0.0000000000000000     
  0.13636363636363638       -4.6838315549198907E-005   0.0000000000000000     
  0.13737373737373740       -3.9157821630929063E-005   0.0000000000000000     
  0.13838383838383841       -3.1261615451597310E-005   0.0000000000000000     
  0.13939393939393940       -2.3398399811801364E-005   0.0000000000000000     
  0.14040404040404042       -1.5815838442663714E-005   0.0000000000000000     
  0.14141414141414144       -8.7527554331405235E-006   0.0000000000000000     
  0.14242424242424245       -2.4316131316588773E-006   0.0000000000000000     
  0.14343434343434344        2.9484946351927753E-006   0.0000000000000000     
  0.14444444444444446        7.2181133473167588E-006   0.0000000000000000     
  0.14545454545454548        1.0242764978885883E-005   0.0000000000000000     
  0.14646464646464649        1.1927183613590281E-005   0.0000000000000000     
  0.14747474747474748        1.2218315963539086E-005   0.0000000000000000     
  0.14848484848484850        1.1106992394520822E-005   0.0000000000000000     
  0.14949494949494951        8.6282156829906725E-006   0.0000000000000000     
  0.15050505050505050        4.8600586191220517E-006   0.0000000000000000     
  0.15151515151515152       -7.8795062441207443E-008   0.0000000000000000     
  0.15252525252525254       -6.0327888026734157E-006   0.0000000000000000     
  0.15353535353535352       -1.2814392656456804E-005   0.0000000000000000     
  0.15454545454545454       -2.0210009895082412E-005   0.0000000000000000     
  0.15555555555555556       -2.7986704501533187E-005   0.0000000000000000     
  0.15656565656565657       -3.5899537861210739E-005   0.0000000000000000     
  0.15757575757575759       -4.3699283476436602E-005   0.0000000000000000     
  0.15858585858585861       -5.1140276698212826E-005   0.0000000000000000     
  0.15959595959595960       -5.7988152338706924E-005   0.0000000000000000     
  0.16060606060606061       -6.4027226327001806E-005   0.0000000000000000     
  0.16161616161616163       -6.9067288998510732E-005   0.0000000000000000     
  0.16262626262626265       -7.2949596062412057E-005   0.0000000000000000     
  0.16363636363636366       -7.5551868450947273E-005   0.0000000000000000     
  0.16464646464646468       -7.6792143713273913E-005   0.0000000000000000     
  0.16565656565656567       -7.6631357520540712E-005   0.0000000000000000     
  0.16666666666666669       -7.5074574087589878E-005   0.0000000000000000     
  0.16767676767676770       -7.2170826615266520E-005   0.0000000000000000     
  0.16868686868686869       -6.8011572982160155E-005   0.0000000000000000     
  0.16969696969696971       -6.2727815093483605E-005   0.0000000000000000     
  0.17070707070707072       -5.6485972781949346E-005   0.0000000000000000     
  0.17171717171717171       -4.9482642212738946E-005   0.0000000000000000     
  0.17272727272727273       -4.1938403729101227E-005   0.0000000000000000     
  0.17373737373737375       -3.4090874395872128E-005   0.0000000000000000     
  0.17474747474747476       -2.6187223873567818E-005   0.0000000000000000     
  0.17575757575757578       -1.8476389431914227E-005   0.0000000000000000     
  0.17676767676767680       -1.1201235330761497E-005   0.0000000000000000     
  0.17777777777777778       -4.5909034062890926E-006   0.0000000000000000     
  0.17878787878787880        1.1464040647045278E-006   0.0000000000000000     
  0.17979797979797982        5.8299820040246085E-006   0.0000000000000000     
  0.18080808080808083        9.3123141410070593E-006   0.0000000000000000     
  0.18181818181818185        1.1483719214865267E-005   0.0000000000000000     
  0.18282828282828287        1.2275805584702470E-005   0.0000000000000000     
  0.18383838383838386        1.1663625300428166E-005   0.0000000000000000     
  0.18484848484848487        9.6664599075220053E-006   0.0000000000000000     
  0.18585858585858589        6.3472130951096829E-006   0.0000000000000000     
  0.18686868686868688        1.8104295136064547E-006   0.0000000000000000     
  0.18787878787878790       -3.8009980621915972E-006   0.0000000000000000     
  0.18888888888888891       -1.0310329352788773E-005   0.0000000000000000     
  0.18989898989898990       -1.7512543228767536E-005   0.0000000000000000     
  0.19090909090909092       -2.5180795219570816E-005   0.0000000000000000     
  0.19191919191919193       -3.3073562270020088E-005   0.0000000000000000     
  0.19292929292929295       -4.0942249889739003E-005   0.0000000000000000     
  0.19393939393939394       -4.8539022018585974E-005   0.0000000000000000     
  0.19494949494949496       -5.5624606958594646E-005   0.0000000000000000     
  0.19595959595959597       -6.1975833638280397E-005   0.0000000000000000     
  0.19696969696969699       -6.7392660687514797E-005   0.0000000000000000     
  0.19797979797979798       -7.1704477036900219E-005   0.0000000000000000     
  0.19898989898989899       -7.4775475603343602E-005   0.0000000000000000     
  0.20000000000000001       -7.6508930690505356E-005   0.0000000000000000     
  0.20101010101010103       -7.6850244546751716E-005   0.0000000000000000     
  0.20202020202020204       -7.5788666975780609E-005   0.0000000000000000     
  0.20303030303030303       -7.3357633961315474E-005   0.0000000000000000     
  0.20404040404040405       -6.9633714502003233E-005   0.0000000000000000     
  0.20505050505050507       -6.4734199017165182E-005   0.0000000000000000     
  0.20606060606060608       -5.8813405064649880E-005   0.0000000000000000     
  0.20707070707070707       -5.2057816880680462E-005   0.0000000000000000     
  0.20808080808080809       -4.4680211822600224E-005   0.0000000000000000     
  0.20909090909090911       -3.6912958568761762E-005   0.0000000000000000     
  0.21010101010101012       -2.9000698366681369E-005   0.0000000000000000     
  0.21111111111111114       -2.1192639673038669E-005   0.0000000000000000     
  0.21212121212121213       -1.3734708948676119E-005   0.0000000000000000     
  0.21313131313131314       -6.8618048751309294E-006   0.0000000000000000     
  0.21414141414141416       -7.9039982154426914E-007   0.0000000000000000     
  0.21515151515151518        4.2882782419960373E-006   0.0000000000000000     
  0.21616161616161617        8.2142687527359924E-006   0.0000000000000000     
  0.21717171717171718        1.0863916789630641E-005   0.0000000000000000     
  0.21818181818181820        1.2153767719904163E-005   0.0000000000000000     
  0.21931818181818183        1.1930597675118911E-005   0.0000000000000000     
  0.22045454545454546        9.9451467646697774E-006   0.0000000000000000     
  0.22159090909090909        6.2765048570345514E-006   0.0000000000000000     
  0.22272727272727272        1.0708121998090284E-006   0.0000000000000000     
  0.22386363636363638       -5.4645632162244143E-006   0.0000000000000000     
  0.22500000000000001       -1.3069285683798849E-005   0.0000000000000000     
  0.22613636363636364       -2.1440421645290187E-005   0.0000000000000000     
  0.22727272727272727       -3.0244508258198360E-005   0.0000000000000000     
  0.22828282828282828       -3.8150453463711939E-005   0.0000000000000000     
  0.22929292929292930       -4.5872414966742667E-005   0.0000000000000000     
  0.23030303030303031       -5.3167178066745899E-005   0.0000000000000000     
  0.23131313131313133       -5.9804983289288349E-005   0.0000000000000000     
  0.23232323232323232       -6.5576763055446300E-005   0.0000000000000000     
  0.23333333333333334       -7.0300726541064020E-005   0.0000000000000000     
  0.23434343434343435       -7.3828085448138608E-005   0.0000000000000000     
  0.23535353535353537       -7.6047740354323555E-005   0.0000000000000000     
  0.23636363636363639       -7.6889779902072707E-005   0.0000000000000000     
  0.23750000000000002       -7.6159093022886527E-005   0.0000000000000000     
  0.23863636363636365       -7.3681645212292883E-005   0.0000000000000000     
  0.23977272727272730       -6.9556124954131158E-005   0.0000000000000000     
  0.24090909090909093       -6.3946872212229729E-005   0.0000000000000000     
  0.24204545454545456       -5.7077330733287636E-005   0.0000000000000000     
  0.24318181818181822       -4.9221147679871108E-005   0.0000000000000000     
  0.24431818181818185       -4.0691273533139099E-005   0.0000000000000000     
  0.24545454545454548       -3.1827494431273483E-005   0.0000000000000000     
  0.24646464646464650       -2.3953651772318414E-005   0.0000000000000000     
  0.24747474747474751       -1.6342974893295615E-005   0.0000000000000000     
  0.24848484848484850       -9.2351734186511117E-006   0.0000000000000000     
  0.24949494949494952       -2.8541181880643824E-006   0.0000000000000000     
  0.25050505050505051        2.5992099447453997E-006   0.0000000000000000     
  0.25151515151515152        6.9530502654369969E-006   0.0000000000000000     
  0.25252525252525254        1.0070272057260868E-005   0.0000000000000000     
  0.25353535353535356        1.1852693779792438E-005   0.0000000000000000     
  0.25454545454545457        1.2244175387032322E-005   0.0000000000000000     
  0.25568181818181823        1.1008355022170223E-005   0.0000000000000000     
  0.25681818181818183        8.0469912312472026E-006   0.0000000000000000     
  0.25795454545454549        3.4780492121422666E-006   0.0000000000000000     
  0.25909090909090915       -2.5164673978871215E-006   0.0000000000000000     
  0.26022727272727275       -9.6977679232835565E-006   0.0000000000000000     
  0.26136363636363641       -1.7779786326347328E-005   0.0000000000000000     
  0.26250000000000001       -2.6440575981806779E-005   0.0000000000000000     
  0.26363636363636367       -3.5335135767556126E-005   0.0000000000000000     
  0.26464646464646469       -4.3151193041795135E-005   0.0000000000000000     
  0.26565656565656570       -5.0625760850727268E-005   0.0000000000000000     
  0.26666666666666672       -5.7523416528975792E-005   0.0000000000000000     
  0.26767676767676774       -6.3626908091761513E-005   0.0000000000000000     
  0.26868686868686870       -6.8743996968340256E-005   0.0000000000000000     
  0.26969696969696971       -7.2713512801935118E-005   0.0000000000000000     
  0.27070707070707073       -7.5410429748945005E-005   0.0000000000000000     
  0.27171717171717175       -7.6749804398644584E-005   0.0000000000000000     
  0.27272727272727276       -7.6689451133742786E-005   0.0000000000000000     
  0.27373737373737378       -7.5231270876939706E-005   0.0000000000000000     
  0.27474747474747480       -7.2421191187752767E-005   0.0000000000000000     
  0.27575757575757581       -6.8347719733208648E-005   0.0000000000000000     
  0.27676767676767683       -6.3139156567324989E-005   0.0000000000000000     
  0.27777777777777779       -5.6959553177882469E-005   0.0000000000000000     
  0.27878787878787881       -5.0003545403155129E-005   0.0000000000000000     
  0.27979797979797982       -4.2490223087773374E-005   0.0000000000000000     
  0.28080808080808084       -3.4656229553802177E-005   0.0000000000000000     
  0.28181818181818186       -2.6748308118883698E-005   0.0000000000000000     
  0.28282828282828287       -1.9015530583603935E-005   0.0000000000000000     
  0.28383838383838389       -1.1701452331349303E-005   0.0000000000000000     
  0.28484848484848491       -5.0364411686260827E-006   0.0000000000000000     
  0.28585858585858592        7.6957840550528588E-007   0.0000000000000000     
  0.28686868686868688        5.5337371455363629E-006   0.0000000000000000     
  0.28787878787878790        9.1059807564583513E-006   0.0000000000000000     
  0.28888888888888892        1.1373796076133344E-005   0.0000000000000000     
  0.28989898989898993        1.2265754891285755E-005   0.0000000000000000     
  0.29090909090909095        1.1753763614047748E-005   0.0000000000000000     
  0.29191919191919197        9.8539481810970945E-006   0.0000000000000000     
  0.29292929292929298        6.6261461117492574E-006   0.0000000000000000     
  0.29393939393939400        2.1720218625985470E-006   0.0000000000000000     
  0.29494949494949502       -3.3681352830213416E-006   0.0000000000000000     
  0.29595959595959598       -9.8198297904029940E-006   0.0000000000000000     
  0.29696969696969699       -1.6979855905132167E-005   0.0000000000000000     
  0.29797979797979801       -2.4622697919432630E-005   0.0000000000000000     
  0.29898989898989903       -3.2507633095866617E-005   0.0000000000000000     
  0.30000000000000004       -4.0386313632947618E-005   0.0000000000000000     
  0.30101010101010106       -4.8010588716223424E-005   0.0000000000000000     
  0.30202020202020208       -5.5140320408789206E-005   0.0000000000000000     
  0.30303030303030304       -6.1550947174911805E-005   0.0000000000000000     
  0.30404040404040406       -6.7040556731332512E-005   0.0000000000000000     
  0.30505050505050507       -7.1436245639247426E-005   0.0000000000000000     
  0.30606060606060609       -7.4599565111336722E-005   0.0000000000000000     
  0.30707070707070705       -7.6430881661474607E-005   0.0000000000000000     
  0.30808080808080807       -7.6872515257820574E-005   0.0000000000000000     
  0.30909090909090908       -7.5910555977374257E-005   0.0000000000000000     
  0.31010101010101010       -7.3575302171337295E-005   0.0000000000000000     
  0.31111111111111112       -6.9940306141272853E-005   0.0000000000000000     
  0.31212121212121213       -6.5120057525016760E-005   0.0000000000000000     
  0.31313131313131315       -5.9266377240735413E-005   0.0000000000000000     
  0.31414141414141417       -5.2563635701897987E-005   0.0000000000000000     
  0.31515151515151518       -4.5222945764125396E-005   0.0000000000000000     
  0.31616161616161620       -3.7475513412975121E-005   0.0000000000000000     
  0.31717171717171722       -2.9565355613722171E-005   0.0000000000000000     
  0.31818181818181823       -2.1741614592788687E-005   0.0000000000000000     
  0.31919191919191925       -1.4250710762115605E-005   0.0000000000000000     
  0.32020202020202027       -7.3285813320883600E-006   0.0000000000000000     
  0.32121212121212128       -1.1932490946136083E-006   0.0000000000000000     
  0.32222222222222230        3.9620444787510202E-006   0.0000000000000000     
  0.32323232323232326        7.9749257309855987E-006   0.0000000000000000     
  0.32424242424242428        1.0719002973627179E-005   0.0000000000000000     
  0.32525252525252529        1.2107847380284681E-005   0.0000000000000000     
  0.32626262626262631        1.2097715240827348E-005   0.0000000000000000     
  0.32727272727272733        1.0688925668399960E-005   0.0000000000000000     
  0.32828282828282834        7.9258506018042388E-006   0.0000000000000000     
  0.32929292929292936        3.8955172125309088E-006   0.0000000000000000     
  0.33030303030303038       -1.2751331217445484E-006   0.0000000000000000     
  0.33131313131313139       -7.4232430563007033E-006   0.0000000000000000     
  0.33232323232323235       -1.4355168676873551E-005   0.0000000000000000     
  0.33333333333333337       -2.1852578632891473E-005   0.0000000000000000     
  0.33434343434343439       -2.9679330806884210E-005   0.0000000000000000     
  0.33535353535353540       -3.7588909938359152E-005   0.0000000000000000     
  0.33636363636363642       -4.5332192026116659E-005   0.0000000000000000     
  0.33737373737373744       -5.2665290832892713E-005   0.0000000000000000     
  0.33838383838383845       -5.9357239452960689E-005   0.0000000000000000     
  0.33939393939393947       -6.5197264983271415E-005   0.0000000000000000     
  0.34040404040404049       -7.0001427077483278E-005   0.0000000000000000     
  0.34141414141414145       -7.3618411489479425E-005   0.0000000000000000     
  0.34242424242424246       -7.5934295893070525E-005   0.0000000000000000     
  0.34343434343434348       -7.6876138034467591E-005   0.0000000000000000     
  0.34444444444444450       -7.6414273208139940E-005   0.0000000000000000     
  0.34545454545454551       -7.4563248522496728E-005   0.0000000000000000     
  0.34646464646464653       -7.1381364771897990E-005   0.0000000000000000     
  0.34747474747474755       -6.6968840133217850E-005   0.0000000000000000     
  0.34848484848484851       -6.1464653667582525E-005   0.0000000000000000     
  0.34949494949494953       -5.5042167939459349E-005   0.0000000000000000     
  0.35050505050505054       -4.7903668737708227E-005   0.0000000000000000     
  0.35151515151515156       -4.0273993756367647E-005   0.0000000000000000     
  0.35252525252525252       -3.2393450998316498E-005   0.0000000000000000     
  0.35353535353535354       -2.4510249937722724E-005   0.0000000000000000     
  0.35454545454545455       -1.6872683759852412E-005   0.0000000000000000     
  0.35555555555555557       -9.7213090210795728E-006   0.0000000000000000     
  0.35656565656565659       -3.2813689564327585E-006   0.0000000000000000     
  0.35757575757575760        2.2443009172963985E-006   0.0000000000000000     
  0.35858585858585862        6.6816613541601131E-006   0.0000000000000000     
  0.35959595959595964        9.8909510745645627E-006   0.0000000000000000     
  0.36060606060606065        1.1771088705542618E-005   0.0000000000000000     
  0.36161616161616167        1.2262856488378025E-005   0.0000000000000000     
  0.36262626262626269        1.1350765482243896E-005   0.0000000000000000     
  0.36363636363636370        9.0635433411696312E-006   0.0000000000000000     
  0.36464646464646472        5.4732295500005957E-006   0.0000000000000000     
  0.36565656565656574        6.9290640013165994E-007   0.0000000000000000     
  0.36666666666666670       -5.1268626846704246E-006   0.0000000000000000     
  0.36767676767676771       -1.1802775392843598E-005   0.0000000000000000     
  0.36868686868686873       -1.9124563875129815E-005   0.0000000000000000     
  0.36969696969696975       -2.6861617467849111E-005   0.0000000000000000     
  0.37070707070707071       -3.4770246117471022E-005   0.0000000000000000     
  0.37171717171717172       -4.2601355743865526E-005   0.0000000000000000     
  0.37272727272727274       -5.0108293858461858E-005   0.0000000000000000     
  0.37373737373737376       -5.7054618231262793E-005   0.0000000000000000     
  0.37474747474747477       -6.3221543994553773E-005   0.0000000000000000     
  0.37575757575757579       -6.8414834625096506E-005   0.0000000000000000     
  0.37676767676767681       -7.2470919657182428E-005   0.0000000000000000     
  0.37777777777777782       -7.5262046649985130E-005   0.0000000000000000     
  0.37878787878787884       -7.6700304890188665E-005   0.0000000000000000     
  0.37979797979797986       -7.6740394270169871E-005   0.0000000000000000     
  0.38080808080808087       -7.5381052135511012E-005   0.0000000000000000     
  0.38181818181818189       -7.2665092982225621E-005   0.0000000000000000     
  0.38282828282828291       -6.8678060007818181E-005   0.0000000000000000     
  0.38383838383838392       -6.3545530767274237E-005   0.0000000000000000     
  0.38484848484848488       -5.7429161940407680E-005   0.0000000000000000     
  0.38585858585858590       -5.0521597691834874E-005   0.0000000000000000     
  0.38686868686868692       -4.3040402081192405E-005   0.0000000000000000     
  0.38787878787878793       -3.5221206537749726E-005   0.0000000000000000     
  0.38888888888888890       -2.7310288299385844E-005   0.0000000000000000     
  0.38989898989898991       -1.9556813559078037E-005   0.0000000000000000     
  0.39090909090909093       -1.2204989579551373E-005   0.0000000000000000     
  0.39191919191919194       -5.4863730390173081E-006   0.0000000000000000     
  0.39292929292929296        3.8742319288736839E-007   0.0000000000000000     
  0.39393939393939398        5.2313951456443592E-006   0.0000000000000000     
  0.39494949494949499        8.8929746666443181E-006   0.0000000000000000     
  0.39595959595959596        1.1256834855736702E-005   0.0000000000000000     
  0.39696969696969697        1.2248522405731475E-005   0.0000000000000000     
  0.39797979797979799        1.1836802619633724E-005   0.0000000000000000     
  0.39898989898989901        1.0034643247951168E-005   0.0000000000000000     
  0.40000000000000002        6.8988059766945378E-006   0.0000000000000000     
  0.40101010101010104        3.0368695995078674E-006   0.0000000000000000     
  0.40202020202020206       -9.2071752040057581E-007   0.0000000000000000     
  0.40303030303030307       -4.8493052691645766E-006   0.0000000000000000     
  0.40404040404040409       -8.6251569026939264E-006   0.0000000000000000     
  0.40505050505050505       -1.2129346337660110E-005   0.0000000000000000     
  0.40606060606060607       -1.5251503894139800E-005   0.0000000000000000     
  0.40707070707070708       -1.7893292552229481E-005   0.0000000000000000     
  0.40808080808080810       -1.9971505237421794E-005   0.0000000000000000     
  0.40909090909090912       -2.1420685533357120E-005   0.0000000000000000     
  0.41010101010101013       -2.2195189344399484E-005   0.0000000000000000     
  0.41111111111111115       -2.2270622512667420E-005   0.0000000000000000     
  0.41212121212121217       -2.1644609164796647E-005   0.0000000000000000     
  0.41313131313131318       -2.0336866516662449E-005   0.0000000000000000     
  0.41414141414141414       -1.8388583883829823E-005   0.0000000000000000     
  0.41515151515151516       -1.5861125337670099E-005   0.0000000000000000     
  0.41616161616161618       -1.2834096953004017E-005   0.0000000000000000     
  0.41717171717171719       -9.4028395195887657E-006   0.0000000000000000     
  0.41818181818181821       -5.6754256084418298E-006   0.0000000000000000     
  0.41919191919191923       -1.7692556909190665E-006   0.0000000000000000     
  0.42020202020202024        2.1926395757584296E-006   0.0000000000000000     
  0.42121212121212120        6.0854743866036190E-006   0.0000000000000000     
  0.42222222222222222        9.7866380891626278E-006   0.0000000000000000     
  0.42323232323232324        1.3179557008481694E-005   0.0000000000000000     
  0.42424242424242425        1.6157366095715251E-005   0.0000000000000000     
  0.42525252525252522        1.8626274801191890E-005   0.0000000000000000     
  0.42626262626262623        2.0508521163274460E-005   0.0000000000000000     
  0.42727272727272725        2.1744821017258133E-005   0.0000000000000000     
  0.42828282828282827        2.2296235255153358E-005   0.0000000000000000     
  0.42929292929292928        2.2145396258472225E-005   0.0000000000000000     
  0.43030303030303030        2.1297054933421533E-005   0.0000000000000000     
  0.43131313131313131        1.9777931047915248E-005   0.0000000000000000     
  0.43232323232323228        1.7635871685084722E-005   0.0000000000000000     
  0.43333333333333329        1.4938344203827070E-005   0.0000000000000000     
  0.43434343434343431        1.1770311254363825E-005   0.0000000000000000     
  0.43535353535353533        8.2315547755048215E-006   0.0000000000000000     
  0.43636363636363634        4.4335331815046961E-006   0.0000000000000000     
  0.43737373737373736        4.9587083801054617E-007   0.0000000000000000     
  0.43838383838383838       -3.4574096965652883E-006   0.0000000000000000     
  0.43939393939393939       -7.3017939514735574E-006   0.0000000000000000     
  0.44040404040404041       -1.0916197296359649E-005   0.0000000000000000     
  0.44141414141414137       -1.4186778703742360E-005   0.0000000000000000     
  0.44242424242424239       -1.7010526327431503E-005   0.0000000000000000     
  0.44343434343434340       -1.9298502013266288E-005   0.0000000000000000     
  0.44444444444444442       -2.0978642555835279E-005   0.0000000000000000     
  0.44545454545454544       -2.1998029414711303E-005   0.0000000000000000     
  0.44646464646464645       -2.2324555480828034E-005   0.0000000000000000     
  0.44747474747474747       -2.1947936324652738E-005   0.0000000000000000     
  0.44848484848484849       -2.0880034135494798E-005   0.0000000000000000     
  0.44949494949494950       -1.9154484078977515E-005   0.0000000000000000     
  0.45050505050505052       -1.6825634938558560E-005   0.0000000000000000     
  0.45151515151515154       -1.3966837296159579E-005   0.0000000000000000     
  0.45252525252525255       -1.0668133246897584E-005   0.0000000000000000     
  0.45353535353535357       -7.0334204106902510E-006   0.0000000000000000     
  0.45454545454545459       -3.1771794908490093E-006   0.0000000000000000     
  0.45555555555555560        7.7913144250415624E-007   0.0000000000000000     
  0.45656565656565662        4.7109024655726222E-006   0.0000000000000000     
  0.45757575757575758        8.4942965821681486E-006   0.0000000000000000     
  0.45858585858585860        1.2010150136932343E-005   0.0000000000000000     
  0.45959595959595961        1.5147726075625883E-005   0.0000000000000000     
  0.46060606060606063        1.7808201757944576E-005   0.0000000000000000     
  0.46161616161616159        1.9907781523011068E-005   0.0000000000000000     
  0.46262626262626261        2.1380335976837529E-005   0.0000000000000000     
  0.46363636363636362        2.2179484812554125E-005   0.0000000000000000     
  0.46464646464646464        2.2280057646733863E-005   0.0000000000000000     
  0.46565656565656566        2.1678886784470706E-005   0.0000000000000000     
  0.46666666666666667        2.0394907006180609E-005   0.0000000000000000     
  0.46767676767676769        1.8468559164277232E-005   0.0000000000000000     
  0.46868686868686871        1.5960516468109436E-005   0.0000000000000000     
  0.46969696969696972        1.2949773468271071E-005   0.0000000000000000     
  0.47070707070707074        9.5311580061757558E-006   0.0000000000000000     
  0.47171717171717176        5.8123444904085092E-006   0.0000000000000000     
  0.47272727272727277        1.9104625010783624E-006   0.0000000000000000     
  0.47373737373737379       -2.0515923581974180E-006   0.0000000000000000     
  0.47474747474747481       -5.9490292499089416E-006   0.0000000000000000     
  0.47575757575757577       -9.6590925829706142E-006   0.0000000000000000     
  0.47676767676767678       -1.3064928364095373E-005   0.0000000000000000     
  0.47777777777777780       -1.6059264713539866E-005   0.0000000000000000     
  0.47878787878787882       -1.8547790535798258E-005   0.0000000000000000     
  0.47979797979797978       -2.0452125987305336E-005   0.0000000000000000     
  0.48080808080808080       -2.1712291185834750E-005   0.0000000000000000     
  0.48181818181818181       -2.2288595340994700E-005   0.0000000000000000     
  0.48282828282828283       -2.2162886895556652E-005   0.0000000000000000     
  0.48383838383838385       -2.1339125221603587E-005   0.0000000000000000     
  0.48484848484848486       -1.9843255929340010E-005   0.0000000000000000     
  0.48585858585858588       -1.7722393648315043E-005   0.0000000000000000     
  0.48686868686868690       -1.5043338110370945E-005   0.0000000000000000     
  0.48787878787878791       -1.1890470170968901E-005   0.0000000000000000     
  0.48888888888888893       -8.3630941091106269E-006   0.0000000000000000     
  0.48989898989898994       -4.5723099105080580E-006   0.0000000000000000     
  0.49090909090909096       -6.3751397972316807E-007   0.0000000000000000     
  0.49191919191919198        3.3173614060463718E-006   0.0000000000000000     
  0.49292929292929299        7.1677515373512977E-006   0.0000000000000000     
  0.49393939393939396        1.0792382631431759E-005   0.0000000000000000     
  0.49494949494949497        1.4077091510509759E-005   0.0000000000000000     
  0.49595959595959599        1.6918421367912933E-005   0.0000000000000000     
  0.49696969696969701        1.9226880276124568E-005   0.0000000000000000     
  0.49797979797979797        2.0929759867649860E-005   0.0000000000000000     
  0.49898989898989898        2.1973425413932794E-005   0.0000000000000000     
  0.50000000000000000        2.2325005104168113E-005   0.0000000000000000     
  0.50101010101010102        2.1973425413932537E-005   0.0000000000000000     
  0.50202020202020203        2.0929759867649247E-005   0.0000000000000000     
  0.50303030303030305        1.9226880276123768E-005   0.0000000000000000     
  0.50404040404040407        1.6918421367911974E-005   0.0000000000000000     
  0.50505050505050497        1.4077091510508721E-005   0.0000000000000000     
  0.50606060606060599        1.0792382631430781E-005   0.0000000000000000     
  0.50707070707070701        7.1677515373501330E-006   0.0000000000000000     
  0.50808080808080802        3.3173614060449069E-006   0.0000000000000000     
  0.50909090909090904       -6.3751397972472036E-007   0.0000000000000000     
  0.51010101010101006       -4.5723099105095301E-006   0.0000000000000000     
  0.51111111111111107       -8.3630941091121414E-006   0.0000000000000000     
  0.51212121212121209       -1.1890470170970345E-005   0.0000000000000000     
  0.51313131313131310       -1.5043338110372135E-005   0.0000000000000000     
  0.51414141414141412       -1.7722393648316134E-005   0.0000000000000000     
  0.51515151515151514       -1.9843255929340908E-005   0.0000000000000000     
  0.51616161616161615       -2.1339125221604160E-005   0.0000000000000000     
  0.51717171717171717       -2.2162886895557028E-005   0.0000000000000000     
  0.51818181818181819       -2.2288595340994761E-005   0.0000000000000000     
  0.51919191919191920       -2.1712291185834550E-005   0.0000000000000000     
  0.52020202020202022       -2.0452125987304773E-005   0.0000000000000000     
  0.52121212121212124       -1.8547790535797492E-005   0.0000000000000000     
  0.52222222222222225       -1.6059264713538948E-005   0.0000000000000000     
  0.52323232323232316       -1.3064928364094371E-005   0.0000000000000000     
  0.52424242424242418       -9.6590925829696638E-006   0.0000000000000000     
  0.52525252525252519       -5.9490292499078006E-006   0.0000000000000000     
  0.52626262626262621       -2.0515923581959606E-006   0.0000000000000000     
  0.52727272727272723        1.9104625010799163E-006   0.0000000000000000     
  0.52828282828282824        5.8123444904099983E-006   0.0000000000000000     
  0.52929292929292926        9.5311580061772923E-006   0.0000000000000000     
  0.53030303030303028        1.2949773468272560E-005   0.0000000000000000     
  0.53131313131313129        1.5960516468110672E-005   0.0000000000000000     
  0.53232323232323231        1.8468559164278363E-005   0.0000000000000000     
  0.53333333333333333        2.0394907006181571E-005   0.0000000000000000     
  0.53434343434343434        2.1678886784471340E-005   0.0000000000000000     
  0.53535353535353536        2.2280057646734300E-005   0.0000000000000000     
  0.53636363636363638        2.2179484812554254E-005   0.0000000000000000     
  0.53737373737373739        2.1380335976837401E-005   0.0000000000000000     
  0.53838383838383841        1.9907781523010553E-005   0.0000000000000000     
  0.53939393939393943        1.7808201757943841E-005   0.0000000000000000     
  0.54040404040404044        1.5147726075625006E-005   0.0000000000000000     
  0.54141414141414135        1.2010150136931386E-005   0.0000000000000000     
  0.54242424242424236        8.4942965821672355E-006   0.0000000000000000     
  0.54343434343434338        4.7109024655715135E-006   0.0000000000000000     
  0.54444444444444440        7.7913144250271586E-007   0.0000000000000000     
  0.54545454545454541       -3.1771794908505559E-006   0.0000000000000000     
  0.54646464646464643       -7.0334204106917468E-006   0.0000000000000000     
  0.54747474747474745       -1.0668133246899131E-005   0.0000000000000000     
  0.54848484848484846       -1.3966837296161088E-005   0.0000000000000000     
  0.54949494949494948       -1.6825634938559831E-005   0.0000000000000000     
  0.55050505050505050       -1.9154484078978694E-005   0.0000000000000000     
  0.55151515151515151       -2.0880034135495808E-005   0.0000000000000000     
  0.55252525252525253       -2.1947936324653433E-005   0.0000000000000000     
  0.55353535353535355       -2.2324555480828529E-005   0.0000000000000000     
  0.55454545454545456       -2.1998029414711493E-005   0.0000000000000000     
  0.55555555555555558       -2.0978642555835201E-005   0.0000000000000000     
  0.55656565656565660       -1.9298502013265881E-005   0.0000000000000000     
  0.55757575757575761       -1.7010526327430967E-005   0.0000000000000000     
  0.55858585858585863       -1.4186778703741648E-005   0.0000000000000000     
  0.55959595959595954       -1.0916197296358714E-005   0.0000000000000000     
  0.56060606060606055       -7.3017939514726214E-006   0.0000000000000000     
  0.56161616161616157       -3.4574096965643104E-006   0.0000000000000000     
  0.56262626262626259        4.9587083801173403E-007   0.0000000000000000     
  0.56363636363636360        4.4335331815060166E-006   0.0000000000000000     
  0.56464646464646462        8.2315547755062293E-006   0.0000000000000000     
  0.56565656565656564        1.1770311254365307E-005   0.0000000000000000     
  0.56666666666666665        1.4938344203828397E-005   0.0000000000000000     
  0.56767676767676767        1.7635871685085841E-005   0.0000000000000000     
  0.56868686868686869        1.9777931047916404E-005   0.0000000000000000     
  0.56969696969696970        2.1297054933422580E-005   0.0000000000000000     
  0.57070707070707072        2.2145396258472906E-005   0.0000000000000000     
  0.57171717171717173        2.2296235255153836E-005   0.0000000000000000     
  0.57272727272727275        2.1744821017258310E-005   0.0000000000000000     
  0.57373737373737377        2.0508521163274375E-005   0.0000000000000000     
  0.57474747474747478        1.8626274801191362E-005   0.0000000000000000     
  0.57575757575757580        1.6157366095714553E-005   0.0000000000000000     
  0.57676767676767682        1.3179557008480739E-005   0.0000000000000000     
  0.57777777777777783        9.7866380891613081E-006   0.0000000000000000     
  0.57878787878787885        6.0854743866022290E-006   0.0000000000000000     
  0.57979797979797987        2.1926395757569121E-006   0.0000000000000000     
  0.58080808080808088       -1.7692556909209475E-006   0.0000000000000000     
  0.58181818181818190       -5.6754256084437864E-006   0.0000000000000000     
  0.58282828282828292       -9.4028395195907681E-006   0.0000000000000000     
  0.58383838383838393       -1.2834096953006005E-005   0.0000000000000000     
  0.58484848484848495       -1.5861125337671902E-005   0.0000000000000000     
  0.58585858585858597       -1.8388583883831290E-005   0.0000000000000000     
  0.58686868686868687       -2.0336866516663693E-005   0.0000000000000000     
  0.58787878787878789       -2.1644609164797633E-005   0.0000000000000000     
  0.58888888888888891       -2.2270622512668033E-005   0.0000000000000000     
  0.58989898989898992       -2.2195189344399802E-005   0.0000000000000000     
  0.59090909090909094       -2.1420685533357093E-005   0.0000000000000000     
  0.59191919191919196       -1.9971505237421462E-005   0.0000000000000000     
  0.59292929292929297       -1.7893292552228780E-005   0.0000000000000000     
  0.59393939393939399       -1.5251503894138958E-005   0.0000000000000000     
  0.59494949494949501       -1.2129346337659098E-005   0.0000000000000000     
  0.59595959595959591       -8.6251569026926880E-006   0.0000000000000000     
  0.59696969696969693       -4.8493052691633391E-006   0.0000000000000000     
  0.59797979797979794       -9.2071752039932728E-007   0.0000000000000000     
  0.59898989898989896        3.0368695995093040E-006   0.0000000000000000     
  0.59999999999999998        6.8988059766960692E-006   0.0000000000000000     
  0.60101010101010099        1.0543454155563148E-005   0.0000000000000000     
  0.60202020202020201        1.3856020494981503E-005   0.0000000000000000     
  0.60303030303030303        1.6732170777434154E-005   0.0000000000000000     
  0.60404040404040404        1.9081316344056100E-005   0.0000000000000000     
  0.60505050505050506        2.0829467353897407E-005   0.0000000000000000     
  0.60606060606060608        2.1921563179958396E-005   0.0000000000000000     
  0.60707070707070709        2.2323206625226392E-005   0.0000000000000000     
  0.60808080808080811        2.2021747339325015E-005   0.0000000000000000     
  0.60909090909090913        2.1026680225584368E-005   0.0000000000000000     
  0.61022727272727273        1.9117996444788257E-005   0.0000000000000000     
  0.61136363636363633        1.6447749701498554E-005   0.0000000000000000     
  0.61250000000000004        1.3122308722558887E-005   0.0000000000000000     
  0.61363636363636365        9.2741422848364157E-006   0.0000000000000000     
  0.61477272727272725        5.0565415250000969E-006   0.0000000000000000     
  0.61590909090909096        6.3751394142541404E-007   0.0000000000000000     
  0.61704545454545456       -3.8069087941730737E-006   0.0000000000000000     
  0.61818181818181817       -8.0996838737852766E-006   0.0000000000000000     
  0.61919191919191918       -1.1649678235561370E-005   0.0000000000000000     
  0.62020202020202020       -1.4832748578108046E-005   0.0000000000000000     
  0.62121212121212122       -1.7548639353940459E-005   0.0000000000000000     
  0.62222222222222223       -1.9711809516461790E-005   0.0000000000000000     
  0.62323232323232325       -2.1254126798074881E-005   0.0000000000000000     
  0.62424242424242427       -2.2127013612472796E-005   0.0000000000000000     
  0.62525252525252528       -2.2302977077702435E-005   0.0000000000000000     
  0.62626262626262630       -2.1776474971699493E-005   0.0000000000000000     
  0.62727272727272732       -2.0564090257358965E-005   0.0000000000000000     
  0.62840909090909092       -1.8428664285850079E-005   0.0000000000000000     
  0.62954545454545463       -1.5559134816426511E-005   0.0000000000000000     
  0.63068181818181823       -1.2069808973251986E-005   0.0000000000000000     
  0.63181818181818183       -8.0996838731043316E-006   0.0000000000000000     
  0.63295454545454544       -3.8069088578384599E-006   0.0000000000000000     
  0.63409090909090904        6.3751401893322507E-007   0.0000000000000000     
  0.63522727272727275        5.0565414614953188E-006   0.0000000000000000     
  0.63636363636363635        9.2741422856158876E-006   0.0000000000000000     
  0.63737373737373737        1.2717903486567272E-005   0.0000000000000000     
  0.63838383838383839        1.5761095318393285E-005   0.0000000000000000     
  0.63939393939393940        1.8307867916398767E-005   0.0000000000000000     
  0.64040404040404042        2.0278006863369182E-005   0.0000000000000000     
  0.64141414141414144        2.1609459698355556E-005   0.0000000000000000     
  0.64242424242424245        2.2260290325733340E-005   0.0000000000000000     
  0.64343434343434347        2.2209999854675458E-005   0.0000000000000000     
  0.64444444444444449        2.1460172269006065E-005   0.0000000000000000     
  0.64545454545454550        2.0034424501006925E-005   0.0000000000000000     
  0.64659090909090911        1.7679221654451193E-005   0.0000000000000000     
  0.64772727272727271        1.4619769267584801E-005   0.0000000000000000     
  0.64886363636363642        1.0977940015811545E-005   0.0000000000000000     
  0.65000000000000002        6.8988059761158703E-006   0.0000000000000000     
  0.65113636363636362        2.5448588452572054E-006   0.0000000000000000     
  0.65227272727272734       -1.9104625410708375E-006   0.0000000000000000     
  0.65340909090909094       -6.2896807415837874E-006   0.0000000000000000     
  0.65454545454545454       -1.0418350372962354E-005   0.0000000000000000     
  0.65568181818181814       -1.4132006270760134E-005   0.0000000000000000     
  0.65681818181818186       -1.7282715396664707E-005   0.0000000000000000     
  0.65795454545454546       -1.9744969711133426E-005   0.0000000000000000     
  0.65909090909090917       -2.1420685531560170E-005   0.0000000000000000     
  0.66022727272727277       -2.2243110967224793E-005   0.0000000000000000     
  0.66136363636363638       -2.2179484823970123E-005   0.0000000000000000     
  0.66250000000000009       -2.1232341572622718E-005   0.0000000000000000     
  0.66363636363636369       -1.9439410616133331E-005   0.0000000000000000     
  0.66477272727272729       -1.6872113076681950E-005   0.0000000000000000     
  0.66590909090909101       -1.3632717070144569E-005   0.0000000000000000     
  0.66704545454545461       -9.8502632998293701E-006   0.0000000000000000     
  0.66818181818181821       -5.6754256079658811E-006   0.0000000000000000     
  0.66931818181818181       -1.2745080320774709E-006   0.0000000000000000     
  0.67045454545454541        3.1771795314934164E-006   0.0000000000000000     
  0.67159090909090913        7.5023043904176213E-006   0.0000000000000000     
  0.67272727272727273        1.1528575966870003E-005   0.0000000000000000     
  0.67386363636363633        1.5095608106789576E-005   0.0000000000000000     
  0.67500000000000004        1.8061308518887055E-005   0.0000000000000000     
  0.67613636363636365        2.0307538949375858E-005   0.0000000000000000     
  0.67727272727272725        2.1744821015433912E-005   0.0000000000000000     
  0.67840909090909096        2.2315900799426664E-005   0.0000000000000000     
  0.67954545454545456        2.1998029423806072E-005   0.0000000000000000     
  0.68068181818181828        2.0803869202137638E-005   0.0000000000000000     
  0.68181818181818188        1.8780989414355496E-005   0.0000000000000000     
  0.68295454545454548        1.6009971172963547E-005   0.0000000000000000     
  0.68409090909090908        1.2601197783212707E-005   0.0000000000000000     
  0.68522727272727280        8.6904570723627497E-006   0.0000000000000000     
  0.68636363636363640        4.4335331811328249E-006   0.0000000000000000     
  0.68750000000000000        3.8606523114073339E-014   0.0000000000000000     
  0.68863636363636371       -4.4335332226681934E-006   0.0000000000000000     
  0.68977272727272732       -8.6904570817008458E-006   0.0000000000000000     
  0.69090909090909092       -1.2601197742214339E-005   0.0000000000000000     
  0.69204545454545452       -1.6009971206831031E-005   0.0000000000000000     
  0.69318181818181812       -1.8780989406804678E-005   0.0000000000000000     
  0.69431818181818183       -2.0803869216533508E-005   0.0000000000000000     
  0.69545454545454544       -2.1998029412865882E-005   0.0000000000000000     
  0.69659090909090904       -2.2315900801631623E-005   0.0000000000000000     
  0.69772727272727275       -2.1744821024002064E-005   0.0000000000000000     
  0.69886363636363635       -2.0307538934446834E-005   0.0000000000000000     
  0.69999999999999996       -1.8061308528779570E-005   0.0000000000000000     
  0.70101010101010097       -1.5457212386968799E-005   0.0000000000000000     
  0.70202020202020199       -1.2366268252936155E-005   0.0000000000000000     
  0.70303030303030301       -8.8858300301023796E-006   0.0000000000000000     
  0.70404040404040402       -5.1255193171969766E-006   0.0000000000000000     
  0.70505050505050504       -1.2037727182440729E-006   0.0000000000000000     
  0.70606060606060606        2.7558885003115975E-006   0.0000000000000000     
  0.70707070707070707        6.6287488949264849E-006   0.0000000000000000     
  0.70808080808080809        1.0292826941320500E-005   0.0000000000000000     
  0.70909090909090911        1.3632717029711221E-005   0.0000000000000000     
  0.71022727272727271        1.6872113108504740E-005   0.0000000000000000     
  0.71136363636363642        1.9439410610948639E-005   0.0000000000000000     
  0.71250000000000002        2.1232341586438262E-005   0.0000000000000000     
  0.71363636363636362        2.2179484810693353E-005   0.0000000000000000     
  0.71477272727272734        2.2243110973832151E-005   0.0000000000000000     
  0.71590909090909094        2.1420685537727945E-005   0.0000000000000000     
  0.71704545454545465        1.9744969695719585E-005   0.0000000000000000     
  0.71818181818181825        1.7282715408866274E-005   0.0000000000000000     
  0.71919191919191927        1.4512394078257955E-005   0.0000000000000000     
  0.72020202020202029        1.1284983219452587E-005   0.0000000000000000     
  0.72121212121212130        7.7021349587485293E-006   0.0000000000000000     
  0.72222222222222232        3.8766964526021717E-006   0.0000000000000000     
  0.72323232323232323       -7.0844398315581749E-008   0.0000000000000000     
  0.72424242424242424       -4.0161538990698331E-006   0.0000000000000000     
  0.72525252525252526       -7.8349686344218968E-006   0.0000000000000000     
  0.72626262626262628       -1.1407009329475582E-005   0.0000000000000000     
  0.72727272727272729       -1.4619769227848260E-005   0.0000000000000000     
  0.72840909090909089       -1.7679221684125444E-005   0.0000000000000000     
  0.72954545454545450       -2.0034424498205289E-005   0.0000000000000000     
  0.73068181818181821       -2.1591558471278500E-005   0.0000000000000000     
  0.73181818181818181       -2.2288595339124757E-005   0.0000000000000000     
  0.73295454545454541       -2.2097768741317421E-005   0.0000000000000000     
  0.73409090909090913       -2.1026680227568258E-005   0.0000000000000000     
  0.73522727272727273       -1.9117996469882171E-005   0.0000000000000000     
  0.73636363636363633       -1.6447749663541503E-005   0.0000000000000000     
  0.73737373737373735       -1.3520239356498613E-005   0.0000000000000000     
  0.73838383838383836       -1.0166888916317264E-005   0.0000000000000000     
  0.73939393939393938       -6.4933171240663820E-006   0.0000000000000000     
  0.74040404040404040       -2.6152286099597954E-006   0.0000000000000000     
  0.74141414141414141        1.3452304351730859E-006   0.0000000000000000     
  0.74242424242424243        5.2633194385762573E-006   0.0000000000000000     
  0.74343434343434345        9.0156323347479524E-006   0.0000000000000000     
  0.74444444444444446        1.2483984424170885E-005   0.0000000000000000     
  0.74545454545454548        1.5559134777516446E-005   0.0000000000000000     
  0.74659090909090908        1.8428664313279035E-005   0.0000000000000000     
  0.74772727272727280        2.0564090256949509E-005   0.0000000000000000     
  0.74886363636363640        2.1880348180239933E-005   0.0000000000000000     
  0.75000000000000000        2.2325005102295065E-005   0.0000000000000000     
  0.75113636363636360        2.1880348180239818E-005   0.0000000000000000     
  0.75227272727272720        2.0564090256949285E-005   0.0000000000000000     
  0.75340909090909092        1.8428664313278717E-005   0.0000000000000000     
  0.75454545454545452        1.5559134777516040E-005   0.0000000000000000     
  0.75555555555555554        1.2483984424170418E-005   0.0000000000000000     
  0.75656565656565655        9.0156323347474374E-006   0.0000000000000000     
  0.75757575757575757        5.2633194385757110E-006   0.0000000000000000     
  0.75858585858585859        1.3452304351725205E-006   0.0000000000000000     
  0.75959595959595960       -2.6152286099603578E-006   0.0000000000000000     
  0.76060606060606062       -6.4933171240669173E-006   0.0000000000000000     
  0.76161616161616164       -1.0166888916317759E-005   0.0000000000000000     
  0.76262626262626265       -1.3520239356499062E-005   0.0000000000000000     
  0.76363636363636367       -1.6447749663541883E-005   0.0000000000000000     
  0.76477272727272727       -1.9117996469882462E-005   0.0000000000000000     
  0.76590909090909087       -2.1026680227568444E-005   0.0000000000000000     
  0.76704545454545459       -2.2097768741317502E-005   0.0000000000000000     
  0.76818181818181819       -2.2288595339124723E-005   0.0000000000000000     
  0.76931818181818179       -2.1591558471278351E-005   0.0000000000000000     
  0.77045454545454550       -2.0034424498205038E-005   0.0000000000000000     
  0.77159090909090911       -1.7679221684125102E-005   0.0000000000000000     
  0.77272727272727271       -1.4619769227847833E-005   0.0000000000000000     
  0.77373737373737372       -1.1407009329475104E-005   0.0000000000000000     
  0.77474747474747474       -7.8349686344213395E-006   0.0000000000000000     
  0.77575757575757576       -4.0161538990693181E-006   0.0000000000000000     
  0.77676767676767677       -7.0844398314925814E-008   0.0000000000000000     
  0.77777777777777779        3.8766964526031365E-006   0.0000000000000000     
  0.77878787878787881        7.7021349587495728E-006   0.0000000000000000     
  0.77979797979797982        1.1284983219453485E-005   0.0000000000000000     
  0.78080808080808084        1.4512394078258791E-005   0.0000000000000000     
  0.78181818181818186        1.7282715408866968E-005   0.0000000000000000     
  0.78295454545454546        1.9744969695720100E-005   0.0000000000000000     
  0.78409090909090917        2.1420685537728281E-005   0.0000000000000000     
  0.78522727272727277        2.2243110973832300E-005   0.0000000000000000     
  0.78636363636363638        2.2179484810693309E-005   0.0000000000000000     
  0.78749999999999998        2.1232341586438042E-005   0.0000000000000000     
  0.78863636363636358        1.9439410610948266E-005   0.0000000000000000     
  0.78977272727272729        1.6872113108504239E-005   0.0000000000000000     
  0.79090909090909089        1.3632717029710621E-005   0.0000000000000000     
  0.79191919191919191        1.0292826941319836E-005   0.0000000000000000     
  0.79292929292929293        6.6287488949257810E-006   0.0000000000000000     
  0.79393939393939394        2.7558885003108699E-006   0.0000000000000000     
  0.79494949494949496       -1.2037727182448064E-006   0.0000000000000000     
  0.79595959595959598       -5.1255193171976848E-006   0.0000000000000000     
  0.79696969696969699       -8.8858300301030386E-006   0.0000000000000000     
  0.79797979797979801       -1.2366268252936741E-005   0.0000000000000000     
  0.79898989898989903       -1.5457212386969310E-005   0.0000000000000000     
  0.80000000000000004       -1.8061308528779977E-005   0.0000000000000000     
  0.80113636363636365       -2.0307538934447105E-005   0.0000000000000000     
  0.80227272727272725       -2.1744821024002193E-005   0.0000000000000000     
  0.80340909090909096       -2.2315900801631603E-005   0.0000000000000000     
  0.80454545454545456       -2.1998029412865710E-005   0.0000000000000000     
  0.80568181818181817       -2.0803869216533193E-005   0.0000000000000000     
  0.80681818181818188       -1.8780989406804231E-005   0.0000000000000000     
  0.80795454545454548       -1.6009971206830475E-005   0.0000000000000000     
  0.80909090909090908       -1.2601197742213696E-005   0.0000000000000000     
  0.81010101010101010       -9.1450714910694439E-006   0.0000000000000000     
  0.81111111111111112       -5.4009075543354940E-006   0.0000000000000000     
  0.81212121212121213       -1.4866339660820930E-006   0.0000000000000000     
  0.81313131313131315        2.4744633784045138E-006   0.0000000000000000     
  0.81414141414141417        6.3576238031303651E-006   0.0000000000000000     
  0.81515151515151518        1.0040541370838255E-005   0.0000000000000000     
  0.81616161616161620        1.3407217089735866E-005   0.0000000000000000     
  0.81717171717171722        1.6351612481690236E-005   0.0000000000000000     
  0.81818181818181823        1.8780989414356106E-005   0.0000000000000000     
  0.81931818181818183        2.0803869202138037E-005   0.0000000000000000     
  0.82045454545454555        2.1998029423806248E-005   0.0000000000000000     
  0.82159090909090915        2.2315900799426654E-005   0.0000000000000000     
  0.82272727272727275        2.1744821015433723E-005   0.0000000000000000     
  0.82386363636363635        2.0307538949375485E-005   0.0000000000000000     
  0.82499999999999996        1.8061308518886510E-005   0.0000000000000000     
  0.82613636363636367        1.5095608106788908E-005   0.0000000000000000     
  0.82727272727272727        1.1528575966869239E-005   0.0000000000000000     
  0.82828282828282829        7.9674867184390577E-006   0.0000000000000000     
  0.82929292929292930        4.1554495758938586E-006   0.0000000000000000     
  0.83030303030303032        2.1253034085620163E-007   0.0000000000000000     
  0.83131313131313134       -3.7370828533467009E-006   0.0000000000000000     
  0.83232323232323235       -7.5689910416637832E-006   0.0000000000000000     
  0.83333333333333337       -1.1162502552571126E-005   0.0000000000000000     
  0.83434343434343439       -1.4404434371108792E-005   0.0000000000000000     
  0.83535353535353540       -1.7192677015215686E-005   0.0000000000000000     
  0.83636363636363642       -1.9439410616133910E-005   0.0000000000000000     
  0.83750000000000002       -2.1232341572623050E-005   0.0000000000000000     
  0.83863636363636362       -2.2179484823970228E-005   0.0000000000000000     
  0.83977272727272734       -2.2243110967224633E-005   0.0000000000000000     
  0.84090909090909094       -2.1420685531559824E-005   0.0000000000000000     
  0.84204545454545454       -1.9744969711133009E-005   0.0000000000000000     
  0.84318181818181825       -1.7282715396664178E-005   0.0000000000000000     
  0.84431818181818186       -1.4132006270759426E-005   0.0000000000000000     
  0.84545454545454546       -1.0418350372961554E-005   0.0000000000000000     
  0.84646464646464648       -6.7639136601933384E-006   0.0000000000000000     
  0.84747474747474749       -2.8964373846552893E-006   0.0000000000000000     
  0.84848484848484851        1.0622665141666555E-006   0.0000000000000000     
  0.84949494949494953        4.9875127407824384E-006   0.0000000000000000     
  0.85050505050505054        8.7556698046512811E-006   0.0000000000000000     
  0.85151515151515156        1.2248053971129034E-005   0.0000000000000000     
  0.85252525252525257        1.5354667381557575E-005   0.0000000000000000     
  0.85353535353535359        1.7977662609854471E-005   0.0000000000000000     
  0.85454545454545461        2.0034424501007549E-005   0.0000000000000000     
  0.85568181818181821        2.1591558458088605E-005   0.0000000000000000     
  0.85681818181818192        2.2288595354694686E-005   0.0000000000000000     
  0.85795454545454553        2.2097768730328646E-005   0.0000000000000000     
  0.85909090909090913        2.1026680223820025E-005   0.0000000000000000     
  0.86022727272727284        1.9117996485729331E-005   0.0000000000000000     
  0.86136363636363644        1.6447749649069187E-005   0.0000000000000000     
  0.86250000000000016        1.3122308767643951E-005   0.0000000000000000     
  0.86363636363636376        9.2741422856146408E-006   0.0000000000000000     
  0.86464646464646477        5.5382781214824553E-006   0.0000000000000000     
  0.86565656565656579        1.6279776166986819E-006   0.0000000000000000     
  0.86666666666666681       -2.3335984766152415E-006   0.0000000000000000     
  0.86767676767676782       -6.2216743983238831E-006   0.0000000000000000     
  0.86868686868686873       -9.9137893926218208E-006   0.0000000000000000     
  0.86969696969696975       -1.3293654783418759E-005   0.0000000000000000     
  0.87070707070707076       -1.6254816658510067E-005   0.0000000000000000     
  0.87171717171717178       -1.8704008805757738E-005   0.0000000000000000     
  0.87272727272727280       -2.0564090257359351E-005   0.0000000000000000     
  0.87386363636363640       -2.1880348167718167E-005   0.0000000000000000     
  0.87500000000000000       -2.2325005120107206E-005   0.0000000000000000     
  0.87613636363636371       -2.1880348164905662E-005   0.0000000000000000     
  0.87727272727272732       -2.0564090255633450E-005   0.0000000000000000     
  0.87840909090909092       -1.8428664329508688E-005   0.0000000000000000     
  0.87954545454545463       -1.5559134760821793E-005   0.0000000000000000     
  0.88068181818181823       -1.2069809020830848E-005   0.0000000000000000     
  0.88181818181818183       -8.0996838737844499E-006   0.0000000000000000     
  0.88282828282828285       -4.2945778706838935E-006   0.0000000000000000     
  0.88383838383838387       -3.5420772413613465E-007   0.0000000000000000     
  0.88484848484848488        3.5973187258759048E-006   0.0000000000000000     
  0.88585858585858590        7.4355422471663605E-006   0.0000000000000000     
  0.88686868686868681        1.1039572260196841E-005   0.0000000000000000     
  0.88787878787878782        1.4295894456921075E-005   0.0000000000000000     
  0.88888888888888884        1.7101946102122824E-005   0.0000000000000000     
  0.88989898989898986        1.9369346412607218E-005   0.0000000000000000     
  0.89090909090909087        2.1026680225584469E-005   0.0000000000000000     
  0.89191919191919189        2.2021747339324975E-005   0.0000000000000000     
  0.89292929292929291        2.2323206625226209E-005   0.0000000000000000     
  0.89393939393939392        2.1921563179958075E-005   0.0000000000000000     
  0.89494949494949494        2.0829467353896963E-005   0.0000000000000000     
  0.89595959595959596        1.9081316344055544E-005   0.0000000000000000     
  0.89696969696969697        1.6732170777433504E-005   0.0000000000000000     
  0.89797979797979799        1.3856020494980779E-005   0.0000000000000000     
  0.89898989898989901        1.0543454155562369E-005   0.0000000000000000     
  0.90000000000000002        6.8988059766952662E-006   0.0000000000000000     
  0.90101010101010104        3.0368695995085108E-006   0.0000000000000000     
  0.90202020202020206       -9.2071752040012572E-007   0.0000000000000000     
  0.90303030303030307       -4.8493052691640176E-006   0.0000000000000000     
  0.90404040404040409       -8.6251569026933996E-006   0.0000000000000000     
  0.90505050505050511       -1.2129346337659986E-005   0.0000000000000000     
  0.90606060606060612       -1.5251503894139818E-005   0.0000000000000000     
  0.90707070707070714       -1.7893292552229407E-005   0.0000000000000000     
  0.90808080808080816       -1.9971505237421926E-005   0.0000000000000000     
  0.90909090909090917       -2.1420685533357340E-005   0.0000000000000000     
  0.91010101010101019       -2.2195189344399822E-005   0.0000000000000000     
  0.91111111111111120       -2.2270622512667830E-005   0.0000000000000000     
  0.91212121212121222       -2.1644609164797216E-005   0.0000000000000000     
  0.91313131313131324       -2.0336866516663059E-005   0.0000000000000000     
  0.91414141414141414       -1.8388583883830477E-005   0.0000000000000000     
  0.91515151515151516       -1.5861125337670933E-005   0.0000000000000000     
  0.91616161616161618       -1.2834096953004903E-005   0.0000000000000000     
  0.91717171717171719       -9.4028395195895687E-006   0.0000000000000000     
  0.91818181818181821       -5.6754256084425294E-006   0.0000000000000000     
  0.91919191919191923       -1.7692556909196687E-006   0.0000000000000000     
  0.92020202020202024        2.1926395757581284E-006   0.0000000000000000     
  0.92121212121212126        6.0854743866034530E-006   0.0000000000000000     
  0.92222222222222228        9.7866380891623415E-006   0.0000000000000000     
  0.92323232323232318        1.3179557008481379E-005   0.0000000000000000     
  0.92424242424242420        1.6157366095714936E-005   0.0000000000000000     
  0.92525252525252522        1.8626274801191667E-005   0.0000000000000000     
  0.92626262626262623        2.0508521163274501E-005   0.0000000000000000     
  0.92727272727272725        2.1744821017258299E-005   0.0000000000000000     
  0.92828282828282827        2.2296235255153680E-005   0.0000000000000000     
  0.92929292929292928        2.2145396258472614E-005   0.0000000000000000     
  0.93030303030303030        2.1297054933422160E-005   0.0000000000000000     
  0.93131313131313131        1.9777931047915862E-005   0.0000000000000000     
  0.93232323232323233        1.7635871685085197E-005   0.0000000000000000     
  0.93333333333333335        1.4938344203827683E-005   0.0000000000000000     
  0.93434343434343436        1.1770311254364541E-005   0.0000000000000000     
  0.93535353535353538        8.2315547755054246E-006   0.0000000000000000     
  0.93636363636363640        4.4335331815052068E-006   0.0000000000000000     
  0.93737373737373741        4.9587083801094830E-007   0.0000000000000000     
  0.93838383838383843       -3.4574096965650444E-006   0.0000000000000000     
  0.93939393939393945       -7.3017939514732872E-006   0.0000000000000000     
  0.94040404040404046       -1.0916197296359295E-005   0.0000000000000000     
  0.94141414141414137       -1.4186778703742119E-005   0.0000000000000000     
  0.94242424242424239       -1.7010526327431316E-005   0.0000000000000000     
  0.94343434343434340       -1.9298502013266092E-005   0.0000000000000000     
  0.94444444444444442       -2.0978642555835272E-005   0.0000000000000000     
  0.94545454545454544       -2.1998029414711422E-005   0.0000000000000000     
  0.94646464646464645       -2.2324555480828312E-005   0.0000000000000000     
  0.94747474747474747       -2.1947936324653084E-005   0.0000000000000000     
  0.94848484848484849       -2.0880034135495344E-005   0.0000000000000000     
  0.94949494949494950       -1.9154484078978112E-005   0.0000000000000000     
  0.95050505050505052       -1.6825634938559157E-005   0.0000000000000000     
  0.95151515151515154       -1.3966837296160353E-005   0.0000000000000000     
  0.95252525252525255       -1.0668133246898350E-005   0.0000000000000000     
  0.95353535353535357       -7.0334204106909438E-006   0.0000000000000000     
  0.95454545454545459       -3.1771794908497559E-006   0.0000000000000000     
  0.95555555555555560        7.7913144250348719E-007   0.0000000000000000     
  0.95656565656565662        4.7109024655722309E-006   0.0000000000000000     
  0.95757575757575764        8.4942965821678843E-006   0.0000000000000000     
  0.95858585858585865        1.2010150136931941E-005   0.0000000000000000     
  0.95959595959595956        1.5147726075625448E-005   0.0000000000000000     
  0.96060606060606057        1.7808201757944159E-005   0.0000000000000000     
  0.96161616161616159        1.9907781523010719E-005   0.0000000000000000     
  0.96262626262626261        2.1380335976837441E-005   0.0000000000000000     
  0.96363636363636362        2.2179484812554152E-005   0.0000000000000000     
  0.96464646464646464        2.2280057646734059E-005   0.0000000000000000     
  0.96565656565656566        2.1678886784470963E-005   0.0000000000000000     
  0.96666666666666667        2.0394907006181070E-005   0.0000000000000000     
  0.96767676767676769        1.8468559164277763E-005   0.0000000000000000     
  0.96868686868686871        1.5960516468109988E-005   0.0000000000000000     
  0.96969696969696972        1.2949773468271811E-005   0.0000000000000000     
  0.97070707070707074        9.5311580061765096E-006   0.0000000000000000     
  0.97171717171717176        5.8123444904091936E-006   0.0000000000000000     
  0.97272727272727277        1.9104625010791222E-006   0.0000000000000000     
  0.97373737373737379       -2.0515923581967204E-006   0.0000000000000000     
  0.97474747474747481       -5.9490292499084977E-006   0.0000000000000000     
  0.97575757575757582       -9.6590925829702804E-006   0.0000000000000000     
  0.97676767676767684       -1.3064928364094897E-005   0.0000000000000000     
  0.97777777777777775       -1.6059264713539354E-005   0.0000000000000000     
  0.97878787878787876       -1.8547790535797774E-005   0.0000000000000000     
  0.97979797979797978       -2.0452125987304916E-005   0.0000000000000000     
  0.98080808080808080       -2.1712291185834544E-005   0.0000000000000000     
  0.98181818181818181       -2.2288595340994619E-005   0.0000000000000000     
  0.98282828282828283       -2.2162886895556740E-005   0.0000000000000000     
  0.98383838383838385       -2.1339125221603754E-005   0.0000000000000000     
  0.98484848484848486       -1.9843255929340389E-005   0.0000000000000000     
  0.98585858585858588       -1.7722393648315507E-005   0.0000000000000000     
  0.98686868686868690       -1.5043338110371432E-005   0.0000000000000000     
  0.98787878787878791       -1.1890470170969591E-005   0.0000000000000000     
  0.98888888888888893       -8.3630941091113536E-006   0.0000000000000000     
  0.98989898989898994       -4.5723099105087322E-006   0.0000000000000000     
  0.99090909090909096       -6.3751397972393654E-007   0.0000000000000000     
  0.99191919191919198        3.3173614060456451E-006   0.0000000000000000     
  0.99292929292929299        7.1677515373508030E-006   0.0000000000000000     
  0.99393939393939401        1.0792382631431364E-005   0.0000000000000000     
  0.99494949494949503        1.4077091510509205E-005   0.0000000000000000     
  0.99595959595959593        1.6918421367912333E-005   0.0000000000000000     
  0.99696969696969695        1.9226880276123992E-005   0.0000000000000000     
  0.99797979797979797        2.0929759867649331E-005   0.0000000000000000     
  0.99898989898989898        2.1973425413932486E-005   0.0000000000000000     
   1.0000000000000000        2.2325005104167920E-005   0.0000000000000000     
