X My_beautiful_solution_real My_beautiful_solution_imag
   0.0000000000000000        0.0000000000000000        0.0000000000000000     
   1.5151515151515149E-003   6.9530501857690936E-006   0.0000000000000000     
   3.0303030303030307E-003   1.1132854103969222E-005   0.0000000000000000     
   4.5454545454545461E-003   1.2244172353714972E-005   0.0000000000000000     
   6.0606060606060615E-003   1.0208517915907130E-005   0.0000000000000000     
   7.5757575757575760E-003   5.1696594535183190E-006   0.0000000000000000     
   9.0909090909090922E-003  -2.5164686563448942E-006   0.0000000000000000     
   1.0606060606060607E-002  -1.2306936980309781E-005   0.0000000000000000     
   1.2121212121212123E-002  -2.3510343446603172E-005   0.0000000000000000     
   1.3636363636363637E-002  -3.5335136474364104E-005   0.0000000000000000     
   1.5151515151515154E-002  -4.6946184952665021E-005   0.0000000000000000     
   1.6666666666666670E-002  -5.7523453529374468E-005   0.0000000000000000     
   1.8181818181818184E-002  -6.6319618794517010E-005   0.0000000000000000     
   1.9696969696969699E-002  -7.2713514759506552E-005   0.0000000000000000     
   2.1212121212121213E-002  -7.6253468590310641E-005   0.0000000000000000     
   2.2727272727272728E-002  -7.6689448060282924E-005   0.0000000000000000     
   2.4242424242424242E-002  -7.3990662243108267E-005   0.0000000000000000     
   2.5757575757575757E-002  -6.8347713744034607E-005   0.0000000000000000     
   2.7272727272727271E-002  -6.0159218150622137E-005   0.0000000000000000     
   2.8787878787878786E-002  -5.0003580991240200E-005   0.0000000000000000     
   3.0303030303030304E-002  -3.8598000322410005E-005   0.0000000000000000     
   3.1818181818181822E-002  -2.6748307590902295E-005   0.0000000000000000     
   3.3333333333333340E-002  -1.5291392442154067E-005   0.0000000000000000     
   3.4848484848484851E-002  -5.0364045129571650E-006   0.0000000000000000     
   3.6363636363636369E-002   3.2920985606144217E-006   0.0000000000000000     
   3.7878787878787887E-002   9.1059847452266022E-006   0.0000000000000000     
   3.9393939393939398E-002   1.1994541895056052E-005   0.0000000000000000     
   4.0909090909090916E-002   1.1753760510846797E-005   0.0000000000000000     
   4.2424242424242434E-002   8.4006461926692208E-006   0.0000000000000000     
   4.3939393939393945E-002   2.1720137819670686E-006   0.0000000000000000     
   4.5454545454545463E-002  -6.4921401244358615E-006   0.0000000000000000     
   4.6969696969696974E-002  -1.6979820541779242E-005   0.0000000000000000     
   4.8484848484848492E-002  -2.8550372779777010E-005   0.0000000000000000     
   5.0000000000000003E-002  -4.0386313980427232E-005   0.0000000000000000     
   5.1515151515151514E-002  -5.1651725723850478E-005   0.0000000000000000     
   5.3030303030303032E-002  -6.1550983366519255E-005   0.0000000000000000     
   5.4545454545454543E-002  -6.9384658402662833E-005   0.0000000000000000     
   5.6060606060606061E-002  -7.4599571118642269E-005   0.0000000000000000     
   5.7575757575757579E-002  -7.6827309714491956E-005   0.0000000000000000     
   5.9090909090909097E-002  -7.5910552854927525E-005   0.0000000000000000     
   6.0606060606060608E-002  -7.1914047197672165E-005   0.0000000000000000     
   6.2121212121212126E-002  -6.5120047379577095E-005   0.0000000000000000     
   6.3636363636363644E-002  -5.6008495829288946E-005   0.0000000000000000     
   6.5151515151515155E-002  -4.5222980787528316E-005   0.0000000000000000     
   6.6666666666666680E-002  -3.3525197716699595E-005   0.0000000000000000     
   6.8181818181818191E-002  -2.1741614426875725E-005   0.0000000000000000     
   6.9696969696969702E-002  -1.0704451520247568E-005   0.0000000000000000     
   7.1212121212121227E-002  -1.1932134848700992E-006   0.0000000000000000     
   7.2727272727272738E-002   6.1200816941911134E-006   0.0000000000000000     
   7.4242424242424249E-002   1.0719010980233894E-005   0.0000000000000000     
   7.5757575757575774E-002   1.2278664601863643E-005   0.0000000000000000     
   7.7272727272727285E-002   1.0688922537262128E-005   0.0000000000000000     
   7.8787878787878796E-002   6.0620613116662836E-006   0.0000000000000000     
   8.0303030303030321E-002  -1.2751452986210048E-006   0.0000000000000000     
   8.1818181818181832E-002  -1.0804374505571342E-005   0.0000000000000000     
   8.3333333333333343E-002  -2.1852544063568229E-005   0.0000000000000000     
   8.4848484848484867E-002  -3.3639402230360843E-005   0.0000000000000000     
   8.6363636363636379E-002  -4.5332192010011466E-005   0.0000000000000000     
   8.7878787878787890E-002  -5.6105105148636108E-005   0.0000000000000000     
   8.9393939393939414E-002  -6.5197299895263888E-005   0.0000000000000000     
   9.0909090909090925E-002  -7.1966360768515683E-005   0.0000000000000000     
   9.2424242424242437E-002  -7.5934305873227647E-005   0.0000000000000000     
   9.3939393939393948E-002  -7.6820787254714435E-005   0.0000000000000000     
   9.5454545454545459E-002  -7.4563245393245584E-005   0.0000000000000000     
   9.6969696969696983E-002  -6.9321120458884237E-005   0.0000000000000000     
   9.8484848484848495E-002  -6.1464639499250287E-005   0.0000000000000000     
  0.10000000000000001       -5.1548815000558159E-005   0.0000000000000000     
  0.10151515151515152       -4.0274027758942424E-005   0.0000000000000000     
  0.10303030303030303       -2.8436540777500874E-005   0.0000000000000000     
  0.10454545454545455       -1.6872683957812590E-005   0.0000000000000000     
  0.10606060606060606       -6.3991595905837563E-006   0.0000000000000000     
  0.10757575757575757        2.2443350179412164E-006   0.0000000000000000     
  0.10909090909090909        8.4470823158371340E-006   0.0000000000000000     
  0.11060606060606060        1.1771100627066817E-005   0.0000000000000000     
  0.11212121212121212        1.1981518250408958E-005   0.0000000000000000     
  0.11363636363636365        9.0635402243705777E-006   0.0000000000000000     
  0.11515151515151516        3.2232503031476670E-006   0.0000000000000000     
  0.11666666666666667       -5.1268787979967613E-006   0.0000000000000000     
  0.11818181818181819       -1.5396955230026754E-005   0.0000000000000000     
  0.11969696969696970       -2.6861584142865056E-005   0.0000000000000000     
  0.12121212121212123       -3.8711088516971106E-005   0.0000000000000000     
  0.12272727272727274       -5.0108293479423064E-005   0.0000000000000000     
  0.12424242424242425       -6.0248266615804781E-005   0.0000000000000000     
  0.12575757575757576       -6.8414867803457294E-005   0.0000000000000000     
  0.12727272727272729       -7.4031069453619298E-005   0.0000000000000000     
  0.12878787878787881       -7.6700318714568349E-005   0.0000000000000000     
  0.13030303030303031       -7.6233986241216027E-005   0.0000000000000000     
  0.13181818181818183       -7.2665089888395971E-005   0.0000000000000000     
  0.13333333333333336       -6.6245684792067331E-005   0.0000000000000000     
  0.13484848484848486       -5.7429143934876308E-005   0.0000000000000000     
  0.13636363636363638       -4.6838314424083918E-005   0.0000000000000000     
  0.13787878787878791       -3.5221239076490383E-005   0.0000000000000000     
  0.13939393939393940       -2.3398367929941395E-005   0.0000000000000000     
  0.14090909090909093       -1.2204990138281556E-005   0.0000000000000000     
  0.14242424242424245       -2.4316427174154121E-006   0.0000000000000000     
  0.14393939393939395        5.2314272938063697E-006   0.0000000000000000     
  0.14545454545454548        1.0242764413839560E-005   0.0000000000000000     
  0.14696969696969697        1.2248538088250930E-005   0.0000000000000000     
  0.14848484848484850        1.1106976597800016E-005   0.0000000000000000     
  0.15000000000000002        6.8988029162675861E-006   0.0000000000000000     
  0.15151515151515152       -7.8778590084818943E-008   0.0000000000000000     
  0.15303030303030302       -9.3329734796589589E-006   0.0000000000000000     
  0.15454545454545454       -2.0210010984767198E-005   0.0000000000000000     
  0.15606060606060607       -3.1941640282066066E-005   0.0000000000000000     
  0.15757575757575759       -4.3699314452889017E-005   0.0000000000000000     
  0.15909090909090912       -5.4652354602064378E-005   0.0000000000000000     
  0.16060606060606061       -6.4027197679623513E-005   0.0000000000000000     
  0.16212121212121214       -7.1161741172889412E-005   0.0000000000000000     
  0.16363636363636366       -7.5551867822768503E-005   0.0000000000000000     
  0.16515151515151516       -7.6887623493837896E-005   0.0000000000000000     
  0.16666666666666669       -7.5074556522584411E-005   0.0000000000000000     
  0.16818181818181821       -7.0240831700174637E-005   0.0000000000000000     
  0.16969696969696971       -6.2727833204306871E-005   0.0000000000000000     
  0.17121212121212120       -5.3066169542495362E-005   0.0000000000000000     
  0.17272727272727273       -4.1938402678503610E-005   0.0000000000000000     
  0.17424242424242425       -3.0130485567721835E-005   0.0000000000000000     
  0.17575757575757578       -1.8476359461811266E-005   0.0000000000000000     
  0.17727272727272730       -7.7993834953800164E-006   0.0000000000000000     
  0.17878787878787880        1.1463764494149311E-006   0.0000000000000000     
  0.18030303030303033        7.7291220268415360E-006   0.0000000000000000     
  0.18181818181818185        1.1483718525969678E-005   0.0000000000000000     
  0.18333333333333335        1.2145099236349244E-005   0.0000000000000000     
  0.18484848484848487        9.6664406318879446E-006   0.0000000000000000     
  0.18636363636363640        4.2229312742299182E-006   0.0000000000000000     
  0.18787878787878790       -3.8009783717172977E-006   0.0000000000000000     
  0.18939393939393939       -1.3838596467182036E-005   0.0000000000000000     
  0.19090909090909092       -2.5180796227572878E-005   0.0000000000000000     
  0.19242424242424244       -3.7026486180624698E-005   0.0000000000000000     
  0.19393939393939394       -4.8539050884700781E-005   0.0000000000000000     
  0.19545454545454546       -5.8905136592109557E-005   0.0000000000000000     
  0.19696969696969699       -6.7392634194672819E-005   0.0000000000000000     
  0.19848484848484849       -7.3402110308481058E-005   0.0000000000000000     
  0.20000000000000001       -7.6508929943511350E-005   0.0000000000000000     
  0.20151515151515154       -7.6493778406798966E-005   0.0000000000000000     
  0.20303030303030303       -7.3357613038281850E-005   0.0000000000000000     
  0.20454545454545456       -6.7322074741408406E-005   0.0000000000000000     
  0.20606060606060608       -5.8813426270790998E-005   0.0000000000000000     
  0.20757575757575758       -4.8432594365473471E-005   0.0000000000000000     
  0.20909090909090911       -3.6912957606703658E-005   0.0000000000000000     
  0.21060606060606063       -2.5068132989754637E-005   0.0000000000000000     
  0.21212121212121213       -1.3734681280567357E-005   0.0000000000000000     
  0.21363636363636365       -3.7132978490561204E-006   0.0000000000000000     
  0.21515151515151518        4.2882529583135419E-006   0.0000000000000000     
  0.21666666666666667        9.7048579465543532E-006   0.0000000000000000     
  0.21818181818181820        1.2153766917623195E-005   0.0000000000000000     
  0.21969696969696970        1.1462132554982149E-005   0.0000000000000000     
  0.22121212121212122        7.6786899419556062E-006   0.0000000000000000     
  0.22272727272727272        1.0708093772394751E-006   0.0000000000000000     
  0.22424242424242424       -7.8948244753511309E-006   0.0000000000000000     
  0.22575757575757574       -1.8585010074613624E-005   0.0000000000000000     
  0.22727272727272727       -3.0244509171135475E-005   0.0000000000000000     
  0.22878787878787879       -4.2049833096155365E-005   0.0000000000000000     
  0.23030303030303031       -5.3167204446758277E-005   0.0000000000000000     
  0.23181818181818181       -6.2811197932670707E-005   0.0000000000000000     
  0.23333333333333334       -7.0300702549321562E-005   0.0000000000000000     
  0.23484848484848486       -7.5106768572422944E-005   0.0000000000000000     
  0.23636363636363639       -7.6889779047498727E-005   0.0000000000000000     
  0.23787878787878791       -7.5523917826456345E-005   0.0000000000000000     
  0.23939393939393941       -7.1105538772294713E-005   0.0000000000000000     
  0.24090909090909093       -6.3946869472618998E-005   0.0000000000000000     
  0.24242424242424246       -5.4553494272079128E-005   0.0000000000000000     
  0.24393939393939396       -4.3588824142226269E-005   0.0000000000000000     
  0.24545454545454548       -3.1827493570452777E-005   0.0000000000000000     
  0.24727272727272731       -1.7831927787278600E-005   0.0000000000000000     
  0.24909090909090911       -5.3061032567132109E-006   0.0000000000000000     
  0.25090909090909091        4.4809091233393781E-006   0.0000000000000000     
  0.25272727272727274        1.0536442561577912E-005   0.0000000000000000     
  0.25454545454545457        1.2244174863126005E-005   0.0000000000000000     
  0.25606060606060610        1.0208542022889253E-005   0.0000000000000000     
  0.25757575757575762        5.1696384127258899E-006   0.0000000000000000     
  0.25909090909090915       -2.5164695159476664E-006   0.0000000000000000     
  0.26060606060606062       -1.2306946849726747E-005   0.0000000000000000     
  0.26212121212121214       -2.3510337093801762E-005   0.0000000000000000     
  0.26363636363636367       -3.5335136215352420E-005   0.0000000000000000     
  0.26515151515151519       -4.6946193776887156E-005   0.0000000000000000     
  0.26666666666666672       -5.7523439969578400E-005   0.0000000000000000     
  0.26818181818181819       -6.6319617170989512E-005   0.0000000000000000     
  0.26969696969696971       -7.2713491793791407E-005   0.0000000000000000     
  0.27121212121212124       -7.6253493432119223E-005   0.0000000000000000     
  0.27272727272727276       -7.6689450584486549E-005   0.0000000000000000     
  0.27424242424242429       -7.3990685846120430E-005   0.0000000000000000     
  0.27575757575757581       -6.8347693477670580E-005   0.0000000000000000     
  0.27727272727272734       -6.0159217383742474E-005   0.0000000000000000     
  0.27878787878787881       -5.0003572433443659E-005   0.0000000000000000     
  0.28030303030303033       -3.8598005256443784E-005   0.0000000000000000     
  0.28181818181818186       -2.6748307705751733E-005   0.0000000000000000     
  0.28333333333333338       -1.5291382269914673E-005   0.0000000000000000     
  0.28484848484848491       -5.0364192302082535E-006   0.0000000000000000     
  0.28636363636363638        3.2920968932885238E-006   0.0000000000000000     
  0.28787878787878790        9.1059612907575292E-006   0.0000000000000000     
  0.28939393939393943        1.1994567018657541E-005   0.0000000000000000     
  0.29090909090909095        1.1753763041609660E-005   0.0000000000000000     
  0.29242424242424248        8.4006692147234714E-006   0.0000000000000000     
  0.29393939393939400        2.1719943561362833E-006   0.0000000000000000     
  0.29545454545454553       -6.4921407960909369E-006   0.0000000000000000     
  0.29696969696969699       -1.6979827760041712E-005   0.0000000000000000     
  0.29848484848484852       -2.8550369280604870E-005   0.0000000000000000     
  0.30000000000000004       -4.0386314010114971E-005   0.0000000000000000     
  0.30151515151515157       -5.1651737210927792E-005   0.0000000000000000     
  0.30303030303030304       -6.1550967539818262E-005   0.0000000000000000     
  0.30454545454545456       -6.9384656696977381E-005   0.0000000000000000     
  0.30606060606060609       -7.4599547251922958E-005   0.0000000000000000     
  0.30757575757575756       -7.6827335037938407E-005   0.0000000000000000     
  0.30909090909090908       -7.5910555383994799E-005   0.0000000000000000     
  0.31060606060606061       -7.1914069563675258E-005   0.0000000000000000     
  0.31212121212121213       -6.5120028857642553E-005   0.0000000000000000     
  0.31363636363636366       -5.6008495255049207E-005   0.0000000000000000     
  0.31515151515151518       -4.5222974932344194E-005   0.0000000000000000     
  0.31666666666666671       -3.3525199769596293E-005   0.0000000000000000     
  0.31818181818181823       -2.1741614252747513E-005   0.0000000000000000     
  0.31969696969696976       -1.0704438755800712E-005   0.0000000000000000     
  0.32121212121212128       -1.1932303693977807E-006   0.0000000000000000     
  0.32272727272727275        6.1200799557095352E-006   0.0000000000000000     
  0.32424242424242428        1.0718986779112730E-005   0.0000000000000000     
  0.32575757575757580        1.2278690042555326E-005   0.0000000000000000     
  0.32727272727272733        1.0688925056384475E-005   0.0000000000000000     
  0.32878787878787885        6.0620829486647959E-006   0.0000000000000000     
  0.33030303030303038       -1.2751628562449973E-006   0.0000000000000000     
  0.33181818181818190       -1.0804374980523041E-005   0.0000000000000000     
  0.33333333333333337       -2.1852548536575507E-005   0.0000000000000000     
  0.33484848484848490       -3.3639401630435399E-005   0.0000000000000000     
  0.33636363636363642       -4.5332192328011982E-005   0.0000000000000000     
  0.33787878787878795       -5.6105119148817371E-005   0.0000000000000000     
  0.33939393939393947       -6.5197282007983378E-005   0.0000000000000000     
  0.34090909090909094       -7.1966359002908559E-005   0.0000000000000000     
  0.34242424242424246       -7.5934281416643510E-005   0.0000000000000000     
  0.34393939393939399       -7.6820812729668978E-005   0.0000000000000000     
  0.34545454545454551       -7.4563247894206136E-005   0.0000000000000000     
  0.34696969696969704       -6.9321141296302901E-005   0.0000000000000000     
  0.34848484848484851       -6.1464622963206566E-005   0.0000000000000000     
  0.35000000000000003       -5.1548814626444407E-005   0.0000000000000000     
  0.35151515151515156       -4.0274024682702518E-005   0.0000000000000000     
  0.35303030303030303       -2.8436539922498468E-005   0.0000000000000000     
  0.35454545454545455       -1.6872683496977336E-005   0.0000000000000000     
  0.35606060606060608       -6.3991444003341168E-006   0.0000000000000000     
  0.35757575757575760        2.2443161862523348E-006   0.0000000000000000     
  0.35909090909090913        8.4470805288636903E-006   0.0000000000000000     
  0.36060606060606065        1.1771075994792337E-005   0.0000000000000000     
  0.36212121212121218        1.1981543676532667E-005   0.0000000000000000     
  0.36363636363636370        9.0635426990120123E-006   0.0000000000000000     
  0.36515151515151523        3.2232702730193286E-006   0.0000000000000000     
  0.36666666666666670       -5.1268942585231065E-006   0.0000000000000000     
  0.36818181818181822       -1.5396955502082675E-005   0.0000000000000000     
  0.36969696969696975       -2.6861585812303905E-005   0.0000000000000000     
  0.37121212121212122       -3.8711090824112705E-005   0.0000000000000000     
  0.37272727272727274       -5.0108294081590211E-005   0.0000000000000000     
  0.37424242424242427       -6.0248282946575705E-005   0.0000000000000000     
  0.37575757575757579       -6.8414848088785220E-005   0.0000000000000000     
  0.37727272727272732       -7.4031067651108114E-005   0.0000000000000000     
  0.37878787878787884       -7.6700293986948698E-005   0.0000000000000000     
  0.38030303030303036       -7.6234011535574066E-005   0.0000000000000000     
  0.38181818181818189       -7.2665092328646393E-005   0.0000000000000000     
  0.38333333333333341       -6.6245703829254495E-005   0.0000000000000000     
  0.38484848484848488       -5.7429129600296534E-005   0.0000000000000000     
  0.38636363636363641       -4.6838314254973485E-005   0.0000000000000000     
  0.38787878787878793       -3.5221238819298105E-005   0.0000000000000000     
  0.38939393939393940       -2.3398364178185931E-005   0.0000000000000000     
  0.39090909090909093       -1.2204989396746645E-005   0.0000000000000000     
  0.39242424242424245       -2.4316252993907102E-006   0.0000000000000000     
  0.39393939393939398        5.2314067604563919E-006   0.0000000000000000     
  0.39545454545454550        1.0242762601670219E-005   0.0000000000000000     
  0.39696969696969697        1.2248513345942596E-005   0.0000000000000000     
  0.39848484848484850        1.1107001677887593E-005   0.0000000000000000     
  0.40000000000000002        6.8988053141677451E-006   0.0000000000000000     
  0.40151515151515155        1.0622824564362701E-006   0.0000000000000000     
  0.40303030303030307       -4.8493214101603643E-006   0.0000000000000000     
  0.40454545454545454       -1.0418350453279021E-005   0.0000000000000000     
  0.40606060606060607       -1.5251489656633620E-005   0.0000000000000000     
  0.40757575757575759       -1.9007396395981045E-005   0.0000000000000000     
  0.40909090909090912       -2.1420685676612028E-005   0.0000000000000000     
  0.41060606060606064       -2.2320967125137183E-005   0.0000000000000000     
  0.41212121212121217       -2.1644601293349186E-005   0.0000000000000000     
  0.41363636363636369       -1.9439409310084729E-005   0.0000000000000000     
  0.41515151515151516       -1.5861133951821568E-005   0.0000000000000000     
  0.41666666666666669       -1.1162492329533255E-005   0.0000000000000000     
  0.41818181818181821       -5.6754249393238587E-006   0.0000000000000000     
  0.41969696969696973        2.1251488388618738E-007   0.0000000000000000     
  0.42121212121212120        6.0854900764377547E-006   0.0000000000000000     
  0.42272727272727273        1.1528575971152219E-005   0.0000000000000000     
  0.42424242424242425        1.6157352349003586E-005   0.0000000000000000     
  0.42575757575757572        1.9644909791044951E-005   0.0000000000000000     
  0.42727272727272725        2.1744821121876877E-005   0.0000000000000000     
  0.42878787878787877        2.2308829953515595E-005   0.0000000000000000     
  0.43030303030303030        2.1297046166346502E-005   0.0000000000000000     
  0.43181818181818177        1.8780988108918400E-005   0.0000000000000000     
  0.43333333333333329        1.4938353604281679E-005   0.0000000000000000     
  0.43484848484848482        1.0040530247330539E-005   0.0000000000000000     
  0.43636363636363634        4.4335325080261121E-006   0.0000000000000000     
  0.43787878787878787       -1.4866190448307504E-006   0.0000000000000000     
  0.43939393939393939       -7.3018091390202182E-006   0.0000000000000000     
  0.44090909090909092       -1.2601197670546012E-005   0.0000000000000000     
  0.44242424242424239       -1.7010513116490674E-005   0.0000000000000000     
  0.44393939393939391       -2.0218345573776326E-005   0.0000000000000000     
  0.44545454545454544       -2.1998029480537093E-005   0.0000000000000000     
  0.44696969696969696       -2.2223926015715802E-005   0.0000000000000000     
  0.44848484848484849       -2.0880024501569034E-005   0.0000000000000000     
  0.45000000000000001       -1.8061307228370716E-005   0.0000000000000000     
  0.45151515151515154       -1.3966847452381651E-005   0.0000000000000000     
  0.45303030303030306       -8.8858180424928340E-006   0.0000000000000000     
  0.45454545454545459       -3.1771788152441587E-006   0.0000000000000000     
  0.45606060606060611        2.7558741634613129E-006   0.0000000000000000     
  0.45757575757575758        8.4943112179510584E-006   0.0000000000000000     
  0.45909090909090911        1.3632716882432913E-005   0.0000000000000000     
  0.46060606060606063        1.7808189126009724E-005   0.0000000000000000     
  0.46212121212121210        2.0725833315846518E-005   0.0000000000000000     
  0.46363636363636362        2.2179484839558687E-005   0.0000000000000000     
  0.46515151515151515        2.2066532250734672E-005   0.0000000000000000     
  0.46666666666666667        2.0394896537005074E-005   0.0000000000000000     
  0.46818181818181820        1.7282714117881123E-005   0.0000000000000000     
  0.46969696969696972        1.2949784347251567E-005   0.0000000000000000     
  0.47121212121212125        7.7021221462135539E-006   0.0000000000000000     
  0.47272727272727277        1.9104618255779095E-006   0.0000000000000000     
  0.47424242424242430       -4.0161401934084486E-006   0.0000000000000000     
  0.47575757575757577       -9.6591066193226441E-006   0.0000000000000000     
  0.47727272727272729       -1.4619769005556042E-005   0.0000000000000000     
  0.47878787878787882       -1.8547778524223303E-005   0.0000000000000000     
  0.48030303030303029       -2.1165717697727689E-005   0.0000000000000000     
  0.48181818181818181       -2.2288595329278029E-005   0.0000000000000000     
  0.48333333333333334       -2.1837162044317632E-005   0.0000000000000000     
  0.48484848484848486       -1.9843244659235928E-005   0.0000000000000000     
  0.48636363636363639       -1.6447748386336948E-005   0.0000000000000000     
  0.48787878787878791       -1.1890481737332660E-005   0.0000000000000000     
  0.48939393939393944       -6.4933035284622295E-006   0.0000000000000000     
  0.49090909090909096       -6.3751330654665582E-007   0.0000000000000000     
  0.49242424242424249        5.2633064088426085E-006   0.0000000000000000     
  0.49393939393939396        1.0792396022651163E-005   0.0000000000000000     
  0.49545454545454548        1.5559134481059221E-005   0.0000000000000000     
  0.49696969696969701        1.9226868924246058E-005   0.0000000000000000     
  0.49848484848484848        2.1536563908000866E-005   0.0000000000000000     
  0.50000000000000000        2.2325005053957450E-005   0.0000000000000000     
  0.50151515151515147        2.1536563554400982E-005   0.0000000000000000     
  0.50303030303030305        1.9226868242020216E-005   0.0000000000000000     
  0.50454545454545452        1.5559133518398013E-005   0.0000000000000000     
  0.50606060606060599        1.0792394847551223E-005   0.0000000000000000     
  0.50757575757575757        5.2633051043043651E-006   0.0000000000000000     
  0.50909090909090904       -6.3751464837612013E-007   0.0000000000000000     
  0.51060606060606051       -6.4933048128055608E-006   0.0000000000000000     
  0.51212121212121209       -1.1890482873469211E-005   0.0000000000000000     
  0.51363636363636367       -1.6447749294018600E-005   0.0000000000000000     
  0.51515151515151514       -1.9843245274349306E-005   0.0000000000000000     
  0.51666666666666661       -2.1837162323412451E-005   0.0000000000000000     
  0.51818181818181819       -2.2288595252643167E-005   0.0000000000000000     
  0.51969696969696966       -2.1165717270776087E-005   0.0000000000000000     
  0.52121212121212124       -1.8547777777110160E-005   0.0000000000000000     
  0.52272727272727271       -1.4619767991055072E-005   0.0000000000000000     
  0.52424242424242418       -9.6591054090921352E-006   0.0000000000000000     
  0.52575757575757576       -4.0161388729303936E-006   0.0000000000000000     
  0.52727272727272723        1.9104631630306737E-006   0.0000000000000000     
  0.52878787878787870        7.7021234061728692E-006   0.0000000000000000     
  0.53030303030303028        1.2949785440718801E-005   0.0000000000000000     
  0.53181818181818175        1.7282714967622143E-005   0.0000000000000000     
  0.53333333333333333        2.0394897082999395E-005   0.0000000000000000     
  0.53484848484848480        2.2066532454414088E-005   0.0000000000000000     
  0.53636363636363638        2.2179484686538919E-005   0.0000000000000000     
  0.53787878787878785        2.0725832816935852E-005   0.0000000000000000     
  0.53939393939393943        1.7808188316446268E-005   0.0000000000000000     
  0.54090909090909089        1.3632715819401371E-005   0.0000000000000000     
  0.54242424242424236        8.4943099765376193E-006   0.0000000000000000     
  0.54393939393939394        2.7558728313507042E-006   0.0000000000000000     
  0.54545454545454541       -3.1771801439575872E-006   0.0000000000000000     
  0.54696969696969688       -8.8858192739581557E-006   0.0000000000000000     
  0.54848484848484846       -1.3966848499612963E-005   0.0000000000000000     
  0.55000000000000004       -1.8061308017399901E-005   0.0000000000000000     
  0.55151515151515151       -2.0880024976663661E-005   0.0000000000000000     
  0.55303030303030298       -2.2223926143315430E-005   0.0000000000000000     
  0.55454545454545456       -2.1998029251631562E-005   0.0000000000000000     
  0.55606060606060603       -2.0218345004533956E-005   0.0000000000000000     
  0.55757575757575761       -1.7010512247117490E-005   0.0000000000000000     
  0.55909090909090908       -1.2601196562451254E-005   0.0000000000000000     
  0.56060606060606055       -7.3018078704731823E-006   0.0000000000000000     
  0.56212121212121213       -1.4866177054328138E-006   0.0000000000000000     
  0.56363636363636360        4.4335338236661079E-006   0.0000000000000000     
  0.56515151515151507        1.0040531446285109E-005   0.0000000000000000     
  0.56666666666666665        1.4938354601860980E-005   0.0000000000000000     
  0.56818181818181812        1.8780988834661532E-005   0.0000000000000000     
  0.56969696969696970        2.1297046568991460E-005   0.0000000000000000     
  0.57121212121212117        2.2308830004619285E-005   0.0000000000000000     
  0.57272727272727275        2.1744820817832252E-005   0.0000000000000000     
  0.57424242424242422        1.9644909153327583E-005   0.0000000000000000     
  0.57575757575757580        1.6157351422656212E-005   0.0000000000000000     
  0.57727272727272738        1.1528574821608466E-005   0.0000000000000000     
  0.57878787878787885        6.0854887848946739E-006   0.0000000000000000     
  0.58030303030303032        2.1251354156926572E-007   0.0000000000000000     
  0.58181818181818190       -5.6754262375996952E-006   0.0000000000000000     
  0.58333333333333337       -1.1162493492066672E-005   0.0000000000000000     
  0.58484848484848495       -1.5861134896495280E-005   0.0000000000000000     
  0.58636363636363642       -1.9439409970175238E-005   0.0000000000000000     
  0.58787878787878789       -2.1644601622231642E-005   0.0000000000000000     
  0.58939393939393947       -2.2320967099578381E-005   0.0000000000000000     
  0.59090909090909094       -2.1420685298420148E-005   0.0000000000000000     
  0.59242424242424241       -1.9007395691868973E-005   0.0000000000000000     
  0.59393939393939399       -1.5251488676334235E-005   0.0000000000000000     
  0.59545454545454546       -1.0418349266036417E-005   0.0000000000000000     
  0.59696969696969693       -4.8493200998341687E-006   0.0000000000000000     
  0.59848484848484851        1.0622837972933006E-006   0.0000000000000000     
  0.59999999999999998        6.8988065908438967E-006   0.0000000000000000     
  0.60181818181818181        1.3225540792350044E-005   0.0000000000000000     
  0.60363636363636364        1.8209887495028542E-005   0.0000000000000000     
  0.60545454545454547        2.1347269825872495E-005   0.0000000000000000     
  0.60727272727272730        2.2319472671780416E-005   0.0000000000000000     
  0.60909090909090913        2.1026680191590327E-005   0.0000000000000000     
  0.61060606060606060        1.8307884344032214E-005   0.0000000000000000     
  0.61212121212121218        1.4295879063278432E-005   0.0000000000000000     
  0.61363636363636365        9.2741415489901665E-006   0.0000000000000000     
  0.61515151515151512        3.5973342547936756E-006   0.0000000000000000     
  0.61666666666666670       -2.3336159092711183E-006   0.0000000000000000     
  0.61818181818181817       -8.0996842489244714E-006   0.0000000000000000     
  0.62000000000000000       -1.4230782803998890E-005   0.0000000000000000     
  0.62181818181818183       -1.8917492654665972E-005   0.0000000000000000     
  0.62363636363636366       -2.1685468138229479E-005   0.0000000000000000     
  0.62545454545454549       -2.2253961950510074E-005   0.0000000000000000     
  0.62727272727272732       -2.0564090444273576E-005   0.0000000000000000     
  0.62878787878787878       -1.7548656500088089E-005   0.0000000000000000     
  0.63030303030303036       -1.3293639277648273E-005   0.0000000000000000     
  0.63181818181818183       -8.0996835186197607E-006   0.0000000000000000     
  0.63333333333333330       -2.3336146565249815E-006   0.0000000000000000     
  0.63484848484848488        3.5973362534038216E-006   0.0000000000000000     
  0.63636363636363635        9.2741424281710939E-006   0.0000000000000000     
  0.63787878787878782        1.4295887866707804E-005   0.0000000000000000     
  0.63939393939393940        1.8307874662893863E-005   0.0000000000000000     
  0.64090909090909087        2.1026679451989478E-005   0.0000000000000000     
  0.64242424242424245        2.2260285615632199E-005   0.0000000000000000     
  0.64393939393939392        2.1921569035740124E-005   0.0000000000000000     
  0.64545454545454550        2.0034424680468338E-005   0.0000000000000000     
  0.64696969696969697        1.6732188301023955E-005   0.0000000000000000     
  0.64848484848484855        1.2248038081410975E-005   0.0000000000000000     
  0.65000000000000002        6.8988056672732124E-006   0.0000000000000000     
  0.65151515151515149        1.0622829647332440E-006   0.0000000000000000     
  0.65303030303030307       -4.8493231295005514E-006   0.0000000000000000     
  0.65454545454545454       -1.0418350524279547E-005   0.0000000000000000     
  0.65606060606060601       -1.5251498303492944E-005   0.0000000000000000     
  0.65757575757575759       -1.9007385857136291E-005   0.0000000000000000     
  0.65909090909090917       -2.1420684741578361E-005   0.0000000000000000     
  0.66060606060606064       -2.2320954828149790E-005   0.0000000000000000     
  0.66212121212121211       -2.1644614000897978E-005   0.0000000000000000     
  0.66363636363636369       -1.9439410787726038E-005   0.0000000000000000     
  0.66515151515151516       -1.5861143181687145E-005   0.0000000000000000     
  0.66666666666666674       -1.1162486330838501E-005   0.0000000000000000     
  0.66818181818181821       -5.6754253458308977E-006   0.0000000000000000     
  0.66969696969696968        2.1251367328260481E-007   0.0000000000000000     
  0.67121212121212126        6.0854925215329124E-006   0.0000000000000000     
  0.67272727272727273        1.1528576126544101E-005   0.0000000000000000     
  0.67424242424242420        1.6157361523000197E-005   0.0000000000000000     
  0.67575757575757578        1.9644898909602326E-005   0.0000000000000000     
  0.67727272727272725        2.1744820210059651E-005   0.0000000000000000     
  0.67878787878787883        2.2308817725668212E-005   0.0000000000000000     
  0.68030303030303030        2.1297058734250573E-005   0.0000000000000000     
  0.68181818181818188        1.8780989577684641E-005   0.0000000000000000     
  0.68333333333333335        1.4938362310200775E-005   0.0000000000000000     
  0.68484848484848493        1.0040524870097624E-005   0.0000000000000000     
  0.68636363636363640        4.4335329666086918E-006   0.0000000000000000     
  0.68787878787878787       -1.4866171358693905E-006   0.0000000000000000     
  0.68939393939393945       -7.3018123018949858E-006   0.0000000000000000     
  0.69090909090909092       -1.2601197909822248E-005   0.0000000000000000     
  0.69242424242424239       -1.7010522787700484E-005   0.0000000000000000     
  0.69393939393939397       -2.0218334385228391E-005   0.0000000000000000     
  0.69545454545454544       -2.1998028594910346E-005   0.0000000000000000     
  0.69696969696969691       -2.2223913896893245E-005   0.0000000000000000     
  0.69848484848484849       -2.0880036888834896E-005   0.0000000000000000     
  0.69999999999999996       -1.8061308683471822E-005   0.0000000000000000     
  0.70151515151515142       -1.3966855605958094E-005   0.0000000000000000     
  0.70303030303030301       -8.8858133042616100E-006   0.0000000000000000     
  0.70454545454545459       -3.1771793244070876E-006   0.0000000000000000     
  0.70606060606060606        2.7558715623678284E-006   0.0000000000000000     
  0.70757575757575752        8.4943150882881282E-006   0.0000000000000000     
  0.70909090909090911        1.3632717204812913E-005   0.0000000000000000     
  0.71060606060606057        1.7808199262887440E-005   0.0000000000000000     
  0.71212121212121215        2.0725821856688382E-005   0.0000000000000000     
  0.71363636363636362        2.2179483983011399E-005   0.0000000000000000     
  0.71515151515151520        2.2066520280465973E-005   0.0000000000000000     
  0.71666666666666667        2.0394908703227633E-005   0.0000000000000000     
  0.71818181818181825        1.7282715554570117E-005   0.0000000000000000     
  0.72000000000000008        1.1962379405319074E-005   0.0000000000000000     
  0.72181818181818191        5.4283638088574603E-006   0.0000000000000000     
  0.72363636363636363       -1.6562333071636503E-006   0.0000000000000000     
  0.72545454545454546       -8.5728428826751909E-006   0.0000000000000000     
  0.72727272727272729       -1.4619769387530711E-005   0.0000000000000000     
  0.72878787878787876       -1.8547789066290847E-005   0.0000000000000000     
  0.73030303030303034       -2.1165705974903267E-005   0.0000000000000000     
  0.73181818181818181       -2.2288594473300776E-005   0.0000000000000000     
  0.73333333333333328       -2.1837150231685403E-005   0.0000000000000000     
  0.73484848484848486       -1.9843256538227394E-005   0.0000000000000000     
  0.73636363636363633       -1.6447749778753380E-005   0.0000000000000000     
  0.73818181818181816       -1.0866749162683395E-005   0.0000000000000000     
  0.73999999999999999       -4.1832632913548045E-006   0.0000000000000000     
  0.74181818181818182        2.9245179221735889E-006   0.0000000000000000     
  0.74363636363636365        9.7356739255905234E-006   0.0000000000000000     
  0.74545454545454548        1.5559134935063704E-005   0.0000000000000000     
  0.74696969696969695        1.9226879854474335E-005   0.0000000000000000     
  0.74848484848484853        2.1536551979554436E-005   0.0000000000000000     
  0.75000000000000000        2.2325004222199807E-005   0.0000000000000000     
  0.75151515151515147        2.1536551958370484E-005   0.0000000000000000     
  0.75303030303030305        1.9226879813602566E-005   0.0000000000000000     
  0.75454545454545452        1.5559134877391243E-005   0.0000000000000000     
  0.75636363636363635        9.7356738532181836E-006   0.0000000000000000     
  0.75818181818181818        2.9245178424462325E-006   0.0000000000000000     
  0.76000000000000001       -4.1832633703507048E-006   0.0000000000000000     
  0.76181818181818184       -1.0866749232935563E-005   0.0000000000000000     
  0.76363636363636367       -1.6447749833132045E-005   0.0000000000000000     
  0.76515151515151514       -1.9843256575078494E-005   0.0000000000000000     
  0.76666666666666672       -2.1837150248405810E-005   0.0000000000000000     
  0.76818181818181819       -2.2288594468709638E-005   0.0000000000000000     
  0.76969696969696966       -2.1165705949324874E-005   0.0000000000000000     
  0.77121212121212124       -1.8547789021531725E-005   0.0000000000000000     
  0.77272727272727271       -1.4619769326752569E-005   0.0000000000000000     
  0.77454545454545454       -8.5728428084187720E-006   0.0000000000000000     
  0.77636363636363637       -1.6562332269648052E-006   0.0000000000000000     
  0.77818181818181820        5.4283638868646547E-006   0.0000000000000000     
  0.78000000000000003        1.1962379473222400E-005   0.0000000000000000     
  0.78181818181818186        1.7282715605477952E-005   0.0000000000000000     
  0.78333333333333333        2.0394908735938053E-005   0.0000000000000000     
  0.78484848484848491        2.2066520292668289E-005   0.0000000000000000     
  0.78636363636363638        2.2179483973843927E-005   0.0000000000000000     
  0.78787878787878785        2.0725821826798711E-005   0.0000000000000000     
  0.78939393939393943        1.7808199214386811E-005   0.0000000000000000     
  0.79090909090909089        1.3632717141127272E-005   0.0000000000000000     
  0.79242424242424236        8.4943150139157200E-006   0.0000000000000000     
  0.79393939393939394        2.7558714825618995E-006   0.0000000000000000     
  0.79545454545454541       -3.1771794040095284E-006   0.0000000000000000     
  0.79696969696969699       -8.8858133780379172E-006   0.0000000000000000     
  0.79848484848484846       -1.3966855668697099E-005   0.0000000000000000     
  0.80000000000000004       -1.8061308730742047E-005   0.0000000000000000     
  0.80151515151515151       -2.0880036917297493E-005   0.0000000000000000     
  0.80303030303030309       -2.2223913904537599E-005   0.0000000000000000     
  0.80454545454545456       -2.1998028581196697E-005   0.0000000000000000     
  0.80606060606060603       -2.0218334351125374E-005   0.0000000000000000     
  0.80757575757575761       -1.7010522735616764E-005   0.0000000000000000     
  0.80909090909090908       -1.2601197843436902E-005   0.0000000000000000     
  0.81090909090909091       -6.1671763486368317E-006   0.0000000000000000     
  0.81272727272727274        8.9238836952055201E-007   0.0000000000000000     
  0.81454545454545457        7.8614428359321101E-006   0.0000000000000000     
  0.81636363636363640        1.4033137128789590E-005   0.0000000000000000     
  0.81818181818181823        1.8780989673280156E-005   0.0000000000000000     
  0.81969696969696970        2.1297058821990369E-005   0.0000000000000000     
  0.82121212121212128        2.2308817799354695E-005   0.0000000000000000     
  0.82272727272727275        2.1744820264488186E-005   0.0000000000000000     
  0.82424242424242422        1.9644898940928433E-005   0.0000000000000000     
  0.82575757575757580        1.6157361529011231E-005   0.0000000000000000     
  0.82727272727272727        1.1528576106815636E-005   0.0000000000000000     
  0.82878787878787874        6.0854924774581433E-006   0.0000000000000000     
  0.83030303030303032        2.1251360797462723E-007   0.0000000000000000     
  0.83181818181818179       -5.6754254277585383E-006   0.0000000000000000     
  0.83333333333333337       -1.1162486423599124E-005   0.0000000000000000     
  0.83484848484848484       -1.5861143278729162E-005   0.0000000000000000     
  0.83636363636363642       -1.9439410882194636E-005   0.0000000000000000     
  0.83787878787878789       -2.1644614086120456E-005   0.0000000000000000     
  0.83939393939393947       -2.2320954898106292E-005   0.0000000000000000     
  0.84090909090909094       -2.1420684791327757E-005   0.0000000000000000     
  0.84242424242424241       -1.9007385883164733E-005   0.0000000000000000     
  0.84393939393939399       -1.5251498303961923E-005   0.0000000000000000     
  0.84545454545454546       -1.0418350499156008E-005   0.0000000000000000     
  0.84696969696969693       -4.8493230805588564E-006   0.0000000000000000     
  0.84848484848484851        1.0622830340364932E-006   0.0000000000000000     
  0.85000000000000009        6.8988057520423208E-006   0.0000000000000000     
  0.85151515151515156        1.2248038175658105E-005   0.0000000000000000     
  0.85303030303030303        1.6732188398092498E-005   0.0000000000000000     
  0.85454545454545461        2.0034424773501890E-005   0.0000000000000000     
  0.85606060606060608        2.1921569118167268E-005   0.0000000000000000     
  0.85757575757575766        2.2260285681630638E-005   0.0000000000000000     
  0.85909090909090913        2.1026679496897610E-005   0.0000000000000000     
  0.86060606060606071        1.8307874683539495E-005   0.0000000000000000     
  0.86212121212121218        1.4295887861632503E-005   0.0000000000000000     
  0.86363636363636376        9.2741423977336680E-006   0.0000000000000000     
  0.86515151515151523        3.5973361997541282E-006   0.0000000000000000     
  0.86666666666666681       -2.3336147295975533E-006   0.0000000000000000     
  0.86818181818181828       -8.0996836059536772E-006   0.0000000000000000     
  0.86969696969696975       -1.3293639373074790E-005   0.0000000000000000     
  0.87121212121212133       -1.7548656596866913E-005   0.0000000000000000     
  0.87272727272727280       -2.0564090535568729E-005   0.0000000000000000     
  0.87424242424242427       -2.2127020548384605E-005   0.0000000000000000     
  0.87575757575757585       -2.2127008040301250E-005   0.0000000000000000     
  0.87727272727272732       -2.0564089544569874E-005   0.0000000000000000     
  0.87878787878787878       -1.7548647002185208E-005   0.0000000000000000     
  0.88030303030303036       -1.3293647204653088E-005   0.0000000000000000     
  0.88181818181818183       -8.0996839715410560E-006   0.0000000000000000     
  0.88333333333333330       -2.3336155560116582E-006   0.0000000000000000     
  0.88484848484848488        3.5973346589770957E-006   0.0000000000000000     
  0.88636363636363635        9.2741419755482609E-006   0.0000000000000000     
  0.88787878787878782        1.4295879482081682E-005   0.0000000000000000     
  0.88939393939393940        1.8307884725498804E-005   0.0000000000000000     
  0.89090909090909087        2.1026680508775658E-005   0.0000000000000000     
  0.89242424242424234        2.2260298236912150E-005   0.0000000000000000     
  0.89393939393939392        2.1921556698080980E-005   0.0000000000000000     
  0.89545454545454550        2.0034423806615156E-005   0.0000000000000000     
  0.89696969696969697        1.6732179281985137E-005   0.0000000000000000     
  0.89848484848484844        1.2248045433719536E-005   0.0000000000000000     
  0.90000000000000002        6.8988060598393139E-006   0.0000000000000000     
  0.90151515151515149        1.0622831433919435E-006   0.0000000000000000     
  0.90303030303030307       -4.8493208304445414E-006   0.0000000000000000     
  0.90454545454545454       -1.0418350021749218E-005   0.0000000000000000     
  0.90606060606060612       -1.5251489403770597E-005   0.0000000000000000     
  0.90757575757575759       -1.9007396339647228E-005   0.0000000000000000     
  0.90909090909090917       -2.1420685820784913E-005   0.0000000000000000     
  0.91060606060606064       -2.2320967459633371E-005   0.0000000000000000     
  0.91212121212121222       -2.1644601794542894E-005   0.0000000000000000     
  0.91363636363636369       -1.9439409942573422E-005   0.0000000000000000     
  0.91515151515151516       -1.5861134670930026E-005   0.0000000000000000     
  0.91666666666666674       -1.1162493084468864E-005   0.0000000000000000     
  0.91818181818181821       -5.6754256767614456E-006   0.0000000000000000     
  0.91969696969696968        2.1251421603405852E-007   0.0000000000000000     
  0.92121212121212126        6.0854895253457356E-006   0.0000000000000000     
  0.92272727272727273        1.1528575575745074E-005   0.0000000000000000     
  0.92424242424242420        1.6157352137210516E-005   0.0000000000000000     
  0.92575757575757578        1.9644909777827113E-005   0.0000000000000000     
  0.92727272727272725        2.1744821308166337E-005   0.0000000000000000     
  0.92878787878787872        2.2308830326154225E-005   0.0000000000000000     
  0.93030303030303030        2.1297046699014125E-005   0.0000000000000000     
  0.93181818181818188        1.8780988763989606E-005   0.0000000000000000     
  0.93333333333333335        1.4938354335486316E-005   0.0000000000000000     
  0.93484848484848482        1.0040531003021141E-005   0.0000000000000000     
  0.93636363636363640        4.4335332348241826E-006   0.0000000000000000     
  0.93787878787878787       -1.4866183982610042E-006   0.0000000000000000     
  0.93939393939393945       -7.3018086183501446E-006   0.0000000000000000     
  0.94090909090909092       -1.2601197312551418E-005   0.0000000000000000     
  0.94242424242424239       -1.7010512946458270E-005   0.0000000000000000     
  0.94393939393939397       -2.0218345603717670E-005   0.0000000000000000     
  0.94545454545454544       -2.1998029708335654E-005   0.0000000000000000     
  0.94696969696969691       -2.2223926425281504E-005   0.0000000000000000     
  0.94848484848484849       -2.0880025063973500E-005   0.0000000000000000     
  0.94999999999999996       -1.8061307903888186E-005   0.0000000000000000     
  0.95151515151515154       -1.3966848193297480E-005   0.0000000000000000     
  0.95303030303030301       -8.8858187964735470E-006   0.0000000000000000     
  0.95454545454545459       -3.1771795290323308E-006   0.0000000000000000     
  0.95606060606060606        2.7558735402825722E-006   0.0000000000000000     
  0.95757575757575764        8.4943107294010332E-006   0.0000000000000000     
  0.95909090909090911        1.3632716563018646E-005   0.0000000000000000     
  0.96060606060606057        1.7808188998292734E-005   0.0000000000000000     
  0.96212121212121215        2.0725833388849422E-005   0.0000000000000000     
  0.96363636363636362        2.2179485108123341E-005   0.0000000000000000     
  0.96515151515151509        2.2066532695891577E-005   0.0000000000000000     
  0.96666666666666667        2.0394897127311632E-005   0.0000000000000000     
  0.96818181818181825        1.7282714811640886E-005   0.0000000000000000     
  0.96969696969696972        1.2949785095461641E-005   0.0000000000000000     
  0.97121212121212119        7.7021228960250776E-006   0.0000000000000000     
  0.97272727272727277        1.9104625240278460E-006   0.0000000000000000     
  0.97424242424242424       -4.0161395956535470E-006   0.0000000000000000     
  0.97575757575757582       -9.6591061644863141E-006   0.0000000000000000     
  0.97727272727272729       -1.4619768725763931E-005   0.0000000000000000     
  0.97878787878787876       -1.8547778439238261E-005   0.0000000000000000     
  0.98030303030303034       -2.1165717813554047E-005   0.0000000000000000     
  0.98181818181818181       -2.2288595637732795E-005   0.0000000000000000     
  0.98333333333333328       -2.1837162523613699E-005   0.0000000000000000     
  0.98484848484848486       -1.9843245275519384E-005   0.0000000000000000     
  0.98636363636363633       -1.6447749096076571E-005   0.0000000000000000     
  0.98787878787878791       -1.1890482490396516E-005   0.0000000000000000     
  0.98939393939393938       -6.4933042716585767E-006   0.0000000000000000     
  0.99090909090909096       -6.3751398738001250E-007   0.0000000000000000     
  0.99242424242424243        5.2633058384614367E-006   0.0000000000000000     
  0.99393939393939401        1.0792395603012233E-005   0.0000000000000000     
  0.99545454545454548        1.5559134241801992E-005   0.0000000000000000     
  0.99696969696969695        1.9226868882270236E-005   0.0000000000000000     
  0.99848484848484853        2.1536564066272899E-005   0.0000000000000000     
   1.0000000000000000        2.2325005401296202E-005   0.0000000000000000     
