X My_beautiful_solution_real My_beautiful_solution_imag
   0.0000000000000000        0.0000000000000000        0.0000000000000000     
   2.2727272727272731E-003   9.4123241209637862E-006   0.0000000000000000     
   4.5454545454545461E-003   1.2241578469683015E-005   0.0000000000000000     
   6.8181818181818187E-003   8.0456044522759432E-006   0.0000000000000000     
   9.0909090909090922E-003  -2.5190209906349254E-006   0.0000000000000000     
   1.0909090909090910E-002  -1.4461250930030319E-005   0.0000000000000000     
   1.2727272727272729E-002  -2.8214103040389109E-005   0.0000000000000000     
   1.4545454545454549E-002  -4.2382294563041136E-005   0.0000000000000000     
   1.6363636363636365E-002  -5.5528789079599839E-005   0.0000000000000000     
   1.8181818181818184E-002  -6.6319475597437097E-005   0.0000000000000000     
   2.0454545454545454E-002  -7.4859627555422514E-005   0.0000000000000000     
   2.2727272727272728E-002  -7.6686766042061318E-005   0.0000000000000000     
   2.5000000000000001E-002  -7.1515943162908893E-005   0.0000000000000000     
   2.7272727272727271E-002  -6.0156682038691628E-005   0.0000000000000000     
   2.9090909090909091E-002  -4.7795183442872558E-005   0.0000000000000000     
   3.0909090909090910E-002  -3.3862739030001186E-005   0.0000000000000000     
   3.2727272727272730E-002  -1.9772706293445536E-005   0.0000000000000000     
   3.4545454545454546E-002  -6.9541942444945335E-006   0.0000000000000000     
   3.6363636363636369E-002   3.2918175513751740E-006   0.0000000000000000     
   3.8636363636363642E-002   1.0931942380747071E-005   0.0000000000000000     
   4.0909090909090916E-002   1.1751005523553079E-005   0.0000000000000000     
   4.3181818181818189E-002   5.6221991843849279E-006   0.0000000000000000     
   4.5454545454545463E-002  -6.4946477150233231E-006   0.0000000000000000     
   4.7272727272727279E-002  -1.9235096115765610E-005   0.0000000000000000     
   4.9090909090909095E-002  -3.3301690108087516E-005   0.0000000000000000     
   5.0909090909090911E-002  -4.7267607337916354E-005   0.0000000000000000     
   5.2727272727272727E-002  -5.9716327450953541E-005   0.0000000000000000     
   5.4545454545454543E-002  -6.9384245645674752E-005   0.0000000000000000     
   5.6818181818181816E-002  -7.6099423952069161E-005   0.0000000000000000     
   5.9090909090909097E-002  -7.5907740255756599E-005   0.0000000000000000     
   6.1363636363636370E-002  -6.8840940462699306E-005   0.0000000000000000     
   6.3636363636363644E-002  -5.6006028671996538E-005   0.0000000000000000     
   6.5454545454545460E-002  -4.2928185318530852E-005   0.0000000000000000     
   6.7272727272727276E-002  -2.8773322018466207E-005   0.0000000000000000     
   6.9090909090909106E-002  -1.4977072194957285E-005   0.0000000000000000     
   7.0909090909090922E-002  -2.9387473551814441E-006   0.0000000000000000     
   7.2727272727272738E-002   6.1195438967831273E-006   0.0000000000000000     
   7.5000000000000011E-002   1.1887873135388311E-005   0.0000000000000000     
   7.7272727272727285E-002   1.0686067804613961E-005   0.0000000000000000     
   7.9545454545454558E-002   2.7043239678365910E-006   0.0000000000000000     
   8.1818181818181832E-002  -1.0806789755677299E-005   0.0000000000000000     
   8.3636363636363648E-002  -2.4179372746248550E-005   0.0000000000000000     
   8.5454545454545464E-002  -3.8376337178977447E-005   0.0000000000000000     
   8.7272727272727293E-002  -5.1957921091852114E-005   0.0000000000000000     
   8.9090909090909109E-002  -6.3546585885752922E-005   0.0000000000000000     
   9.0909090909090925E-002  -7.1965705241571514E-005   0.0000000000000000     
   9.3181818181818199E-002  -7.6768371155509668E-005   0.0000000000000000     
   9.5454545454545459E-002  -7.4560364055675611E-005   0.0000000000000000     
   9.7727272727272732E-002  -6.5689709810337773E-005   0.0000000000000000     
  0.10000000000000001       -5.1546462644867753E-005   0.0000000000000000     
  0.10181818181818182       -3.7922756669621471E-005   0.0000000000000000     
  0.10363636363636364       -2.3729996598362635E-005   0.0000000000000000     
  0.10545454545454545       -1.0407376935896972E-005   0.0000000000000000     
  0.10727272727272727        6.9382967209822235E-007   0.0000000000000000     
  0.10909090909090909        8.4463169318250004E-006   0.0000000000000000     
  0.11136363636363636        1.2267654917626827E-005   0.0000000000000000     
  0.11363636363636365        9.0606477896611623E-006   0.0000000000000000     
  0.11590909090909092       -6.6998391662916235E-007   0.0000000000000000     
  0.11818181818181819       -1.5399234236713741E-005   0.0000000000000000     
  0.12000000000000001       -2.9229627469539175E-005   0.0000000000000000     
  0.12181818181818183       -4.3371891398339001E-005   0.0000000000000000     
  0.12363636363636366       -5.6392093120731346E-005   0.0000000000000000     
  0.12545454545454546       -6.6969633319583736E-005   0.0000000000000000     
  0.12727272727272729       -7.4030202602209933E-005   0.0000000000000000     
  0.12954545454545457       -7.6857748802229979E-005   0.0000000000000000     
  0.13181818181818183       -7.2662201773046218E-005   0.0000000000000000     
  0.13409090909090909       -6.2103330496782378E-005   0.0000000000000000     
  0.13636363636363638       -4.6836118645173144E-005   0.0000000000000000     
  0.13818181818181821       -3.2844148022850121E-005   0.0000000000000000     
  0.14000000000000001       -1.8798507316879442E-005   0.0000000000000000     
  0.14181818181818184       -6.1231908434938660E-006   0.0000000000000000     
  0.14363636363636365        3.8961827382343595E-006   0.0000000000000000     
  0.14545454545454548        1.0241804955319940E-005   0.0000000000000000     
  0.14772727272727273        1.2066336910447236E-005   0.0000000000000000     
  0.15000000000000002        6.8959343756969110E-006   0.0000000000000000     
  0.15227272727272728       -4.4567371540044485E-006   0.0000000000000000     
  0.15454545454545454       -2.0212114273141502E-005   0.0000000000000000     
  0.15636363636363637       -3.4320025408385685E-005   0.0000000000000000     
  0.15818181818181820       -4.8223230962054070E-005   0.0000000000000000     
  0.16000000000000000       -6.0512319771623663E-005   0.0000000000000000     
  0.16181818181818183       -6.9940847071020760E-005   0.0000000000000000     
  0.16363636363636366       -7.5550825039464095E-005   0.0000000000000000     
  0.16590909090909092       -7.6366391769533461E-005   0.0000000000000000     
  0.16818181818181821       -7.0237997759931071E-005   0.0000000000000000     
  0.17045454545454547       -5.8128554389972931E-005   0.0000000000000000     
  0.17272727272727273       -4.1936400490348973E-005   0.0000000000000000     
  0.17454545454545456       -2.7758563875849307E-005   0.0000000000000000     
  0.17636363636363639       -1.4043140830691824E-005   0.0000000000000000     
  0.17818181818181819       -2.1803623612373552E-006   0.0000000000000000     
  0.18000000000000002        6.6265661229455022E-006   0.0000000000000000     
  0.18181818181818185        1.1482602071899763E-005   0.0000000000000000     
  0.18409090909090911        1.1286543485691466E-005   0.0000000000000000     
  0.18636363636363640        4.2201466624898668E-006   0.0000000000000000     
  0.18863636363636366       -8.6065718115324401E-006   0.0000000000000000     
  0.19090909090909092       -2.5182689392690165E-005   0.0000000000000000     
  0.19272727272727275       -3.9384208380512201E-005   0.0000000000000000     
  0.19454545454545455       -5.2867114041307323E-005   0.0000000000000000     
  0.19636363636363638       -6.4264889968420174E-005   0.0000000000000000     
  0.19818181818181818       -7.2421494540752984E-005   0.0000000000000000     
  0.20000000000000001       -7.6507749792505405E-005   0.0000000000000000     
  0.20227272727272727       -7.5300705364025110E-005   0.0000000000000000     
  0.20454545454545456       -6.7319353823047857E-005   0.0000000000000000     
  0.20681818181818185       -5.3817196479733602E-005   0.0000000000000000     
  0.20909090909090911       -3.6911180670192843E-005   0.0000000000000000     
  0.21090909090909093       -2.2732299658535915E-005   0.0000000000000000     
  0.21272727272727274       -9.5258878681997221E-006   0.0000000000000000     
  0.21454545454545457        1.3697099887438834E-006   0.0000000000000000     
  0.21636363636363637        8.8493866799788584E-006   0.0000000000000000     
  0.21818181818181820        1.2152533310134784E-005   0.0000000000000000     
  0.22045454545454546        9.9384399928746613E-006   0.0000000000000000     
  0.22272727272727272        1.0681660897504597E-006   0.0000000000000000     
  0.22500000000000001       -1.3065390844556229E-005   0.0000000000000000     
  0.22727272727272727       -3.0246163417583266E-005   0.0000000000000000     
  0.22909090909090910       -4.4356159940686746E-005   0.0000000000000000     
  0.23090909090909092       -5.7243003200020056E-005   0.0000000000000000     
  0.23272727272727273       -6.7600885386834625E-005   0.0000000000000000     
  0.23454545454545456       -7.4379238127882946E-005   0.0000000000000000     
  0.23636363636363639       -7.6888502436357967E-005   0.0000000000000000     
  0.23863636363636365       -7.3674581822342136E-005   0.0000000000000000     
  0.24090909090909093       -6.3944317264136833E-005   0.0000000000000000     
  0.24318181818181822       -4.9225459420060721E-005   0.0000000000000000     
  0.24545454545454548       -3.1825967708165575E-005   0.0000000000000000     
  0.24727272727272731       -1.7830877509081505E-005   0.0000000000000000     
  0.24909090909090911       -5.3056351213813786E-006   0.0000000000000000     
  0.25090909090909091        4.4807476343374443E-006   0.0000000000000000     
  0.25272727272727274        1.0535667827647983E-005   0.0000000000000000     
  0.25454545454545457        1.2242865478680301E-005   0.0000000000000000     
  0.25681818181818183        8.0396002441770423E-006   0.0000000000000000     
  0.25909090909090915       -2.5189182756383203E-006   0.0000000000000000     
  0.26136363636363641       -1.7775069302987511E-005   0.0000000000000000     
  0.26363636363636367       -3.5336529144390537E-005   0.0000000000000000     
  0.26545454545454550       -4.9171065967919021E-005   0.0000000000000000     
  0.26727272727272733       -6.1293854557949398E-005   0.0000000000000000     
  0.26909090909090910       -7.0476818151320151E-005   0.0000000000000000     
  0.27090909090909093       -7.5788556781332153E-005   0.0000000000000000     
  0.27272727272727276       -7.6688119497900868E-005   0.0000000000000000     
  0.27500000000000002       -7.1509219212627321E-005   0.0000000000000000     
  0.27727272727272734       -6.0156884897170951E-005   0.0000000000000000     
  0.27954545454545460       -4.4413200874034972E-005   0.0000000000000000     
  0.28181818181818186       -2.6747052195435297E-005   0.0000000000000000     
  0.28363636363636369       -1.3118192130476534E-005   0.0000000000000000     
  0.28545454545454552       -1.4373976017130316E-006   0.0000000000000000     
  0.28727272727272729        7.1121952386848009E-006   0.0000000000000000     
  0.28909090909090912        1.1663427286156605E-005   0.0000000000000000     
  0.29090909090909095        1.1752421011739130E-005   0.0000000000000000     
  0.29318181818181821        5.6147774230768089E-006   0.0000000000000000     
  0.29545454545454553       -6.4943453747138915E-006   0.0000000000000000     
  0.29772727272727278       -2.2674212045353664E-005   0.0000000000000000     
  0.30000000000000004       -4.0387428810750192E-005   0.0000000000000000     
  0.30181818181818187       -5.3766159579218837E-005   0.0000000000000000     
  0.30363636363636365       -6.4966861411961741E-005   0.0000000000000000     
  0.30545454545454548       -7.2855197740920961E-005   0.0000000000000000     
  0.30727272727272725       -7.6631078691035640E-005   0.0000000000000000     
  0.30909090909090908       -7.5909213159465849E-005   0.0000000000000000     
  0.31136363636363640       -6.8832845097534522E-005   0.0000000000000000     
  0.31363636363636366       -5.6006429508008727E-005   0.0000000000000000     
  0.31590909090909092       -3.9443153212207998E-005   0.0000000000000000     
  0.31818181818181823       -2.1740642629923740E-005   0.0000000000000000     
  0.32000000000000006       -8.6556778622594991E-006   0.0000000000000000     
  0.32181818181818189        2.0283985328705382E-006   0.0000000000000000     
  0.32363636363636367        9.2297493775990816E-006   0.0000000000000000     
  0.32545454545454550        1.2217963637539473E-005   0.0000000000000000     
  0.32727272727272733        1.0687593319753194E-005   0.0000000000000000     
  0.32954545454545459        2.6955814030422221E-006   0.0000000000000000     
  0.33181818181818190       -1.0806291731348767E-005   0.0000000000000000     
  0.33409090909090916       -2.7698954082905861E-005   0.0000000000000000     
  0.33636363636363642       -4.5333019131964087E-005   0.0000000000000000     
  0.33818181818181825       -5.8081539355662551E-005   0.0000000000000000     
  0.34000000000000008       -6.8214142621675748E-005   0.0000000000000000     
  0.34181818181818185       -7.4705019713898005E-005   0.0000000000000000     
  0.34363636363636368       -7.6895820781970725E-005   0.0000000000000000     
  0.34545454545454551       -7.4561937206552159E-005   0.0000000000000000     
  0.34727272727272734       -6.7942463346280040E-005   0.0000000000000000     
  0.34909090909090912       -5.7707277776031541E-005   0.0000000000000000     
  0.35090909090909095       -4.4896036158312657E-005   0.0000000000000000     
  0.35272727272727272       -3.0808143624680129E-005   0.0000000000000000     
  0.35454545454545455       -1.6871932241469233E-005   0.0000000000000000     
  0.35636363636363638       -4.5014639723815970E-006   0.0000000000000000     
  0.35818181818181821        5.0465865040421715E-006   0.0000000000000000     
  0.36000000000000004        1.0805786874397433E-005   0.0000000000000000     
  0.36181818181818187        1.2191999024814659E-005   0.0000000000000000     
  0.36363636363636370        9.0621893585156541E-006   0.0000000000000000     
  0.36545454545454553        1.7362122613856635E-006   0.0000000000000000     
  0.36727272727272731       -9.0442823804791614E-006   0.0000000000000000     
  0.36909090909090914       -2.2184443940019247E-005   0.0000000000000000     
  0.37090909090909091       -3.6351505939991987E-005   0.0000000000000000     
  0.37272727272727274       -5.0108967367106675E-005   0.0000000000000000     
  0.37454545454545457       -6.2061033808576856E-005   0.0000000000000000     
  0.37636363636363640       -7.0993387757291949E-005   0.0000000000000000     
  0.37818181818181823       -7.6002126102062422E-005   0.0000000000000000     
  0.38000000000000006       -7.6579227801522776E-005   0.0000000000000000     
  0.38181818181818189       -7.2663700827052497E-005   0.0000000000000000     
  0.38363636363636372       -6.4655116293861121E-005   0.0000000000000000     
  0.38545454545454549       -5.3364476292883361E-005   0.0000000000000000     
  0.38727272727272732       -3.9938255242612652E-005   0.0000000000000000     
  0.38909090909090910       -2.5738233761252895E-005   0.0000000000000000     
  0.39090909090909093       -1.2204396244025422E-005   0.0000000000000000     
  0.39272727272727276       -7.0971676417010803E-007   0.0000000000000000     
  0.39454545454545459        7.5778051916588912E-006   0.0000000000000000     
  0.39636363636363636        1.1819744056858223E-005   0.0000000000000000     
  0.39818181818181819        1.1585852920655129E-005   0.0000000000000000     
  0.40000000000000002        6.8973802657918878E-006   0.0000000000000000     
  0.40227272727272728       -1.9157513195957268E-006   0.0000000000000000     
  0.40454545454545454       -1.0419536619364829E-005   0.0000000000000000     
  0.40681818181818186       -1.7280255923311830E-005   0.0000000000000000     
  0.40909090909090912       -2.1421162661614806E-005   0.0000000000000000     
  0.41136363636363638       -2.2177666898213669E-005   0.0000000000000000     
  0.41363636363636369       -1.9438415443617634E-005   0.0000000000000000     
  0.41590909090909095       -1.3633902970723101E-005   0.0000000000000000     
  0.41818181818181821       -5.6740265330765038E-006   0.0000000000000000     
  0.42045454545454547        3.1823086961225316E-006   0.0000000000000000     
  0.42272727272727273        1.1529656479181531E-005   0.0000000000000000     
  0.42499999999999999        1.8058882478470757E-005   0.0000000000000000     
  0.42727272727272725        2.1745203968261656E-005   0.0000000000000000     
  0.42954545454545451        2.1995926565835300E-005   0.0000000000000000     
  0.43181818181818177        1.8779961534577262E-005   0.0000000000000000     
  0.43409090909090908        1.2602567667514182E-005   0.0000000000000000     
  0.43636363636363634        4.4321669354694296E-006   0.0000000000000000     
  0.43863636363636360       -4.4384869574951229E-006   0.0000000000000000     
  0.44090909090909092       -1.2602172308807655E-005   0.0000000000000000     
  0.44318181818181818       -1.8778609901365504E-005   0.0000000000000000     
  0.44545454545454544       -2.1998323187333749E-005   0.0000000000000000     
  0.44772727272727275       -2.1742446412921270E-005   0.0000000000000000     
  0.45000000000000001       -1.8060256690454414E-005   0.0000000000000000     
  0.45227272727272727       -1.1530129029101038E-005   0.0000000000000000     
  0.45454545454545459       -3.1758518040346826E-006   0.0000000000000000     
  0.45681818181818185        5.6801890722585107E-006   0.0000000000000000     
  0.45909090909090911        1.3633586092694284E-005   0.0000000000000000     
  0.46136363636363636        1.9437090797536299E-005   0.0000000000000000     
  0.46363636363636362        2.2179694769277695E-005   0.0000000000000000     
  0.46590909090909094        2.1418053166212488E-005   0.0000000000000000     
  0.46818181818181820        1.7281648232068388E-005   0.0000000000000000     
  0.47045454545454546        1.0420084819273650E-005   0.0000000000000000     
  0.47272727272727277        1.9091786166307573E-006   0.0000000000000000     
  0.47500000000000003       -6.9033652229786408E-006   0.0000000000000000     
  0.47727272727272729       -1.4620533869812833E-005   0.0000000000000000     
  0.47954545454545455       -2.0032177528365883E-005   0.0000000000000000     
  0.48181818181818181       -2.2288727169804674E-005   0.0000000000000000     
  0.48409090909090913       -2.1023804835846957E-005   0.0000000000000000     
  0.48636363636363639       -1.6446675594659682E-005   0.0000000000000000     
  0.48863636363636365       -9.2760554525735995E-006   0.0000000000000000     
  0.49090909090909096       -6.3627863396465400E-007   0.0000000000000000     
  0.49318181818181822        8.1040260147433150E-006   0.0000000000000000     
  0.49545454545454548        1.5559796705230266E-005   0.0000000000000000     
  0.49772727272727274        2.0561929215612772E-005   0.0000000000000000     
  0.50000000000000000        2.2325064779214708E-005   0.0000000000000000     
  0.50227272727272720        2.0560987264654837E-005   0.0000000000000000     
  0.50454545454545452        1.5558062045510764E-005   0.0000000000000000     
  0.50681818181818183        8.1017721862960835E-006   0.0000000000000000     
  0.50909090909090904       -6.3869657453314655E-007   0.0000000000000000     
  0.51136363636363635       -9.2782554865915672E-006   0.0000000000000000     
  0.51363636363636367       -1.6448311188680783E-005   0.0000000000000000     
  0.51590909090909087       -2.1024618071595281E-005   0.0000000000000000     
  0.51818181818181819       -2.2288589082219671E-005   0.0000000000000000     
  0.52045454545454550       -2.0031109934375813E-005   0.0000000000000000     
  0.52272727272727271       -1.4618705801995751E-005   0.0000000000000000     
  0.52499999999999991       -6.9010649509743589E-006   0.0000000000000000     
  0.52727272727272723        1.9115886710745297E-006   0.0000000000000000     
  0.52954545454545454        1.0422223883440774E-005   0.0000000000000000     
  0.53181818181818175        1.7283179425892933E-005   0.0000000000000000     
  0.53409090909090906        2.1418735034378687E-005   0.0000000000000000     
  0.53636363636363638        2.2179419044481002E-005   0.0000000000000000     
  0.53863636363636358        1.9435901042477097E-005   0.0000000000000000     
  0.54090909090909089        1.3631670579031746E-005   0.0000000000000000     
  0.54318181818181821        5.6778498590455846E-006   0.0000000000000000     
  0.54545454545454541       -3.1782461119493541E-006   0.0000000000000000     
  0.54772727272727273       -1.1532200146849185E-005   0.0000000000000000     
  0.55000000000000004       -1.8061678490086789E-005   0.0000000000000000     
  0.55227272727272725       -2.1742994689589270E-005   0.0000000000000000     
  0.55454545454545456       -2.1997910724603133E-005   0.0000000000000000     
  0.55681818181818188       -1.8777301865628973E-005   0.0000000000000000     
  0.55909090909090908       -1.2600175596756639E-005   0.0000000000000000     
  0.56136363636363629       -4.4361164324287842E-006   0.0000000000000000     
  0.56363636363636360        4.4345376878081182E-006   0.0000000000000000     
  0.56590909090909092        1.2604564083882655E-005   0.0000000000000000     
  0.56818181818181812        1.8781269302810553E-005   0.0000000000000000     
  0.57045454545454544        2.1996339462797838E-005   0.0000000000000000     
  0.57272727272727275        2.1744656112846318E-005   0.0000000000000000     
  0.57500000000000007        1.8057460428221804E-005   0.0000000000000000     
  0.57727272727272738        1.1527585081027772E-005   0.0000000000000000     
  0.57954545454545459        3.1799145906811208E-006   0.0000000000000000     
  0.58181818181818190       -5.6763659976196027E-006   0.0000000000000000     
  0.58409090909090922       -1.3635818174390819E-005   0.0000000000000000     
  0.58636363636363642       -1.9439604915160079E-005   0.0000000000000000     
  0.58863636363636362       -2.2177943068805463E-005   0.0000000000000000     
  0.59090909090909094       -2.1420481200347647E-005   0.0000000000000000     
  0.59318181818181825       -1.7278724496574102E-005   0.0000000000000000     
  0.59545454545454546       -1.0417397290983944E-005   0.0000000000000000     
  0.59772727272727266       -1.9133414421665260E-006   0.0000000000000000     
  0.59999999999999998        6.8996808123637664E-006   0.0000000000000000     
  0.60227272727272729        1.4622598978185209E-005   0.0000000000000000     
  0.60454545454545450        2.0034538162361298E-005   0.0000000000000000     
  0.60681818181818181        2.2287213206575650E-005   0.0000000000000000     
  0.60909090909090913        2.1026443285147309E-005   0.0000000000000000     
  0.61136363636363633        1.6443633921681171E-005   0.0000000000000000     
  0.61363636363636365        9.2732331094536769E-006   0.0000000000000000     
  0.61590909090909096        6.4052792131386690E-007   0.0000000000000000     
  0.61818181818181817       -8.1004922848757738E-006   0.0000000000000000     
  0.62045454545454548       -1.5561688104917896E-005   0.0000000000000000     
  0.62272727272727280       -2.0564128666761089E-005   0.0000000000000000     
  0.62500000000000000       -2.2323793491027485E-005   0.0000000000000000     
  0.62727272727272732       -2.0563827523805305E-005   0.0000000000000000     
  0.62954545454545463       -1.5554912355478886E-005   0.0000000000000000     
  0.63181818181818183       -8.0988242334311385E-006   0.0000000000000000     
  0.63409090909090904        6.3437468444225335E-007   0.0000000000000000     
  0.63636363636363635        9.2748839627488542E-006   0.0000000000000000     
  0.63863636363636367        1.6450022710874529E-005   0.0000000000000000     
  0.64090909090909087        2.1026649166375537E-005   0.0000000000000000     
  0.64318181818181819        2.2287564615386446E-005   0.0000000000000000     
  0.64545454545454550        2.0034142739857347E-005   0.0000000000000000     
  0.64772727272727271        1.4615458367639910E-005   0.0000000000000000     
  0.65000000000000002        6.8980010031273940E-006   0.0000000000000000     
  0.65227272727272734       -1.9072082741066386E-006   0.0000000000000000     
  0.65454545454545454       -1.0419025561863579E-005   0.0000000000000000     
  0.65681818181818186       -1.7284705488454954E-005   0.0000000000000000     
  0.65909090909090917       -2.1420591148365862E-005   0.0000000000000000     
  0.66136363636363638       -2.2178644740305524E-005   0.0000000000000000     
  0.66363636363636369       -1.9439116502780033E-005   0.0000000000000000     
  0.66590909090909101       -1.3628335991874638E-005   0.0000000000000000     
  0.66818181818181821       -5.6746799092970366E-006   0.0000000000000000     
  0.67045454545454541        3.1738214947906191E-006   0.0000000000000000     
  0.67272727272727273        1.1529185458878970E-005   0.0000000000000000     
  0.67500000000000004        1.8063014115756374E-005   0.0000000000000000     
  0.67727272727272725        2.1744669769058208E-005   0.0000000000000000     
  0.67954545454545456        2.1997389108481963E-005   0.0000000000000000     
  0.68181818181818188        1.8780689493513983E-005   0.0000000000000000     
  0.68409090909090908        1.2596764732570447E-005   0.0000000000000000     
  0.68636363636363640        4.4328508195852650E-006   0.0000000000000000     
  0.68863636363636371       -4.4300832813684186E-006   0.0000000000000000     
  0.69090909090909092       -1.2601742861938543E-005   0.0000000000000000     
  0.69318181818181812       -1.8782410135438402E-005   0.0000000000000000     
  0.69545454545454544       -2.1997828044469102E-005   0.0000000000000000     
  0.69772727272727275       -2.1744388886033192E-005   0.0000000000000000     
  0.69999999999999996       -1.8061009174924521E-005   0.0000000000000000     
  0.70227272727272727       -1.1524109064362962E-005   0.0000000000000000     
  0.70454545454545459       -3.1765639655548352E-006   0.0000000000000000     
  0.70681818181818179        5.6718963299670113E-006   0.0000000000000000     
  0.70909090909090911        1.3633199619901744E-005   0.0000000000000000     
  0.71136363636363642        1.9440547233914833E-005   0.0000000000000000     
  0.71363636363636362        2.2179240297662569E-005   0.0000000000000000     
  0.71590909090909094        2.1420469234403803E-005   0.0000000000000000     
  0.71818181818181825        1.7282422787839353E-005   0.0000000000000000     
  0.72045454545454546        1.0413867458884402E-005   0.0000000000000000     
  0.72272727272727277        1.9099167328367163E-006   0.0000000000000000     
  0.72500000000000009       -6.8952104613413884E-006   0.0000000000000000     
  0.72727272727272729       -1.4620191631579709E-005   0.0000000000000000     
  0.72954545454545450       -2.0035278893866118E-005   0.0000000000000000     
  0.73181818181818181       -2.2288314851700600E-005   0.0000000000000000     
  0.73409090909090913       -2.1026686619100062E-005   0.0000000000000000     
  0.73636363636363633       -1.6447469695514806E-005   0.0000000000000000     
  0.73863636363636365       -9.2696609744847083E-006   0.0000000000000000     
  0.74090909090909096       -6.3704029748688011E-007   0.0000000000000000     
  0.74318181818181817        8.0960358305548487E-006   0.0000000000000000     
  0.74545454545454548        1.5559499817768284E-005   0.0000000000000000     
  0.74772727272727280        2.0564665395116198E-005   0.0000000000000000     
  0.75000000000000000        2.2324695959399074E-005   0.0000000000000000     
  0.75227272727272720        2.0564325364019471E-005   0.0000000000000000     
  0.75454545454545452        1.5558873101485671E-005   0.0000000000000000     
  0.75681818181818183        8.0952214461279766E-006   0.0000000000000000     
  0.75909090909090904       -6.3791384786408245E-007   0.0000000000000000     
  0.76136363636363635       -9.2704559398763919E-006   0.0000000000000000     
  0.76363636363636367       -1.6448060620289925E-005   0.0000000000000000     
  0.76590909090909087       -2.1026980141039269E-005   0.0000000000000000     
  0.76818181818181819       -2.2288264963600137E-005   0.0000000000000000     
  0.77045454545454550       -2.0034893462624921E-005   0.0000000000000000     
  0.77272727272727271       -1.4619531167827785E-005   0.0000000000000000     
  0.77500000000000002       -6.8943793139979711E-006   0.0000000000000000     
  0.77727272727272734        1.9107874341255641E-006   0.0000000000000000     
  0.77954545454545454        1.0414640412457872E-005   0.0000000000000000     
  0.78181818181818186        1.7282975993803237E-005   0.0000000000000000     
  0.78409090909090917        2.1420715289862336E-005   0.0000000000000000     
  0.78636363636363638        2.2179140684171824E-005   0.0000000000000000     
  0.78863636363636358        1.9440117659614812E-005   0.0000000000000000     
  0.79090909090909089        1.3632507562785998E-005   0.0000000000000000     
  0.79318181818181821        5.6710511304981089E-006   0.0000000000000000     
  0.79545454545454541       -3.1774289779581800E-006   0.0000000000000000     
  0.79772727272727273       -1.1524857485125592E-005   0.0000000000000000     
  0.80000000000000004       -1.8061522857792695E-005   0.0000000000000000     
  0.80227272727272725       -2.1744586672499708E-005   0.0000000000000000     
  0.80454545454545456       -2.1997679030477984E-005   0.0000000000000000     
  0.80681818181818188       -1.8781937819138416E-005   0.0000000000000000     
  0.80909090909090908       -1.2601021468606834E-005   0.0000000000000000     
  0.81090909090909091       -6.1669411367387291E-006   0.0000000000000000     
  0.81272727272727274        8.9265854698517218E-007   0.0000000000000000     
  0.81454545454545457        7.8617205758114332E-006   0.0000000000000000     
  0.81636363636363640        1.4033394260899162E-005   0.0000000000000000     
  0.81818181818181823        1.8781200102244455E-005   0.0000000000000000     
  0.82045454545454555        2.1997557817418260E-005   0.0000000000000000     
  0.82272727272727275        2.1744470278580384E-005   0.0000000000000000     
  0.82499999999999996        1.8062477883695317E-005   0.0000000000000000     
  0.82727272727272727        1.1528396780557267E-005   0.0000000000000000     
  0.82909090909090910        4.9319502297133577E-006   0.0000000000000000     
  0.83090909090909093       -2.1646838591780779E-006   0.0000000000000000     
  0.83272727272727276       -9.0417632022279210E-006   0.0000000000000000     
  0.83454545454545459       -1.5001766633640636E-005   0.0000000000000000     
  0.83636363636363642       -1.9439619691562281E-005   0.0000000000000000     
  0.83863636363636362       -2.2178780681969601E-005   0.0000000000000000     
  0.84090909090909094       -2.1420338728664331E-005   0.0000000000000000     
  0.84318181818181825       -1.7284104511675179E-005   0.0000000000000000     
  0.84545454545454546       -1.0418170525494593E-005   0.0000000000000000     
  0.84727272727272729       -3.6808730393479911E-006   0.0000000000000000     
  0.84909090909090912        3.4296487355842656E-006   0.0000000000000000     
  0.85090909090909095        1.0192314783927896E-005   0.0000000000000000     
  0.85272727272727278        1.5921208531128084E-005   0.0000000000000000     
  0.85454545454545461        2.0034634093111570E-005   0.0000000000000000     
  0.85681818181818192        2.2287664181043130E-005   0.0000000000000000     
  0.85909090909090913        2.1026341583602486E-005   0.0000000000000000     
  0.86136363636363644        1.6449356482672606E-005   0.0000000000000000     
  0.86363636363636376        9.2739638701533486E-006   0.0000000000000000     
  0.86545454545454559        2.4177901384839332E-006   0.0000000000000000     
  0.86727272727272742       -4.6834273066252463E-006   0.0000000000000000     
  0.86909090909090914       -1.1309622627173865E-005   0.0000000000000000     
  0.87090909090909097       -1.6788721057957086E-005   0.0000000000000000     
  0.87272727272727280       -2.0564302579632348E-005   0.0000000000000000     
  0.87500000000000000       -2.2323853175041652E-005   0.0000000000000000     
  0.87727272727272732       -2.0563763923214464E-005   0.0000000000000000     
  0.87954545454545463       -1.5560956450544897E-005   0.0000000000000000     
  0.88181818181818183       -8.0995088133588843E-006   0.0000000000000000     
  0.88363636363636366       -1.1468212583605853E-006   0.0000000000000000     
  0.88545454545454549        5.9219301885064095E-006   0.0000000000000000     
  0.88727272727272721        1.2390042467585768E-005   0.0000000000000000     
  0.88909090909090904        1.7601474694027622E-005   0.0000000000000000     
  0.89090909090909087        2.1026897559208057E-005   0.0000000000000000     
  0.89318181818181819        2.2287229628222136E-005   0.0000000000000000     
  0.89545454545454550        2.0034114512788820E-005   0.0000000000000000     
  0.89772727272727271        1.4621802063071606E-005   0.0000000000000000     
  0.90000000000000002        6.8986360135582459E-006   0.0000000000000000     
  0.90181818181818185       -1.2788814850055316E-007   0.0000000000000000     
  0.90363636363636368       -7.1411178213495471E-006   0.0000000000000000     
  0.90545454545454551       -1.3430050356448722E-005   0.0000000000000000     
  0.90727272727272734       -1.8356818523441766E-005   0.0000000000000000     
  0.90909090909090917       -2.1420910210061400E-005   0.0000000000000000     
  0.91136363636363638       -2.2177912993686059E-005   0.0000000000000000     
  0.91363636363636369       -1.9439120882022807E-005   0.0000000000000000     
  0.91590909090909101       -1.3634956510851563E-005   0.0000000000000000     
  0.91818181818181821       -5.6752622945663181E-006   0.0000000000000000     
  0.92000000000000004        1.4021804292968323E-006   0.0000000000000000     
  0.92181818181818187        8.3370136448094339E-006   0.0000000000000000     
  0.92363636363636359        1.4426254154588097E-005   0.0000000000000000     
  0.92545454545454542        1.9052288880854374E-005   0.0000000000000000     
  0.92727272727272725        2.1745055401797857E-005   0.0000000000000000     
  0.92954545454545456        2.1996259823765426E-005   0.0000000000000000     
  0.93181818181818188        1.8780723690429089E-005   0.0000000000000000     
  0.93409090909090908        1.2603638536253789E-005   0.0000000000000000     
  0.93636363636363640        4.4333778702658804E-006   0.0000000000000000     
  0.93863636363636371       -4.4373272763577275E-006   0.0000000000000000     
  0.94090909090909092       -1.2601246599547979E-005   0.0000000000000000     
  0.94318181818181812       -1.8778064139900079E-005   0.0000000000000000     
  0.94545454545454544       -2.1998243776854919E-005   0.0000000000000000     
  0.94772727272727275       -2.1742845899761281E-005   0.0000000000000000     
  0.94999999999999996       -1.8061071713179234E-005   0.0000000000000000     
  0.95227272727272727       -1.1531231066052234E-005   0.0000000000000000     
  0.95454545454545459       -3.1770672739308822E-006   0.0000000000000000     
  0.95681818181818179        5.6790522056490345E-006   0.0000000000000000     
  0.95909090909090911        1.3632706929045055E-005   0.0000000000000000     
  0.96136363636363642        1.9436607972945020E-005   0.0000000000000000     
  0.96363636363636362        2.2179684773781511E-005   0.0000000000000000     
  0.96590909090909094        2.1418517579033876E-005   0.0000000000000000     
  0.96818181818181825        1.7282513463465097E-005   0.0000000000000000     
  0.97045454545454546        1.0421214430137421E-005   0.0000000000000000     
  0.97272727272727277        1.9103946573657013E-006   0.0000000000000000     
  0.97500000000000009       -6.9022548787930769E-006   0.0000000000000000     
  0.97727272727272729       -1.4619704119170466E-005   0.0000000000000000     
  0.97954545454545450       -2.0031759215383417E-005   0.0000000000000000     
  0.98181818181818181       -2.2288786621891506E-005   0.0000000000000000     
  0.98409090909090913       -2.1024332659965279E-005   0.0000000000000000     
  0.98636363636363633       -1.6447588212772330E-005   0.0000000000000000     
  0.98863636363636365       -9.2772089531186249E-006   0.0000000000000000     
  0.99090909090909096       -6.3749127941542695E-007   0.0000000000000000     
  0.99318181818181817        8.1029458143747497E-006   0.0000000000000000     
  0.99545454545454548        1.5559019073830604E-005   0.0000000000000000     
  0.99772727272727280        2.0561576778568989E-005   0.0000000000000000     
   1.0000000000000000        2.2325193484981269E-005   0.0000000000000000     
