X My_beautiful_solution_real My_beautiful_solution_imag
   0.0000000000000000        5.4801093718856949E-028   0.0000000000000000     
   7.5757575757575747E-004   3.7967328090113252E-006   0.0000000000000000     
   1.5151515151515149E-003   6.9530502627767806E-006   0.0000000000000000     
   2.2727272727272731E-003   9.4129681406142441E-006   0.0000000000000000     
   3.0303030303030307E-003   1.1132854397474387E-005   0.0000000000000000     
   3.7878787878787880E-003   1.2082203074066776E-005   0.0000000000000000     
   4.5454545454545461E-003   1.2244175387032910E-005   0.0000000000000000     
   5.3030303030303034E-003   1.1615898401743666E-005   0.0000000000000000     
   6.0606060606060615E-003   1.0208515990103255E-005   0.0000000000000000     
   6.8181818181818187E-003   8.0469911695114519E-006   0.0000000000000000     
   7.5757575757575760E-003   5.1696633289360762E-006   0.0000000000000000     
   8.3333333333333350E-003   1.6275681956640991E-006   0.0000000000000000     
   9.0909090909090922E-003  -2.5164673953859298E-006   0.0000000000000000     
   9.9173553719008288E-003  -7.6371160451466940E-006   0.0000000000000000     
   1.0743801652892564E-002  -1.3278411312648675E-005   0.0000000000000000     
   1.1570247933884299E-002  -1.9321306138257397E-005   0.0000000000000000     
   1.2396694214876035E-002  -2.5638278591893858E-005   0.0000000000000000     
   1.3223140495867772E-002  -3.2096022941320575E-005   0.0000000000000000     
   1.4049586776859507E-002  -3.8558262774790431E-005   0.0000000000000000     
   1.4876033057851241E-002  -4.4888626813308338E-005   0.0000000000000000     
   1.5702479338842976E-002  -5.0953526724856045E-005   0.0000000000000000     
   1.6528925619834715E-002  -5.6624976210685265E-005   0.0000000000000000     
   1.7355371900826450E-002  -6.1783291873076816E-005   0.0000000000000000     
   1.8181818181818184E-002  -6.6319618868744947E-005   0.0000000000000000     
   1.8939393939393940E-002  -6.9849496954919857E-005   0.0000000000000000     
   1.9696969696969699E-002  -7.2713512799139191E-005   0.0000000000000000     
   2.0454545454545454E-002  -7.4860866791601790E-005   0.0000000000000000     
   2.1212121212121213E-002  -7.6253470894093063E-005   0.0000000000000000     
   2.1969696969696969E-002  -7.6866624214976114E-005   0.0000000000000000     
   2.2727272727272728E-002  -7.6689451133743572E-005   0.0000000000000000     
   2.3484848484848483E-002  -7.5725094204027592E-005   0.0000000000000000     
   2.4242424242424242E-002  -7.3990658413510875E-005   0.0000000000000000     
   2.5000000000000001E-002  -7.1516907789411185E-005   0.0000000000000000     
   2.5757575757575757E-002  -6.8347719730906738E-005   0.0000000000000000     
   2.6515151515151512E-002  -6.4539306747115908E-005   0.0000000000000000     
   2.7272727272727271E-002  -6.0159219404816741E-005   0.0000000000000000     
   2.8099173553719006E-002  -5.4820481959599339E-005   0.0000000000000000     
   2.8925619834710745E-002  -4.9006690551070283E-005   0.0000000000000000     
   2.9752066115702479E-002  -4.2840532388406773E-005   0.0000000000000000     
   3.0578512396694214E-002  -3.6452130601791178E-005   0.0000000000000000     
   3.1404958677685953E-002  -2.9976298281552868E-005   0.0000000000000000     
   3.2231404958677684E-002  -2.3549693546056232E-005   0.0000000000000000     
   3.3057851239669422E-002  -1.7307935674368601E-005   0.0000000000000000     
   3.3884297520661161E-002  -1.1382743161330780E-005   0.0000000000000000     
   3.4710743801652899E-002  -5.8991540900383480E-006   0.0000000000000000     
   3.5537190082644637E-002  -9.7288747965783420E-007   0.0000000000000000     
   3.6363636363636369E-002   3.2920987085395945E-006   0.0000000000000000     
   3.7121212121212124E-002   6.5436083432541334E-006   0.0000000000000000     
   3.7878787878787887E-002   9.1059807535357099E-006   0.0000000000000000     
   3.8636363636363642E-002   1.0933766638232452E-005   0.0000000000000000     
   3.9393939393939398E-002   1.1994546201228407E-005   0.0000000000000000     
   4.0151515151515160E-002   1.2269504187714735E-005   0.0000000000000000     
   4.0909090909090916E-002   1.1753763614048647E-005   0.0000000000000000     
   4.1666666666666671E-002   1.0456472271766881E-005   0.0000000000000000     
   4.2424242424242434E-002   8.4006404714161003E-006   0.0000000000000000     
   4.3181818181818189E-002   5.6227329041696398E-006   0.0000000000000000     
   4.3939393939393945E-002   2.1720218604599916E-006   0.0000000000000000     
   4.4696969696969707E-002  -1.8902867222838946E-006   0.0000000000000000     
   4.5454545454545463E-002  -6.4921388813326959E-006   0.0000000000000000     
   4.6280991735537194E-002  -1.2031551270129125E-005   0.0000000000000000     
   4.7107438016528932E-002  -1.7998875440520355E-005   0.0000000000000000     
   4.7933884297520664E-002  -2.4268184213961965E-005   0.0000000000000000     
   4.8760330578512402E-002  -3.0707177694772548E-005   0.0000000000000000     
   4.9586776859504134E-002  -3.7179975166810249E-005   0.0000000000000000     
   5.0413223140495872E-002  -4.3549982555470877E-005   0.0000000000000000     
   5.1239669421487603E-002  -4.9682774943514344E-005   0.0000000000000000     
   5.2066115702479342E-002  -5.5448933311629432E-005   0.0000000000000000     
   5.2892561983471073E-002  -6.0726775640610917E-005   0.0000000000000000     
   5.3719008264462811E-002  -6.5404924741233105E-005   0.0000000000000000     
   5.4545454545454543E-002  -6.9384658623500991E-005   0.0000000000000000     
   5.5303030303030298E-002  -7.2347194058160414E-005   0.0000000000000000     
   5.6060606060606061E-002  -7.4599565108296795E-005   0.0000000000000000     
   5.6818181818181816E-002  -7.6101821027581285E-005   0.0000000000000000     
   5.7575757575757579E-002  -7.6827316008632878E-005   0.0000000000000000     
   5.8333333333333334E-002  -7.6763181804921226E-005   0.0000000000000000     
   5.9090909090909097E-002  -7.5910555977375070E-005   0.0000000000000000     
   5.9848484848484852E-002  -7.4284561717241089E-005   0.0000000000000000     
   6.0606060606060608E-002  -7.1914039603079703E-005   0.0000000000000000     
   6.1363636363636370E-002  -6.8841036049776473E-005   0.0000000000000000     
   6.2121212121212126E-002  -6.5120057523048038E-005   0.0000000000000000     
   6.2878787878787881E-002  -6.0817103747588073E-005   0.0000000000000000     
   6.3636363636363644E-002  -5.6008497057026936E-005   0.0000000000000000     
   6.4462809917355382E-002  -5.0286478136484323E-005   0.0000000000000000     
   6.5289256198347120E-002  -4.4185085375352788E-005   0.0000000000000000     
   6.6115702479338845E-002  -3.7833075173261938E-005   0.0000000000000000     
   6.6942148760330583E-002  -3.1364492656631297E-005   0.0000000000000000     
   6.7768595041322321E-002  -2.4915842952762315E-005   0.0000000000000000     
   6.8595041322314060E-002  -1.8623210551019038E-005   0.0000000000000000     
   6.9421487603305798E-002  -1.2619387540674724E-005   0.0000000000000000     
   7.0247933884297536E-002  -7.0310713275700000E-006   0.0000000000000000     
   7.1074380165289261E-002  -1.9761909655650374E-006   0.0000000000000000     
   7.1900826446280999E-002   2.4385814752965018E-006   0.0000000000000000     
   7.2727272727272738E-002   6.1200819869075862E-006   0.0000000000000000     
   7.3484848484848500E-002   8.7839800466937479E-006   0.0000000000000000     
   7.4242424242424249E-002   1.0719002970479833E-005   0.0000000000000000     
   7.5000000000000011E-002   1.1890828877790592E-005   0.0000000000000000     
   7.5757575757575774E-002   1.2278672863065417E-005   0.0000000000000000     
   7.6515151515151522E-002   1.1875655661597797E-005   0.0000000000000000     
   7.7272727272727285E-002   1.0688925668400807E-005   0.0000000000000000     
   7.8030303030303047E-002   8.7395321457245706E-006   0.0000000000000000     
   7.8787878787878796E-002   6.0620518681705470E-006   0.0000000000000000     
   7.9545454545454558E-002   2.7039758276705942E-006   0.0000000000000000     
   8.0303030303030321E-002  -1.2751331235361901E-006   0.0000000000000000     
   8.1060606060606069E-002  -5.8046967508755034E-006   0.0000000000000000     
   8.1818181818181832E-002  -1.0804373297404107E-005   0.0000000000000000     
   8.2644628099173570E-002  -1.6690334713308744E-005   0.0000000000000000     
   8.3471074380165308E-002  -2.2905894590182041E-005   0.0000000000000000     
   8.4297520661157033E-002  -2.9319887283922660E-005   0.0000000000000000     
   8.5123966942148771E-002  -3.5796959664713629E-005   0.0000000000000000     
   8.5950413223140509E-002  -4.2200427445446344E-005   0.0000000000000000     
   8.6776859504132248E-002  -4.8395159601315738E-005   0.0000000000000000     
   8.7603305785123986E-002  -5.4250430011209404E-005   0.0000000000000000     
   8.8429752066115724E-002  -5.9642676143360813E-005   0.0000000000000000     
   8.9256198347107449E-002  -6.4458106569316738E-005   0.0000000000000000     
   9.0082644628099187E-002  -6.8595102280336005E-005   0.0000000000000000     
   9.0909090909090925E-002  -7.1966361131829690E-005   0.0000000000000000     
   9.1666666666666688E-002  -7.4322932734968822E-005   0.0000000000000000     
   9.2424242424242437E-002  -7.5934295889826145E-005   0.0000000000000000     
   9.3181818181818199E-002  -7.6771869532620224E-005   0.0000000000000000     
   9.3939393939393948E-002  -7.6820797455652619E-005   0.0000000000000000     
   9.4696969696969710E-002  -7.6080211814772187E-005   0.0000000000000000     
   9.5454545454545459E-002  -7.4563248522497623E-005   0.0000000000000000     
   9.6212121212121221E-002  -7.2296814253764227E-005   0.0000000000000000     
   9.6969696969696983E-002  -6.9321109196962625E-005   0.0000000000000000     
   9.7727272727272732E-002  -6.5688914015326382E-005   0.0000000000000000     
   9.8484848484848495E-002  -6.1464653665973284E-005   0.0000000000000000     
   9.9242424242424243E-002  -5.6723254681826842E-005   0.0000000000000000     
  0.10000000000000001       -5.1548816185031482E-005   0.0000000000000000     
  0.10082644628099174       -4.5518111056493029E-005   0.0000000000000000     
  0.10165289256198347       -3.9208657928278069E-005   0.0000000000000000     
  0.10247933884297521       -3.2753603853891738E-005   0.0000000000000000     
  0.10330578512396695       -2.6289168472772339E-005   0.0000000000000000     
  0.10413223140495868       -1.9951769396101340E-005   0.0000000000000000     
  0.10495867768595041       -1.3875143414809186E-005   0.0000000000000000     
  0.10578512396694215       -8.1875242804119900E-006   0.0000000000000000     
  0.10661157024793388       -3.0089366153063401E-006   0.0000000000000000     
  0.10743801652892562        1.5513369414492544E-006   0.0000000000000000     
  0.10826446280991735        5.3970619025008883E-006   0.0000000000000000     
  0.10909090909090909        8.4470827482274195E-006   0.0000000000000000     
  0.10984848484848485        1.0488641247968885E-005   0.0000000000000000     
  0.11060606060606060        1.1771088702211771E-005   0.0000000000000000     
  0.11136363636363636        1.2271678089358023E-005   0.0000000000000000     
  0.11212121212121212        1.1981530357432785E-005   0.0000000000000000     
  0.11287878787878788        1.0905791913567704E-005   0.0000000000000000     
  0.11363636363636365        9.0635433411707340E-006   0.0000000000000000     
  0.11439393939393940        6.4874609638813167E-006   0.0000000000000000     
  0.11515151515151516        3.2232372592203019E-006   0.0000000000000000     
  0.11590909090909092       -6.7122959782979766E-007   0.0000000000000000     
  0.11666666666666667       -5.1268626860918010E-006   0.0000000000000000     
  0.11742424242424243       -1.0064631569069538E-005   0.0000000000000000     
  0.11818181818181819       -1.5396954073273977E-005   0.0000000000000000     
  0.11900826446280993       -2.1552732007812749E-005   0.0000000000000000     
  0.11983471074380167       -2.7935498262699193E-005   0.0000000000000000     
  0.12066115702479339       -3.4410558673038323E-005   0.0000000000000000     
  0.12148760330578513       -4.0841271409920448E-005   0.0000000000000000     
  0.12231404958677687       -4.7091930503984452E-005   0.0000000000000000     
  0.12314049586776861       -5.3030629619789064E-005   0.0000000000000000     
  0.12396694214876035       -5.8532045647257968E-005   0.0000000000000000     
  0.12479338842975209       -6.3480083368735400E-005   0.0000000000000000     
  0.12561983471074381       -6.7770325391811758E-005   0.0000000000000000     
  0.12644628099173555       -7.1312235647415383E-005   0.0000000000000000     
  0.12727272727272729       -7.4031069953329746E-005   0.0000000000000000     
  0.12803030303030305       -7.5750956210189884E-005   0.0000000000000000     
  0.12878787878787881       -7.6700304886782237E-005   0.0000000000000000     
  0.12954545454545457       -7.6862277199748355E-005   0.0000000000000000     
  0.13030303030303031       -7.6234000214459204E-005   0.0000000000000000     
  0.13106060606060607       -7.4826617802818701E-005   0.0000000000000000     
  0.13181818181818183       -7.2665092982226868E-005   0.0000000000000000     
  0.13257575757575760       -6.9787765141651509E-005   0.0000000000000000     
  0.13333333333333336       -6.6245670008379493E-005   0.0000000000000000     
  0.13409090909090909       -6.2101634417329536E-005   0.0000000000000000     
  0.13484848484848486       -5.7429161939179001E-005   0.0000000000000000     
  0.13560606060606062       -5.2311129133139750E-005   0.0000000000000000     
  0.13636363636363638       -4.6838315549199618E-005   0.0000000000000000     
  0.13719008264462812       -4.0577543676790621E-005   0.0000000000000000     
  0.13801652892561986       -3.4142283552083573E-005   0.0000000000000000     
  0.13884297520661160       -2.7668337106994158E-005   0.0000000000000000     
  0.13966942148760333       -2.1292322662658658E-005   0.0000000000000000     
  0.14049586776859507       -1.5148791901952875E-005   0.0000000000000000     
  0.14132231404958678       -9.3673904537797111E-006   0.0000000000000000     
  0.14214876033057852       -4.0701220088389510E-006   0.0000000000000000     
  0.14297520661157026        6.3122629842381747E-007   0.0000000000000000     
  0.14380165289256200        4.6374429100782149E-006   0.0000000000000000     
  0.14462809917355374        7.8639854851742010E-006   0.0000000000000000     
  0.14545454545454548        1.0242764978886395E-005   0.0000000000000000     
  0.14621212121212124        1.1635369081377636E-005   0.0000000000000000     
  0.14696969696969697        1.2248522402260678E-005   0.0000000000000000     
  0.14772727272727273        1.2071349321028126E-005   0.0000000000000000     
  0.14848484848484850        1.1106992391312215E-005   0.0000000000000000     
  0.14924242424242426        9.3725566007953825E-006   0.0000000000000000     
  0.15000000000000002        6.8988059766957236E-006   0.0000000000000000     
  0.15075757575757576        3.7296179181913738E-006   0.0000000000000000     
  0.15151515151515152       -7.8795065599555909E-008   0.0000000000000000     
  0.15227272727272728       -4.4588824078986571E-006   0.0000000000000000     
  0.15303030303030302       -9.3329536418977390E-006   0.0000000000000000     
  0.15378787878787878       -1.4614556411779935E-005   0.0000000000000000     
  0.15454545454545454       -2.0210009895081666E-005   0.0000000000000000     
  0.15537190082644628       -2.6555354368828737E-005   0.0000000000000000     
  0.15619834710743802       -3.3022117882413009E-005   0.0000000000000000     
  0.15702479338842976       -3.9473833694573236E-005   0.0000000000000000     
  0.15785123966942149       -4.5774352612513704E-005   0.0000000000000000     
  0.15867768595041323       -5.1790716119466810E-005   0.0000000000000000     
  0.15950413223140497       -5.7395962170162299E-005   0.0000000000000000     
  0.16033057851239671       -6.2471804443956901E-005   0.0000000000000000     
  0.16115702479338845       -6.6911128516012526E-005   0.0000000000000000     
  0.16198347107438019       -7.0620252270358952E-005   0.0000000000000000     
  0.16280991735537192       -7.3520902853711553E-005   0.0000000000000000     
  0.16363636363636366       -7.5551868450947802E-005   0.0000000000000000     
  0.16439393939393943       -7.6612648013943738E-005   0.0000000000000000     
  0.16515151515151516       -7.6887606000430064E-005   0.0000000000000000     
  0.16590909090909092       -7.6371865426763975E-005   0.0000000000000000     
  0.16666666666666669       -7.5074574084482270E-005   0.0000000000000000     
  0.16742424242424245       -7.3018742284131403E-005   0.0000000000000000     
  0.16818181818181821       -7.0240834716885000E-005   0.0000000000000000     
  0.16893939393939394       -6.6790123673175490E-005   0.0000000000000000     
  0.16969696969696971       -6.2727815090431521E-005   0.0000000000000000     
  0.17045454545454547       -5.8125962931382800E-005   0.0000000000000000     
  0.17121212121212120       -5.3066191148813517E-005   0.0000000000000000     
  0.17196969696969697       -4.7638245905530591E-005   0.0000000000000000     
  0.17272727272727273       -4.1938403729102054E-005   0.0000000000000000     
  0.17355371900826447       -3.5529183848796008E-005   0.0000000000000000     
  0.17438016528925621       -2.9052010184784303E-005   0.0000000000000000     
  0.17520661157024794       -2.2643569161528732E-005   0.0000000000000000     
  0.17603305785123968       -1.6439096753116461E-005   0.0000000000000000     
  0.17685950413223142       -1.0569524627160972E-005   0.0000000000000000     
  0.17768595041322316       -5.1587171214975268E-006   0.0000000000000000     
  0.17851239669421490       -3.2085736132090053E-007   0.0000000000000000     
  0.17933884297520664        3.8419623231281650E-006   0.0000000000000000     
  0.18016528925619837        7.2418948294297107E-006   0.0000000000000000     
  0.18099173553719011        9.8071921017428444E-006   0.0000000000000000     
  0.18181818181818185        1.1483719214865777E-005   0.0000000000000000     
  0.18257575757575761        1.2209214195917353E-005   0.0000000000000000     
  0.18333333333333335        1.2145079992205674E-005   0.0000000000000000     
  0.18409090909090911        1.1292454164659513E-005   0.0000000000000000     
  0.18484848484848487        9.6664599045256245E-006   0.0000000000000000     
  0.18560606060606064        7.2959377903641081E-006   0.0000000000000000     
  0.18636363636363640        4.2229342370608943E-006   0.0000000000000000     
  0.18712121212121213        5.0195571033265544E-007   0.0000000000000000     
  0.18787878787878790       -3.8009980651274770E-006   0.0000000000000000     
  0.18863636363636366       -8.6096047556884778E-006   0.0000000000000000     
  0.18939393939393939       -1.3838573162958268E-005   0.0000000000000000     
  0.19015151515151515       -1.9395156050469086E-005   0.0000000000000000     
  0.19090909090909092       -2.5180795219570050E-005   0.0000000000000000     
  0.19173553719008266       -3.1632984963356439E-005   0.0000000000000000     
  0.19256198347107439       -3.8099441583598798E-005   0.0000000000000000     
  0.19338842975206613       -4.4443704815340885E-005   0.0000000000000000     
  0.19421487603305787       -5.0531893014842312E-005   0.0000000000000000     
  0.19504132231404961       -5.6235528435529099E-005   0.0000000000000000     
  0.19586776859504132       -6.1434248466725610E-005   0.0000000000000000     
  0.19669421487603306       -6.6018345620306724E-005   0.0000000000000000     
  0.19752066115702480       -6.9891082664590070E-005   0.0000000000000000     
  0.19834710743801653       -7.2970734049694917E-005   0.0000000000000000     
  0.19917355371900827       -7.5192310544469190E-005   0.0000000000000000     
  0.20000000000000001       -7.6508930690505789E-005   0.0000000000000000     
  0.20075757575757577       -7.6896774675780640E-005   0.0000000000000000     
  0.20151515151515154       -7.6493757474313051E-005   0.0000000000000000     
  0.20227272727272727       -7.5307027481116059E-005   0.0000000000000000     
  0.20303030303030303       -7.3357633958439980E-005   0.0000000000000000     
  0.20378787878787880       -7.0680153680885937E-005   0.0000000000000000     
  0.20454545454545456       -6.7322077640385999E-005   0.0000000000000000     
  0.20530303030303032       -6.3342968689179317E-005   0.0000000000000000     
  0.20606060606060608       -5.8813405061839940E-005   0.0000000000000000     
  0.20681818181818185       -5.3813728515311541E-005   0.0000000000000000     
  0.20757575757575758       -4.8432619291432636E-005   0.0000000000000000     
  0.20833333333333334       -4.2765523178124604E-005   0.0000000000000000     
  0.20909090909090911       -3.6912958568762589E-005   0.0000000000000000     
  0.20991735537190084       -3.0438844663337831E-005   0.0000000000000000     
  0.21074380165289258       -2.4004197324292329E-005   0.0000000000000000     
  0.21157024793388432       -1.7744805552056190E-005   0.0000000000000000     
  0.21239669421487606       -1.1792759965928546E-005   0.0000000000000000     
  0.21322314049586780       -6.2736653237390331E-006   0.0000000000000000     
  0.21404958677685951       -1.3039899111853842E-006   0.0000000000000000     
  0.21487603305785125        3.0113922637002210E-006   0.0000000000000000     
  0.21570247933884298        6.5814146045366227E-006   0.0000000000000000     
  0.21652892561983472        9.3307396857390483E-006   0.0000000000000000     
  0.21735537190082646        1.1201349082208205E-005   0.0000000000000000     
  0.21818181818181820        1.2153767719904574E-005   0.0000000000000000     
  0.21893939393939396        1.2202695642936937E-005   0.0000000000000000     
  0.21969696969696970        1.1462110002056592E-005   0.0000000000000000     
  0.22045454545454546        9.9451467097820848E-006   0.0000000000000000     
  0.22121212121212122        7.6787124410487980E-006   0.0000000000000000     
  0.22196969696969698        4.7030073842471670E-006   0.0000000000000000     
  0.22272727272727272        1.0708122026110688E-006   0.0000000000000000     
  0.22348484848484848       -3.1534481467419552E-006   0.0000000000000000     
  0.22424242424242424       -7.8948471308885467E-006   0.0000000000000000     
  0.22500000000000001       -1.3069285627683758E-005   0.0000000000000000     
  0.22575757575757574       -1.8584983608358937E-005   0.0000000000000000     
  0.22651515151515150       -2.4344108057861344E-005   0.0000000000000000     
  0.22727272727272727       -3.0244508258197540E-005   0.0000000000000000     
  0.22809917355371900       -3.6719429111360491E-005   0.0000000000000000     
  0.22892561983471074       -4.3101278687045222E-005   0.0000000000000000     
  0.22975206611570248       -4.9255382164843189E-005   0.0000000000000000     
  0.23057851239669422       -5.5051870802041429E-005   0.0000000000000000     
  0.23140495867768596       -6.0368422526167329E-005   0.0000000000000000     
  0.23223140495867770       -6.5092843271840654E-005   0.0000000000000000     
  0.23305785123966943       -6.9125434588338230E-005   0.0000000000000000     
  0.23388429752066117       -7.2381097554889118E-005   0.0000000000000000     
  0.23471074380165291       -7.4791128605227714E-005   0.0000000000000000     
  0.23553719008264465       -7.6304669364350873E-005   0.0000000000000000     
  0.23636363636363639       -7.6889779902073209E-005   0.0000000000000000     
  0.23712121212121215       -7.6599632170147925E-005   0.0000000000000000     
  0.23787878787878791       -7.5523893726282937E-005   0.0000000000000000     
  0.23863636363636365       -7.3681645153885923E-005   0.0000000000000000     
  0.23939393939393941       -7.1105562776596637E-005   0.0000000000000000     
  0.24015151515151517       -6.7841339071935625E-005   0.0000000000000000     
  0.24090909090909093       -6.3946872214885536E-005   0.0000000000000000     
  0.24166666666666670       -5.9491239126623569E-005   0.0000000000000000     
  0.24242424242424246       -5.4553470243645812E-005   0.0000000000000000     
  0.24318181818181822       -4.9221147739441552E-005   0.0000000000000000     
  0.24393939393939396       -4.3588852062332356E-005   0.0000000000000000     
  0.24469696969696972       -3.7756484343542719E-005   0.0000000000000000     
  0.24545454545454548       -3.1827494431274255E-005   0.0000000000000000     
  0.24628099173553722       -2.5372886476369145E-005   0.0000000000000000     
  0.24710743801652896       -1.9064650930879126E-005   0.0000000000000000     
  0.24793388429752070       -1.3035909153919503E-005   0.0000000000000000     
  0.24876033057851243       -7.4138844067721483E-006   0.0000000000000000     
  0.24958677685950417       -2.3172170873768207E-006   0.0000000000000000     
  0.25041322314049591        2.1465389129254506E-006   0.0000000000000000     
  0.25123966942148762        5.8831858963438500E-006   0.0000000000000000     
  0.25206611570247939        8.8138701927091215E-006   0.0000000000000000     
  0.25289256198347110        1.0876746191828071E-005   0.0000000000000000     
  0.25371900826446286        1.2028281458241885E-005   0.0000000000000000     
  0.25454545454545457        1.2244175387032707E-005   0.0000000000000000     
  0.25530303030303031        1.1615898401743510E-005   0.0000000000000000     
  0.25606060606060610        1.0208515990103050E-005   0.0000000000000000     
  0.25681818181818183        8.0469911695112808E-006   0.0000000000000000     
  0.25757575757575762        5.1696633289360906E-006   0.0000000000000000     
  0.25833333333333336        1.6275681956638236E-006   0.0000000000000000     
  0.25909090909090915       -2.5164673953862144E-006   0.0000000000000000     
  0.25984848484848488       -7.1889398735365149E-006   0.0000000000000000     
  0.26060606060606062       -1.2306972679575886E-005   0.0000000000000000     
  0.26136363636363641       -1.7779786263515853E-005   0.0000000000000000     
  0.26212121212121214       -2.3510308259245499E-005   0.0000000000000000     
  0.26287878787878793       -2.9396895276094641E-005   0.0000000000000000     
  0.26363636363636367       -3.5335135767555394E-005   0.0000000000000000     
  0.26446280991735538       -4.1748377234658273E-005   0.0000000000000000     
  0.26528925619834715       -4.7962422596785852E-005   0.0000000000000000     
  0.26611570247933886       -5.3846138170318265E-005   0.0000000000000000     
  0.26694214876033062       -5.9275361151240137E-005   0.0000000000000000     
  0.26776859504132233       -6.4135519796463096E-005   0.0000000000000000     
  0.26859504132231410       -6.8324051207123033E-005   0.0000000000000000     
  0.26942148760330581       -7.1752565691672853E-005   0.0000000000000000     
  0.27024793388429758       -7.4348712034827381E-005   0.0000000000000000     
  0.27107438016528929       -7.6057704309990978E-005   0.0000000000000000     
  0.27190082644628105       -7.6843478015005531E-005   0.0000000000000000     
  0.27272727272727276       -7.6689451133743166E-005   0.0000000000000000     
  0.27348484848484850       -7.5725094204027267E-005   0.0000000000000000     
  0.27424242424242429       -7.3990658413510482E-005   0.0000000000000000     
  0.27500000000000002       -7.1516907789410819E-005   0.0000000000000000     
  0.27575757575757581       -6.8347719730906521E-005   0.0000000000000000     
  0.27651515151515155       -6.4539306747115393E-005   0.0000000000000000     
  0.27727272727272734       -6.0159219404816267E-005   0.0000000000000000     
  0.27803030303030307       -5.5285148170817287E-005   0.0000000000000000     
  0.27878787878787881       -5.0003545400934988E-005   0.0000000000000000     
  0.27954545454545460       -4.4408091917633443E-005   0.0000000000000000     
  0.28030303030303033       -3.8598035374931343E-005   0.0000000000000000     
  0.28106060606060612       -3.2676429883331321E-005   0.0000000000000000     
  0.28181818181818186       -2.6748308118884480E-005   0.0000000000000000     
  0.28264462809917357       -2.0397351800242290E-005   0.0000000000000000     
  0.28347107438016533       -1.4297765545845553E-005   0.0000000000000000     
  0.28429752066115704       -8.5782676329975473E-006   0.0000000000000000     
  0.28512396694214881       -3.3595554151884654E-006   0.0000000000000000     
  0.28595041322314052        1.2482417285563227E-006   0.0000000000000000     
  0.28677685950413229        5.1478864307081318E-006   0.0000000000000000     
  0.28760330578512400        8.2570853147653544E-006   0.0000000000000000     
  0.28842975206611576        1.0510225614952630E-005   0.0000000000000000     
  0.28925619834710747        1.1859759788577348E-005   0.0000000000000000     
  0.29008264462809924        1.2277208901691838E-005   0.0000000000000000     
  0.29090909090909095        1.1753763614048115E-005   0.0000000000000000     
  0.29166666666666669        1.0456472271766420E-005   0.0000000000000000     
  0.29242424242424248        8.4006404714156277E-006   0.0000000000000000     
  0.29318181818181821        5.6227329041692307E-006   0.0000000000000000     
  0.29393939393939400        2.1720218604598150E-006   0.0000000000000000     
  0.29469696969696973       -1.8902867222843312E-006   0.0000000000000000     
  0.29545454545454553       -6.4921388813331270E-006   0.0000000000000000     
  0.29621212121212126       -1.1551910663902319E-005   0.0000000000000000     
  0.29696969696969699       -1.6979855907185361E-005   0.0000000000000000     
  0.29772727272727278       -2.2679698083613712E-005   0.0000000000000000     
  0.29848484848484852       -2.8550337976479464E-005   0.0000000000000000     
  0.29924242424242431       -3.4487646896535976E-005   0.0000000000000000     
  0.30000000000000004       -4.0386313632946826E-005   0.0000000000000000     
  0.30082644628099175       -4.6654269303677609E-005   0.0000000000000000     
  0.30165289256198352       -5.2619500867794172E-005   0.0000000000000000     
  0.30247933884297523       -5.8156125306576547E-005   0.0000000000000000     
  0.30330578512396694       -6.3147304406739856E-005   0.0000000000000000     
  0.30413223140495871       -6.7487710372464803E-005   0.0000000000000000     
  0.30495867768595042       -7.1085748535639954E-005   0.0000000000000000     
  0.30578512396694219       -7.3865490258698884E-005   0.0000000000000000     
  0.30661157024793390       -7.5768275240580243E-005   0.0000000000000000     
  0.30743801652892561       -7.6753949412695449E-005   0.0000000000000000     
  0.30826446280991737       -7.6801712301670648E-005   0.0000000000000000     
  0.30909090909090908       -7.5910555977374677E-005   0.0000000000000000     
  0.30984848484848482       -7.4284561717240737E-005   0.0000000000000000     
  0.31060606060606061       -7.1914039603079499E-005   0.0000000000000000     
  0.31136363636363640       -6.8841036049776202E-005   0.0000000000000000     
  0.31212121212121213       -6.5120057523047997E-005   0.0000000000000000     
  0.31287878787878787       -6.0817103747587849E-005   0.0000000000000000     
  0.31363636363636366       -5.6008497057027018E-005   0.0000000000000000     
  0.31439393939393939       -5.0779528649757436E-005   0.0000000000000000     
  0.31515151515151518       -4.5222945762246467E-005   0.0000000000000000     
  0.31590909090909092       -3.9437306593145418E-005   0.0000000000000000     
  0.31666666666666671       -3.3525232157220560E-005   0.0000000000000000     
  0.31742424242424250       -2.7591586076321829E-005   0.0000000000000000     
  0.31818181818181823       -2.1741614592789446E-005   0.0000000000000000     
  0.31900826446280994       -1.5577104338559131E-005   0.0000000000000000     
  0.31983471074380171       -9.7656848101972461E-006   0.0000000000000000     
  0.32066115702479342       -4.4299931635993815E-006   0.0000000000000000     
  0.32148760330578519        3.1737263012078579E-007   0.0000000000000000     
  0.32231404958677690        4.3762299157286922E-006   0.0000000000000000     
  0.32314049586776866        7.6609254872996417E-006   0.0000000000000000     
  0.32396694214876037        1.0102143109635222E-005   0.0000000000000000     
  0.32479338842975214        1.1648366284097499E-005   0.0000000000000000     
  0.32561983471074385        1.2266965390428345E-005   0.0000000000000000     
  0.32644628099173562        1.1944886262647910E-005   0.0000000000000000     
  0.32727272727272733        1.0688925668400480E-005   0.0000000000000000     
  0.32809917355371904        8.5255878781900543E-006   0.0000000000000000     
  0.32892561983471080        5.5005253513725491E-006   0.0000000000000000     
  0.32975206611570251        1.6775753419733070E-006   0.0000000000000000     
  0.33057851239669428       -2.8625872453629313E-006   0.0000000000000000     
  0.33140495867768599       -8.0241523208275817E-006   0.0000000000000000     
  0.33223140495867776       -1.3698196469448884E-005   0.0000000000000000     
  0.33305785123966947       -1.9764981538889110E-005   0.0000000000000000     
  0.33388429752066123       -2.6096481448319507E-005   0.0000000000000000     
  0.33471074380165294       -3.2559083895669543E-005   0.0000000000000000     
  0.33553719008264471       -3.9016409949786330E-005   0.0000000000000000     
  0.33636363636363642       -4.5332192026115900E-005   0.0000000000000000     
  0.33719008264462813       -5.1373149512703844E-005   0.0000000000000000     
  0.33801652892561990       -5.7011801362725866E-005   0.0000000000000000     
  0.33884297520661161       -6.2129156300023448E-005   0.0000000000000000     
  0.33966942148760337       -6.6617223866832396E-005   0.0000000000000000     
  0.34049586776859508       -7.0381293323500406E-005   0.0000000000000000     
  0.34132231404958685       -7.3341932309243941E-005   0.0000000000000000     
  0.34214876033057856       -7.5436663086384778E-005   0.0000000000000000     
  0.34297520661157033       -7.6621280994819085E-005   0.0000000000000000     
  0.34380165289256204       -7.6870787293657894E-005   0.0000000000000000     
  0.34462809917355380       -7.6179916704291798E-005   0.0000000000000000     
  0.34545454545454551       -7.4563248522497175E-005   0.0000000000000000     
  0.34628099173553722       -7.2054898954627587E-005   0.0000000000000000     
  0.34710743801652899       -6.8707801170535843E-005   0.0000000000000000     
  0.34793388429752070       -6.4592588266099103E-005   0.0000000000000000     
  0.34876033057851241       -5.9796102707955877E-005   0.0000000000000000     
  0.34958677685950418       -5.4419563715299939E-005   0.0000000000000000     
  0.35041322314049589       -4.8576431252161582E-005   0.0000000000000000     
  0.35123966942148765       -4.2390011705778950E-005   0.0000000000000000     
  0.35206611570247937       -3.5990855778019452E-005   0.0000000000000000     
  0.35289256198347108       -2.9514003501583747E-005   0.0000000000000000     
  0.35371900826446284       -2.3096134518750963E-005   0.0000000000000000     
  0.35454545454545455       -1.6872683759853167E-005   0.0000000000000000     
  0.35537190082644632       -1.0974983388601815E-005   0.0000000000000000     
  0.35619834710743803       -5.5274913272478702E-006   0.0000000000000000     
  0.35702479338842980       -6.4516484740256368E-007   0.0000000000000000     
  0.35785123966942151        3.5689653489474810E-006   0.0000000000000000     
  0.35867768595041327        7.0259693644784995E-006   0.0000000000000000     
  0.35950413223140498        9.6528947753984872E-006   0.0000000000000000     
  0.36033057851239675        1.1394306130944070E-005   0.0000000000000000     
  0.36115702479338846        1.2213454795958766E-005   0.0000000000000000     
  0.36198347107438023        1.2093054449619216E-005   0.0000000000000000     
  0.36280991735537194        1.1035645874931027E-005   0.0000000000000000     
  0.36363636363636370        9.0635433411700750E-006   0.0000000000000000     
  0.36446280991735541        6.2183637105656040E-006   0.0000000000000000     
  0.36528925619834718        2.5601482064693469E-006   0.0000000000000000     
  0.36611570247933889       -1.8339046238670846E-006   0.0000000000000000     
  0.36694214876033060       -6.8710680138867250E-006   0.0000000000000000     
  0.36776859504132237       -1.2445043771065677E-005   0.0000000000000000     
  0.36859504132231408       -1.8438205465134990E-005   0.0000000000000000     
  0.36942148760330584       -2.4724080673760958E-005   0.0000000000000000     
  0.37024793388429755       -3.1170019903291968E-005   0.0000000000000000     
  0.37107438016528926       -3.7639995862916413E-005   0.0000000000000000     
  0.37190082644628103       -4.3997474019812239E-005   0.0000000000000000     
  0.37272727272727274       -5.0108293858461133E-005   0.0000000000000000     
  0.37355371900826451       -5.5843500041614988E-005   0.0000000000000000     
  0.37438016528925622       -6.1082063727470413E-005   0.0000000000000000     
  0.37520661157024798       -6.5713436615689173E-005   0.0000000000000000     
  0.37603305785123969       -6.9639883824796093E-005   0.0000000000000000     
  0.37685950413223146       -7.2778546370637454E-005   0.0000000000000000     
  0.37768595041322317       -7.5063189722056055E-005   0.0000000000000000     
  0.37851239669421494       -7.6445601534120872E-005   0.0000000000000000     
  0.37933884297520665       -7.6896609063032407E-005   0.0000000000000000     
  0.38016528925619841       -7.6406694792418775E-005   0.0000000000000000     
  0.38099173553719012       -7.4986197279394254E-005   0.0000000000000000     
  0.38181818181818189       -7.2665092982226109E-005   0.0000000000000000     
  0.38264462809917360       -6.9492363673464693E-005   0.0000000000000000     
  0.38347107438016537       -6.5534962787969792E-005   0.0000000000000000     
  0.38429752066115708       -6.0876402518752261E-005   0.0000000000000000     
  0.38512396694214879       -5.5614991476848538E-005   0.0000000000000000     
  0.38595041322314055       -4.9861760105502949E-005   0.0000000000000000     
  0.38677685950413226       -4.3738117628256460E-005   0.0000000000000000     
  0.38760330578512403       -3.7373289975784239E-005   0.0000000000000000     
  0.38842975206611574       -3.0901592758445404E-005   0.0000000000000000     
  0.38925619834710745       -2.4459596832413424E-005   0.0000000000000000     
  0.39008264462809922       -1.8183246273786143E-005   0.0000000000000000     
  0.39090909090909093       -1.2204989579552086E-005   0.0000000000000000     
  0.39173553719008264       -6.6509846349897837E-006   0.0000000000000000     
  0.39256198347107440       -1.6384364305287346E-006   0.0000000000000000     
  0.39338842975206612        2.7268762903436780E-006   0.0000000000000000     
  0.39421487603305788        6.3528332575321682E-006   0.0000000000000000     
  0.39504132231404959        9.1629166688372936E-006   0.0000000000000000     
  0.39586776859504136        1.1097825929010658E-005   0.0000000000000000     
  0.39669421487603307        1.2116729057601308E-005   0.0000000000000000     
  0.39752066115702483        1.2198124357593280E-005   0.0000000000000000     
  0.39834710743801655        1.1340294161226568E-005   0.0000000000000000     
  0.39917355371900831        9.5613410774996538E-006   0.0000000000000000     
  0.40000000000000002        6.8988059766950274E-006   0.0000000000000000     
  0.40082644628099173        3.7497813036642226E-006   0.0000000000000000     
  0.40165289256198350        5.2162578969947564E-007   0.0000000000000000     
  0.40247933884297521       -2.7175374828635997E-006   0.0000000000000000     
  0.40330578512396698       -5.8993531372953836E-006   0.0000000000000000     
  0.40413223140495869       -8.9566759915011250E-006   0.0000000000000000     
  0.40495867768595045       -1.1824988008600813E-005   0.0000000000000000     
  0.40578512396694216       -1.4443759807387775E-005   0.0000000000000000     
  0.40661157024793393       -1.6757728001043443E-005   0.0000000000000000     
  0.40743801652892564       -1.8718061408704730E-005   0.0000000000000000     
  0.40826446280991741       -2.0283391529516255E-005   0.0000000000000000     
  0.40909090909090912       -2.1420685533356412E-005   0.0000000000000000     
  0.40991735537190083       -2.2105943345654565E-005   0.0000000000000000     
  0.41074380165289259       -2.2324704115883110E-005   0.0000000000000000     
  0.41157024793388430       -2.2072351381823494E-005   0.0000000000000000     
  0.41239669421487607       -2.1354210489799062E-005   0.0000000000000000     
  0.41322314049586778       -2.0185436214996427E-005   0.0000000000000000     
  0.41404958677685955       -1.8590692953488369E-005   0.0000000000000000     
  0.41487603305785126       -1.6603634234677262E-005   0.0000000000000000     
  0.41570247933884302       -1.4266192537990041E-005   0.0000000000000000     
  0.41652892561983473       -1.1627694400669997E-005   0.0000000000000000     
  0.41735537190082650       -8.7438194902703096E-006   0.0000000000000000     
  0.41818181818181821       -5.6754256084423846E-006   0.0000000000000000     
  0.41900826446280992       -2.4872644216220384E-006   0.0000000000000000     
  0.41983471074380169        7.5338497967516138E-007   0.0000000000000000     
  0.42066115702479340        3.9781358572546469E-006   0.0000000000000000     
  0.42148760330578511        7.1189369761072539E-006   0.0000000000000000     
  0.42231404958677687        1.0109508675197810E-005   0.0000000000000000     
  0.42314049586776858        1.2886741553140325E-005   0.0000000000000000     
  0.42396694214876035        1.5392028252518469E-005   0.0000000000000000     
  0.42479338842975206        1.7572500238538483E-005   0.0000000000000000     
  0.42561983471074377        1.9382143472543001E-005   0.0000000000000000     
  0.42644628099173554        2.0782769436506448E-005   0.0000000000000000     
  0.42727272727272725        2.1744821017257479E-005   0.0000000000000000     
  0.42809917355371896        2.2247996243976995E-005   0.0000000000000000     
  0.42892561983471073        2.2281676716389541E-005   0.0000000000000000     
  0.42975206611570244        2.1845151682615607E-005   0.0000000000000000     
  0.43057851239669420        2.0947633038025477E-005   0.0000000000000000     
  0.43140495867768591        1.9608060928540021E-005   0.0000000000000000     
  0.43223140495867768        1.7854704060775103E-005   0.0000000000000000     
  0.43305785123966939        1.5724563153483560E-005   0.0000000000000000     
  0.43388429752066116        1.3262590119222290E-005   0.0000000000000000     
  0.43471074380165287        1.0520739453684964E-005   0.0000000000000000     
  0.43553719008264463        7.5568718509455088E-006   0.0000000000000000     
  0.43636363636363634        4.4335331815052704E-006   0.0000000000000000     
  0.43719008264462805        1.2166346000202675E-006   0.0000000000000000     
  0.43801652892561982       -2.0259383638390457E-006   0.0000000000000000     
  0.43884297520661153       -5.2257583793443357E-006   0.0000000000000000     
  0.43966942148760330       -8.3153003221903553E-006   0.0000000000000000     
  0.44049586776859501       -1.1229366242880279E-005   0.0000000000000000     
  0.44132231404958677       -1.3906461225272200E-005   0.0000000000000000     
  0.44214876033057848       -1.6290091100757626E-005   0.0000000000000000     
  0.44297520661157025       -1.8329954632739337E-005   0.0000000000000000     
  0.44380165289256196       -1.9983005012996303E-005   0.0000000000000000     
  0.44462809917355373       -2.1214358269340587E-005   0.0000000000000000     
  0.44545454545454544       -2.1998029414710713E-005   0.0000000000000000     
  0.44628099173553720       -2.2317480802848114E-005   0.0000000000000000     
  0.44710743801652891       -2.2165971118744209E-005   0.0000000000000000     
  0.44793388429752068       -2.1546697639183371E-005   0.0000000000000000     
  0.44876033057851239       -2.0472728761294807E-005   0.0000000000000000     
  0.44958677685950416       -1.8966728222914534E-005   0.0000000000000000     
  0.45041322314049587       -1.7060476834556211E-005   0.0000000000000000     
  0.45123966942148763       -1.4794201815669122E-005   0.0000000000000000     
  0.45206611570247934       -1.2215727888144756E-005   0.0000000000000000     
  0.45289256198347111       -9.3794680413611335E-006   0.0000000000000000     
  0.45371900826446282       -6.3452752663553565E-006   0.0000000000000000     
  0.45454545454545459       -3.1771794908496200E-006   0.0000000000000000     
  0.45537190082644630        5.7963630766941016E-008   0.0000000000000000     
  0.45619834710743806        3.2918835581560731E-006   0.0000000000000000     
  0.45702479338842977        6.4563355637861743E-006   0.0000000000000000     
  0.45785123966942148        9.4845408869767068E-006   0.0000000000000000     
  0.45867768595041325        1.2312595951928058E-005   0.0000000000000000     
  0.45950413223140496        1.4880820911376809E-005   0.0000000000000000     
  0.46033057851239673        1.7135019057758607E-005   0.0000000000000000     
  0.46115702479338844        1.9027620524851249E-005   0.0000000000000000     
  0.46198347107438015        2.0518686144610387E-005   0.0000000000000000     
  0.46280991735537191        2.1576750274952739E-005   0.0000000000000000     
  0.46363636363636362        2.2179484812553600E-005   0.0000000000000000     
  0.46446280991735539        2.2314170378079470E-005   0.0000000000000000     
  0.46528925619834710        2.1977964730557006E-005   0.0000000000000000     
  0.46611570247933887        2.1177962746582191E-005   0.0000000000000000     
  0.46694214876033058        1.9931046698648074E-005   0.0000000000000000     
  0.46776859504132234        1.8263529992103546E-005   0.0000000000000000     
  0.46859504132231405        1.6210601878961901E-005   0.0000000000000000     
  0.46942148760330582        1.3815584866540529E-005   0.0000000000000000     
  0.47024793388429753        1.1129020491763107E-005   0.0000000000000000     
  0.47107438016528930        8.2076027538303203E-006   0.0000000000000000     
  0.47190082644628101        5.1129817127264423E-006   0.0000000000000000     
  0.47272727272727277        1.9104625010790019E-006   0.0000000000000000     
  0.47355371900826448       -1.3323727962382385E-006   0.0000000000000000     
  0.47438016528925625       -4.5470913125318248E-006   0.0000000000000000     
  0.47520661157024796       -7.6658535235830490E-006   0.0000000000000000     
  0.47603305785123967       -1.0622844850773031E-005   0.0000000000000000     
  0.47685950413223144       -1.3355664532181541E-005   0.0000000000000000     
  0.47768595041322315       -1.5806642452680936E-005   0.0000000000000000     
  0.47851239669421491       -1.7924056144145800E-005   0.0000000000000000     
  0.47933884297520662       -1.9663222273745089E-005   0.0000000000000000     
  0.48016528925619834       -2.0987439586876198E-005   0.0000000000000000     
  0.48099173553719010       -2.1868763405944550E-005   0.0000000000000000     
  0.48181818181818181       -2.2288595340994233E-005   0.0000000000000000     
  0.48264462809917358       -2.2238075767588522E-005   0.0000000000000000     
  0.48347107438016529       -2.1718270789588619E-005   0.0000000000000000     
  0.48429752066115705       -2.0740149741389316E-005   0.0000000000000000     
  0.48512396694214877       -1.9324353704383674E-005   0.0000000000000000     
  0.48595041322314053       -1.7500759922574508E-005   0.0000000000000000     
  0.48677685950413224       -1.5307851309448836E-005   0.0000000000000000     
  0.48760330578512401       -1.2791904351177976E-005   0.0000000000000000     
  0.48842975206611572       -1.0006012543729512E-005   0.0000000000000000     
  0.48925619834710748       -7.0089659720853843E-006   0.0000000000000000     
  0.49008264462809920       -3.8640106754954732E-006   0.0000000000000000     
  0.49090909090909096       -6.3751397972382928E-007   0.0000000000000000     
  0.49173553719008267        2.6024360385849249E-006   0.0000000000000000     
  0.49256198347107444        5.7874674001693596E-006   0.0000000000000000     
  0.49338842975206615        8.8503670625510679E-006   0.0000000000000000     
  0.49421487603305786        1.1726499302648566E-005   0.0000000000000000     
  0.49504132231404963        1.4355169710736262E-005   0.0000000000000000     
  0.49586776859504134        1.6680906011750964E-005   0.0000000000000000     
  0.49669421487603310        1.8654628684946575E-005   0.0000000000000000     
  0.49752066115702481        2.0234686678627391E-005   0.0000000000000000     
  0.49834710743801652        2.1387736363496607E-005   0.0000000000000000     
  0.49917355371900829        2.2089445176178315E-005   0.0000000000000000     
  0.50000000000000000        2.2325005104167706E-005   0.0000000000000000     
  0.50082644628099171        2.2089445176178288E-005   0.0000000000000000     
  0.50165289256198342        2.1387736363496509E-005   0.0000000000000000     
  0.50247933884297524        2.0234686678627266E-005   0.0000000000000000     
  0.50330578512396695        1.8654628684946616E-005   0.0000000000000000     
  0.50413223140495866        1.6680906011750950E-005   0.0000000000000000     
  0.50495867768595037        1.4355169710735976E-005   0.0000000000000000     
  0.50578512396694209        1.1726499302648275E-005   0.0000000000000000     
  0.50661157024793380        8.8503670625510510E-006   0.0000000000000000     
  0.50743801652892562        5.7874674001693367E-006   0.0000000000000000     
  0.50826446280991733        2.6024360385847059E-006   0.0000000000000000     
  0.50909090909090904       -6.3751397972403352E-007   0.0000000000000000     
  0.50991735537190075       -3.8640106754955376E-006   0.0000000000000000     
  0.51074380165289257       -7.0089659720854859E-006   0.0000000000000000     
  0.51157024793388428       -1.0006012543729903E-005   0.0000000000000000     
  0.51239669421487599       -1.2791904351178311E-005   0.0000000000000000     
  0.51322314049586770       -1.5307851309449019E-005   0.0000000000000000     
  0.51404958677685952       -1.7500759922574684E-005   0.0000000000000000     
  0.51487603305785123       -1.9324353704383785E-005   0.0000000000000000     
  0.51570247933884295       -2.0740149741389327E-005   0.0000000000000000     
  0.51652892561983466       -2.1718270789588711E-005   0.0000000000000000     
  0.51735537190082648       -2.2238075767588607E-005   0.0000000000000000     
  0.51818181818181819       -2.2288595340994274E-005   0.0000000000000000     
  0.51900826446280990       -2.1868763405944564E-005   0.0000000000000000     
  0.51983471074380161       -2.0987439586876130E-005   0.0000000000000000     
  0.52066115702479343       -1.9663222273744994E-005   0.0000000000000000     
  0.52148760330578514       -1.7924056144145881E-005   0.0000000000000000     
  0.52231404958677685       -1.5806642452680967E-005   0.0000000000000000     
  0.52314049586776856       -1.3355664532181280E-005   0.0000000000000000     
  0.52396694214876027       -1.0622844850772757E-005   0.0000000000000000     
  0.52479338842975198       -7.6658535235830541E-006   0.0000000000000000     
  0.52561983471074381       -4.5470913125318180E-006   0.0000000000000000     
  0.52644628099173552       -1.3323727962380291E-006   0.0000000000000000     
  0.52727272727272723        1.9104625010792022E-006   0.0000000000000000     
  0.52809917355371894        5.1129817127265101E-006   0.0000000000000000     
  0.52892561983471076        8.2076027538304287E-006   0.0000000000000000     
  0.52975206611570247        1.1129020491763502E-005   0.0000000000000000     
  0.53057851239669418        1.3815584866540875E-005   0.0000000000000000     
  0.53140495867768589        1.6210601878962105E-005   0.0000000000000000     
  0.53223140495867771        1.8263529992103746E-005   0.0000000000000000     
  0.53305785123966942        1.9931046698648217E-005   0.0000000000000000     
  0.53388429752066113        2.1177962746582242E-005   0.0000000000000000     
  0.53471074380165284        2.1977964730557122E-005   0.0000000000000000     
  0.53553719008264467        2.2314170378079575E-005   0.0000000000000000     
  0.53636363636363638        2.2179484812553674E-005   0.0000000000000000     
  0.53719008264462809        2.1576750274952783E-005   0.0000000000000000     
  0.53801652892561980        2.0518686144610336E-005   0.0000000000000000     
  0.53884297520661162        1.9027620524851174E-005   0.0000000000000000     
  0.53966942148760333        1.7135019057758719E-005   0.0000000000000000     
  0.54049586776859504        1.4880820911376864E-005   0.0000000000000000     
  0.54132231404958675        1.2312595951927806E-005   0.0000000000000000     
  0.54214876033057846        9.4845408869764391E-006   0.0000000000000000     
  0.54297520661157017        6.4563355637861887E-006   0.0000000000000000     
  0.54380165289256199        3.2918835581560727E-006   0.0000000000000000     
  0.54462809917355370        5.7963630766730846E-008   0.0000000000000000     
  0.54545454545454541       -3.1771794908498250E-006   0.0000000000000000     
  0.54628099173553712       -6.3452752663554344E-006   0.0000000000000000     
  0.54710743801652895       -9.3794680413612521E-006   0.0000000000000000     
  0.54793388429752066       -1.2215727888145158E-005   0.0000000000000000     
  0.54876033057851237       -1.4794201815669483E-005   0.0000000000000000     
  0.54958677685950408       -1.7060476834556435E-005   0.0000000000000000     
  0.55041322314049590       -1.8966728222914758E-005   0.0000000000000000     
  0.55123966942148761       -2.0472728761294983E-005   0.0000000000000000     
  0.55206611570247932       -2.1546697639183456E-005   0.0000000000000000     
  0.55289256198347103       -2.2165971118744344E-005   0.0000000000000000     
  0.55371900826446285       -2.2317480802848242E-005   0.0000000000000000     
  0.55454545454545456       -2.1998029414710815E-005   0.0000000000000000     
  0.55537190082644627       -2.1214358269340661E-005   0.0000000000000000     
  0.55619834710743798       -1.9983005012996340E-005   0.0000000000000000     
  0.55702479338842981       -1.8329954632739425E-005   0.0000000000000000     
  0.55785123966942152       -1.6290091100757775E-005   0.0000000000000000     
  0.55867768595041323       -1.3906461225272275E-005   0.0000000000000000     
  0.55950413223140494       -1.1229366242880177E-005   0.0000000000000000     
  0.56033057851239665       -8.3153003221901724E-006   0.0000000000000000     
  0.56115702479338836       -5.2257583793442646E-006   0.0000000000000000     
  0.56198347107438018       -2.0259383638390966E-006   0.0000000000000000     
  0.56280991735537189        1.2166346000202541E-006   0.0000000000000000     
  0.56363636363636360        4.4335331815052661E-006   0.0000000000000000     
  0.56446280991735531        7.5568718509453809E-006   0.0000000000000000     
  0.56528925619834713        1.0520739453684889E-005   0.0000000000000000     
  0.56611570247933884        1.3262590119222467E-005   0.0000000000000000     
  0.56694214876033056        1.5724563153483824E-005   0.0000000000000000     
  0.56776859504132227        1.7854704060775303E-005   0.0000000000000000     
  0.56859504132231409        1.9608060928540156E-005   0.0000000000000000     
  0.56942148760330580        2.0947633038025575E-005   0.0000000000000000     
  0.57024793388429751        2.1845151682615709E-005   0.0000000000000000     
  0.57107438016528922        2.2281676716389663E-005   0.0000000000000000     
  0.57190082644628104        2.2247996243977090E-005   0.0000000000000000     
  0.57272727272727275        2.1744821017257551E-005   0.0000000000000000     
  0.57355371900826446        2.0782769436506488E-005   0.0000000000000000     
  0.57438016528925628        1.9382143472542933E-005   0.0000000000000000     
  0.57520661157024799        1.7572500238538215E-005   0.0000000000000000     
  0.57603305785123970        1.5392028252518226E-005   0.0000000000000000     
  0.57685950413223142        1.2886741553140120E-005   0.0000000000000000     
  0.57768595041322324        1.0109508675197576E-005   0.0000000000000000     
  0.57851239669421495        7.1189369761071090E-006   0.0000000000000000     
  0.57933884297520666        3.9781358572545165E-006   0.0000000000000000     
  0.58016528925619837        7.5338497967472241E-007   0.0000000000000000     
  0.58099173553719019       -2.4872644216226517E-006   0.0000000000000000     
  0.58181818181818190       -5.6754256084429945E-006   0.0000000000000000     
  0.58264462809917361       -8.7438194902709144E-006   0.0000000000000000     
  0.58347107438016532       -1.1627694400670603E-005   0.0000000000000000     
  0.58429752066115714       -1.4266192537990510E-005   0.0000000000000000     
  0.58512396694214885       -1.6603634234677594E-005   0.0000000000000000     
  0.58595041322314056       -1.8590692953488695E-005   0.0000000000000000     
  0.58677685950413228       -2.0185436214996806E-005   0.0000000000000000     
  0.58760330578512399       -2.1354210489799418E-005   0.0000000000000000     
  0.58842975206611570       -2.2072351381823769E-005   0.0000000000000000     
  0.58925619834710752       -2.2324704115883324E-005   0.0000000000000000     
  0.59008264462809923       -2.2105943345654714E-005   0.0000000000000000     
  0.59090909090909094       -2.1420685533356507E-005   0.0000000000000000     
  0.59173553719008265       -2.0283391529516364E-005   0.0000000000000000     
  0.59256198347107436       -1.8718061408704716E-005   0.0000000000000000     
  0.59338842975206618       -1.6757728001043410E-005   0.0000000000000000     
  0.59421487603305789       -1.4443759807387807E-005   0.0000000000000000     
  0.59504132231404960       -1.1824988008600754E-005   0.0000000000000000     
  0.59586776859504131       -8.9566759915008421E-006   0.0000000000000000     
  0.59669421487603302       -5.8993531372950042E-006   0.0000000000000000     
  0.59752066115702474       -2.7175374828633324E-006   0.0000000000000000     
  0.59834710743801656        5.2162578969963721E-007   0.0000000000000000     
  0.59917355371900827        3.7497813036644195E-006   0.0000000000000000     
  0.59999999999999998        6.8988059766952366E-006   0.0000000000000000     
  0.60082644628099169        9.9022466078411351E-006   0.0000000000000000     
  0.60165289256198351        1.2696722225363216E-005   0.0000000000000000     
  0.60247933884297522        1.5223261601959855E-005   0.0000000000000000     
  0.60330578512396693        1.7428547712101106E-005   0.0000000000000000     
  0.60413223140495864        1.9266042869905639E-005   0.0000000000000000     
  0.60495867768595046        2.0696970804108651E-005   0.0000000000000000     
  0.60578512396694217        2.1691134945476380E-005   0.0000000000000000     
  0.60661157024793388        2.2227555658612522E-005   0.0000000000000000     
  0.60743801652892560        2.2294912970791324E-005   0.0000000000000000     
  0.60826446280991742        2.1891785454909268E-005   0.0000000000000000     
  0.60909090909090913        2.1026680225583714E-005   0.0000000000000000     
  0.60991735537190084        1.9717853415305859E-005   0.0000000000000000     
  0.61074380165289255        1.7992924919142797E-005   0.0000000000000000     
  0.61157024793388437        1.5888295537940767E-005   0.0000000000000000     
  0.61239669421487608        1.3448378819933525E-005   0.0000000000000000     
  0.61322314049586779        1.0724663811027594E-005   0.0000000000000000     
  0.61404958677685950        7.7746284923852362E-006   0.0000000000000000     
  0.61487603305785121        4.6605268347430599E-006   0.0000000000000000     
  0.61570247933884292        1.4480750660491804E-006   0.0000000000000000     
  0.61652892561983474       -1.7949351241695945E-006   0.0000000000000000     
  0.61735537190082646       -5.0000671784946426E-006   0.0000000000000000     
  0.61818181818181817       -8.0996838737844296E-006   0.0000000000000000     
  0.61900826446280988       -1.1028374655181431E-005   0.0000000000000000     
  0.61983471074380170       -1.3724335981199657E-005   0.0000000000000000     
  0.62066115702479341       -1.6130675550773260E-005   0.0000000000000000     
  0.62148760330578512       -1.8196612889450884E-005   0.0000000000000000     
  0.62231404958677683       -1.9878550958971675E-005   0.0000000000000000     
  0.62314049586776865       -2.1140996176370002E-005   0.0000000000000000     
  0.62396694214876036       -2.1957307427513002E-005   0.0000000000000000     
  0.62479338842975207       -2.2310258268890884E-005   0.0000000000000000     
  0.62561983471074378       -2.2192400453636939E-005   0.0000000000000000     
  0.62644628099173560       -2.1606221110267258E-005   0.0000000000000000     
  0.62727272727272732       -2.0564090257358331E-005   0.0000000000000000     
  0.62809917355371903       -1.9087999761655267E-005   0.0000000000000000     
  0.62892561983471074       -1.7209099248364966E-005   0.0000000000000000     
  0.62975206611570256       -1.4967038757211695E-005   0.0000000000000000     
  0.63057851239669427       -1.2409132016044715E-005   0.0000000000000000     
  0.63140495867768598       -9.5893579892486059E-006   0.0000000000000000     
  0.63223140495867769       -6.5672217711016667E-006   0.0000000000000000     
  0.63305785123966940       -3.4064988623572804E-006   0.0000000000000000     
  0.63388429752066111       -1.7388932935527387E-007   0.0000000000000000     
  0.63471074380165293        3.0623897533458500E-006   0.0000000000000000     
  0.63553719008264464        6.2340438734639345E-006   0.0000000000000000     
  0.63636363636363635        9.2741422856150288E-006   0.0000000000000000     
  0.63719008264462806        1.2118530436669247E-005   0.0000000000000000     
  0.63801652892561989        1.4707183805699832E-005   0.0000000000000000     
  0.63884297520661160        1.6985474588737589E-005   0.0000000000000000     
  0.63966942148760331        1.8905324497762593E-005   0.0000000000000000     
  0.64049586776859502        2.0426219346611509E-005   0.0000000000000000     
  0.64132231404958684        2.1516064013308104E-005   0.0000000000000000     
  0.64214876033057855        2.2151859736597295E-005   0.0000000000000000     
  0.64297520661157026        2.2320189453933969E-005   0.0000000000000000     
  0.64380165289256197        2.2017500938943619E-005   0.0000000000000000     
  0.64462809917355379        2.1250181763265675E-005   0.0000000000000000     
  0.64545454545454550        2.0034424501006302E-005   0.0000000000000000     
  0.64628099173553721        1.8395885020266249E-005   0.0000000000000000     
  0.64710743801652892        1.6369141072789323E-005   0.0000000000000000     
  0.64793388429752075        1.3996962606989590E-005   0.0000000000000000     
  0.64876033057851246        1.1329409202785835E-005   0.0000000000000000     
  0.64958677685950417        8.4227736748785215E-006   0.0000000000000000     
  0.65041322314049588        5.3383941374127217E-006   0.0000000000000000     
  0.65123966942148759        2.1413595987310120E-006   0.0000000000000000     
  0.65206611570247930       -1.1008635981877014E-006   0.0000000000000000     
  0.65289256198347112       -4.3198555036713566E-006   0.0000000000000000     
  0.65371900826446283       -7.4476864130781663E-006   0.0000000000000000     
  0.65454545454545454       -1.0418350372961488E-005   0.0000000000000000     
  0.65537190082644625       -1.3169158090736723E-005   0.0000000000000000     
  0.65619834710743807       -1.5642059853547368E-005   0.0000000000000000     
  0.65702479338842978       -1.7784870539062926E-005   0.0000000000000000     
  0.65785123966942149       -1.9552370867077230E-005   0.0000000000000000     
  0.65867768595041321       -2.0907261652378781E-005   0.0000000000000000     
  0.65950413223140503       -2.1820950921597566E-005   0.0000000000000000     
  0.66033057851239674       -2.2274157283535165E-005   0.0000000000000000     
  0.66115702479338845       -2.2257316820280392E-005   0.0000000000000000     
  0.66198347107438016       -2.1770784912575043E-005   0.0000000000000000     
  0.66280991735537198       -2.0824828740250872E-005   0.0000000000000000     
  0.66363636363636369       -1.9439410616132626E-005   0.0000000000000000     
  0.66446280991735540       -1.7643766725567605E-005   0.0000000000000000     
  0.66528925619834711       -1.5475790161397393E-005   0.0000000000000000     
  0.66611570247933893       -1.2981231274043953E-005   0.0000000000000000     
  0.66694214876033064       -1.0212732211550906E-005   0.0000000000000000     
  0.66776859504132235       -7.2287160234736220E-006   0.0000000000000000     
  0.66859504132231407       -4.0921537716448848E-006   0.0000000000000000     
  0.66942148760330578       -8.6923566518014100E-007   0.0000000000000000     
  0.67024793388429749        2.3720257374903872E-006   0.0000000000000000     
  0.67107438016528931        5.5632307832356657E-006   0.0000000000000000     
  0.67190082644628102        8.6370361476314720E-006   0.0000000000000000     
  0.67272727272727273        1.1528575966869134E-005   0.0000000000000000     
  0.67355371900826444        1.4176830688351633E-005   0.0000000000000000     
  0.67438016528925626        1.6525914753390296E-005   0.0000000000000000     
  0.67520661157024797        1.8526255938315573E-005   0.0000000000000000     
  0.67603305785123968        2.0135641466628150E-005   0.0000000000000000     
  0.67685950413223139        2.1320108816257809E-005   0.0000000000000000     
  0.67768595041322321        2.2054662423514983E-005   0.0000000000000000     
  0.67851239669421493        2.2323801159148316E-005   0.0000000000000000     
  0.67933884297520664        2.2121845445392907E-005   0.0000000000000000     
  0.68016528925619835        2.1453057110928731E-005   0.0000000000000000     
  0.68099173553719017        2.0331549454373305E-005   0.0000000000000000     
  0.68181818181818188        1.8780989414354764E-005   0.0000000000000000     
  0.68264462809917359        1.6834098131107141E-005   0.0000000000000000     
  0.68347107438016530        1.4531960439177108E-005   0.0000000000000000     
  0.68429752066115712        1.1923157862860775E-005   0.0000000000000000     
  0.68512396694214883        9.0627434105814688E-006   0.0000000000000000     
  0.68595041322314054        6.0110798029051870E-006   0.0000000000000000     
  0.68677685950413225        2.8325656508373856E-006   0.0000000000000000     
  0.68760330578512396       -4.0572353443795014E-007   0.0000000000000000     
  0.68842975206611567       -3.6354508218683231E-006   0.0000000000000000     
  0.68925619834710750       -6.7884599603152198E-006   0.0000000000000000     
  0.69008264462809921       -9.7982136654987884E-006   0.0000000000000000     
  0.69090909090909092       -1.2601197742213556E-005   0.0000000000000000     
  0.69173553719008263       -1.5138261410947596E-005   0.0000000000000000     
  0.69256198347107434       -1.7355865554256611E-005   0.0000000000000000     
  0.69338842975206616       -1.9207212541421696E-005   0.0000000000000000     
  0.69421487603305787       -2.0653233788953519E-005   0.0000000000000000     
  0.69504132231404958       -2.1663414216611080E-005   0.0000000000000000     
  0.69586776859504129       -2.2216436200718502E-005   0.0000000000000000     
  0.69669421487603300       -2.2300629435433086E-005   0.0000000000000000     
  0.69752066115702471       -2.1914217208738443E-005   0.0000000000000000     
  0.69834710743801653       -2.1065353896053408E-005   0.0000000000000000     
  0.69917355371900825       -1.9771952880134546E-005   0.0000000000000000     
  0.69999999999999996       -1.8061308528778879E-005   0.0000000000000000     
  0.70082644628099167       -1.5969520207548871E-005   0.0000000000000000     
  0.70165289256198349       -1.3540730482505614E-005   0.0000000000000000     
  0.70247933884297520       -1.0826193588984581E-005   0.0000000000000000     
  0.70330578512396691       -7.8831938243184833E-006   0.0000000000000000     
  0.70413223140495862       -4.7738366894363655E-006   0.0000000000000000     
  0.70495867768595044       -1.5637382896325335E-006   0.0000000000000000     
  0.70578512396694215        1.6793593482166567E-006   0.0000000000000000     
  0.70661157024793386        4.8870178213017056E-006   0.0000000000000000     
  0.70743801652892557        7.9915465920010089E-006   0.0000000000000000     
  0.70826446280991739        1.0927431446970153E-005   0.0000000000000000     
  0.70909090909090911        1.3632717029710408E-005   0.0000000000000000     
  0.70991735537190082        1.6050314271343043E-005   0.0000000000000000     
  0.71074380165289264        1.8129205129140943E-005   0.0000000000000000     
  0.71157024793388435        1.9825519209480674E-005   0.0000000000000000     
  0.71239669421487606        2.1103459555481327E-005   0.0000000000000000     
  0.71322314049586777        2.1936058062579953E-005   0.0000000000000000     
  0.71404958677685959        2.2305744580772158E-005   0.0000000000000000     
  0.71487603305785130        2.2204717693736021E-005   0.0000000000000000     
  0.71570247933884301        2.1635109350468796E-005   0.0000000000000000     
  0.71652892561983472        2.0608939875250480E-005   0.0000000000000000     
  0.71735537190082654        1.9147864305245688E-005   0.0000000000000000     
  0.71818181818181825        1.7282715408865596E-005   0.0000000000000000     
  0.71900826446280997        1.5052853028374024E-005   0.0000000000000000     
  0.71983471074380168        1.2505333477471047E-005   0.0000000000000000     
  0.72066115702479350        9.6939165218697476E-006   0.0000000000000000     
  0.72148760330578521        6.6779308983404633E-006   0.0000000000000000     
  0.72231404958677692        3.5210223129392768E-006   0.0000000000000000     
  0.72314049586776863        2.8981033915258556E-007   0.0000000000000000     
  0.72396694214876034       -2.9475174408612732E-006   0.0000000000000000     
  0.72479338842975205       -6.1226443843803480E-006   0.0000000000000000     
  0.72561983471074387       -9.1685664597648193E-006   0.0000000000000000     
  0.72644628099173558       -1.2021006218353017E-005   0.0000000000000000     
  0.72727272727272729       -1.4619769227847584E-005   0.0000000000000000     
  0.72809917355371900       -1.6910014342679672E-005   0.0000000000000000     
  0.72892561983471071       -1.8843411005090553E-005   0.0000000000000000     
  0.72975206611570254       -2.0379159154657331E-005   0.0000000000000000     
  0.73057851239669425       -2.1484850223340757E-005   0.0000000000000000     
  0.73140495867768596       -2.2137151046607888E-005   0.0000000000000000     
  0.73223140495867767       -2.2322296258302857E-005   0.0000000000000000     
  0.73305785123966938       -2.2036378778222909E-005   0.0000000000000000     
  0.73388429752066109       -2.1285432262404653E-005   0.0000000000000000     
  0.73471074380165291       -2.0085303776189826E-005   0.0000000000000000     
  0.73553719008264462       -1.8461319376920660E-005   0.0000000000000000     
  0.73636363636363633       -1.6447749663540805E-005   0.0000000000000000     
  0.73719008264462804       -1.4087086571390948E-005   0.0000000000000000     
  0.73801652892561986       -1.1429146673895696E-005   0.0000000000000000     
  0.73884297520661157       -8.5300199139634544E-006   0.0000000000000000     
  0.73966942148760328       -5.4508859497950085E-006   0.0000000000000000     
  0.74049586776859500       -2.2567230935099881E-006   0.0000000000000000     
  0.74132231404958682        9.8506291241506947E-007   0.0000000000000000     
  0.74214876033057853        4.2060613442608572E-006   0.0000000000000000     
  0.74297520661157024        7.3383001540820868E-006   0.0000000000000000     
  0.74380165289256195        1.0315680369444208E-005   0.0000000000000000     
  0.74462809917355377        1.3075370966044979E-005   0.0000000000000000     
  0.74545454545454548        1.5559134777515708E-005   0.0000000000000000     
  0.74636363636363634        1.7910224332487414E-005   0.0000000000000000     
  0.74727272727272731        1.9804156746762351E-005   0.0000000000000000     
  0.74818181818181817        2.1192589536683129E-005   0.0000000000000000     
  0.74909090909090914        2.2040083058806902E-005   0.0000000000000000     
  0.75000000000000000        2.2325005104165145E-005   0.0000000000000000     
  0.75090909090909086        2.2040083058806834E-005   0.0000000000000000     
  0.75181818181818183        2.1192589536682997E-005   0.0000000000000000     
  0.75272727272727269        1.9804156746762158E-005   0.0000000000000000     
  0.75363636363636366        1.7910224332487167E-005   0.0000000000000000     
  0.75454545454545452        1.5559134777515409E-005   0.0000000000000000     
  0.75537190082644623        1.3075370966044639E-005   0.0000000000000000     
  0.75619834710743805        1.0315680369443837E-005   0.0000000000000000     
  0.75702479338842976        7.3383001540816972E-006   0.0000000000000000     
  0.75785123966942147        4.2060613442604540E-006   0.0000000000000000     
  0.75867768595041318        9.8506291241466036E-007   0.0000000000000000     
  0.75950413223140500       -2.2567230935103943E-006   0.0000000000000000     
  0.76033057851239672       -5.4508859497954041E-006   0.0000000000000000     
  0.76115702479338843       -8.5300199139638322E-006   0.0000000000000000     
  0.76198347107438014       -1.1429146673896050E-005   0.0000000000000000     
  0.76280991735537196       -1.4087086571391268E-005   0.0000000000000000     
  0.76363636363636367       -1.6447749663541080E-005   0.0000000000000000     
  0.76446280991735538       -1.8461319376920891E-005   0.0000000000000000     
  0.76528925619834709       -2.0085303776189999E-005   0.0000000000000000     
  0.76611570247933891       -2.1285432262404772E-005   0.0000000000000000     
  0.76694214876033062       -2.2036378778222967E-005   0.0000000000000000     
  0.76776859504132233       -2.2322296258302850E-005   0.0000000000000000     
  0.76859504132231404       -2.2137151046607823E-005   0.0000000000000000     
  0.76942148760330575       -2.1484850223340631E-005   0.0000000000000000     
  0.77024793388429746       -2.0379159154657148E-005   0.0000000000000000     
  0.77107438016528929       -1.8843411005090322E-005   0.0000000000000000     
  0.77190082644628100       -1.6910014342679390E-005   0.0000000000000000     
  0.77272727272727271       -1.4619769227847266E-005   0.0000000000000000     
  0.77355371900826442       -1.2021006218352651E-005   0.0000000000000000     
  0.77438016528925624       -9.1685664597644533E-006   0.0000000000000000     
  0.77520661157024795       -6.1226443843796898E-006   0.0000000000000000     
  0.77603305785123966       -2.9475174408603363E-006   0.0000000000000000     
  0.77685950413223137        2.8981033915339050E-007   0.0000000000000000     
  0.77768595041322319        3.5210223129396995E-006   0.0000000000000000     
  0.77851239669421490        6.6779308983407318E-006   0.0000000000000000     
  0.77933884297520661        9.6939165218702304E-006   0.0000000000000000     
  0.78016528925619832        1.2505333477471728E-005   0.0000000000000000     
  0.78099173553719015        1.5052853028374607E-005   0.0000000000000000     
  0.78181818181818186        1.7282715408866098E-005   0.0000000000000000     
  0.78264462809917357        1.9147864305246092E-005   0.0000000000000000     
  0.78347107438016528        2.0608939875250798E-005   0.0000000000000000     
  0.78429752066115710        2.1635109350468932E-005   0.0000000000000000     
  0.78512396694214881        2.2204717693736004E-005   0.0000000000000000     
  0.78595041322314052        2.2305744580772049E-005   0.0000000000000000     
  0.78677685950413223        2.1936058062579723E-005   0.0000000000000000     
  0.78760330578512394        2.1103459555480988E-005   0.0000000000000000     
  0.78842975206611565        1.9825519209480390E-005   0.0000000000000000     
  0.78925619834710747        1.8129205129140750E-005   0.0000000000000000     
  0.79008264462809918        1.6050314271342786E-005   0.0000000000000000     
  0.79090909090909089        1.3632717029710127E-005   0.0000000000000000     
  0.79173553719008261        1.0927431446969848E-005   0.0000000000000000     
  0.79256198347107443        7.9915465920006853E-006   0.0000000000000000     
  0.79338842975206614        4.8870178213013787E-006   0.0000000000000000     
  0.79421487603305785        1.6793593482163262E-006   0.0000000000000000     
  0.79504132231404956       -1.5637382896328584E-006   0.0000000000000000     
  0.79586776859504138       -4.7738366894366806E-006   0.0000000000000000     
  0.79669421487603309       -7.8831938243187781E-006   0.0000000000000000     
  0.79752066115702480       -1.0826193588984857E-005   0.0000000000000000     
  0.79834710743801651       -1.3540730482505862E-005   0.0000000000000000     
  0.79917355371900833       -1.5969520207549081E-005   0.0000000000000000     
  0.80000000000000004       -1.8061308528779048E-005   0.0000000000000000     
  0.80082644628099175       -1.9771952880134671E-005   0.0000000000000000     
  0.80165289256198347       -2.1065353896053490E-005   0.0000000000000000     
  0.80247933884297529       -2.1914217208738484E-005   0.0000000000000000     
  0.80330578512396700       -2.2300629435433076E-005   0.0000000000000000     
  0.80413223140495871       -2.2216436200718444E-005   0.0000000000000000     
  0.80495867768595042       -2.1663414216610975E-005   0.0000000000000000     
  0.80578512396694213       -2.0653233788953370E-005   0.0000000000000000     
  0.80661157024793384       -1.9207212541421506E-005   0.0000000000000000     
  0.80743801652892566       -1.7355865554256387E-005   0.0000000000000000     
  0.80826446280991737       -1.5138261410947339E-005   0.0000000000000000     
  0.80909090909090908       -1.2601197742213275E-005   0.0000000000000000     
  0.80991735537190079       -9.7982136654984717E-006   0.0000000000000000     
  0.81074380165289262       -6.7884599603149183E-006   0.0000000000000000     
  0.81157024793388433       -3.6354508218677319E-006   0.0000000000000000     
  0.81239669421487604       -4.0572353443708543E-007   0.0000000000000000     
  0.81322314049586775        2.8325656508381064E-006   0.0000000000000000     
  0.81404958677685957        6.0110798029055249E-006   0.0000000000000000     
  0.81487603305785128        9.0627434105816484E-006   0.0000000000000000     
  0.81570247933884299        1.1923157862861151E-005   0.0000000000000000     
  0.81652892561983470        1.4531960439177662E-005   0.0000000000000000     
  0.81735537190082652        1.6834098131107595E-005   0.0000000000000000     
  0.81818181818181823        1.8780989414355137E-005   0.0000000000000000     
  0.81900826446280994        2.0331549454373587E-005   0.0000000000000000     
  0.81983471074380165        2.1453057110928928E-005   0.0000000000000000     
  0.82066115702479348        2.2121845445392962E-005   0.0000000000000000     
  0.82148760330578519        2.2323801159148259E-005   0.0000000000000000     
  0.82231404958677690        2.2054662423514834E-005   0.0000000000000000     
  0.82314049586776861        2.1320108816257501E-005   0.0000000000000000     
  0.82396694214876032        2.0135641466627740E-005   0.0000000000000000     
  0.82479338842975203        1.8526255938315258E-005   0.0000000000000000     
  0.82561983471074385        1.6525914753390113E-005   0.0000000000000000     
  0.82644628099173556        1.4176830688351399E-005   0.0000000000000000     
  0.82727272727272727        1.1528575966868890E-005   0.0000000000000000     
  0.82809917355371898        8.6370361476312043E-006   0.0000000000000000     
  0.82892561983471080        5.5632307832354242E-006   0.0000000000000000     
  0.82975206611570251        2.3720257374898612E-006   0.0000000000000000     
  0.83057851239669422       -8.6923566518093086E-007   0.0000000000000000     
  0.83140495867768593       -4.0921537716455235E-006   0.0000000000000000     
  0.83223140495867776       -7.2287160234738795E-006   0.0000000000000000     
  0.83305785123966947       -1.0212732211551001E-005   0.0000000000000000     
  0.83388429752066118       -1.2981231274044230E-005   0.0000000000000000     
  0.83471074380165289       -1.5475790161397836E-005   0.0000000000000000     
  0.83553719008264471       -1.7643766725567957E-005   0.0000000000000000     
  0.83636363636363642       -1.9439410616132897E-005   0.0000000000000000     
  0.83719008264462813       -2.0824828740251052E-005   0.0000000000000000     
  0.83801652892561984       -2.1770784912575148E-005   0.0000000000000000     
  0.83884297520661166       -2.2257316820280379E-005   0.0000000000000000     
  0.83966942148760337       -2.2274157283535067E-005   0.0000000000000000     
  0.84049586776859508       -2.1820950921597379E-005   0.0000000000000000     
  0.84132231404958679       -2.0907261652378429E-005   0.0000000000000000     
  0.84214876033057851       -1.9552370867076780E-005   0.0000000000000000     
  0.84297520661157022       -1.7784870539062601E-005   0.0000000000000000     
  0.84380165289256204       -1.5642059853547198E-005   0.0000000000000000     
  0.84462809917355375       -1.3169158090736512E-005   0.0000000000000000     
  0.84545454545454546       -1.0418350372961280E-005   0.0000000000000000     
  0.84628099173553717       -7.4476864130779427E-006   0.0000000000000000     
  0.84710743801652899       -4.3198555036711728E-006   0.0000000000000000     
  0.84793388429752070       -1.1008635981872424E-006   0.0000000000000000     
  0.84876033057851241        2.1413595987317286E-006   0.0000000000000000     
  0.84958677685950412        5.3383941374132841E-006   0.0000000000000000     
  0.85041322314049594        8.4227736748786993E-006   0.0000000000000000     
  0.85123966942148765        1.1329409202785852E-005   0.0000000000000000     
  0.85206611570247937        1.3996962606989774E-005   0.0000000000000000     
  0.85289256198347108        1.6369141072789666E-005   0.0000000000000000     
  0.85371900826446290        1.8395885020266497E-005   0.0000000000000000     
  0.85454545454545461        2.0034424501006471E-005   0.0000000000000000     
  0.85537190082644632        2.1250181763265759E-005   0.0000000000000000     
  0.85619834710743814        2.2017500938943615E-005   0.0000000000000000     
  0.85702479338842985        2.2320189453933874E-005   0.0000000000000000     
  0.85785123966942156        2.2151859736597119E-005   0.0000000000000000     
  0.85867768595041327        2.1516064013307847E-005   0.0000000000000000     
  0.85950413223140509        2.0426219346611174E-005   0.0000000000000000     
  0.86033057851239680        1.8905324497762187E-005   0.0000000000000000     
  0.86115702479338851        1.6985474588737122E-005   0.0000000000000000     
  0.86198347107438023        1.4707183805699309E-005   0.0000000000000000     
  0.86280991735537205        1.2118530436668684E-005   0.0000000000000000     
  0.86363636363636376        9.2741422856144426E-006   0.0000000000000000     
  0.86446280991735547        6.2340438734633289E-006   0.0000000000000000     
  0.86528925619834718        3.0623897533452401E-006   0.0000000000000000     
  0.86611570247933900       -1.7388932935587357E-007   0.0000000000000000     
  0.86694214876033071       -3.4064988623578577E-006   0.0000000000000000     
  0.86776859504132242       -6.5672217711022080E-006   0.0000000000000000     
  0.86859504132231413       -9.5893579892491039E-006   0.0000000000000000     
  0.86942148760330584       -1.2409132016045159E-005   0.0000000000000000     
  0.87024793388429755       -1.4967038757212076E-005   0.0000000000000000     
  0.87107438016528937       -1.7209099248365274E-005   0.0000000000000000     
  0.87190082644628109       -1.9087999761655494E-005   0.0000000000000000     
  0.87272727272727280       -2.0564090257358477E-005   0.0000000000000000     
  0.87355371900826451       -2.1606221110267322E-005   0.0000000000000000     
  0.87438016528925622       -2.2192400453636926E-005   0.0000000000000000     
  0.87520661157024804       -2.2310258268890799E-005   0.0000000000000000     
  0.87603305785123975       -2.1957307427512873E-005   0.0000000000000000     
  0.87685950413223146       -2.1140996176369785E-005   0.0000000000000000     
  0.87768595041322317       -1.9878550958971268E-005   0.0000000000000000     
  0.87851239669421488       -1.8196612889450379E-005   0.0000000000000000     
  0.87933884297520659       -1.6130675550772914E-005   0.0000000000000000     
  0.88016528925619841       -1.3724335981199509E-005   0.0000000000000000     
  0.88099173553719012       -1.1028374655181253E-005   0.0000000000000000     
  0.88181818181818183       -8.0996838737842686E-006   0.0000000000000000     
  0.88264462809917354       -5.0000671784944893E-006   0.0000000000000000     
  0.88347107438016526       -1.7949351241694543E-006   0.0000000000000000     
  0.88429752066115708        1.4480750660493027E-006   0.0000000000000000     
  0.88512396694214879        4.6605268347431632E-006   0.0000000000000000     
  0.88595041322314050        7.7746284923853141E-006   0.0000000000000000     
  0.88677685950413221        1.0724663811027652E-005   0.0000000000000000     
  0.88760330578512392        1.3448378819933559E-005   0.0000000000000000     
  0.88842975206611563        1.5888295537940780E-005   0.0000000000000000     
  0.88925619834710745        1.7992924919142787E-005   0.0000000000000000     
  0.89008264462809916        1.9717853415305825E-005   0.0000000000000000     
  0.89090909090909087        2.1026680225583656E-005   0.0000000000000000     
  0.89173553719008258        2.1891785454909187E-005   0.0000000000000000     
  0.89256198347107440        2.2294912970791225E-005   0.0000000000000000     
  0.89338842975206612        2.2227555658612407E-005   0.0000000000000000     
  0.89421487603305783        2.1691134945476244E-005   0.0000000000000000     
  0.89504132231404954        2.0696970804108509E-005   0.0000000000000000     
  0.89586776859504136        1.9266042869905483E-005   0.0000000000000000     
  0.89669421487603307        1.7428547712100944E-005   0.0000000000000000     
  0.89752066115702478        1.5223261601959689E-005   0.0000000000000000     
  0.89834710743801649        1.2696722225363048E-005   0.0000000000000000     
  0.89917355371900831        9.9022466078409691E-006   0.0000000000000000     
  0.90000000000000002        6.8988059766950816E-006   0.0000000000000000     
  0.90082644628099173        3.7497813036642624E-006   0.0000000000000000     
  0.90165289256198355        5.2162578969952922E-007   0.0000000000000000     
  0.90247933884297526       -2.7175374828637060E-006   0.0000000000000000     
  0.90330578512396698       -5.8993531372956233E-006   0.0000000000000000     
  0.90413223140495869       -8.9566759915013046E-006   0.0000000000000000     
  0.90495867768595051       -1.1824988008600847E-005   0.0000000000000000     
  0.90578512396694222       -1.4443759807387741E-005   0.0000000000000000     
  0.90661157024793393       -1.6757728001043477E-005   0.0000000000000000     
  0.90743801652892564       -1.8718061408704903E-005   0.0000000000000000     
  0.90826446280991746       -2.0283391529516455E-005   0.0000000000000000     
  0.90909090909090917       -2.1420685533356523E-005   0.0000000000000000     
  0.90991735537190088       -2.2105943345654649E-005   0.0000000000000000     
  0.91074380165289259       -2.2324704115883178E-005   0.0000000000000000     
  0.91157024793388441       -2.2072351381823552E-005   0.0000000000000000     
  0.91239669421487612       -2.1354210489799126E-005   0.0000000000000000     
  0.91322314049586784       -2.0185436214996447E-005   0.0000000000000000     
  0.91404958677685955       -1.8590692953488281E-005   0.0000000000000000     
  0.91487603305785126       -1.6603634234677127E-005   0.0000000000000000     
  0.91570247933884297       -1.4266192537989999E-005   0.0000000000000000     
  0.91652892561983479       -1.1627694400670065E-005   0.0000000000000000     
  0.91735537190082650       -8.7438194902703554E-006   0.0000000000000000     
  0.91818181818181821       -5.6754256084424312E-006   0.0000000000000000     
  0.91900826446280992       -2.4872644216220994E-006   0.0000000000000000     
  0.91983471074380163        7.5338497967529267E-007   0.0000000000000000     
  0.92066115702479345        3.9781358572547731E-006   0.0000000000000000     
  0.92148760330578516        7.1189369761070616E-006   0.0000000000000000     
  0.92231404958677687        1.0109508675197612E-005   0.0000000000000000     
  0.92314049586776858        1.2886741553140435E-005   0.0000000000000000     
  0.92396694214876030        1.5392028252518605E-005   0.0000000000000000     
  0.92479338842975201        1.7572500238538381E-005   0.0000000000000000     
  0.92561983471074383        1.9382143472542903E-005   0.0000000000000000     
  0.92644628099173554        2.0782769436506441E-005   0.0000000000000000     
  0.92727272727272725        2.1744821017257473E-005   0.0000000000000000     
  0.92809917355371896        2.2247996243976988E-005   0.0000000000000000     
  0.92892561983471078        2.2281676716389552E-005   0.0000000000000000     
  0.92975206611570249        2.1845151682615573E-005   0.0000000000000000     
  0.93057851239669420        2.0947633038025433E-005   0.0000000000000000     
  0.93140495867768591        1.9608060928540004E-005   0.0000000000000000     
  0.93223140495867773        1.7854704060775144E-005   0.0000000000000000     
  0.93305785123966944        1.5724563153483662E-005   0.0000000000000000     
  0.93388429752066116        1.3262590119222306E-005   0.0000000000000000     
  0.93471074380165287        1.0520739453684727E-005   0.0000000000000000     
  0.93553719008264469        7.5568718509452250E-006   0.0000000000000000     
  0.93636363636363640        4.4335331815051238E-006   0.0000000000000000     
  0.93719008264462811        1.2166346000201245E-006   0.0000000000000000     
  0.93801652892561982       -2.0259383638392071E-006   0.0000000000000000     
  0.93884297520661164       -5.2257583793443518E-006   0.0000000000000000     
  0.93966942148760335       -8.3153003221902351E-006   0.0000000000000000     
  0.94049586776859506       -1.1229366242880214E-005   0.0000000000000000     
  0.94132231404958677       -1.3906461225272285E-005   0.0000000000000000     
  0.94214876033057848       -1.6290091100757758E-005   0.0000000000000000     
  0.94297520661157019       -1.8329954632739392E-005   0.0000000000000000     
  0.94380165289256202       -1.9983005012996279E-005   0.0000000000000000     
  0.94462809917355373       -2.1214358269340577E-005   0.0000000000000000     
  0.94545454545454544       -2.1998029414710710E-005   0.0000000000000000     
  0.94628099173553715       -2.2317480802848114E-005   0.0000000000000000     
  0.94710743801652897       -2.2165971118744205E-005   0.0000000000000000     
  0.94793388429752068       -2.1546697639183310E-005   0.0000000000000000     
  0.94876033057851239       -2.0472728761294824E-005   0.0000000000000000     
  0.94958677685950410       -1.8966728222914588E-005   0.0000000000000000     
  0.95041322314049592       -1.7060476834556265E-005   0.0000000000000000     
  0.95123966942148763       -1.4794201815669317E-005   0.0000000000000000     
  0.95206611570247934       -1.2215727888144995E-005   0.0000000000000000     
  0.95289256198347105       -9.3794680413610912E-006   0.0000000000000000     
  0.95371900826446288       -6.3452752663552853E-006   0.0000000000000000     
  0.95454545454545459       -3.1771794908496945E-006   0.0000000000000000     
  0.95537190082644630        5.7963630766847419E-008   0.0000000000000000     
  0.95619834710743801        3.2918835581561671E-006   0.0000000000000000     
  0.95702479338842983        6.4563355637862616E-006   0.0000000000000000     
  0.95785123966942154        9.4845408869764866E-006   0.0000000000000000     
  0.95867768595041325        1.2312595951927826E-005   0.0000000000000000     
  0.95950413223140496        1.4880820911376859E-005   0.0000000000000000     
  0.96033057851239667        1.7135019057758692E-005   0.0000000000000000     
  0.96115702479338838        1.9027620524851120E-005   0.0000000000000000     
  0.96198347107438020        2.0518686144610265E-005   0.0000000000000000     
  0.96280991735537191        2.1576750274952691E-005   0.0000000000000000     
  0.96363636363636362        2.2179484812553559E-005   0.0000000000000000     
  0.96446280991735533        2.2314170378079443E-005   0.0000000000000000     
  0.96528925619834716        2.1977964730556979E-005   0.0000000000000000     
  0.96611570247933887        2.1177962746582082E-005   0.0000000000000000     
  0.96694214876033058        1.9931046698648057E-005   0.0000000000000000     
  0.96776859504132229        1.8263529992103584E-005   0.0000000000000000     
  0.96859504132231411        1.6210601878961942E-005   0.0000000000000000     
  0.96942148760330582        1.3815584866540716E-005   0.0000000000000000     
  0.97024793388429753        1.1129020491763347E-005   0.0000000000000000     
  0.97107438016528924        8.2076027538302779E-006   0.0000000000000000     
  0.97190082644628106        5.1129817127263737E-006   0.0000000000000000     
  0.97272727272727277        1.9104625010790858E-006   0.0000000000000000     
  0.97355371900826448       -1.3323727962381295E-006   0.0000000000000000     
  0.97438016528925619       -4.5470913125318959E-006   0.0000000000000000     
  0.97520661157024802       -7.6658535235831066E-006   0.0000000000000000     
  0.97603305785123973       -1.0622844850772784E-005   0.0000000000000000     
  0.97685950413223144       -1.3355664532181280E-005   0.0000000000000000     
  0.97768595041322315       -1.5806642452680943E-005   0.0000000000000000     
  0.97851239669421486       -1.7924056144145837E-005   0.0000000000000000     
  0.97933884297520657       -1.9663222273744930E-005   0.0000000000000000     
  0.98016528925619839       -2.0987439586876039E-005   0.0000000000000000     
  0.98099173553719010       -2.1868763405944455E-005   0.0000000000000000     
  0.98181818181818181       -2.2288595340994148E-005   0.0000000000000000     
  0.98264462809917352       -2.2238075767588465E-005   0.0000000000000000     
  0.98347107438016534       -2.1718270789588558E-005   0.0000000000000000     
  0.98429752066115705       -2.0740149741389167E-005   0.0000000000000000     
  0.98512396694214877       -1.9324353704383619E-005   0.0000000000000000     
  0.98595041322314048       -1.7500759922574518E-005   0.0000000000000000     
  0.98677685950413230       -1.5307851309448853E-005   0.0000000000000000     
  0.98760330578512401       -1.2791904351178148E-005   0.0000000000000000     
  0.98842975206611572       -1.0006012543729751E-005   0.0000000000000000     
  0.98925619834710743       -7.0089659720853411E-006   0.0000000000000000     
  0.99008264462809925       -3.8640106754954072E-006   0.0000000000000000     
  0.99090909090909096       -6.3751397972392521E-007   0.0000000000000000     
  0.99173553719008267        2.6024360385847995E-006   0.0000000000000000     
  0.99256198347107438        5.7874674001694061E-006   0.0000000000000000     
  0.99338842975206620        8.8503670625510984E-006   0.0000000000000000     
  0.99421487603305791        1.1726499302648298E-005   0.0000000000000000     
  0.99504132231404963        1.4355169710735974E-005   0.0000000000000000     
  0.99586776859504134        1.6680906011750923E-005   0.0000000000000000     
  0.99669421487603305        1.8654628684946568E-005   0.0000000000000000     
  0.99752066115702476        2.0234686678627198E-005   0.0000000000000000     
  0.99834710743801658        2.1387736363496421E-005   0.0000000000000000     
  0.99917355371900829        2.2089445176178186E-005   0.0000000000000000     
   1.0000000000000000        2.2325005104167588E-005   0.0000000000000000     
