X My_beautiful_solution_real My_beautiful_solution_imag
   0.0000000000000000       -5.4113913701804257E-026   0.0000000000000000     
   7.5757575757575747E-004   3.3034338437259380E-005   0.0000000000000000     
   1.5151515151515149E-003   6.5482740345557857E-005   0.0000000000000000     
   2.2727272727272731E-003   9.6769662066873623E-005   0.0000000000000000     
   3.0303030303030307E-003   1.2634016134467884E-004   0.0000000000000000     
   3.7878787878787880E-003   1.5366974044340258E-004   0.0000000000000000     
   4.5454545454545461E-003   1.7827364926745613E-004   0.0000000000000000     
   5.3030303030303034E-003   1.9971548346860111E-004   0.0000000000000000     
   6.0606060606060615E-003   2.1761492503531750E-004   0.0000000000000000     
   6.8181818181818187E-003   2.3165448806783582E-004   0.0000000000000000     
   7.5757575757575760E-003   2.4158515008771404E-004   0.0000000000000000     
   8.3333333333333350E-003   2.4723076899828891E-004   0.0000000000000000     
   9.0909090909090922E-003   2.4849120735153480E-004   0.0000000000000000     
   9.9173553719008288E-003   2.4484077085436951E-004   0.0000000000000000     
   1.0743801652892564E-002   2.3602351140847541E-004   0.0000000000000000     
   1.1570247933884299E-002   2.2222549777310626E-004   0.0000000000000000     
   1.2396694214876035E-002   2.0373790650868908E-004   0.0000000000000000     
   1.3223140495867772E-002   1.8095087733932489E-004   0.0000000000000000     
   1.4049586776859507E-002   1.5434528011709802E-004   0.0000000000000000     
   1.4876033057851241E-002   1.2448256712714828E-004   0.0000000000000000     
   1.5702479338842976E-002   9.1992924878981923E-005   0.0000000000000000     
   1.6528925619834715E-002   5.7561975414221860E-005   0.0000000000000000     
   1.7355371900826450E-002   2.1916307769521468E-005   0.0000000000000000     
   1.8181818181818184E-002  -1.4191855077834765E-005   0.0000000000000000     
   1.8939393939393940E-002  -4.7046456086098836E-005   0.0000000000000000     
   1.9696969696969699E-002  -7.9066584891102028E-005   0.0000000000000000     
   2.0454545454545454E-002  -1.0968429419871124E-004   0.0000000000000000     
   2.1212121212121213E-002  -1.3835651170401183E-004   0.0000000000000000     
   2.1969696969696969E-002  -1.6457467267111476E-004   0.0000000000000000     
   2.2727272727272728E-002  -1.8787374044544673E-004   0.0000000000000000     
   2.3484848484848483E-002  -2.0784045489995523E-004   0.0000000000000000     
   2.4242424242424242E-002  -2.2412066251089360E-004   0.0000000000000000     
   2.5000000000000001E-002  -2.3642559804821096E-004   0.0000000000000000     
   2.5757575757575757E-002  -2.4453700646098644E-004   0.0000000000000000     
   2.6515151515151512E-002  -2.4831101410999445E-004   0.0000000000000000     
   2.7272727272727271E-002  -2.4768068068261597E-004   0.0000000000000000     
   2.8099173553719006E-002  -2.4198513549346474E-004   0.0000000000000000     
   2.8925619834710745E-002  -2.3118302922399994E-004   0.0000000000000000     
   2.9752066115702479E-002  -2.1550231643575473E-004   0.0000000000000000     
   3.0578512396694214E-002  -1.9527390389076382E-004   0.0000000000000000     
   3.1404958677685953E-002  -1.7092466749604469E-004   0.0000000000000000     
   3.2231404958677684E-002  -1.4296844403199717E-004   0.0000000000000000     
   3.3057851239669422E-002  -1.1199518776338230E-004   0.0000000000000000     
   3.3884297520661161E-002  -7.8658520759392644E-005   0.0000000000000000     
   3.4710743801652899E-002  -4.3661939645732250E-005   0.0000000000000000     
   3.5537190082644637E-002  -7.7439698639866447E-006   0.0000000000000000     
   3.6363636363636369E-002   2.8337419274215129E-005   0.0000000000000000     
   3.7121212121212124E-002   6.0905117973898439E-005   0.0000000000000000     
   3.7878787878787887E-002   9.2392530670900918E-005   0.0000000000000000     
   3.8636363636363642E-002   1.2224115896100263E-004   0.0000000000000000     
   3.9393939393939398E-002   1.4992157187988195E-004   0.0000000000000000     
   4.0151515151515160E-002   1.7494279652379363E-004   0.0000000000000000     
   4.0909090909090916E-002   1.9686102653208837E-004   0.0000000000000000     
   4.1666666666666671E-002   2.1528749396753667E-004   0.0000000000000000     
   4.2424242424242434E-002   2.2989536496934826E-004   0.0000000000000000     
   4.3181818181818189E-002   2.4042553686935068E-004   0.0000000000000000     
   4.3939393939393945E-002   2.4669123394675558E-004   0.0000000000000000     
   4.4696969696969707E-002   2.4858132030568171E-004   0.0000000000000000     
   4.5454545454545463E-002   2.4606227111430263E-004   0.0000000000000000     
   4.6280991735537194E-002   2.3834019491774045E-004   0.0000000000000000     
   4.7107438016528932E-002   2.2558847605011373E-004   0.0000000000000000     
   4.7933884297520664E-002   2.0807621133483591E-004   0.0000000000000000     
   4.8760330578512402E-002   1.8617295838647163E-004   0.0000000000000000     
   4.9586776859504134E-002   1.6034093691447309E-004   0.0000000000000000     
   5.0413223140495872E-002   1.3112527459878013E-004   0.0000000000000000     
   5.1239669421487603E-002   9.9142503375586785E-005   0.0000000000000000     
   5.2066115702479342E-002   6.5067548894438953E-005   0.0000000000000000     
   5.2892561983471073E-002   2.9619487705352166E-005   0.0000000000000000     
   5.3719008264462811E-002  -6.4536272616421865E-006   0.0000000000000000     
   5.4545454545454543E-002  -4.2390552698919359E-005   0.0000000000000000     
   5.5303030303030298E-002  -7.4565120026133687E-005   0.0000000000000000     
   5.6060606060606061E-002  -1.0541711121964814E-004   0.0000000000000000     
   5.6818181818181816E-002  -1.3439929847086526E-004   0.0000000000000000     
   5.7575757575757579E-002  -1.6099761904981861E-004   0.0000000000000000     
   5.8333333333333334E-002  -1.8474029333646910E-004   0.0000000000000000     
   5.9090909090909097E-002  -2.0520619286819341E-004   0.0000000000000000     
   5.9848484848484852E-002  -2.2203230997779033E-004   0.0000000000000000     
   6.0606060606060608E-002  -2.3492019653154633E-004   0.0000000000000000     
   6.1363636363636370E-002  -2.4364125756221630E-004   0.0000000000000000     
   6.2121212121212126E-002  -2.4804080590272351E-004   0.0000000000000000     
   6.2878787878787881E-002  -2.4804080590272367E-004   0.0000000000000000     
   6.3636363636363644E-002  -2.4364125756221625E-004   0.0000000000000000     
   6.4462809917355382E-002  -2.3391783816574530E-004   0.0000000000000000     
   6.5289256198347120E-002  -2.1925810015642895E-004   0.0000000000000000     
   6.6115702479338845E-002  -1.9997140488165580E-004   0.0000000000000000     
   6.6942148760330583E-002  -1.7646475538839475E-004   0.0000000000000000     
   6.7768595041322321E-002  -1.4923420752391411E-004   0.0000000000000000     
   6.8595041322314060E-002  -1.1885440177450768E-004   0.0000000000000000     
   6.9421487603305798E-002  -8.5966436748774106E-005   0.0000000000000000     
   7.0247933884297536E-002  -5.1264340209428807E-005   0.0000000000000000     
   7.1074380165289261E-002  -1.5480423152554284E-005   0.0000000000000000     
   7.1900826446280999E-002   2.0630173996545440E-005   0.0000000000000000     
   7.2727272727272738E-002   5.6305416951693255E-005   0.0000000000000000     
   7.3484848484848500E-002   8.7981906155374040E-005   0.0000000000000000     
   7.4242424242424249E-002   1.1809784306278360E-004   0.0000000000000000     
   7.5000000000000011E-002   1.4611905540431593E-004   0.0000000000000000     
   7.5757575757575774E-002   1.7154852545013606E-004   0.0000000000000000     
   7.6515151515151522E-002   1.9393520571097086E-004   0.0000000000000000     
   7.7272727272727285E-002   2.1288201925573593E-004   0.0000000000000000     
   7.8030303030303047E-002   2.2805290274281647E-004   0.0000000000000000     
   7.8787878787878796E-002   2.3917876724135505E-004   0.0000000000000000     
   7.9545454545454558E-002   2.4606227111430268E-004   0.0000000000000000     
   8.0303030303030321E-002   2.4858132030568150E-004   0.0000000000000000     
   8.1060606060606069E-002   2.4669123394675569E-004   0.0000000000000000     
   8.1818181818181832E-002   2.4042553686935055E-004   0.0000000000000000     
   8.2644628099173570E-002   2.2873249004600721E-004   0.0000000000000000     
   8.3471074380165308E-002   2.1221254991332785E-004   0.0000000000000000     
   8.4297520661157033E-002   1.9121433327026226E-004   0.0000000000000000     
   8.5123966942148771E-002   1.6618096103684099E-004   0.0000000000000000     
   8.5950413223140509E-002   1.3764070716708091E-004   0.0000000000000000     
   8.6776859504132248E-002   1.0619585059580392E-004   0.0000000000000000     
   8.7603305785123986E-002   7.2509965473605963E-005   0.0000000000000000     
   8.8429752066115724E-002   3.7293917902065002E-005   0.0000000000000000     
   8.9256198347107449E-002   1.2908646770739056E-006   0.0000000000000000     
   9.0082644628099187E-002  -3.4739429391900400E-005   0.0000000000000000     
   9.0909090909090925E-002  -7.0036624637579391E-005   0.0000000000000000     
   9.1666666666666688E-002  -1.0111171359397444E-004   0.0000000000000000     
   9.2424242424242437E-002  -1.3039336428875294E-004   0.0000000000000000     
   9.3181818181818199E-002  -1.5736220235021509E-004   0.0000000000000000     
   9.3939393939393948E-002  -1.8153987621718562E-004   0.0000000000000000     
   9.4696969696969710E-002  -2.0249754175431626E-004   0.0000000000000000     
   9.5454545454545459E-002  -2.1986346874447723E-004   0.0000000000000000     
   9.6212121212121221E-002  -2.3332963434040914E-004   0.0000000000000000     
   9.6969696969696983E-002  -2.4265718652627231E-004   0.0000000000000000     
   9.7727272727272732E-002  -2.4768068068261613E-004   0.0000000000000000     
   9.8484848484848495E-002  -2.4831101410999445E-004   0.0000000000000000     
   9.9242424242424243E-002  -2.4453700646098671E-004   0.0000000000000000     
  0.10000000000000001       -2.3642559804821112E-004   0.0000000000000000     
  0.10082644628099174       -2.2280106408630696E-004   0.0000000000000000     
  0.10165289256198347       -2.0447480644127043E-004   0.0000000000000000     
  0.10247933884297521       -1.8183356024807515E-004   0.0000000000000000     
  0.10330578512396695       -1.5535511893147595E-004   0.0000000000000000     
  0.10413223140495868       -1.2559825143240323E-004   0.0000000000000000     
  0.10495867768595041       -9.3190910625506499E-005   0.0000000000000000     
  0.10578512396694215       -5.8816981762425073E-005   0.0000000000000000     
  0.10661157024793388       -2.3201850586131443E-005   0.0000000000000000     
  0.10743801652892562        1.2902904330672622E-005   0.0000000000000000     
  0.10826446280991735        4.8735371989246942E-005   0.0000000000000000     
  0.10909090909090909        8.3539387411167858E-005   0.0000000000000000     
  0.10984848484848485        1.1391171563912943E-004   0.0000000000000000     
  0.11060606060606060        1.4226356946296835E-004   0.0000000000000000     
  0.11136363636363636        1.6809206650013830E-004   0.0000000000000000     
  0.11212121212121212        1.9093908164148973E-004   0.0000000000000000     
  0.11287878787878788        2.1039937290603272E-004   0.0000000000000000     
  0.11363636363636365        2.2612776929729534E-004   0.0000000000000000     
  0.11439393939393940        2.3784529316887799E-004   0.0000000000000000     
  0.11515151515151516        2.4534410850558840E-004   0.0000000000000000     
  0.11590909090909092        2.4849120735153513E-004   0.0000000000000000     
  0.11666666666666667        2.4723076899828907E-004   0.0000000000000000     
  0.11742424242424243        2.4158515008771450E-004   0.0000000000000000     
  0.11818181818181819        2.3165448806783604E-004   0.0000000000000000     
  0.11900826446280993        2.1614290736526439E-004   0.0000000000000000     
  0.11983471074380167        1.9607010865115436E-004   0.0000000000000000     
  0.12066115702479339        1.7185968394687693E-004   0.0000000000000000     
  0.12148760330578513        1.4402254071907016E-004   0.0000000000000000     
  0.12231404958677687        1.1314612030743397E-004   0.0000000000000000     
  0.12314049586776861        7.9882001274689994E-005   0.0000000000000000     
  0.12396694214876035        4.4932149281977109E-005   0.0000000000000000     
  0.12479338842975209        9.0341036561417943E-006   0.0000000000000000     
  0.12561983471074381       -2.7054586746392069E-005   0.0000000000000000     
  0.12644628099173555       -6.2572349932924024E-005   0.0000000000000000     
  0.12727272727272729       -9.6769662066874327E-005   0.0000000000000000     
  0.12803030303030305       -1.2634016134468003E-004   0.0000000000000000     
  0.12878787878787881       -1.5366974044340304E-004   0.0000000000000000     
  0.12954545454545457       -1.7827364926745702E-004   0.0000000000000000     
  0.13030303030303031       -1.9971548346860222E-004   0.0000000000000000     
  0.13106060606060607       -2.1761492503531807E-004   0.0000000000000000     
  0.13181818181818183       -2.3165448806783655E-004   0.0000000000000000     
  0.13257575757575760       -2.4158515008771466E-004   0.0000000000000000     
  0.13333333333333336       -2.4723076899828972E-004   0.0000000000000000     
  0.13409090909090909       -2.4849120735153524E-004   0.0000000000000000     
  0.13484848484848486       -2.4534410850558802E-004   0.0000000000000000     
  0.13560606060606062       -2.3784529316887810E-004   0.0000000000000000     
  0.13636363636363638       -2.2612776929729507E-004   0.0000000000000000     
  0.13719008264462812       -2.0877973740619042E-004   0.0000000000000000     
  0.13801652892561986       -1.8702587092023551E-004   0.0000000000000000     
  0.13884297520661160       -1.6132523707806966E-004   0.0000000000000000     
  0.13966942148760333       -1.3222019091425110E-004   0.0000000000000000     
  0.14049586776859507       -1.0032493005570026E-004   0.0000000000000000     
  0.14132231404958678       -6.6312533439371232E-005   0.0000000000000000     
  0.14214876033057852       -3.0900757469821098E-005   0.0000000000000000     
  0.14297520661157026        5.1631106422146890E-006   0.0000000000000000     
  0.14380165289256200        4.1118022723501542E-005   0.0000000000000000     
  0.14462809917355374        7.6205229876924373E-005   0.0000000000000000     
  0.14545454545454548        1.0968429419871207E-004   0.0000000000000000     
  0.14621212121212124        1.3835651170401313E-004   0.0000000000000000     
  0.14696969696969697        1.6457467267111525E-004   0.0000000000000000     
  0.14772727272727273        1.8787374044544763E-004   0.0000000000000000     
  0.14848484848484850        2.0784045489995623E-004   0.0000000000000000     
  0.14924242424242426        2.2412066251089403E-004   0.0000000000000000     
  0.15000000000000002        2.3642559804821180E-004   0.0000000000000000     
  0.15075757575757576        2.4453700646098715E-004   0.0000000000000000     
  0.15151515151515152        2.4831101410999532E-004   0.0000000000000000     
  0.15227272727272728        2.4768068068261668E-004   0.0000000000000000     
  0.15303030303030302        2.4265718652627242E-004   0.0000000000000000     
  0.15378787878787878        2.3332963434040990E-004   0.0000000000000000     
  0.15454545454545454        2.1986346874447758E-004   0.0000000000000000     
  0.15537190082644628        2.0073557133904092E-004   0.0000000000000000     
  0.15619834710743802        1.7737159367212788E-004   0.0000000000000000     
  0.15702479338842976        1.5026458081773158E-004   0.0000000000000000     
  0.15785123966942149        1.1998656632893751E-004   0.0000000000000000     
  0.15867768595041323        8.7176500734890028E-005   0.0000000000000000     
  0.15950413223140497        5.2526767903184404E-005   0.0000000000000000     
  0.16033057851239671        1.6768573809591492E-005   0.0000000000000000     
  0.16115702479338845       -1.9343483946820292E-005   0.0000000000000000     
  0.16198347107438019       -5.5047340256961214E-005   0.0000000000000000     
  0.16280991735537192       -8.9589544200496284E-005   0.0000000000000000     
  0.16363636363636366       -1.2224115896100336E-004   0.0000000000000000     
  0.16439393939393943       -1.4992157187988309E-004   0.0000000000000000     
  0.16515151515151516       -1.7494279652379403E-004   0.0000000000000000     
  0.16590909090909092       -1.9686102653208913E-004   0.0000000000000000     
  0.16666666666666669       -2.1528749396753760E-004   0.0000000000000000     
  0.16742424242424245       -2.2989536496934867E-004   0.0000000000000000     
  0.16818181818181821       -2.4042553686935152E-004   0.0000000000000000     
  0.16893939393939394       -2.4669123394675634E-004   0.0000000000000000     
  0.16969696969696971       -2.4858132030568258E-004   0.0000000000000000     
  0.17045454545454547       -2.4606227111430344E-004   0.0000000000000000     
  0.17121212121212120       -2.3917876724135527E-004   0.0000000000000000     
  0.17196969696969697       -2.2805290274281731E-004   0.0000000000000000     
  0.17272727272727273       -2.1288201925573640E-004   0.0000000000000000     
  0.17355371900826447       -1.9203664756152727E-004   0.0000000000000000     
  0.17438016528925621       -1.6713876715254960E-004   0.0000000000000000     
  0.17520661157024794       -1.3871379272759971E-004   0.0000000000000000     
  0.17603305785123968       -1.0736157050373859E-004   0.0000000000000000     
  0.17685950413223142       -7.3743719788515658E-005   0.0000000000000000     
  0.17768595041322316       -3.8569670967904876E-005   0.0000000000000000     
  0.17851239669421490       -2.5816945469807224E-006   0.0000000000000000     
  0.17933884297520664        3.3460762827378780E-005   0.0000000000000000     
  0.18016528925619837        6.8797104808217605E-005   0.0000000000000000     
  0.18099173553719011        1.0268163605227651E-004   0.0000000000000000     
  0.18181818181818185        1.3439929847086640E-004   0.0000000000000000     
  0.18257575757575761        1.6099761904982010E-004   0.0000000000000000     
  0.18333333333333335        1.8474029333646978E-004   0.0000000000000000     
  0.18409090909090911        2.0520619286819444E-004   0.0000000000000000     
  0.18484848484848487        2.2203230997779142E-004   0.0000000000000000     
  0.18560606060606064        2.3492019653154690E-004   0.0000000000000000     
  0.18636363636363640        2.4364125756221722E-004   0.0000000000000000     
  0.18712121212121213        2.4804080590272437E-004   0.0000000000000000     
  0.18787878787878790        2.4804080590272459E-004   0.0000000000000000     
  0.18863636363636366        2.4364125756221717E-004   0.0000000000000000     
  0.18939393939393939        2.3492019653154669E-004   0.0000000000000000     
  0.19015151515151515        2.2203230997779139E-004   0.0000000000000000     
  0.19090909090909092        2.0520619286819409E-004   0.0000000000000000     
  0.19173553719008266        1.8271134015492122E-004   0.0000000000000000     
  0.19256198347107439        1.5636076871469222E-004   0.0000000000000000     
  0.19338842975206613        1.2671054907756755E-004   0.0000000000000000     
  0.19421487603305787        9.4386383550903143E-005   0.0000000000000000     
  0.19504132231404961        6.0070402155991335E-005   0.0000000000000000     
  0.19586776859504132        2.4486767782722412E-005   0.0000000000000000     
  0.19669421487603306       -1.1613605666630471E-005   0.0000000000000000     
  0.19752066115702480       -4.7468899654489090E-005   0.0000000000000000     
  0.19834710743801653       -8.2322467503223229E-005   0.0000000000000000     
  0.19917355371900827       -1.1543880174986465E-004   0.0000000000000000     
  0.20000000000000001       -1.4611905540431609E-004   0.0000000000000000     
  0.20075757575757577       -1.7154852545013679E-004   0.0000000000000000     
  0.20151515151515154       -1.9393520571097116E-004   0.0000000000000000     
  0.20227272727272727       -2.1288201925573675E-004   0.0000000000000000     
  0.20303030303030303       -2.2805290274281775E-004   0.0000000000000000     
  0.20378787878787880       -2.3917876724135594E-004   0.0000000000000000     
  0.20454545454545456       -2.4606227111430404E-004   0.0000000000000000     
  0.20530303030303032       -2.4858132030568296E-004   0.0000000000000000     
  0.20606060606060608       -2.4669123394675726E-004   0.0000000000000000     
  0.20681818181818185       -2.4042553686935209E-004   0.0000000000000000     
  0.20757575757575758       -2.2989536496934897E-004   0.0000000000000000     
  0.20833333333333334       -2.1528749396753817E-004   0.0000000000000000     
  0.20909090909090911       -1.9686102653208929E-004   0.0000000000000000     
  0.20991735537190084       -1.7279006633369706E-004   0.0000000000000000     
  0.21074380165289258       -1.4507275394922846E-004   0.0000000000000000     
  0.21157024793388432       -1.1429400195351965E-004   0.0000000000000000     
  0.21239669421487606       -8.1103327833348534E-005   0.0000000000000000     
  0.21322314049586780       -4.6201147357403244E-005   0.0000000000000000     
  0.21404958677685951       -1.0323993850662420E-005   0.0000000000000000     
  0.21487603305785125        2.5771024712472141E-005   0.0000000000000000     
  0.21570247933884298        6.1322202797445876E-005   0.0000000000000000     
  0.21652892561983472        9.5579311420146046E-005   0.0000000000000000     
  0.21735537190082646        1.2781943007036278E-004   0.0000000000000000     
  0.21818181818181820        1.5736220235021536E-004   0.0000000000000000     
  0.21893939393939396        1.8153987621718644E-004   0.0000000000000000     
  0.21969696969696970        2.0249754175431675E-004   0.0000000000000000     
  0.22045454545454546        2.1986346874447828E-004   0.0000000000000000     
  0.22121212121212122        2.3332963434041063E-004   0.0000000000000000     
  0.22196969696969698        2.4265718652627342E-004   0.0000000000000000     
  0.22272727272727272        2.4768068068261771E-004   0.0000000000000000     
  0.22348484848484848        2.4831101410999613E-004   0.0000000000000000     
  0.22424242424242424        2.4453700646098856E-004   0.0000000000000000     
  0.22500000000000001        2.3642559804821302E-004   0.0000000000000000     
  0.22575757575757574        2.2412066251089520E-004   0.0000000000000000     
  0.22651515151515150        2.0784045489995781E-004   0.0000000000000000     
  0.22727272727272727        1.8787374044544890E-004   0.0000000000000000     
  0.22809917355371900        1.6230518723090080E-004   0.0000000000000000     
  0.22892561983471074        1.3331154201408438E-004   0.0000000000000000     
  0.22975206611570248        1.0150465155136798E-004   0.0000000000000000     
  0.23057851239669422        6.7555729917913085E-005   0.0000000000000000     
  0.23140495867768596        3.2181194019149287E-005   0.0000000000000000     
  0.23223140495867770       -3.8724548034723422E-006   0.0000000000000000     
  0.23305785123966943       -3.9844384032267284E-005   0.0000000000000000     
  0.23388429752066117       -7.4975485660836165E-005   0.0000000000000000     
  0.23471074380165291       -1.0852439548959307E-004   0.0000000000000000     
  0.23553719008264465       -1.3978313797753000E-004   0.0000000000000000     
  0.23636363636363639       -1.6809206650013922E-004   0.0000000000000000     
  0.23712121212121215       -1.9093908164149114E-004   0.0000000000000000     
  0.23787878787878791       -2.1039937290603369E-004   0.0000000000000000     
  0.23863636363636365       -2.2612776929729661E-004   0.0000000000000000     
  0.23939393939393941       -2.3784529316887965E-004   0.0000000000000000     
  0.24015151515151517       -2.4534410850558959E-004   0.0000000000000000     
  0.24090909090909093       -2.4849120735153654E-004   0.0000000000000000     
  0.24166666666666670       -2.4723076899829059E-004   0.0000000000000000     
  0.24242424242424246       -2.4158515008771599E-004   0.0000000000000000     
  0.24318181818181822       -2.3165448806783745E-004   0.0000000000000000     
  0.24393939393939396       -2.1761492503531851E-004   0.0000000000000000     
  0.24469696969696972       -1.9971548346860285E-004   0.0000000000000000     
  0.24545454545454548       -1.7827364926745724E-004   0.0000000000000000     
  0.24628099173553722       -1.5129090234285714E-004   0.0000000000000000     
  0.24710743801652896       -1.2111549553799525E-004   0.0000000000000000     
  0.24793388429752070       -8.8384214073826197E-005   0.0000000000000000     
  0.24876033057851243       -5.3787779253095623E-005   0.0000000000000000     
  0.24958677685950417       -1.8056272314937653E-005   0.0000000000000000     
  0.25041322314049591        1.8056272314938006E-005   0.0000000000000000     
  0.25123966942148762        5.3787779253095961E-005   0.0000000000000000     
  0.25206611570247939        8.8384214073826536E-005   0.0000000000000000     
  0.25289256198347110        1.2111549553799551E-004   0.0000000000000000     
  0.25371900826446286        1.5129090234285733E-004   0.0000000000000000     
  0.25454545454545457        1.7827364926745740E-004   0.0000000000000000     
  0.25530303030303031        1.9971548346860306E-004   0.0000000000000000     
  0.25606060606060610        2.1761492503531859E-004   0.0000000000000000     
  0.25681818181818183        2.3165448806783764E-004   0.0000000000000000     
  0.25757575757575762        2.4158515008771591E-004   0.0000000000000000     
  0.25833333333333336        2.4723076899829053E-004   0.0000000000000000     
  0.25909090909090915        2.4849120735153665E-004   0.0000000000000000     
  0.25984848484848488        2.4534410850558975E-004   0.0000000000000000     
  0.26060606060606062        2.3784529316887986E-004   0.0000000000000000     
  0.26136363636363641        2.2612776929729702E-004   0.0000000000000000     
  0.26212121212121214        2.1039937290603410E-004   0.0000000000000000     
  0.26287878787878793        1.9093908164149160E-004   0.0000000000000000     
  0.26363636363636367        1.6809206650013963E-004   0.0000000000000000     
  0.26446280991735538        1.3978313797753040E-004   0.0000000000000000     
  0.26528925619834715        1.0852439548959347E-004   0.0000000000000000     
  0.26611570247933886        7.4975485660836802E-005   0.0000000000000000     
  0.26694214876033062        3.9844384032268049E-005   0.0000000000000000     
  0.26776859504132233        3.8724548034731867E-006   0.0000000000000000     
  0.26859504132231410       -3.2181194019148413E-005   0.0000000000000000     
  0.26942148760330581       -6.7555729917912150E-005   0.0000000000000000     
  0.27024793388429758       -1.0150465155136700E-004   0.0000000000000000     
  0.27107438016528929       -1.3331154201408341E-004   0.0000000000000000     
  0.27190082644628105       -1.6230518723089977E-004   0.0000000000000000     
  0.27272727272727276       -1.8787374044544801E-004   0.0000000000000000     
  0.27348484848484850       -2.0784045489995724E-004   0.0000000000000000     
  0.27424242424242429       -2.2412066251089479E-004   0.0000000000000000     
  0.27500000000000002       -2.3642559804821294E-004   0.0000000000000000     
  0.27575757575757581       -2.4453700646098856E-004   0.0000000000000000     
  0.27651515151515155       -2.4831101410999624E-004   0.0000000000000000     
  0.27727272727272734       -2.4768068068261814E-004   0.0000000000000000     
  0.27803030303030307       -2.4265718652627405E-004   0.0000000000000000     
  0.27878787878787881       -2.3332963434041139E-004   0.0000000000000000     
  0.27954545454545460       -2.1986346874447912E-004   0.0000000000000000     
  0.28030303030303033       -2.0249754175431767E-004   0.0000000000000000     
  0.28106060606060612       -1.8153987621718744E-004   0.0000000000000000     
  0.28181818181818186       -1.5736220235021626E-004   0.0000000000000000     
  0.28264462809917357       -1.2781943007036356E-004   0.0000000000000000     
  0.28347107438016533       -9.5579311420146832E-005   0.0000000000000000     
  0.28429752066115704       -6.1322202797446689E-005   0.0000000000000000     
  0.28512396694214881       -2.5771024712472917E-005   0.0000000000000000     
  0.28595041322314052        1.0323993850661706E-005   0.0000000000000000     
  0.28677685950413229        4.6201147357402634E-005   0.0000000000000000     
  0.28760330578512400        8.1103327833348033E-005   0.0000000000000000     
  0.28842975206611576        1.1429400195351928E-004   0.0000000000000000     
  0.28925619834710747        1.4507275394922816E-004   0.0000000000000000     
  0.29008264462809924        1.7279006633369684E-004   0.0000000000000000     
  0.29090909090909095        1.9686102653208924E-004   0.0000000000000000     
  0.29166666666666669        2.1528749396753841E-004   0.0000000000000000     
  0.29242424242424248        2.2989536496934926E-004   0.0000000000000000     
  0.29318181818181821        2.4042553686935253E-004   0.0000000000000000     
  0.29393939393939400        2.4669123394675764E-004   0.0000000000000000     
  0.29469696969696973        2.4858132030568350E-004   0.0000000000000000     
  0.29545454545454553        2.4606227111430496E-004   0.0000000000000000     
  0.29621212121212126        2.3917876724135706E-004   0.0000000000000000     
  0.29696969696969699        2.2805290274281902E-004   0.0000000000000000     
  0.29772727272727278        2.1288201925573827E-004   0.0000000000000000     
  0.29848484848484852        1.9393520571097278E-004   0.0000000000000000     
  0.29924242424242431        1.7154852545013852E-004   0.0000000000000000     
  0.30000000000000004        1.4611905540431777E-004   0.0000000000000000     
  0.30082644628099175        1.1543880174986642E-004   0.0000000000000000     
  0.30165289256198352        8.2322467503225126E-005   0.0000000000000000     
  0.30247933884297523        4.7468899654491109E-005   0.0000000000000000     
  0.30330578512396694        1.1613605666632504E-005   0.0000000000000000     
  0.30413223140495871       -2.4486767782720392E-005   0.0000000000000000     
  0.30495867768595042       -6.0070402155989370E-005   0.0000000000000000     
  0.30578512396694219       -9.4386383550901299E-005   0.0000000000000000     
  0.30661157024793390       -1.2671054907756601E-004   0.0000000000000000     
  0.30743801652892561       -1.5636076871469105E-004   0.0000000000000000     
  0.30826446280991737       -1.8271134015492043E-004   0.0000000000000000     
  0.30909090909090908       -2.0520619286819368E-004   0.0000000000000000     
  0.30984848484848482       -2.2203230997779169E-004   0.0000000000000000     
  0.31060606060606061       -2.3492019653154750E-004   0.0000000000000000     
  0.31136363636363640       -2.4364125756221839E-004   0.0000000000000000     
  0.31212121212121213       -2.4804080590272627E-004   0.0000000000000000     
  0.31287878787878787       -2.4804080590272643E-004   0.0000000000000000     
  0.31363636363636366       -2.4364125756221944E-004   0.0000000000000000     
  0.31439393939393939       -2.3492019653154915E-004   0.0000000000000000     
  0.31515151515151518       -2.2203230997779332E-004   0.0000000000000000     
  0.31590909090909092       -2.0520619286819585E-004   0.0000000000000000     
  0.31666666666666671       -1.8474029333647089E-004   0.0000000000000000     
  0.31742424242424250       -1.6099761904982070E-004   0.0000000000000000     
  0.31818181818181823       -1.3439929847086635E-004   0.0000000000000000     
  0.31900826446280994       -1.0268163605227616E-004   0.0000000000000000     
  0.31983471074380171       -6.8797104808216995E-005   0.0000000000000000     
  0.32066115702479342       -3.3460762827378028E-005   0.0000000000000000     
  0.32148760330578519        2.5816945469816202E-006   0.0000000000000000     
  0.32231404958677690        3.8569670967905927E-005   0.0000000000000000     
  0.32314049586776866        7.3743719788516837E-005   0.0000000000000000     
  0.32396694214876037        1.0736157050373989E-004   0.0000000000000000     
  0.32479338842975214        1.3871379272760112E-004   0.0000000000000000     
  0.32561983471074385        1.6713876715255101E-004   0.0000000000000000     
  0.32644628099173562        1.9203664756152863E-004   0.0000000000000000     
  0.32727272727272733        2.1288201925573786E-004   0.0000000000000000     
  0.32809917355371904        2.2923498676977836E-004   0.0000000000000000     
  0.32892561983471080        2.4075045689251235E-004   0.0000000000000000     
  0.32975206611570251        2.4718542109602293E-004   0.0000000000000000     
  0.33057851239669428        2.4840408369322762E-004   0.0000000000000000     
  0.33140495867768599        2.4438072750522949E-004   0.0000000000000000     
  0.33223140495867776        2.3520025656593454E-004   0.0000000000000000     
  0.33305785123966947        2.2105640440984949E-004   0.0000000000000000     
  0.33388429752066123        2.0224764575432530E-004   0.0000000000000000     
  0.33471074380165294        1.7917089785113625E-004   0.0000000000000000     
  0.33553719008264471        1.5231314442531652E-004   0.0000000000000000     
  0.33636363636363642        1.2224115896100342E-004   0.0000000000000000     
  0.33719008264462813        8.9589544200496013E-005   0.0000000000000000     
  0.33801652892561990        5.5047340256960685E-005   0.0000000000000000     
  0.33884297520661161        1.9343483946819604E-005   0.0000000000000000     
  0.33966942148760337       -1.6768573809592356E-005   0.0000000000000000     
  0.34049586776859508       -5.2526767903185448E-005   0.0000000000000000     
  0.34132231404958685       -8.7176500734891248E-005   0.0000000000000000     
  0.34214876033057856       -1.1998656632893892E-004   0.0000000000000000     
  0.34297520661157033       -1.5026458081773304E-004   0.0000000000000000     
  0.34380165289256204       -1.7737159367212939E-004   0.0000000000000000     
  0.34462809917355380       -2.0073557133904244E-004   0.0000000000000000     
  0.34545454545454551       -2.1986346874447923E-004   0.0000000000000000     
  0.34628099173553722       -2.3435163391932517E-004   0.0000000000000000     
  0.34710743801652899       -2.4389432618138353E-004   0.0000000000000000     
  0.34793388429752070       -2.4829016811624735E-004   0.0000000000000000     
  0.34876033057851241       -2.4744639520233805E-004   0.0000000000000000     
  0.34958677685950418       -2.4138081340068521E-004   0.0000000000000000     
  0.35041322314049589       -2.3022142339993012E-004   0.0000000000000000     
  0.35123966942148765       -2.1420371944454902E-004   0.0000000000000000     
  0.35206611570247937       -1.9366571974967686E-004   0.0000000000000000     
  0.35289256198347108       -1.6904083337461744E-004   0.0000000000000000     
  0.35371900826446284       -1.4084871408279989E-004   0.0000000000000000     
  0.35454545454545455       -1.0968429419871472E-004   0.0000000000000000     
  0.35537190082644632       -7.6205229876926623E-005   0.0000000000000000     
  0.35619834710743803       -4.1118022723503433E-005   0.0000000000000000     
  0.35702479338842980       -5.1631106422161815E-006   0.0000000000000000     
  0.35785123966942151        3.0900757469820082E-005   0.0000000000000000     
  0.35867768595041327        6.6312533439370731E-005   0.0000000000000000     
  0.35950413223140498        1.0032493005570026E-004   0.0000000000000000     
  0.36033057851239675        1.3222019091425159E-004   0.0000000000000000     
  0.36115702479338846        1.6132523707807059E-004   0.0000000000000000     
  0.36198347107438023        1.8702587092023681E-004   0.0000000000000000     
  0.36280991735537194        2.0877973740619183E-004   0.0000000000000000     
  0.36363636363636370        2.2612776929729675E-004   0.0000000000000000     
  0.36446280991735541        2.3870387474954596E-004   0.0000000000000000     
  0.36528925619834718        2.4624266287224020E-004   0.0000000000000000     
  0.36611570247933889        2.4858504421575194E-004   0.0000000000000000     
  0.36694214876033060        2.4568158800259375E-004   0.0000000000000000     
  0.36776859504132237        2.3759356525437811E-004   0.0000000000000000     
  0.36859504132231408        2.2449165580284064E-004   0.0000000000000000     
  0.36942148760330584        2.0665234646914974E-004   0.0000000000000000     
  0.37024793388429755        1.8445209642106391E-004   0.0000000000000000     
  0.37107438016528926        1.5835939283515046E-004   0.0000000000000000     
  0.37190082644628103        1.2892486451066858E-004   0.0000000000000000     
  0.37272727272727274        9.6769662066877404E-005   0.0000000000000000     
  0.37355371900826451        6.2572349932926762E-005   0.0000000000000000     
  0.37438016528925622        2.7054586746394495E-005   0.0000000000000000     
  0.37520661157024798       -9.0341036561397343E-006   0.0000000000000000     
  0.37603305785123969       -4.4932149281975503E-005   0.0000000000000000     
  0.37685950413223146       -7.9882001274688869E-005   0.0000000000000000     
  0.37768595041322317       -1.1314612030743329E-004   0.0000000000000000     
  0.37851239669421494       -1.4402254071906989E-004   0.0000000000000000     
  0.37933884297520665       -1.7185968394687706E-004   0.0000000000000000     
  0.38016528925619841       -1.9607010865115482E-004   0.0000000000000000     
  0.38099173553719012       -2.1614290736526507E-004   0.0000000000000000     
  0.38181818181818189       -2.3165448806783699E-004   0.0000000000000000     
  0.38264462809917360       -2.4227751315547631E-004   0.0000000000000000     
  0.38347107438016537       -2.4778780717890441E-004   0.0000000000000000     
  0.38429752066115708       -2.4806908756999071E-004   0.0000000000000000     
  0.38512396694214879       -2.4311541852826111E-004   0.0000000000000000     
  0.38595041322314055       -2.3303133628257337E-004   0.0000000000000000     
  0.38677685950413226       -2.1802964308562285E-004   0.0000000000000000     
  0.38760330578512403       -1.9842691649272760E-004   0.0000000000000000     
  0.38842975206611574       -1.7463682869271258E-004   0.0000000000000000     
  0.38925619834710745       -1.4716141687161460E-004   0.0000000000000000     
  0.39008264462809922       -1.1658048882782931E-004   0.0000000000000000     
  0.39090909090909093       -8.3539387411171910E-005   0.0000000000000000     
  0.39173553719008264       -4.8735371989250912E-005   0.0000000000000000     
  0.39256198347107440       -1.2902904330676469E-005   0.0000000000000000     
  0.39338842975206612        2.3201850586127764E-005   0.0000000000000000     
  0.39421487603305788        5.8816981762421658E-005   0.0000000000000000     
  0.39504132231404959        9.3190910625503396E-005   0.0000000000000000     
  0.39586776859504136        1.2559825143240049E-004   0.0000000000000000     
  0.39669421487603307        1.5535511893147372E-004   0.0000000000000000     
  0.39752066115702483        1.8183356024807336E-004   0.0000000000000000     
  0.39834710743801655        2.0447480644126905E-004   0.0000000000000000     
  0.39917355371900831        2.2280106408630615E-004   0.0000000000000000     
  0.40000000000000002        2.3642559804821085E-004   0.0000000000000000     
  0.40082644628099173        2.4506089267142459E-004   0.0000000000000000     
  0.40165289256198350        2.4852471916180966E-004   0.0000000000000000     
  0.40247933884297521        2.4674398112230016E-004   0.0000000000000000     
  0.40330578512396698        2.3975625709078213E-004   0.0000000000000000     
  0.40413223140495869        2.2770900752790840E-004   0.0000000000000000     
  0.40495867768595045        2.1085646299061719E-004   0.0000000000000000     
  0.40578512396694216        1.8955425915819245E-004   0.0000000000000000     
  0.40661157024793393        1.6425193192782782E-004   0.0000000000000000     
  0.40743801652892564        1.3548343095407859E-004   0.0000000000000000     
  0.40826446280991741        1.0385585182195285E-004   0.0000000000000000     
  0.40909090909090912        7.0036624637582020E-005   0.0000000000000000     
  0.40991735537190083        3.4739429391902921E-005   0.0000000000000000     
  0.41074380165289259       -1.2908646770715407E-006   0.0000000000000000     
  0.41157024793388430       -3.7293917902062820E-005   0.0000000000000000     
  0.41239669421487607       -7.2509965473603998E-005   0.0000000000000000     
  0.41322314049586778       -1.0619585059580222E-004   0.0000000000000000     
  0.41404958677685955       -1.3764070716707950E-004   0.0000000000000000     
  0.41487603305785126       -1.6618096103683994E-004   0.0000000000000000     
  0.41570247933884302       -1.9121433327026147E-004   0.0000000000000000     
  0.41652892561983473       -2.1221254991332734E-004   0.0000000000000000     
  0.41735537190082650       -2.2873249004600718E-004   0.0000000000000000     
  0.41818181818181821       -2.4042553686935093E-004   0.0000000000000000     
  0.41900826446280992       -2.4704493449194338E-004   0.0000000000000000     
  0.41983471074380169       -2.4845099516723746E-004   0.0000000000000000     
  0.42066115702479340       -2.4461404709448563E-004   0.0000000000000000     
  0.42148760330578511       -2.3561506057655522E-004   0.0000000000000000     
  0.42231404958677687       -2.2164393932052148E-004   0.0000000000000000     
  0.42314049586776858       -2.0299551294033070E-004   0.0000000000000000     
  0.42396694214876035       -1.8006331522956641E-004   0.0000000000000000     
  0.42479338842975206       -1.5333127950113200E-004   0.0000000000000000     
  0.42561983471074377       -1.2336352624531043E-004   0.0000000000000000     
  0.42644628099173554       -9.0792458614109953E-005   0.0000000000000000     
  0.42727272727272725       -5.6305416951698581E-005   0.0000000000000000     
  0.42809917355371896       -2.0630173996550790E-005   0.0000000000000000     
  0.42892561983471073        1.5480423152548995E-005   0.0000000000000000     
  0.42975206611570244        5.1264340209423691E-005   0.0000000000000000     
  0.43057851239669420        8.5966436748769240E-005   0.0000000000000000     
  0.43140495867768591        1.1885440177450315E-004   0.0000000000000000     
  0.43223140495867768        1.4923420752391004E-004   0.0000000000000000     
  0.43305785123966939        1.7646475538839128E-004   0.0000000000000000     
  0.43388429752066116        1.9997140488165290E-004   0.0000000000000000     
  0.43471074380165287        2.1925810015642659E-004   0.0000000000000000     
  0.43553719008264463        2.3391783816574351E-004   0.0000000000000000     
  0.43636363636363634        2.4364125756221524E-004   0.0000000000000000     
  0.43719008264462805        2.4822316708499878E-004   0.0000000000000000     
  0.43801652892561982        2.4756687566753242E-004   0.0000000000000000     
  0.43884297520661153        2.4168623288863426E-004   0.0000000000000000     
  0.43966942148760330        2.3070533670785365E-004   0.0000000000000000     
  0.44049586776859501        2.1485591465226773E-004   0.0000000000000000     
  0.44132231404958677        1.9447243371991171E-004   0.0000000000000000     
  0.44214876033057848        1.6998504219323092E-004   0.0000000000000000     
  0.44297520661157025        1.4191049231095803E-004   0.0000000000000000     
  0.44380165289256196        1.1084123535531822E-004   0.0000000000000000     
  0.44462809917355373        7.7432919277684926E-005   0.0000000000000000     
  0.44545454545454544        4.2390552698925275E-005   0.0000000000000000     
  0.44628099173553720        6.4536272616478379E-006   0.0000000000000000     
  0.44710743801652891       -2.9619487705346854E-005   0.0000000000000000     
  0.44793388429752068       -6.5067548894434034E-005   0.0000000000000000     
  0.44876033057851239       -9.9142503375582381E-005   0.0000000000000000     
  0.44958677685950416       -1.3112527459877634E-004   0.0000000000000000     
  0.45041322314049587       -1.6034093691446986E-004   0.0000000000000000     
  0.45123966942148763       -1.8617295838646897E-004   0.0000000000000000     
  0.45206611570247934       -2.0807621133483385E-004   0.0000000000000000     
  0.45289256198347111       -2.2558847605011224E-004   0.0000000000000000     
  0.45371900826446282       -2.3834019491773942E-004   0.0000000000000000     
  0.45454545454545459       -2.4606227111430209E-004   0.0000000000000000     
  0.45537190082644630       -2.4859174730077290E-004   0.0000000000000000     
  0.45619834710743806       -2.4587524447673757E-004   0.0000000000000000     
  0.45702479338842977       -2.3797008842613160E-004   0.0000000000000000     
  0.45785123966942148       -2.2504309998343757E-004   0.0000000000000000     
  0.45867768595041325       -2.0736707464870624E-004   0.0000000000000000     
  0.45950413223140496       -1.8531502584223338E-004   0.0000000000000000     
  0.46033057851239673       -1.5935231328103610E-004   0.0000000000000000     
  0.46115702479338844       -1.3002682259128208E-004   0.0000000000000000     
  0.46198347107438015       -9.7957403394198441E-005   0.0000000000000000     
  0.46280991735537191       -6.3820809853183642E-005   0.0000000000000000     
  0.46363636363636362       -2.8337419274220648E-005   0.0000000000000000     
  0.46446280991735539        7.7439698639812897E-006   0.0000000000000000     
  0.46528925619834710        4.3661939645727134E-005   0.0000000000000000     
  0.46611570247933887        7.8658520759387792E-005   0.0000000000000000     
  0.46694214876033058        1.1199518776337783E-004   0.0000000000000000     
  0.46776859504132234        1.4296844403199319E-004   0.0000000000000000     
  0.46859504132231405        1.7092466749604117E-004   0.0000000000000000     
  0.46942148760330582        1.9527390389076075E-004   0.0000000000000000     
  0.47024793388429753        2.1550231643575218E-004   0.0000000000000000     
  0.47107438016528930        2.3118302922399794E-004   0.0000000000000000     
  0.47190082644628101        2.4198513549346308E-004   0.0000000000000000     
  0.47272727272727277        2.4768068068261483E-004   0.0000000000000000     
  0.47355371900826448        2.4814947290721038E-004   0.0000000000000000     
  0.47438016528925625        2.4338161934418708E-004   0.0000000000000000     
  0.47520661157024796        2.3347773499780624E-004   0.0000000000000000     
  0.47603305785123967        2.1864681944259529E-004   0.0000000000000000     
  0.47685950413223144        1.9920184634935852E-004   0.0000000000000000     
  0.47768595041322315        1.7555315886840715E-004   0.0000000000000000     
  0.47851239669421491        1.4819981024465927E-004   0.0000000000000000     
  0.47933884297520662        1.1771903240268412E-004   0.0000000000000000     
  0.48016528925619834        8.4754054743875525E-005   0.0000000000000000     
  0.48099173553719010        5.0000530212241329E-005   0.0000000000000000     
  0.48181818181818181        1.4191855077840025E-005   0.0000000000000000     
  0.48264462809917358       -2.1916307769516258E-005   0.0000000000000000     
  0.48347107438016529       -5.7561975414216777E-005   0.0000000000000000     
  0.48429752066115705       -9.1992924878977003E-005   0.0000000000000000     
  0.48512396694214877       -1.2448256712714365E-004   0.0000000000000000     
  0.48595041322314053       -1.5434528011709376E-004   0.0000000000000000     
  0.48677685950413224       -1.8095087733932096E-004   0.0000000000000000     
  0.48760330578512401       -2.0373790650868553E-004   0.0000000000000000     
  0.48842975206611572       -2.2222549777310317E-004   0.0000000000000000     
  0.48925619834710748       -2.3602351140847273E-004   0.0000000000000000     
  0.49008264462809920       -2.4484077085436712E-004   0.0000000000000000     
  0.49090909090909096       -2.4849120735153285E-004   0.0000000000000000     
  0.49173553719008267       -2.4689778651145600E-004   0.0000000000000000     
  0.49256198347107444       -2.4009413395675806E-004   0.0000000000000000     
  0.49338842975206615       -2.2822382572679545E-004   0.0000000000000000     
  0.49421487603305786       -2.1153735842296915E-004   0.0000000000000000     
  0.49504132231404963       -1.9038686303177524E-004   0.0000000000000000     
  0.49586776859504134       -1.6521867397947481E-004   0.0000000000000000     
  0.49669421487603310       -1.3656391023093140E-004   0.0000000000000000     
  0.49752066115702481       -1.0502726719855668E-004   0.0000000000000000     
  0.49834710743801652       -7.1274255983300741E-005   0.0000000000000000     
  0.49917355371900829       -3.6017159234470327E-005   0.0000000000000000     
  0.50000000000000000       -4.7044366371086006E-018   0.0000000000000000     
  0.50082644628099171        3.6017159234461070E-005   0.0000000000000000     
  0.50165289256198342        7.1274255983291770E-005   0.0000000000000000     
  0.50247933884297524        1.0502726719854829E-004   0.0000000000000000     
  0.50330578512396695        1.3656391023092354E-004   0.0000000000000000     
  0.50413223140495866        1.6521867397946755E-004   0.0000000000000000     
  0.50495867768595037        1.9038686303176890E-004   0.0000000000000000     
  0.50578512396694209        2.1153735842296422E-004   0.0000000000000000     
  0.50661157024793380        2.2822382572679168E-004   0.0000000000000000     
  0.50743801652892562        2.4009413395675522E-004   0.0000000000000000     
  0.50826446280991733        2.4689778651145437E-004   0.0000000000000000     
  0.50909090909090904        2.4849120735153258E-004   0.0000000000000000     
  0.50991735537190075        2.4484077085436826E-004   0.0000000000000000     
  0.51074380165289257        2.3602351140847506E-004   0.0000000000000000     
  0.51157024793388428        2.2222549777310704E-004   0.0000000000000000     
  0.51239669421487599        2.0373790650869103E-004   0.0000000000000000     
  0.51322314049586770        1.8095087733932780E-004   0.0000000000000000     
  0.51404958677685952        1.5434528011710167E-004   0.0000000000000000     
  0.51487603305785123        1.2448256712715246E-004   0.0000000000000000     
  0.51570247933884295        9.1992924878986436E-005   0.0000000000000000     
  0.51652892561983466        5.7561975414226616E-005   0.0000000000000000     
  0.51735537190082648        2.1916307769526442E-005   0.0000000000000000     
  0.51818181818181819       -1.4191855077829689E-005   0.0000000000000000     
  0.51900826446280990       -5.0000530212231110E-005   0.0000000000000000     
  0.51983471074380161       -8.4754054743865632E-005   0.0000000000000000     
  0.52066115702479343       -1.1771903240267480E-004   0.0000000000000000     
  0.52148760330578514       -1.4819981024465060E-004   0.0000000000000000     
  0.52231404958677685       -1.7555315886839907E-004   0.0000000000000000     
  0.52314049586776856       -1.9920184634935150E-004   0.0000000000000000     
  0.52396694214876027       -2.1864681944258973E-004   0.0000000000000000     
  0.52479338842975198       -2.3347773499780204E-004   0.0000000000000000     
  0.52561983471074381       -2.4338161934418391E-004   0.0000000000000000     
  0.52644628099173552       -2.4814947290720859E-004   0.0000000000000000     
  0.52727272727272723       -2.4768068068261451E-004   0.0000000000000000     
  0.52809917355371894       -2.4198513549346425E-004   0.0000000000000000     
  0.52892561983471076       -2.3118302922400032E-004   0.0000000000000000     
  0.52975206611570247       -2.1550231643575619E-004   0.0000000000000000     
  0.53057851239669418       -1.9527390389076639E-004   0.0000000000000000     
  0.53140495867768589       -1.7092466749604819E-004   0.0000000000000000     
  0.53223140495867771       -1.4296844403200132E-004   0.0000000000000000     
  0.53305785123966942       -1.1199518776338691E-004   0.0000000000000000     
  0.53388429752066113       -7.8658520759397523E-005   0.0000000000000000     
  0.53471074380165284       -4.3661939645737291E-005   0.0000000000000000     
  0.53553719008264467       -7.7439698639917929E-006   0.0000000000000000     
  0.53636363636363638        2.8337419274209979E-005   0.0000000000000000     
  0.53719008264462809        6.3820809853173125E-005   0.0000000000000000     
  0.53801652892561980        9.7957403394188249E-005   0.0000000000000000     
  0.53884297520661162        1.3002682259127257E-004   0.0000000000000000     
  0.53966942148760333        1.5935231328102723E-004   0.0000000000000000     
  0.54049586776859504        1.8531502584222517E-004   0.0000000000000000     
  0.54132231404958675        2.0736707464869914E-004   0.0000000000000000     
  0.54214876033057846        2.2504309998343198E-004   0.0000000000000000     
  0.54297520661157017        2.3797008842612734E-004   0.0000000000000000     
  0.54380165289256199        2.4587524447673448E-004   0.0000000000000000     
  0.54462809917355370        2.4859174730077122E-004   0.0000000000000000     
  0.54545454545454541        2.4606227111430192E-004   0.0000000000000000     
  0.54628099173553712        2.3834019491774069E-004   0.0000000000000000     
  0.54710743801652895        2.2558847605011468E-004   0.0000000000000000     
  0.54793388429752066        2.0807621133483783E-004   0.0000000000000000     
  0.54876033057851237        1.8617295838647453E-004   0.0000000000000000     
  0.54958677685950408        1.6034093691447677E-004   0.0000000000000000     
  0.55041322314049590        1.3112527459878433E-004   0.0000000000000000     
  0.55123966942148761        9.9142503375591258E-005   0.0000000000000000     
  0.55206611570247932        6.5067548894443534E-005   0.0000000000000000     
  0.55289256198347103        2.9619487705356754E-005   0.0000000000000000     
  0.55371900826446285       -6.4536272616376430E-006   0.0000000000000000     
  0.55454545454545456       -4.2390552698914941E-005   0.0000000000000000     
  0.55537190082644627       -7.7432919277674545E-005   0.0000000000000000     
  0.55619834710743798       -1.1084123535530800E-004   0.0000000000000000     
  0.55702479338842981       -1.4191049231094817E-004   0.0000000000000000     
  0.55785123966942152       -1.6998504219322157E-004   0.0000000000000000     
  0.55867768595041323       -1.9447243371990304E-004   0.0000000000000000     
  0.55950413223140494       -2.1485591465226025E-004   0.0000000000000000     
  0.56033057851239665       -2.3070533670784777E-004   0.0000000000000000     
  0.56115702479338836       -2.4168623288863006E-004   0.0000000000000000     
  0.56198347107438018       -2.4756687566752992E-004   0.0000000000000000     
  0.56280991735537189       -2.4822316708499796E-004   0.0000000000000000     
  0.56363636363636360       -2.4364125756221630E-004   0.0000000000000000     
  0.56446280991735531       -2.3391783816574624E-004   0.0000000000000000     
  0.56528925619834713       -2.1925810015643060E-004   0.0000000000000000     
  0.56611570247933884       -1.9997140488165838E-004   0.0000000000000000     
  0.56694214876033056       -1.7646475538839825E-004   0.0000000000000000     
  0.56776859504132227       -1.4923420752391831E-004   0.0000000000000000     
  0.56859504132231409       -1.1885440177451234E-004   0.0000000000000000     
  0.56942148760330580       -8.5966436748779025E-005   0.0000000000000000     
  0.57024793388429751       -5.1264340209433815E-005   0.0000000000000000     
  0.57107438016528922       -1.5480423152559288E-005   0.0000000000000000     
  0.57190082644628104        2.0630173996540534E-005   0.0000000000000000     
  0.57272727272727275        5.6305416951688525E-005   0.0000000000000000     
  0.57355371900826446        9.0792458614100561E-005   0.0000000000000000     
  0.57438016528925628        1.2336352624530176E-004   0.0000000000000000     
  0.57520661157024799        1.5333127950112443E-004   0.0000000000000000     
  0.57603305785123970        1.8006331522956004E-004   0.0000000000000000     
  0.57685950413223142        2.0299551294032539E-004   0.0000000000000000     
  0.57768595041322324        2.2164393932051714E-004   0.0000000000000000     
  0.57851239669421495        2.3561506057655161E-004   0.0000000000000000     
  0.57933884297520666        2.4461404709448254E-004   0.0000000000000000     
  0.58016528925619837        2.4845099516723491E-004   0.0000000000000000     
  0.58099173553719019        2.4704493449194159E-004   0.0000000000000000     
  0.58181818181818190        2.4042553686934990E-004   0.0000000000000000     
  0.58264462809917361        2.2873249004600697E-004   0.0000000000000000     
  0.58347107438016532        2.1221254991332810E-004   0.0000000000000000     
  0.58429752066115714        1.9121433327026318E-004   0.0000000000000000     
  0.58512396694214885        1.6618096103684238E-004   0.0000000000000000     
  0.58595041322314056        1.3764070716708269E-004   0.0000000000000000     
  0.58677685950413228        1.0619585059580626E-004   0.0000000000000000     
  0.58760330578512399        7.2509965473608945E-005   0.0000000000000000     
  0.58842975206611570        3.7293917902068559E-005   0.0000000000000000     
  0.58925619834710752        1.2908646770779375E-006   0.0000000000000000     
  0.59008264462809923       -3.4739429391896030E-005   0.0000000000000000     
  0.59090909090909094       -7.0036624637574715E-005   0.0000000000000000     
  0.59173553719008265       -1.0385585182194541E-004   0.0000000000000000     
  0.59256198347107436       -1.3548343095407108E-004   0.0000000000000000     
  0.59338842975206618       -1.6425193192782058E-004   0.0000000000000000     
  0.59421487603305789       -1.8955425915818548E-004   0.0000000000000000     
  0.59504132231404960       -2.1085646299061068E-004   0.0000000000000000     
  0.59586776859504131       -2.2770900752790282E-004   0.0000000000000000     
  0.59669421487603302       -2.3975625709077785E-004   0.0000000000000000     
  0.59752066115702474       -2.4674398112229724E-004   0.0000000000000000     
  0.59834710743801656       -2.4852471916180803E-004   0.0000000000000000     
  0.59917355371900827       -2.4506089267142432E-004   0.0000000000000000     
  0.59999999999999998       -2.3642559804821207E-004   0.0000000000000000     
  0.60082644628099169       -2.2450559173801520E-004   0.0000000000000000     
  0.60165289256198351       -2.1125694676195496E-004   0.0000000000000000     
  0.60247933884297522       -1.9695924646990947E-004   0.0000000000000000     
  0.60330578512396693       -1.8191421220397676E-004   0.0000000000000000     
  0.60413223140495864       -1.6643933613688097E-004   0.0000000000000000     
  0.60495867768595046       -1.5086118130186688E-004   0.0000000000000000     
  0.60578512396694217       -1.3550849020215012E-004   0.0000000000000000     
  0.60661157024793388       -1.2070524742748101E-004   0.0000000000000000     
  0.60743801652892560       -1.0676384267593341E-004   0.0000000000000000     
  0.60826446280991742       -9.3978478460252226E-005   0.0000000000000000     
  0.60909090909090913       -8.2618961614516463E-005   0.0000000000000000     
  0.60991735537190084       -7.2925009617641208E-005   0.0000000000000000     
  0.61074380165289255       -6.5101191886176516E-005   0.0000000000000000     
  0.61157024793388437       -5.9312612789228571E-005   0.0000000000000000     
  0.61239669421487608       -5.5681427485869339E-005   0.0000000000000000     
  0.61322314049586779       -5.4284264110804337E-005   0.0000000000000000     
  0.61404958677685950       -5.5150606706875696E-005   0.0000000000000000     
  0.61487603305785121       -5.8262173029703920E-005   0.0000000000000000     
  0.61570247933884292       -6.3553300354019982E-005   0.0000000000000000     
  0.61652892561983474       -7.0912331140099324E-005   0.0000000000000000     
  0.61735537190082646       -8.0183969319376245E-005   0.0000000000000000     
  0.61818181818181817       -9.1172557474372302E-005   0.0000000000000000     
  0.61900826446280988       -1.0364620575579801E-004   0.0000000000000000     
  0.61983471074380170       -1.1734168540493891E-004   0.0000000000000000     
  0.62066115702479341       -1.3196998361441600E-004   0.0000000000000000     
  0.62148760330578512       -1.4722240250427681E-004   0.0000000000000000     
  0.62231404958677683       -1.6277707350798357E-004   0.0000000000000000     
  0.62314049586776865       -1.7830574969664135E-004   0.0000000000000000     
  0.62396694214876036       -1.9348073270443282E-004   0.0000000000000000     
  0.62479338842975207       -2.0798178807784377E-004   0.0000000000000000     
  0.62561983471074378       -2.2150290311555206E-004   0.0000000000000000     
  0.62644628099173560       -2.3375874458965684E-004   0.0000000000000000     
  0.62727272727272732       -2.4449068007238245E-004   0.0000000000000000     
  0.62809917355371903       -2.5347223580144350E-004   0.0000000000000000     
  0.62892561983471074       -2.6051387590789844E-004   0.0000000000000000     
  0.62975206611570256       -2.6546700215145607E-004   0.0000000000000000     
  0.63057851239669427       -2.6822708975772410E-004   0.0000000000000000     
  0.63140495867768598       -2.6873589318226695E-004   0.0000000000000000     
  0.63223140495867769       -2.6698267525419124E-004   0.0000000000000000     
  0.63305785123966940       -2.6300443376023509E-004   0.0000000000000000     
  0.63388429752066111       -2.5688512068830835E-004   0.0000000000000000     
  0.63471074380165293       -2.4875387060662059E-004   0.0000000000000000     
  0.63553719008264464       -2.3878227556403564E-004   0.0000000000000000     
  0.63636363636363635       -2.2718076401952080E-004   0.0000000000000000     
  0.63719008264462806       -2.1419416021488410E-004   0.0000000000000000     
  0.63801652892561989       -2.0009651770064150E-004   0.0000000000000000     
  0.63884297520661160       -1.8518533604196716E-004   0.0000000000000000     
  0.63966942148760331       -1.6977528274834705E-004   0.0000000000000000     
  0.64049586776859502       -1.5419155291176978E-004   0.0000000000000000     
  0.64132231404958684       -1.3876300668352510E-004   0.0000000000000000     
  0.64214876033057855       -1.2381522940807565E-004   0.0000000000000000     
  0.64297520661157026       -1.0966366086447366E-004   0.0000000000000000     
  0.64380165289256197       -9.6606938607463226E-005   0.0000000000000000     
  0.64462809917355379       -8.4920595882418922E-005   0.0000000000000000     
  0.64545454545454550       -7.4851247105590959E-005   0.0000000000000000     
  0.64628099173553721       -6.6611383612295524E-005   0.0000000000000000     
  0.64710743801652892       -6.0374889497256777E-005   0.0000000000000000     
  0.64793388429752075       -5.6273372175377385E-005   0.0000000000000000     
  0.64876033057851246       -5.4393385098281693E-005   0.0000000000000000     
  0.64958677685950417       -5.4774601235275922E-005   0.0000000000000000     
  0.65041322314049588       -5.7408975862884915E-005   0.0000000000000000     
  0.65123966942148759       -6.2240916331102251E-005   0.0000000000000000     
  0.65206611570247930       -6.9168455223312102E-005   0.0000000000000000     
  0.65289256198347112       -7.8045402152940576E-005   0.0000000000000000     
  0.65371900826446283       -8.8684428788423354E-005   0.0000000000000000     
  0.65454545454545454       -1.0086102200319927E-004   0.0000000000000000     
  0.65537190082644625       -1.1431822172873131E-004   0.0000000000000000     
  0.65619834710743807       -1.2877204352842119E-004   0.0000000000000000     
  0.65702479338842978       -1.4391747146104514E-004   0.0000000000000000     
  0.65785123966942149       -1.5943489476759538E-004   0.0000000000000000     
  0.65867768595041321       -1.7499685254942986E-004   0.0000000000000000     
  0.65950413223140503       -1.9027494410632333E-004   0.0000000000000000     
  0.66033057851239674       -2.0494675910688766E-004   0.0000000000000000     
  0.66115702479338845       -2.1870268134552715E-004   0.0000000000000000     
  0.66198347107438016       -2.3125242250770673E-004   0.0000000000000000     
  0.66280991735537198       -2.4233114806275439E-004   0.0000000000000000     
  0.66363636363636369       -2.5170506601091171E-004   0.0000000000000000     
  0.66446280991735540       -2.5917636054640075E-004   0.0000000000000000     
  0.66528925619834711       -2.6458736652248949E-004   0.0000000000000000     
  0.66611570247933893       -2.6782389662569637E-004   0.0000000000000000     
  0.66694214876033064       -2.6881765104653382E-004   0.0000000000000000     
  0.66776859504132235       -2.6754765879580472E-004   0.0000000000000000     
  0.66859504132231407       -2.6404072025113700E-004   0.0000000000000000     
  0.66942148760330578       -2.5837084159413597E-004   0.0000000000000000     
  0.67024793388429749       -2.5065767307360471E-004   0.0000000000000000     
  0.67107438016528931       -2.4106398405182632E-004   0.0000000000000000     
  0.67190082644628102       -2.2979222811698481E-004   0.0000000000000000     
  0.67272727272727273       -2.1708027074808189E-004   0.0000000000000000     
  0.67355371900826444       -2.0319636969004970E-004   0.0000000000000000     
  0.67438016528925626       -1.8843351396736344E-004   0.0000000000000000     
  0.67520661157024797       -1.7310324099869450E-004   0.0000000000000000     
  0.67603305785123968       -1.5752906228870848E-004   0.0000000000000000     
  0.67685950413223139       -1.4203963643331282E-004   0.0000000000000000     
  0.67768595041322321       -1.2696183350684325E-004   0.0000000000000000     
  0.67851239669421493       -1.1261383719212572E-004   0.0000000000000000     
  0.67933884297520664       -9.9298430217591556E-005   0.0000000000000000     
  0.68016528925619835       -8.7296604797421629E-005   0.0000000000000000     
  0.68099173553719017       -7.6861632912392954E-005   0.0000000000000000     
  0.68181818181818188       -6.8213721564863055E-005   0.0000000000000000     
  0.68264462809917359       -6.1535365797029643E-005   0.0000000000000000     
  0.68347107438016530       -5.6967497536694920E-005   0.0000000000000000     
  0.68429752066115712       -5.4606511540637145E-005   0.0000000000000000     
  0.68512396694214883       -5.4502231196424622E-005   0.0000000000000000     
  0.68595041322314054       -5.6656857110137429E-005   0.0000000000000000     
  0.68677685950413225       -6.1024920667256358E-005   0.0000000000000000     
  0.68760330578512396       -6.7514243547359029E-005   0.0000000000000000     
  0.68842975206611567       -7.5987882943697352E-005   0.0000000000000000     
  0.68925619834710750       -8.6267021438106572E-005   0.0000000000000000     
  0.69008264462809921       -9.8134740547307402E-005   0.0000000000000000     
  0.69090909090909092       -1.1134059830760920E-004   0.0000000000000000     
  0.69173553719008263       -1.2560591429869046E-004   0.0000000000000000     
  0.69256198347107434       -1.4062965057749853E-004   0.0000000000000000     
  0.69338842975206616       -1.5609476441822055E-004   0.0000000000000000     
  0.69421487603305787       -1.7167489879781858E-004   0.0000000000000000     
  0.69504132231404958       -1.8704126943914728E-004   0.0000000000000000     
  0.69586776859504129       -2.0186960307600244E-004   0.0000000000000000     
  0.69669421487603300       -2.1584698052315817E-004   0.0000000000000000     
  0.69752066115702471       -2.2867844014367377E-004   0.0000000000000000     
  0.69834710743801653       -2.4009320236192006E-004   0.0000000000000000     
  0.69917355371900825       -2.4985038386757344E-004   0.0000000000000000     
  0.69999999999999996       -2.5774408092514844E-004   0.0000000000000000     
  0.70082644628099167       -2.6360771451692329E-004   0.0000000000000000     
  0.70165289256198349       -2.6731754562468073E-004   0.0000000000000000     
  0.70247933884297520       -2.6879528646800687E-004   0.0000000000000000     
  0.70330578512396691       -2.6800975259478693E-004   0.0000000000000000     
  0.70413223140495862       -2.6497752095997737E-004   0.0000000000000000     
  0.70495867768595044       -2.5976258010581871E-004   0.0000000000000000     
  0.70578512396694215       -2.5247497982502855E-004   0.0000000000000000     
  0.70661157024793386       -2.4326850880332861E-004   0.0000000000000000     
  0.70743801652892557       -2.3233744924951484E-004   0.0000000000000000     
  0.70826446280991739       -2.1991247699895637E-004   0.0000000000000000     
  0.70909090909090911       -2.0625579361040208E-004   0.0000000000000000     
  0.70991735537190082       -1.9165559318195597E-004   0.0000000000000000     
  0.71074380165289264       -1.7641998065204929E-004   0.0000000000000000     
  0.71157024793388435       -1.6087046992616322E-004   0.0000000000000000     
  0.71239669421487606       -1.4533519903693268E-004   0.0000000000000000     
  0.71322314049586777       -1.3014200551676757E-004   0.0000000000000000     
  0.71404958677685959       -1.1561150811174731E-004   0.0000000000000000     
  0.71487603305785130       -1.0205034083215644E-004   0.0000000000000000     
  0.71570247933884301       -8.9744682119893637E-005   0.0000000000000000     
  0.71652892561983472       -7.8954215685342596E-005   0.0000000000000000     
  0.71735537190082654       -6.9906650457083721E-005   0.0000000000000000     
  0.71818181818181825       -6.2792915288542838E-005   0.0000000000000000     
  0.71900826446280997       -5.7763129826834059E-005   0.0000000000000000     
  0.71983471074380168       -5.4923436569631007E-005   0.0000000000000000     
  0.72066115702479350       -5.4333760962516208E-005   0.0000000000000000     
  0.72148760330578521       -5.6006546804949930E-005   0.0000000000000000     
  0.72231404958677692       -5.9906493651520403E-005   0.0000000000000000     
  0.72314049586776863       -6.5951301749590029E-005   0.0000000000000000     
  0.72396694214876034       -7.4013408793695615E-005   0.0000000000000000     
  0.72479338842975205       -8.3922681845869913E-005   0.0000000000000000     
  0.72561983471074387       -9.5470007614868987E-005   0.0000000000000000     
  0.72644628099173558       -1.0841170532986217E-004   0.0000000000000000     
  0.72727272727272729       -1.2247466908402781E-004   0.0000000000000000     
  0.72809917355371900       -1.3736213113072567E-004   0.0000000000000000     
  0.72892561983471071       -1.5275992451041452E-004   0.0000000000000000     
  0.72975206611570254       -1.6834311284947754E-004   0.0000000000000000     
  0.73057851239669425       -1.8378284742374084E-004   0.0000000000000000     
  0.73140495867768596       -1.9875330678341901E-004   0.0000000000000000     
  0.73223140495867767       -2.1293857249426597E-004   0.0000000000000000     
  0.73305785123966938       -2.2603929589734551E-004   0.0000000000000000     
  0.73388429752066109       -2.3777901520039541E-004   0.0000000000000000     
  0.73471074380165291       -2.4790998959256467E-004   0.0000000000000000     
  0.73553719008264462       -2.5621842726621157E-004   0.0000000000000000     
  0.73636363636363633       -2.6252899702020489E-004   0.0000000000000000     
  0.73719008264462804       -2.6670852823712456E-004   0.0000000000000000     
  0.73801652892561986       -2.6866882115460526E-004   0.0000000000000000     
  0.73884297520661157       -2.6836850812624426E-004   0.0000000000000000     
  0.73966942148760328       -2.6581392659432319E-004   0.0000000000000000     
  0.74049586776859500       -2.6105898535199319E-004   0.0000000000000000     
  0.74132231404958682       -2.5420402691760151E-004   0.0000000000000000     
  0.74214876033057853       -2.4539371002763071E-004   0.0000000000000000     
  0.74297520661157024       -2.3481395693401294E-004   0.0000000000000000     
  0.74380165289256195       -2.2268802992634883E-004   0.0000000000000000     
  0.74462809917355377       -2.0927181987490567E-004   0.0000000000000000     
  0.74545454545454548       -1.9484844621987544E-004   0.0000000000000000     
  0.74636363636363634       -1.7818320919113915E-004   0.0000000000000000     
  0.74727272727272731       -1.6109328961003312E-004   0.0000000000000000     
  0.74818181818181817       -1.4401490640038179E-004   0.0000000000000000     
  0.74909090909090914       -1.2738398401885773E-004   0.0000000000000000     
  0.75000000000000000       -1.1162502552085082E-004   0.0000000000000000     
  0.75090909090909086       -9.7140277146262776E-005   0.0000000000000000     
  0.75181818181818183       -8.4299461016657643E-005   0.0000000000000000     
  0.75272727272727269       -7.3430338007910486E-005   0.0000000000000000     
  0.75363636363636366       -6.4810341673021782E-005   0.0000000000000000     
  0.75454545454545452       -5.8659496776497436E-005   0.0000000000000000     
  0.75537190082644623       -5.5343852566471836E-005   0.0000000000000000     
  0.75619834710743805       -5.4269354056759041E-005   0.0000000000000000     
  0.75702479338842976       -5.5458676161918377E-005   0.0000000000000000     
  0.75785123966942147       -5.8886720869345653E-005   0.0000000000000000     
  0.75867768595041318       -6.4481146877428454E-005   0.0000000000000000     
  0.75950413223140500       -7.2123896198547882E-005   0.0000000000000000     
  0.76033057851239672       -8.1653685511933011E-005   0.0000000000000000     
  0.76115702479338843       -9.2869409691428441E-005   0.0000000000000000     
  0.76198347107438014       -1.0553438568425985E-004   0.0000000000000000     
  0.76280991735537196       -1.1938134718355486E-004   0.0000000000000000     
  0.76363636363636367       -1.3411808469251778E-004   0.0000000000000000     
  0.76446280991735538       -1.4943361195961469E-004   0.0000000000000000     
  0.76528925619834709       -1.6500472865558995E-004   0.0000000000000000     
  0.76611570247933891       -1.8050284080157927E-004   0.0000000000000000     
  0.76694214876033062       -1.9560089501830154E-004   0.0000000000000000     
  0.76776859504132233       -2.0998028026420886E-004   0.0000000000000000     
  0.76859504132231404       -2.2333755141693874E-004   0.0000000000000000     
  0.76942148760330575       -2.3539083281140868E-004   0.0000000000000000     
  0.77024793388429746       -2.4588576660229086E-004   0.0000000000000000     
  0.77107438016528929       -2.5460088042385265E-004   0.0000000000000000     
  0.77190082644628100       -2.6135226107429924E-004   0.0000000000000000     
  0.77272727272727271       -2.6599743559719489E-004   0.0000000000000000     
  0.77355371900826442       -2.6843837785807753E-004   0.0000000000000000     
  0.77438016528925624       -2.6862357716922057E-004   0.0000000000000000     
  0.77520661157024795       -2.6654912530876671E-004   0.0000000000000000     
  0.77603305785123966       -2.6225879899514194E-004   0.0000000000000000     
  0.77685950413223137       -2.5584313607613057E-004   0.0000000000000000     
  0.77768595041322319       -2.4743752492800605E-004   0.0000000000000000     
  0.77851239669421490       -2.3721934738315850E-004   0.0000000000000000     
  0.77933884297520661       -2.2540423547884520E-004   0.0000000000000000     
  0.78016528925619832       -2.1224152102009106E-004   0.0000000000000000     
  0.78099173553719015       -1.9800897398323256E-004   0.0000000000000000     
  0.78181818181818186       -1.8300694079502683E-004   0.0000000000000000     
  0.78264462809917357       -1.6755200618555739E-004   0.0000000000000000     
  0.78347107438016528       -1.5197031236771020E-004   0.0000000000000000     
  0.78429752066115710       -1.3659067652711327E-004   0.0000000000000000     
  0.78512396694214881       -1.2173765186265781E-004   0.0000000000000000     
  0.78595041322314052       -1.0772467860913152E-004   0.0000000000000000     
  0.78677685950413223       -9.4847469574197433E-005   0.0000000000000000     
  0.78760330578512394       -8.3377769773706811E-005   0.0000000000000000     
  0.78842975206611565       -7.3557621854170168E-005   0.0000000000000000     
  0.78925619834710747       -6.5594258317942594E-005   0.0000000000000000     
  0.79008264462809918       -5.9655728339712378E-005   0.0000000000000000     
  0.79090909090909089       -5.5867351460278983E-005   0.0000000000000000     
  0.79173553719008261       -5.4309072994838890E-005   0.0000000000000000     
  0.79256198347107443       -5.5013776963924388E-005   0.0000000000000000     
  0.79338842975206614       -5.7966592148883645E-005   0.0000000000000000     
  0.79421487603305785       -6.3105205916024845E-005   0.0000000000000000     
  0.79504132231404956       -7.0321179187033057E-005   0.0000000000000000     
  0.79586776859504138       -7.9462234805722858E-005   0.0000000000000000     
  0.79669421487603309       -9.0335471010752965E-005   0.0000000000000000     
  0.79752066115702480       -1.0271143220065007E-004   0.0000000000000000     
  0.79834710743801651       -1.1632895108666265E-004   0.0000000000000000     
  0.79917355371900833       -1.3090066005091763E-004   0.0000000000000000     
  0.80000000000000004       -1.4611905540431295E-004   0.0000000000000000     
  0.80082644628099175       -1.5995845892009559E-004   0.0000000000000000     
  0.80165289256198347       -1.7042229294429587E-004   0.0000000000000000     
  0.80247933884297529       -1.7728974140293174E-004   0.0000000000000000     
  0.80330578512396700       -1.8041588198523410E-004   0.0000000000000000     
  0.80413223140495871       -1.7973474440827823E-004   0.0000000000000000     
  0.80495867768595042       -1.7526070257421967E-004   0.0000000000000000     
  0.80578512396694213       -1.6708817124062091E-004   0.0000000000000000     
  0.80661157024793384       -1.5538961360581454E-004   0.0000000000000000     
  0.80743801652892566       -1.4041190185479975E-004   0.0000000000000000     
  0.80826446280991737       -1.2247110746746855E-004   0.0000000000000000     
  0.80909090909090908       -1.0194583122929659E-004   0.0000000000000000     
  0.80991735537190079       -7.9269213699048897E-005   0.0000000000000000     
  0.81074380165289262       -5.4919794735286282E-005   0.0000000000000000     
  0.81157024793388433       -2.9411414971054670E-005   0.0000000000000000     
  0.81239669421487604       -3.2823723437759680E-006   0.0000000000000000     
  0.81322314049586775        2.2915937492106732E-005   0.0000000000000000     
  0.81404958677685957        4.8630657150945856E-005   0.0000000000000000     
  0.81487603305785128        7.3319134348201747E-005   0.0000000000000000     
  0.81570247933884299        9.6460373376699575E-005   0.0000000000000000     
  0.81652892561983470        1.1756602956879054E-004   0.0000000000000000     
  0.81735537190082652        1.3619071473041343E-004   0.0000000000000000     
  0.81818181818181823        1.5194139607389143E-004   0.0000000000000000     
  0.81900826446280994        1.6448569030562811E-004   0.0000000000000000     
  0.81983471074380165        1.7355887784037605E-004   0.0000000000000000     
  0.82066115702479348        1.7896948912258736E-004   0.0000000000000000     
  0.82148760330578519        1.8060334516797929E-004   0.0000000000000000     
  0.82231404958677690        1.7842596705825852E-004   0.0000000000000000     
  0.82314049586776861        1.7248330354275308E-004   0.0000000000000000     
  0.82396694214876032        1.6290076139142661E-004   0.0000000000000000     
  0.82479338842975203        1.4988055896236657E-004   0.0000000000000000     
  0.82561983471074385        1.3369745883084051E-004   0.0000000000000000     
  0.82644628099173556        1.1469296953252553E-004   0.0000000000000000     
  0.82727272727272727        9.3268138781394270E-005   0.0000000000000000     
  0.82809917355371898        6.9875090244641490E-005   0.0000000000000000     
  0.82892561983471080        4.5007482472672909E-005   0.0000000000000000     
  0.82975206611570251        1.9190091327241763E-005   0.0000000000000000     
  0.83057851239669422       -7.0322642524805386E-006   0.0000000000000000     
  0.83140495867768593       -3.3106219448566684E-005   0.0000000000000000     
  0.83223140495867776       -5.8481541105008556E-005   0.0000000000000000     
  0.83305785123966947       -8.2622739181452344E-005   0.0000000000000000     
  0.83388429752066118       -1.0502036708613324E-004   0.0000000000000000     
  0.83471074380165289       -1.2520177241951352E-004   0.0000000000000000     
  0.83553719008264471       -1.4274107125771449E-004   0.0000000000000000     
  0.83636363636363642       -1.5726813549084116E-004   0.0000000000000000     
  0.83719008264462813       -1.6847640355810800E-004   0.0000000000000000     
  0.83801652892561984       -1.7612934975154789E-004   0.0000000000000000     
  0.83884297520661166       -1.8006547556793993E-004   0.0000000000000000     
  0.83966942148760337       -1.8020171777760201E-004   0.0000000000000000     
  0.84049586776859508       -1.7653520128993732E-004   0.0000000000000000     
  0.84132231404958679       -1.6914329982617641E-004   0.0000000000000000     
  0.84214876033057851       -1.5818200311786676E-004   0.0000000000000000     
  0.84297520661157022       -1.4388262508859798E-004   0.0000000000000000     
  0.84380165289256204       -1.2654692248549563E-004   0.0000000000000000     
  0.84462809917355375       -1.0654072697016171E-004   0.0000000000000000     
  0.84545454545454546       -8.4286225050781571E-005   0.0000000000000000     
  0.84628099173553717       -6.0253048769552321E-005   0.0000000000000000     
  0.84710743801652899       -3.4948365157141190E-005   0.0000000000000000     
  0.84793388429752070       -8.9061735942235016E-006   0.0000000000000000     
  0.84876033057851241        1.7323963064417497E-005   0.0000000000000000     
  0.84958677685950412        4.3188515798388288E-005   0.0000000000000000     
  0.85041322314049594        6.8141670427507832E-005   0.0000000000000000     
  0.85123966942148765        9.1656845812817047E-005   0.0000000000000000     
  0.85206611570247937        1.1323780618685375E-004   0.0000000000000000     
  0.85289256198347108        1.3242913311207680E-004   0.0000000000000000     
  0.85371900826446290        1.4882583607962873E-004   0.0000000000000000     
  0.85454545454545461        1.6208189893835893E-004   0.0000000000000000     
  0.85537190082644632        1.7191758180038462E-004   0.0000000000000000     
  0.85619834710743814        1.7812532433271553E-004   0.0000000000000000     
  0.85702479338842985        1.8057412585900781E-004   0.0000000000000000     
  0.85785123966942156        1.7921230983917061E-004   0.0000000000000000     
  0.85867768595041327        1.7406861438825106E-004   0.0000000000000000     
  0.85950413223140509        1.6525158582238563E-004   0.0000000000000000     
  0.86033057851239680        1.5294728802862413E-004   0.0000000000000000     
  0.86115702479338851        1.3741537599811917E-004   0.0000000000000000     
  0.86198347107438023        1.1898361638206607E-004   0.0000000000000000     
  0.86280991735537205        9.8040970701150553E-005   0.0000000000000000     
  0.86363636363636376        7.5029387173133224E-005   0.0000000000000000     
  0.86446280991735547        5.0434474373106726E-005   0.0000000000000000     
  0.86528925619834718        2.4775253538560937E-005   0.0000000000000000     
  0.86611570247933900       -1.4067942258933838E-006   0.0000000000000000     
  0.86694214876033071       -2.7559154709665755E-005   0.0000000000000000     
  0.86776859504132242       -5.3129940186508636E-005   0.0000000000000000     
  0.86859504132231413       -7.7579535784475228E-005   0.0000000000000000     
  0.86942148760330584       -1.0039198686422551E-004   0.0000000000000000     
  0.87024793388429755       -1.2108588710052941E-004   0.0000000000000000     
  0.87107438016528937       -1.3922453749812567E-004   0.0000000000000000     
  0.87190082644628109       -1.5442516195804010E-004   0.0000000000000000     
  0.87272727272727280       -1.6636698492063115E-004   0.0000000000000000     
  0.87355371900826451       -1.7479800062428853E-004   0.0000000000000000     
  0.87438016528925622       -1.7954029112966362E-004   0.0000000000000000     
  0.87520661157024804       -1.8049378088426648E-004   0.0000000000000000     
  0.87603305785123975       -1.7763834859572977E-004   0.0000000000000000     
  0.87685950413223146       -1.7103425184698714E-004   0.0000000000000000     
  0.87768595041322317       -1.6082085549356026E-004   0.0000000000000000     
  0.87851239669421488       -1.4721369067627536E-004   0.0000000000000000     
  0.87933884297520659       -1.3049990651323594E-004   0.0000000000000000     
  0.88016528925619841       -1.1103221045301761E-004   0.0000000000000000     
  0.88099173553719012       -8.9221425163756095E-005   0.0000000000000000     
  0.88181818181818183       -6.5527819029561103E-005   0.0000000000000000     
  0.88264462809917354       -4.0451393204182589E-005   0.0000000000000000     
  0.88347107438016526       -1.4521330192536991E-005   0.0000000000000000     
  0.88429752066115708        1.1715173375644721E-005   0.0000000000000000     
  0.88512396694214879        3.7704454120478313E-005   0.0000000000000000     
  0.88595041322314050        6.2898065752914161E-005   0.0000000000000000     
  0.88677685950413221        8.6764352820791718E-005   0.0000000000000000     
  0.88760330578512392        1.0879967012118107E-004   0.0000000000000000     
  0.88842975206611563        1.2853901101845603E-004   0.0000000000000000     
  0.88925619834710745        1.4556582038098901E-004   0.0000000000000000     
  0.89008264462809916        1.5952078505576271E-004   0.0000000000000000     
  0.89090909090909087        1.7010941637784642E-004   0.0000000000000000     
  0.89173553719008258        1.7710826470231661E-004   0.0000000000000000     
  0.89256198347107440        1.8036963481480342E-004   0.0000000000000000     
  0.89338842975206612        1.7982470271232266E-004   0.0000000000000000     
  0.89421487603305783        1.7548496798170437E-004   0.0000000000000000     
  0.89504132231404954        1.6744201112605734E-004   0.0000000000000000     
  0.89586776859504136        1.5586556096109606E-004   0.0000000000000000     
  0.89669421487603307        1.4099991286364052E-004   0.0000000000000000     
  0.89752066115702478        1.2315877345800736E-004   0.0000000000000000     
  0.89834710743801649        1.0271864053176667E-004   0.0000000000000000     
  0.89917355371900831        8.0110857882350787E-005   0.0000000000000000     
  0.90000000000000002        5.5812512760417168E-005   0.0000000000000000     
  0.90082644628099173        3.0336367998536404E-005   0.0000000000000000     
  0.90165289256198355        4.2200412857119981E-006   0.0000000000000000     
  0.90247933884297526       -2.1985340064874986E-005   0.0000000000000000     
  0.90330578512396698       -4.7726769438911508E-005   0.0000000000000000     
  0.90413223140495869       -7.2461030902344929E-005   0.0000000000000000     
  0.90495867768595051       -9.5666162572379917E-005   0.0000000000000000     
  0.90578512396694222       -1.1685247146846479E-004   0.0000000000000000     
  0.90661157024793393       -1.3557286739957015E-004   0.0000000000000000     
  0.90743801652892564       -1.5143229781395978E-004   0.0000000000000000     
  0.90826446280991746       -1.6409608450939419E-004   0.0000000000000000     
  0.90909090909090917       -1.7329698627646819E-004   0.0000000000000000     
  0.90991735537190088       -1.7884083843324217E-004   0.0000000000000000     
  0.91074380165289259       -1.8061065024141623E-004   0.0000000000000000     
  0.91157024793388441       -1.7856907373710399E-004   0.0000000000000000     
  0.91239669421487612       -1.7275919187707042E-004   0.0000000000000000     
  0.91322314049586784       -1.6330360936803406E-004   0.0000000000000000     
  0.91404958677685955       -1.5040186536578482E-004   0.0000000000000000     
  0.91487603305785126       -1.3432622264239447E-004   0.0000000000000000     
  0.91570247933884297       -1.1541592208258821E-004   0.0000000000000000     
  0.91652892561983479       -9.4070023755402931E-005   0.0000000000000000     
  0.91735537190082650       -7.0738985633756550E-005   0.0000000000000000     
  0.91818181818181821       -4.5915157675406508E-005   0.0000000000000000     
  0.91900826446280992       -2.0122391865962932E-005   0.0000000000000000     
  0.91983471074380163        6.0950125186401079E-006   0.0000000000000000     
  0.92066115702479345        3.2183795144514007E-005   0.0000000000000000     
  0.92148760330578516        5.7593409955549179E-005   0.0000000000000000     
  0.92231404958677687        8.1787643230158205E-005   0.0000000000000000     
  0.92314049586776858        1.0425592918608212E-004   0.0000000000000000     
  0.92396694214876030        1.2452412434186627E-004   0.0000000000000000     
  0.92479338842975201        1.4216451326635213E-004   0.0000000000000000     
  0.92561983471074383        1.5680483456700545E-004   0.0000000000000000     
  0.92644628099173554        1.6813613664309719E-004   0.0000000000000000     
  0.92727272727272725        1.7591929742602627E-004   0.0000000000000000     
  0.92809917355371896        1.7999007052167199E-004   0.0000000000000000     
  0.92892561983471078        1.8026255126727514E-004   0.0000000000000000     
  0.92975206611570249        1.7673098955934294E-004   0.0000000000000000     
  0.93057851239669420        1.6946991119692553E-004   0.0000000000000000     
  0.93140495867768591        1.5863254517928116E-004   0.0000000000000000     
  0.93223140495867773        1.4444759014702263E-004   0.0000000000000000     
  0.93305785123966944        1.2721438820290177E-004   0.0000000000000000     
  0.93388429752066116        1.0729660795879873E-004   0.0000000000000000     
  0.93471074380165287        8.5114570114218203E-005   0.0000000000000000     
  0.93553719008264469        6.1136377517284366E-005   0.0000000000000000     
  0.93636363636363640        3.5868036889628331E-005   0.0000000000000000     
  0.93719008264462811        9.8427806736069869E-006   0.0000000000000000     
  0.93801652892561982       -1.6390185659019578E-005   0.0000000000000000     
  0.93884297520661164       -4.2277273373867924E-005   0.0000000000000000     
  0.93966942148760335       -6.7272192739834701E-005   0.0000000000000000     
  0.94049586776859506       -9.0847481265504248E-005   0.0000000000000000     
  0.94132231404958677       -1.1250563462861325E-004   0.0000000000000000     
  0.94214876033057848       -1.3178960540428873E-004   0.0000000000000000     
  0.94297520661157019       -1.4829244804007803E-004   0.0000000000000000     
  0.94380165289256202       -1.6166590654193632E-004   0.0000000000000000     
  0.94462809917355373       -1.7162776364654987E-004   0.0000000000000000     
  0.94545454545454544       -1.7796779639260742E-004   0.0000000000000000     
  0.94628099173553715       -1.8055221241140577E-004   0.0000000000000000     
  0.94710743801652897       -1.7932647331888129E-004   0.0000000000000000     
  0.94793388429752068       -1.7431644562757682E-004   0.0000000000000000     
  0.94876033057851239       -1.6562785489116158E-004   0.0000000000000000     
  0.94958677685950410       -1.5344405460028700E-004   0.0000000000000000     
  0.95041322314049592       -1.3802215691295920E-004   0.0000000000000000     
  0.95123966942148763       -1.1968760687088961E-004   0.0000000000000000     
  0.95206611570247934       -9.8827314601690572E-005   0.0000000000000000     
  0.95289256198347105       -7.5881490436577120E-005   0.0000000000000000     
  0.95371900826446288       -5.1334355244685448E-005   0.0000000000000000     
  0.95454545454545459       -2.5703922022769157E-005   0.0000000000000000     
  0.95537190082644630        4.6893562346191080E-007   0.0000000000000000     
  0.95619834710743801        2.6631897420516612E-005   0.0000000000000000     
  0.95702479338842983        5.2232851924903558E-005   0.0000000000000000     
  0.95785123966942154        7.6731547614080920E-005   0.0000000000000000     
  0.95867768595041325        9.9610993699817557E-005   0.0000000000000000     
  0.95950413223140496        1.2038837007553754E-004   0.0000000000000000     
  0.96033057851239667        1.3862521616665125E-004   0.0000000000000000     
  0.96115702479338838        1.5393668367121941E-004   0.0000000000000000     
  0.96198347107438020        1.6599965793235327E-004   0.0000000000000000     
  0.96280991735537191        1.7455957655820810E-004   0.0000000000000000     
  0.96363636363636362        1.7943580139836667E-004   0.0000000000000000     
  0.96446280991735533        1.8052543051244103E-004   0.0000000000000000     
  0.96528925619834716        1.7780546968793607E-004   0.0000000000000000     
  0.96611570247933887        1.7133331768224278E-004   0.0000000000000000     
  0.96694214876033058        1.6124555494886856E-004   0.0000000000000000     
  0.96776859504132229        1.4775506140888203E-004   0.0000000000000000     
  0.96859504132231411        1.3114652409126459E-004   0.0000000000000000     
  0.96942148760330582        1.1177042944260562E-004   0.0000000000000000     
  0.97024793388429753        9.0035667085833595E-005   0.0000000000000000     
  0.97107438016528924        6.6400901109272081E-005   0.0000000000000000     
  0.97190082644628106        4.1364890975240735E-005   0.0000000000000000     
  0.97272727272727277        1.5455966304890291E-005   0.0000000000000000     
  0.97355371900826448       -1.0779122349996404E-005   0.0000000000000000     
  0.97438016528925619       -3.6786741468128293E-005   0.0000000000000000     
  0.97520661157024802       -6.2018057769677064E-005   0.0000000000000000     
  0.97603305785123973       -8.5940620128836472E-005   0.0000000000000000     
  0.97685950413223144       -1.0804959577705335E-004   0.0000000000000000     
  0.97768595041322315       -1.2787842368227158E-004   0.0000000000000000     
  0.97851239669421486       -1.4500866028744421E-004   0.0000000000000000     
  0.97933884297520657       -1.5907880983631454E-004   0.0000000000000000     
  0.98016528925619839       -1.6979195294200086E-004   0.0000000000000000     
  0.98099173553719010       -1.7692201241373788E-004   0.0000000000000000     
  0.98181818181818181       -1.8031852411610330E-004   0.0000000000000000     
  0.98264462809917352       -1.7990981218176551E-004   0.0000000000000000     
  0.98347107438016534       -1.7570450157213950E-004   0.0000000000000000     
  0.98429752066115705       -1.6779133606664847E-004   0.0000000000000000     
  0.98512396694214877       -1.5633730552158713E-004   0.0000000000000000     
  0.98595041322314048       -1.4158412191838640E-004   0.0000000000000000     
  0.98677685950413230       -1.2384311856708714E-004   0.0000000000000000     
  0.98760330578512401       -1.0348868010521742E-004   0.0000000000000000     
  0.98842975206611572       -8.0950341938060483E-005   0.0000000000000000     
  0.98925619834710743       -5.6703725844126681E-005   0.0000000000000000     
  0.99008264462809925       -3.1260503029221286E-005   0.0000000000000000     
  0.99090909090909096       -5.1575964374825497E-006   0.0000000000000000     
  0.99173553719008267        2.1054149819890298E-005   0.0000000000000000     
  0.99256198347107438        4.6821594811278734E-005   0.0000000000000000     
  0.99338842975206620        7.1600973600600089E-005   0.0000000000000000     
  0.99421487603305791        9.4869372203684868E-005   0.0000000000000000     
  0.99504132231404963        1.1613576253121830E-004   0.0000000000000000     
  0.99586776859504134        1.3495136445077489E-004   0.0000000000000000     
  0.99669421487603305        1.5091911629875891E-004   0.0000000000000000     
  0.99752066115702476        1.6370205398861563E-004   0.0000000000000000     
  0.99834710743801658        1.7303042189279470E-004   0.0000000000000000     
  0.99917355371900829        1.7870736543841619E-004   0.0000000000000000     
   1.0000000000000000        1.8061308528778802E-004   0.0000000000000000     
