  x y order
   0.0000000000000000                0   8.0000000000000000     
   9.0909090909090922E-003           0   8.0000000000000000     
   9.0909090909090922E-003           1   8.0000000000000000     
   0.0000000000000000                1   8.0000000000000000     

   9.0909090909090922E-003           0   7.0000000000000000     
   1.8181818181818184E-002           0   7.0000000000000000     
   1.8181818181818184E-002           1   7.0000000000000000     
   9.0909090909090922E-003           1   7.0000000000000000     

   1.8181818181818184E-002           0   8.0000000000000000     
   2.7272727272727271E-002           0   8.0000000000000000     
   2.7272727272727271E-002           1   8.0000000000000000     
   1.8181818181818184E-002           1   8.0000000000000000     

   2.7272727272727271E-002           0   7.0000000000000000     
   3.6363636363636369E-002           0   7.0000000000000000     
   3.6363636363636369E-002           1   7.0000000000000000     
   2.7272727272727271E-002           1   7.0000000000000000     

   3.6363636363636369E-002           0   8.0000000000000000     
   4.5454545454545463E-002           0   8.0000000000000000     
   4.5454545454545463E-002           1   8.0000000000000000     
   3.6363636363636369E-002           1   8.0000000000000000     

   4.5454545454545463E-002           0   7.0000000000000000     
   5.4545454545454543E-002           0   7.0000000000000000     
   5.4545454545454543E-002           1   7.0000000000000000     
   4.5454545454545463E-002           1   7.0000000000000000     

   5.4545454545454543E-002           0   8.0000000000000000     
   6.3636363636363644E-002           0   8.0000000000000000     
   6.3636363636363644E-002           1   8.0000000000000000     
   5.4545454545454543E-002           1   8.0000000000000000     

   6.3636363636363644E-002           0   7.0000000000000000     
   7.2727272727272738E-002           0   7.0000000000000000     
   7.2727272727272738E-002           1   7.0000000000000000     
   6.3636363636363644E-002           1   7.0000000000000000     

   7.2727272727272738E-002           0   8.0000000000000000     
   8.1818181818181832E-002           0   8.0000000000000000     
   8.1818181818181832E-002           1   8.0000000000000000     
   7.2727272727272738E-002           1   8.0000000000000000     

   8.1818181818181832E-002           0   7.0000000000000000     
   9.0909090909090925E-002           0   7.0000000000000000     
   9.0909090909090925E-002           1   7.0000000000000000     
   8.1818181818181832E-002           1   7.0000000000000000     

   9.0909090909090925E-002           0   8.0000000000000000     
  0.10000000000000001                0   8.0000000000000000     
  0.10000000000000001                1   8.0000000000000000     
   9.0909090909090925E-002           1   8.0000000000000000     

  0.10000000000000001                0   7.0000000000000000     
  0.10909090909090909                0   7.0000000000000000     
  0.10909090909090909                1   7.0000000000000000     
  0.10000000000000001                1   7.0000000000000000     

  0.10909090909090909                0   8.0000000000000000     
  0.11818181818181819                0   8.0000000000000000     
  0.11818181818181819                1   8.0000000000000000     
  0.10909090909090909                1   8.0000000000000000     

  0.11818181818181819                0   7.0000000000000000     
  0.12727272727272729                0   7.0000000000000000     
  0.12727272727272729                1   7.0000000000000000     
  0.11818181818181819                1   7.0000000000000000     

  0.12727272727272729                0   8.0000000000000000     
  0.13636363636363638                0   8.0000000000000000     
  0.13636363636363638                1   8.0000000000000000     
  0.12727272727272729                1   8.0000000000000000     

  0.13636363636363638                0   7.0000000000000000     
  0.14545454545454548                0   7.0000000000000000     
  0.14545454545454548                1   7.0000000000000000     
  0.13636363636363638                1   7.0000000000000000     

  0.14545454545454548                0   8.0000000000000000     
  0.15454545454545454                0   8.0000000000000000     
  0.15454545454545454                1   8.0000000000000000     
  0.14545454545454548                1   8.0000000000000000     

  0.15454545454545454                0   7.0000000000000000     
  0.16363636363636366                0   7.0000000000000000     
  0.16363636363636366                1   7.0000000000000000     
  0.15454545454545454                1   7.0000000000000000     

  0.16363636363636366                0   8.0000000000000000     
  0.17272727272727273                0   8.0000000000000000     
  0.17272727272727273                1   8.0000000000000000     
  0.16363636363636366                1   8.0000000000000000     

  0.17272727272727273                0   7.0000000000000000     
  0.18181818181818185                0   7.0000000000000000     
  0.18181818181818185                1   7.0000000000000000     
  0.17272727272727273                1   7.0000000000000000     

  0.18181818181818185                0   8.0000000000000000     
  0.19090909090909092                0   8.0000000000000000     
  0.19090909090909092                1   8.0000000000000000     
  0.18181818181818185                1   8.0000000000000000     

  0.19090909090909092                0   7.0000000000000000     
  0.20000000000000001                0   7.0000000000000000     
  0.20000000000000001                1   7.0000000000000000     
  0.19090909090909092                1   7.0000000000000000     

  0.20000000000000001                0   8.0000000000000000     
  0.20909090909090911                0   8.0000000000000000     
  0.20909090909090911                1   8.0000000000000000     
  0.20000000000000001                1   8.0000000000000000     

  0.20909090909090911                0   7.0000000000000000     
  0.21818181818181820                0   7.0000000000000000     
  0.21818181818181820                1   7.0000000000000000     
  0.20909090909090911                1   7.0000000000000000     

  0.21818181818181820                0   8.0000000000000000     
  0.22727272727272727                0   8.0000000000000000     
  0.22727272727272727                1   8.0000000000000000     
  0.21818181818181820                1   8.0000000000000000     

  0.22727272727272727                0   7.0000000000000000     
  0.23636363636363639                0   7.0000000000000000     
  0.23636363636363639                1   7.0000000000000000     
  0.22727272727272727                1   7.0000000000000000     

  0.23636363636363639                0   8.0000000000000000     
  0.24545454545454548                0   8.0000000000000000     
  0.24545454545454548                1   8.0000000000000000     
  0.23636363636363639                1   8.0000000000000000     

  0.24545454545454548                0   7.0000000000000000     
  0.25454545454545457                0   7.0000000000000000     
  0.25454545454545457                1   7.0000000000000000     
  0.24545454545454548                1   7.0000000000000000     

  0.25454545454545457                0   8.0000000000000000     
  0.26363636363636367                0   8.0000000000000000     
  0.26363636363636367                1   8.0000000000000000     
  0.25454545454545457                1   8.0000000000000000     

  0.26363636363636367                0   7.0000000000000000     
  0.27272727272727276                0   7.0000000000000000     
  0.27272727272727276                1   7.0000000000000000     
  0.26363636363636367                1   7.0000000000000000     

  0.27272727272727276                0   8.0000000000000000     
  0.28181818181818186                0   8.0000000000000000     
  0.28181818181818186                1   8.0000000000000000     
  0.27272727272727276                1   8.0000000000000000     

  0.28181818181818186                0   7.0000000000000000     
  0.29090909090909095                0   7.0000000000000000     
  0.29090909090909095                1   7.0000000000000000     
  0.28181818181818186                1   7.0000000000000000     

  0.29090909090909095                0   8.0000000000000000     
  0.30000000000000004                0   8.0000000000000000     
  0.30000000000000004                1   8.0000000000000000     
  0.29090909090909095                1   8.0000000000000000     

  0.30000000000000004                0   7.0000000000000000     
  0.30909090909090908                0   7.0000000000000000     
  0.30909090909090908                1   7.0000000000000000     
  0.30000000000000004                1   7.0000000000000000     

  0.30909090909090908                0   8.0000000000000000     
  0.31818181818181823                0   8.0000000000000000     
  0.31818181818181823                1   8.0000000000000000     
  0.30909090909090908                1   8.0000000000000000     

  0.31818181818181823                0   7.0000000000000000     
  0.32727272727272733                0   7.0000000000000000     
  0.32727272727272733                1   7.0000000000000000     
  0.31818181818181823                1   7.0000000000000000     

  0.32727272727272733                0   7.0000000000000000     
  0.33636363636363642                0   7.0000000000000000     
  0.33636363636363642                1   7.0000000000000000     
  0.32727272727272733                1   7.0000000000000000     

  0.33636363636363642                0   7.0000000000000000     
  0.34545454545454551                0   7.0000000000000000     
  0.34545454545454551                1   7.0000000000000000     
  0.33636363636363642                1   7.0000000000000000     

  0.34545454545454551                0   7.0000000000000000     
  0.35454545454545455                0   7.0000000000000000     
  0.35454545454545455                1   7.0000000000000000     
  0.34545454545454551                1   7.0000000000000000     

  0.35454545454545455                0   7.0000000000000000     
  0.36363636363636370                0   7.0000000000000000     
  0.36363636363636370                1   7.0000000000000000     
  0.35454545454545455                1   7.0000000000000000     

  0.36363636363636370                0   7.0000000000000000     
  0.37272727272727274                0   7.0000000000000000     
  0.37272727272727274                1   7.0000000000000000     
  0.36363636363636370                1   7.0000000000000000     

  0.37272727272727274                0   7.0000000000000000     
  0.38181818181818189                0   7.0000000000000000     
  0.38181818181818189                1   7.0000000000000000     
  0.37272727272727274                1   7.0000000000000000     

  0.38181818181818189                0   7.0000000000000000     
  0.39090909090909093                0   7.0000000000000000     
  0.39090909090909093                1   7.0000000000000000     
  0.38181818181818189                1   7.0000000000000000     

  0.39090909090909093                0   7.0000000000000000     
  0.40000000000000002                0   7.0000000000000000     
  0.40000000000000002                1   7.0000000000000000     
  0.39090909090909093                1   7.0000000000000000     

  0.40000000000000002                0   7.0000000000000000     
  0.40909090909090912                0   7.0000000000000000     
  0.40909090909090912                1   7.0000000000000000     
  0.40000000000000002                1   7.0000000000000000     

  0.40909090909090912                0   7.0000000000000000     
  0.41818181818181821                0   7.0000000000000000     
  0.41818181818181821                1   7.0000000000000000     
  0.40909090909090912                1   7.0000000000000000     

  0.41818181818181821                0   7.0000000000000000     
  0.42727272727272725                0   7.0000000000000000     
  0.42727272727272725                1   7.0000000000000000     
  0.41818181818181821                1   7.0000000000000000     

  0.42727272727272725                0   7.0000000000000000     
  0.43636363636363634                0   7.0000000000000000     
  0.43636363636363634                1   7.0000000000000000     
  0.42727272727272725                1   7.0000000000000000     

  0.43636363636363634                0   7.0000000000000000     
  0.44545454545454544                0   7.0000000000000000     
  0.44545454545454544                1   7.0000000000000000     
  0.43636363636363634                1   7.0000000000000000     

  0.44545454545454544                0   7.0000000000000000     
  0.45454545454545459                0   7.0000000000000000     
  0.45454545454545459                1   7.0000000000000000     
  0.44545454545454544                1   7.0000000000000000     

  0.45454545454545459                0   7.0000000000000000     
  0.46363636363636362                0   7.0000000000000000     
  0.46363636363636362                1   7.0000000000000000     
  0.45454545454545459                1   7.0000000000000000     

  0.46363636363636362                0   7.0000000000000000     
  0.47272727272727277                0   7.0000000000000000     
  0.47272727272727277                1   7.0000000000000000     
  0.46363636363636362                1   7.0000000000000000     

  0.47272727272727277                0   7.0000000000000000     
  0.48181818181818181                0   7.0000000000000000     
  0.48181818181818181                1   7.0000000000000000     
  0.47272727272727277                1   7.0000000000000000     

  0.48181818181818181                0   7.0000000000000000     
  0.49090909090909096                0   7.0000000000000000     
  0.49090909090909096                1   7.0000000000000000     
  0.48181818181818181                1   7.0000000000000000     

  0.49090909090909096                0   7.0000000000000000     
  0.50000000000000000                0   7.0000000000000000     
  0.50000000000000000                1   7.0000000000000000     
  0.49090909090909096                1   7.0000000000000000     

  0.50000000000000000                0   7.0000000000000000     
  0.50909090909090904                0   7.0000000000000000     
  0.50909090909090904                1   7.0000000000000000     
  0.50000000000000000                1   7.0000000000000000     

  0.50909090909090904                0   7.0000000000000000     
  0.51818181818181819                0   7.0000000000000000     
  0.51818181818181819                1   7.0000000000000000     
  0.50909090909090904                1   7.0000000000000000     

  0.51818181818181819                0   7.0000000000000000     
  0.52727272727272723                0   7.0000000000000000     
  0.52727272727272723                1   7.0000000000000000     
  0.51818181818181819                1   7.0000000000000000     

  0.52727272727272723                0   7.0000000000000000     
  0.53636363636363638                0   7.0000000000000000     
  0.53636363636363638                1   7.0000000000000000     
  0.52727272727272723                1   7.0000000000000000     

  0.53636363636363638                0   7.0000000000000000     
  0.54545454545454541                0   7.0000000000000000     
  0.54545454545454541                1   7.0000000000000000     
  0.53636363636363638                1   7.0000000000000000     

  0.54545454545454541                0   7.0000000000000000     
  0.55454545454545456                0   7.0000000000000000     
  0.55454545454545456                1   7.0000000000000000     
  0.54545454545454541                1   7.0000000000000000     

  0.55454545454545456                0   7.0000000000000000     
  0.56363636363636360                0   7.0000000000000000     
  0.56363636363636360                1   7.0000000000000000     
  0.55454545454545456                1   7.0000000000000000     

  0.56363636363636360                0   7.0000000000000000     
  0.57272727272727275                0   7.0000000000000000     
  0.57272727272727275                1   7.0000000000000000     
  0.56363636363636360                1   7.0000000000000000     

  0.57272727272727275                0   7.0000000000000000     
  0.58181818181818190                0   7.0000000000000000     
  0.58181818181818190                1   7.0000000000000000     
  0.57272727272727275                1   7.0000000000000000     

  0.58181818181818190                0   7.0000000000000000     
  0.59090909090909094                0   7.0000000000000000     
  0.59090909090909094                1   7.0000000000000000     
  0.58181818181818190                1   7.0000000000000000     

  0.59090909090909094                0   7.0000000000000000     
  0.59999999999999998                0   7.0000000000000000     
  0.59999999999999998                1   7.0000000000000000     
  0.59090909090909094                1   7.0000000000000000     

  0.59999999999999998                0   7.0000000000000000     
  0.60909090909090913                0   7.0000000000000000     
  0.60909090909090913                1   7.0000000000000000     
  0.59999999999999998                1   7.0000000000000000     

  0.60909090909090913                0   7.0000000000000000     
  0.61818181818181817                0   7.0000000000000000     
  0.61818181818181817                1   7.0000000000000000     
  0.60909090909090913                1   7.0000000000000000     

  0.61818181818181817                0   7.0000000000000000     
  0.62727272727272732                0   7.0000000000000000     
  0.62727272727272732                1   7.0000000000000000     
  0.61818181818181817                1   7.0000000000000000     

  0.62727272727272732                0   7.0000000000000000     
  0.63636363636363635                0   7.0000000000000000     
  0.63636363636363635                1   7.0000000000000000     
  0.62727272727272732                1   7.0000000000000000     

  0.63636363636363635                0   7.0000000000000000     
  0.64545454545454550                0   7.0000000000000000     
  0.64545454545454550                1   7.0000000000000000     
  0.63636363636363635                1   7.0000000000000000     

  0.64545454545454550                0   7.0000000000000000     
  0.65454545454545454                0   7.0000000000000000     
  0.65454545454545454                1   7.0000000000000000     
  0.64545454545454550                1   7.0000000000000000     

  0.65454545454545454                0   7.0000000000000000     
  0.66363636363636369                0   7.0000000000000000     
  0.66363636363636369                1   7.0000000000000000     
  0.65454545454545454                1   7.0000000000000000     

  0.66363636363636369                0   7.0000000000000000     
  0.67272727272727273                0   7.0000000000000000     
  0.67272727272727273                1   7.0000000000000000     
  0.66363636363636369                1   7.0000000000000000     

  0.67272727272727273                0   7.0000000000000000     
  0.68181818181818188                0   7.0000000000000000     
  0.68181818181818188                1   7.0000000000000000     
  0.67272727272727273                1   7.0000000000000000     

  0.68181818181818188                0   7.0000000000000000     
  0.69090909090909092                0   7.0000000000000000     
  0.69090909090909092                1   7.0000000000000000     
  0.68181818181818188                1   7.0000000000000000     

  0.69090909090909092                0   7.0000000000000000     
  0.69999999999999996                0   7.0000000000000000     
  0.69999999999999996                1   7.0000000000000000     
  0.69090909090909092                1   7.0000000000000000     

  0.69999999999999996                0   7.0000000000000000     
  0.70909090909090911                0   7.0000000000000000     
  0.70909090909090911                1   7.0000000000000000     
  0.69999999999999996                1   7.0000000000000000     

  0.70909090909090911                0   7.0000000000000000     
  0.71818181818181825                0   7.0000000000000000     
  0.71818181818181825                1   7.0000000000000000     
  0.70909090909090911                1   7.0000000000000000     

  0.71818181818181825                0   7.0000000000000000     
  0.72727272727272729                0   7.0000000000000000     
  0.72727272727272729                1   7.0000000000000000     
  0.71818181818181825                1   7.0000000000000000     

  0.72727272727272729                0   7.0000000000000000     
  0.73636363636363633                0   7.0000000000000000     
  0.73636363636363633                1   7.0000000000000000     
  0.72727272727272729                1   7.0000000000000000     

  0.73636363636363633                0   7.0000000000000000     
  0.74545454545454548                0   7.0000000000000000     
  0.74545454545454548                1   7.0000000000000000     
  0.73636363636363633                1   7.0000000000000000     

  0.74545454545454548                0   6.0000000000000000     
  0.75454545454545452                0   6.0000000000000000     
  0.75454545454545452                1   6.0000000000000000     
  0.74545454545454548                1   6.0000000000000000     

  0.75454545454545452                0   7.0000000000000000     
  0.76363636363636367                0   7.0000000000000000     
  0.76363636363636367                1   7.0000000000000000     
  0.75454545454545452                1   7.0000000000000000     

  0.76363636363636367                0   7.0000000000000000     
  0.77272727272727271                0   7.0000000000000000     
  0.77272727272727271                1   7.0000000000000000     
  0.76363636363636367                1   7.0000000000000000     

  0.77272727272727271                0   7.0000000000000000     
  0.78181818181818186                0   7.0000000000000000     
  0.78181818181818186                1   7.0000000000000000     
  0.77272727272727271                1   7.0000000000000000     

  0.78181818181818186                0   7.0000000000000000     
  0.79090909090909089                0   7.0000000000000000     
  0.79090909090909089                1   7.0000000000000000     
  0.78181818181818186                1   7.0000000000000000     

  0.79090909090909089                0   7.0000000000000000     
  0.80000000000000004                0   7.0000000000000000     
  0.80000000000000004                1   7.0000000000000000     
  0.79090909090909089                1   7.0000000000000000     

  0.80000000000000004                0   7.0000000000000000     
  0.80909090909090908                0   7.0000000000000000     
  0.80909090909090908                1   7.0000000000000000     
  0.80000000000000004                1   7.0000000000000000     

  0.80909090909090908                0   7.0000000000000000     
  0.81818181818181823                0   7.0000000000000000     
  0.81818181818181823                1   7.0000000000000000     
  0.80909090909090908                1   7.0000000000000000     

  0.81818181818181823                0   7.0000000000000000     
  0.82727272727272727                0   7.0000000000000000     
  0.82727272727272727                1   7.0000000000000000     
  0.81818181818181823                1   7.0000000000000000     

  0.82727272727272727                0   7.0000000000000000     
  0.83636363636363642                0   7.0000000000000000     
  0.83636363636363642                1   7.0000000000000000     
  0.82727272727272727                1   7.0000000000000000     

  0.83636363636363642                0   7.0000000000000000     
  0.84545454545454546                0   7.0000000000000000     
  0.84545454545454546                1   7.0000000000000000     
  0.83636363636363642                1   7.0000000000000000     

  0.84545454545454546                0   7.0000000000000000     
  0.85454545454545461                0   7.0000000000000000     
  0.85454545454545461                1   7.0000000000000000     
  0.84545454545454546                1   7.0000000000000000     

  0.85454545454545461                0   7.0000000000000000     
  0.86363636363636376                0   7.0000000000000000     
  0.86363636363636376                1   7.0000000000000000     
  0.85454545454545461                1   7.0000000000000000     

  0.86363636363636376                0   7.0000000000000000     
  0.87272727272727280                0   7.0000000000000000     
  0.87272727272727280                1   7.0000000000000000     
  0.86363636363636376                1   7.0000000000000000     

  0.87272727272727280                0   7.0000000000000000     
  0.88181818181818183                0   7.0000000000000000     
  0.88181818181818183                1   7.0000000000000000     
  0.87272727272727280                1   7.0000000000000000     

  0.88181818181818183                0   7.0000000000000000     
  0.89090909090909087                0   7.0000000000000000     
  0.89090909090909087                1   7.0000000000000000     
  0.88181818181818183                1   7.0000000000000000     

  0.89090909090909087                0   7.0000000000000000     
  0.90000000000000002                0   7.0000000000000000     
  0.90000000000000002                1   7.0000000000000000     
  0.89090909090909087                1   7.0000000000000000     

  0.90000000000000002                0   7.0000000000000000     
  0.90909090909090917                0   7.0000000000000000     
  0.90909090909090917                1   7.0000000000000000     
  0.90000000000000002                1   7.0000000000000000     

  0.90909090909090917                0   7.0000000000000000     
  0.91818181818181821                0   7.0000000000000000     
  0.91818181818181821                1   7.0000000000000000     
  0.90909090909090917                1   7.0000000000000000     

  0.91818181818181821                0   7.0000000000000000     
  0.92727272727272725                0   7.0000000000000000     
  0.92727272727272725                1   7.0000000000000000     
  0.91818181818181821                1   7.0000000000000000     

  0.92727272727272725                0   7.0000000000000000     
  0.93636363636363640                0   7.0000000000000000     
  0.93636363636363640                1   7.0000000000000000     
  0.92727272727272725                1   7.0000000000000000     

  0.93636363636363640                0   7.0000000000000000     
  0.94545454545454544                0   7.0000000000000000     
  0.94545454545454544                1   7.0000000000000000     
  0.93636363636363640                1   7.0000000000000000     

  0.94545454545454544                0   7.0000000000000000     
  0.95454545454545459                0   7.0000000000000000     
  0.95454545454545459                1   7.0000000000000000     
  0.94545454545454544                1   7.0000000000000000     

  0.95454545454545459                0   7.0000000000000000     
  0.96363636363636362                0   7.0000000000000000     
  0.96363636363636362                1   7.0000000000000000     
  0.95454545454545459                1   7.0000000000000000     

  0.96363636363636362                0   7.0000000000000000     
  0.97272727272727277                0   7.0000000000000000     
  0.97272727272727277                1   7.0000000000000000     
  0.96363636363636362                1   7.0000000000000000     

  0.97272727272727277                0   7.0000000000000000     
  0.98181818181818181                0   7.0000000000000000     
  0.98181818181818181                1   7.0000000000000000     
  0.97272727272727277                1   7.0000000000000000     

  0.98181818181818181                0   7.0000000000000000     
  0.99090909090909096                0   7.0000000000000000     
  0.99090909090909096                1   7.0000000000000000     
  0.98181818181818181                1   7.0000000000000000     

  0.99090909090909096                0   7.0000000000000000     
   1.0000000000000000                0   7.0000000000000000     
   1.0000000000000000                1   7.0000000000000000     
  0.99090909090909096                1   7.0000000000000000     

