X My_beautiful_solution_real My_beautiful_solution_imag
   0.0000000000000000       -5.4113237914323291E-026   0.0000000000000000     
   1.1363636363636365E-003   4.9368117726736731E-005   0.0000000000000000     
   2.2727272727272731E-003   9.6769661738314882E-005   0.0000000000000000     
   3.4090909090909094E-003   1.4031639928574480E-004   0.0000000000000000     
   4.5454545454545461E-003   1.7827364925249837E-004   0.0000000000000000     
   5.6818181818181828E-003   2.0912939023442253E-004   0.0000000000000000     
   6.8181818181818187E-003   2.3165448838985203E-004   0.0000000000000000     
   7.9545454545454555E-003   2.4495165715562195E-004   0.0000000000000000     
   9.0909090909090922E-003   2.4849120735153811E-004   0.0000000000000000     
   1.0101010101010102E-002   2.4332303050134791E-004   0.0000000000000000     
   1.1111111111111113E-002   2.3049103134414509E-004   0.0000000000000000     
   1.2121212121212123E-002   2.1039937291990370E-004   0.0000000000000000     
   1.3131313131313133E-002   1.8368087193752690E-004   0.0000000000000000     
   1.4141414141414144E-002   1.5117706756014591E-004   0.0000000000000000     
   1.5151515151515154E-002   1.1391171565256561E-004   0.0000000000000000     
   1.6161616161616162E-002   7.3058544073296389E-005   0.0000000000000000     
   1.7171717171717171E-002   2.9904284562975285E-005   0.0000000000000000     
   1.8181818181818184E-002  -1.4191855077835163E-005   0.0000000000000000     
   1.9191919191919194E-002  -5.7841001045958781E-005   0.0000000000000000     
   2.0202020202020204E-002  -9.9668358267705279E-005   0.0000000000000000     
   2.1212121212121213E-002  -1.3835651171907991E-004   0.0000000000000000     
   2.2222222222222223E-002  -1.7268692012939208E-004   0.0000000000000000     
   2.3232323232323233E-002  -2.0157829607717637E-004   0.0000000000000000     
   2.4242424242424242E-002  -2.2412066252634760E-004   0.0000000000000000     
   2.5252525252525252E-002  -2.3960401390135999E-004   0.0000000000000000     
   2.6262626262626262E-002  -2.4754067901660936E-004   0.0000000000000000     
   2.7272727272727271E-002  -2.4768068068261928E-004   0.0000000000000000     
   2.8282828282828281E-002  -2.4001960937369479E-004   0.0000000000000000     
   2.9292929292929294E-002  -2.2479876194171134E-004   0.0000000000000000     
   3.0303030303030304E-002  -2.0249754176732644E-004   0.0000000000000000     
   3.1313131313131314E-002  -1.7381835901228318E-004   0.0000000000000000     
   3.2323232323232323E-002  -1.3966450743677284E-004   0.0000000000000000     
   3.3333333333333340E-002  -1.0111171360652720E-004   0.0000000000000000     
   3.4343434343434343E-002  -5.9374255290615000E-005   0.0000000000000000     
   3.5353535353535359E-002  -1.5766716155966612E-005   0.0000000000000000     
   3.6363636363636369E-002   2.8337419274215420E-005   0.0000000000000000     
   3.7373737373737378E-002   7.1549025359475522E-005   0.0000000000000000     
   3.8383838383838388E-002   1.1250708799644040E-004   0.0000000000000000     
   3.9393939393939398E-002   1.4992157189569277E-004   0.0000000000000000     
   4.0404040404040407E-002   1.8261405190705553E-004   0.0000000000000000     
   4.1414141414141424E-002   2.0955482961405853E-004   0.0000000000000000     
   4.2424242424242434E-002   2.2989536498551900E-004   0.0000000000000000     
   4.3434343434343443E-002   2.4299500240119331E-004   0.0000000000000000     
   4.4444444444444453E-002   2.4844114931140847E-004   0.0000000000000000     
   4.5454545454545463E-002   2.4606227111430572E-004   0.0000000000000000     
   4.6464646464646472E-002   2.3593329416888534E-004   0.0000000000000000     
   4.7474747474747482E-002   2.1837324570275695E-004   0.0000000000000000     
   4.8484848484848492E-002   1.9393520572307812E-004   0.0000000000000000     
   4.9494949494949494E-002   1.6338888672848219E-004   0.0000000000000000     
   5.0505050505050511E-002   1.2769639071972622E-004   0.0000000000000000     
   5.1515151515151514E-002   8.7981906167003884E-005   0.0000000000000000     
   5.2525252525252523E-002   4.5496300028249755E-005   0.0000000000000000     
   5.3535353535353533E-002   1.5777199980053785E-006   0.0000000000000000     
   5.4545454545454543E-002  -4.2390552698919603E-005   0.0000000000000000     
   5.5555555555555552E-002  -8.5023671623896515E-005   0.0000000000000000     
   5.6565656565656562E-002  -1.2497884298898443E-004   0.0000000000000000     
   5.7575757575757579E-002  -1.6099761906632066E-004   0.0000000000000000     
   5.8585858585858588E-002  -1.9194553460414313E-004   0.0000000000000000     
   5.9595959595959598E-002  -2.1684783885318661E-004   0.0000000000000000     
   6.0606060606060608E-002  -2.3492019654838120E-004   0.0000000000000000     
   6.1616161616161617E-002  -2.4559339171025706E-004   0.0000000000000000     
   6.2626262626262627E-002  -2.4853125621621103E-004   0.0000000000000000     
   6.3636363636363644E-002  -2.4364125756221931E-004   0.0000000000000000     
   6.4646464646464660E-002  -2.3107741359776839E-004   0.0000000000000000     
   6.5656565656565663E-002  -2.1123544132569535E-004   0.0000000000000000     
   6.6666666666666680E-002  -1.8474029334763427E-004   0.0000000000000000     
   6.7676767676767682E-002  -1.5242647385692412E-004   0.0000000000000000     
   6.8686868686868699E-002  -1.1531175491813661E-004   0.0000000000000000     
   6.9696969696969702E-002  -7.4565120036802535E-005   0.0000000000000000     
   7.0707070707070718E-002  -3.1469945291701245E-005   0.0000000000000000     
   7.1717171717171721E-002   1.2616422354657230E-005   0.0000000000000000     
   7.2727272727272738E-002   5.6305416951693289E-005   0.0000000000000000     
   7.3737373737373754E-002   9.8220988343844284E-005   0.0000000000000000     
   7.4747474747474757E-002   1.3704294297283532E-004   0.0000000000000000     
   7.5757575757575774E-002   1.7154852546727550E-004   0.0000000000000000     
   7.6767676767676776E-002   2.0065093086366794E-004   0.0000000000000000     
   7.7777777777777793E-002   2.2343353551429175E-004   0.0000000000000000     
   7.8787878787878796E-002   2.3917876725879908E-004   0.0000000000000000     
   7.9797979797979812E-002   2.4739070642270630E-004   0.0000000000000000     
   8.0808080808080815E-002   2.4781070582102224E-004   0.0000000000000000     
   8.1818181818181832E-002   2.4042553686935356E-004   0.0000000000000000     
   8.2828282828282848E-002   2.2546780653346035E-004   0.0000000000000000     
   8.3838383838383851E-002   2.0340863084479519E-004   0.0000000000000000     
   8.4848484848484867E-002   1.7494279653397935E-004   0.0000000000000000     
   8.5858585858585870E-002   1.4096687750983299E-004   0.0000000000000000     
   8.6868686868686887E-002   1.0255099613981354E-004   0.0000000000000000     
   8.7878787878787890E-002   6.0905117983570105E-005   0.0000000000000000     
   8.8888888888888906E-002   1.7340942134710230E-005   0.0000000000000000     
   8.9898989898989909E-002  -2.6769412559951521E-005   0.0000000000000000     
   9.0909090909090925E-002  -7.0036624637579797E-005   0.0000000000000000     
   9.1919191919191928E-002  -1.1109792861527037E-004   0.0000000000000000     
   9.2929292929292945E-002  -1.4866003736139607E-004   0.0000000000000000     
   9.3939393939393948E-002  -1.8153987623490699E-004   0.0000000000000000     
   9.4949494949494964E-002  -2.0870184549246721E-004   0.0000000000000000     
   9.5959595959595967E-002  -2.2929043842371725E-004   0.0000000000000000     
   9.6969696969696983E-002  -2.4265718654426901E-004   0.0000000000000000     
   9.7979797979797986E-002  -2.4838108407152518E-004   0.0000000000000000     
   9.8989898989898989E-002  -2.4628184841146380E-004   0.0000000000000000     
  0.10000000000000001       -2.3642559804821426E-004   0.0000000000000000     
  0.10101010101010101       -2.1912277034823652E-004   0.0000000000000000     
  0.10202020202020202       -1.9491834368902600E-004   0.0000000000000000     
  0.10303030303030303       -1.6457467268028914E-004   0.0000000000000000     
  0.10404040404040404       -1.2904747650859140E-004   0.0000000000000000     
  0.10505050505050505       -8.9455737327541026E-005   0.0000000000000000     
  0.10606060606060606       -4.7046456094743641E-005   0.0000000000000000     
  0.10707070707070707       -3.1553764288313526E-006   0.0000000000000000     
  0.10808080808080808        4.0835086505557015E-005   0.0000000000000000     
  0.10909090909090909        8.3539387411168617E-005   0.0000000000000000     
  0.11010101010101010        1.2361249053550907E-004   0.0000000000000000     
  0.11111111111111110        1.5979223360740958E-004   0.0000000000000000     
  0.11212121212121212        1.9093908165973531E-004   0.0000000000000000     
  0.11313131313131314        2.1607201808042243E-004   0.0000000000000000     
  0.11414141414141414        2.3439944358154288E-004   0.0000000000000000     
  0.11515151515151516        2.4534410852407893E-004   0.0000000000000000     
  0.11616161616161617        2.4856129425067521E-004   0.0000000000000000     
  0.11717171717171718        2.4394967080262843E-004   0.0000000000000000     
  0.11818181818181819        2.3165448806783905E-004   0.0000000000000000     
  0.11919191919191921        2.1206300123130184E-004   0.0000000000000000     
  0.12020202020202021        1.8579227341036309E-004   0.0000000000000000     
  0.12121212121212123        1.5366974045153469E-004   0.0000000000000000     
  0.12222222222222223        1.1670714946178909E-004   0.0000000000000000     
  0.12323232323232325        7.6068692493683291E-005   0.0000000000000000     
  0.12424242424242425        3.3034338444847698E-005   0.0000000000000000     
  0.12525252525252525       -1.1040481459107584E-005   0.0000000000000000     
  0.12626262626262627       -5.4767564886648430E-005   0.0000000000000000     
  0.12727272727272729       -9.6769662066875208E-005   0.0000000000000000     
  0.12828282828282830       -1.3572385420475928E-004   0.0000000000000000     
  0.12929292929292932       -1.7040322080057548E-004   0.0000000000000000     
  0.13030303030303031       -1.9971548348731200E-004   0.0000000000000000     
  0.13131313131313133       -2.2273740865645943E-004   0.0000000000000000     
  0.13232323232323234       -2.3874388647486238E-004   0.0000000000000000     
  0.13333333333333336       -2.4723076901721349E-004   0.0000000000000000     
  0.13434343434343435       -2.4793074915200908E-004   0.0000000000000000     
  0.13535353535353536       -2.4082178007312811E-004   0.0000000000000000     
  0.13636363636363638       -2.2612776929729800E-004   0.0000000000000000     
  0.13737373737373740       -2.0431152668212710E-004   0.0000000000000000     
  0.13838383838383841       -1.7606018735318173E-004   0.0000000000000000     
  0.13939393939393940       -1.4226356947003195E-004   0.0000000000000000     
  0.14040404040404042       -1.0398614795128853E-004   0.0000000000000000     
  0.14141414141414144       -6.2433527395961677E-005   0.0000000000000000     
  0.14242424242424245       -1.8914469649207063E-005   0.0000000000000000     
  0.14343434343434344        2.5200327591315812E-005   0.0000000000000000     
  0.14444444444444446        6.8521402854641956E-005   0.0000000000000000     
  0.14545454545454548        1.0968429419871327E-004   0.0000000000000000     
  0.14646464646464649        1.4739251487210433E-004   0.0000000000000000     
  0.14747474747474748        1.8045838810618582E-004   0.0000000000000000     
  0.14848484848484850        2.0784045491906950E-004   0.0000000000000000     
  0.14949494949494951        2.2867627610193507E-004   0.0000000000000000     
  0.15050505050505050        2.4230959643395980E-004   0.0000000000000000     
  0.15151515151515152        2.4831101412929054E-004   0.0000000000000000     
  0.15252525252525254        2.4649150548257804E-004   0.0000000000000000     
  0.15353535353535352        2.3690837875238319E-004   0.0000000000000000     
  0.15454545454545454        2.1986346874447980E-004   0.0000000000000000     
  0.15555555555555556        1.9589363039953039E-004   0.0000000000000000     
  0.15656565656565657        1.6575382955936422E-004   0.0000000000000000     
  0.15757575757575759        1.3039336429472435E-004   0.0000000000000000     
  0.15858585858585861        9.0925965239928405E-005   0.0000000000000000     
  0.15959595959595960        4.8594717108825455E-005   0.0000000000000000     
  0.16060606060606061        4.7329057849866314E-006   0.0000000000000000     
  0.16161616161616163       -3.9277975492866155E-005   0.0000000000000000     
  0.16262626262626265       -8.2051738248852652E-005   0.0000000000000000     
  0.16363636363636366       -1.2224115896100472E-004   0.0000000000000000     
  0.16464646464646468       -1.5858041179180559E-004   0.0000000000000000     
  0.16565656565656567       -1.8992493765847970E-004   0.0000000000000000     
  0.16666666666666669       -2.1528749398699179E-004   0.0000000000000000     
  0.16767676767676770       -2.3386924906564961E-004   0.0000000000000000     
  0.16868686868686869       -2.4508494285408963E-004   0.0000000000000000     
  0.16969696969696971       -2.4858132032528620E-004   0.0000000000000000     
  0.17070707070707072       -2.4424825775608234E-004   0.0000000000000000     
  0.17171717171717171       -2.3222223154209247E-004   0.0000000000000000     
  0.17272727272727273       -2.1288201925573810E-004   0.0000000000000000     
  0.17373737373737375       -1.8683676981150603E-004   0.0000000000000000     
  0.17474747474747476       -1.5490681722583365E-004   0.0000000000000000     
  0.17575757575757578       -1.1809784306764375E-004   0.0000000000000000     
  0.17676767676767680       -7.7569200929123439E-005   0.0000000000000000     
  0.17777777777777778       -3.4597400955001996E-005   0.0000000000000000     
  0.17878787878787880        9.4640958341596806E-006   0.0000000000000000     
  0.17979797979797982        5.3227506802375528E-005   0.0000000000000000     
  0.18080808080808083        9.5314437927535953E-005   0.0000000000000000     
  0.18181818181818185        1.3439929847086795E-004   0.0000000000000000     
  0.18282828282828287        1.6925105236954087E-004   0.0000000000000000     
  0.18383838383838386        1.9877199154046132E-004   0.0000000000000000     
  0.18484848484848487        2.2203230999752317E-004   0.0000000000000000     
  0.18585858585858589        2.3829938914916664E-004   0.0000000000000000     
  0.18686868686868688        2.4706087313209149E-004   0.0000000000000000     
  0.18787878787878790        2.4804080592257292E-004   0.0000000000000000     
  0.18888888888888891        2.4120832298034142E-004   0.0000000000000000     
  0.18989898989898990        2.2677862368042975E-004   0.0000000000000000     
  0.19090909090909092        2.0520619286819552E-004   0.0000000000000000     
  0.19191919191919193        1.7717048651480369E-004   0.0000000000000000     
  0.19292929292929295        1.4355453105224656E-004   0.0000000000000000     
  0.19393939393939394        1.0541711122338183E-004   0.0000000000000000     
  0.19494949494949496        6.3959422007822745E-005   0.0000000000000000     
  0.19595959595959597        2.0487235270412278E-005   0.0000000000000000     
  0.19696969696969699       -2.3630227539828087E-005   0.0000000000000000     
  0.19797979797979798       -6.7003421048152949E-005   0.0000000000000000     
  0.19898989898989899       -1.0826624172102119E-004   0.0000000000000000     
  0.20000000000000001       -1.4611905540431777E-004   0.0000000000000000     
  0.20101010101010103       -1.7936963119366160E-004   0.0000000000000000     
  0.20202020202020204       -2.0697069250124732E-004   0.0000000000000000     
  0.20303030303030303       -2.2805290276276211E-004   0.0000000000000000     
  0.20404040404040405       -2.4195224615634805E-004   0.0000000000000000     
  0.20505050505050507       -2.4823094219409987E-004   0.0000000000000000     
  0.20606060606060608       -2.4669123396678502E-004   0.0000000000000000     
  0.20707070707070707       -2.3738161679073640E-004   0.0000000000000000     
  0.20808080808080809       -2.2059531108477342E-004   0.0000000000000000     
  0.20909090909090911       -1.9686102653209003E-004   0.0000000000000000     
  0.21010101010101012       -1.6692630991637782E-004   0.0000000000000000     
  0.21111111111111114       -1.3173399983650196E-004   0.0000000000000000     
  0.21212121212121213       -9.2392530673494818E-005   0.0000000000000000     
  0.21313131313131314       -5.0141020746043141E-005   0.0000000000000000     
  0.21414141414141416       -6.3102444826882062E-006   0.0000000000000000     
  0.21515151515151518        3.7719282354858816E-005   0.0000000000000000     
  0.21616161616161617        8.0560784061285462E-005   0.0000000000000000     
  0.21717171717171718        1.2086490353739768E-004   0.0000000000000000     
  0.21818181818181820        1.5736220235021729E-004   0.0000000000000000     
  0.21931818181818183        1.9244586432293854E-004   0.0000000000000000     
  0.22045454545454546        2.1986346869999130E-004   0.0000000000000000     
  0.22159090909090909        2.3852283883528635E-004   0.0000000000000000     
  0.22272727272727272        2.4768068066183469E-004   0.0000000000000000     
  0.22386363636363638        2.4697219290763033E-004   0.0000000000000000     
  0.22500000000000001        2.3642559808360709E-004   0.0000000000000000     
  0.22613636363636364        2.1646101833055069E-004   0.0000000000000000     
  0.22727272727272727        1.8787374044544901E-004   0.0000000000000000     
  0.22828282828282828        1.5613765439101814E-004   0.0000000000000000     
  0.22929292929292930        1.1948377969450259E-004   0.0000000000000000     
  0.23030303030303031        7.9066584892549058E-005   0.0000000000000000     
  0.23131313131313133        3.6159069896515913E-005   0.0000000000000000     
  0.23232323232323232       -7.8873290109388198E-006   0.0000000000000000     
  0.23333333333333334       -5.1685304710885563E-005   0.0000000000000000     
  0.23434343434343435       -9.3855374541551123E-005   0.0000000000000000     
  0.23535353535353537       -1.3306932916047916E-004   0.0000000000000000     
  0.23636363636363639       -1.6809206650014095E-004   0.0000000000000000     
  0.23750000000000002       -2.0111562610677629E-004   0.0000000000000000     
  0.23863636363636365       -2.2612776927940736E-004   0.0000000000000000     
  0.23977272727272730       -2.4213214046660099E-004   0.0000000000000000     
  0.24090909090909093       -2.4849120733068560E-004   0.0000000000000000     
  0.24204545454545456       -2.4495165738342849E-004   0.0000000000000000     
  0.24318181818181822       -2.3165448807660363E-004   0.0000000000000000     
  0.24431818181818185       -2.0912939052059200E-004   0.0000000000000000     
  0.24545454545454548       -1.7827364926745724E-004   0.0000000000000000     
  0.24646464646464650       -1.4483971029059960E-004   0.0000000000000000     
  0.24747474747474751       -1.0684382829811325E-004   0.0000000000000000     
  0.24848484848484850       -6.5482740345851581E-005   0.0000000000000000     
  0.24949494949494952       -2.2059175676729565E-005   0.0000000000000000     
  0.25050505050505051        2.2059175676732832E-005   0.0000000000000000     
  0.25151515151515152        6.5482740345854671E-005   0.0000000000000000     
  0.25252525252525254        1.0684382829811618E-004   0.0000000000000000     
  0.25353535353535356        1.4483971029060242E-004   0.0000000000000000     
  0.25454545454545457        1.7827364926745982E-004   0.0000000000000000     
  0.25568181818181823        2.0912939052059417E-004   0.0000000000000000     
  0.25681818181818183        2.3165448807660501E-004   0.0000000000000000     
  0.25795454545454549        2.4495165738342914E-004   0.0000000000000000     
  0.25909090909090915        2.4849120733068565E-004   0.0000000000000000     
  0.26022727272727275        2.4213214046660075E-004   0.0000000000000000     
  0.26136363636363641        2.2612776927940684E-004   0.0000000000000000     
  0.26250000000000001        2.0111562610677539E-004   0.0000000000000000     
  0.26363636363636367        1.6809206650013965E-004   0.0000000000000000     
  0.26464646464646469        1.3306932916047756E-004   0.0000000000000000     
  0.26565656565656570        9.3855374541549293E-005   0.0000000000000000     
  0.26666666666666672        5.1685304710883591E-005   0.0000000000000000     
  0.26767676767676774        7.8873290109367819E-006   0.0000000000000000     
  0.26868686868686870       -3.6159069896517926E-005   0.0000000000000000     
  0.26969696969696971       -7.9066584892550969E-005   0.0000000000000000     
  0.27070707070707073       -1.1948377969450435E-004   0.0000000000000000     
  0.27171717171717175       -1.5613765439101987E-004   0.0000000000000000     
  0.27272727272727276       -1.8787374044545061E-004   0.0000000000000000     
  0.27373737373737378       -2.1369246243559679E-004   0.0000000000000000     
  0.27474747474747480       -2.3278062110746944E-004   0.0000000000000000     
  0.27575757575757581       -2.4453700648113173E-004   0.0000000000000000     
  0.27676767676767683       -2.4859133351803734E-004   0.0000000000000000     
  0.27777777777777779       -2.4481590522689215E-004   0.0000000000000000     
  0.27878787878787881       -2.3332963436050280E-004   0.0000000000000000     
  0.27979797979797982       -2.1449429808242243E-004   0.0000000000000000     
  0.28080808080808084       -1.8890314356321324E-004   0.0000000000000000     
  0.28181818181818186       -1.5736220235021544E-004   0.0000000000000000     
  0.28282828282828287       -1.2086490353739544E-004   0.0000000000000000     
  0.28383838383838389       -8.0560784061282873E-005   0.0000000000000000     
  0.28484848484848491       -3.7719282354855997E-005   0.0000000000000000     
  0.28585858585858592        6.3102444826910937E-006   0.0000000000000000     
  0.28686868686868688        5.0141020746046015E-005   0.0000000000000000     
  0.28787878787878790        9.2392530673497488E-005   0.0000000000000000     
  0.28888888888888892        1.3173399983650445E-004   0.0000000000000000     
  0.28989898989898993        1.6692630991638020E-004   0.0000000000000000     
  0.29090909090909095        1.9686102653209219E-004   0.0000000000000000     
  0.29191919191919197        2.2059531108477513E-004   0.0000000000000000     
  0.29292929292929298        2.3738161679073762E-004   0.0000000000000000     
  0.29393939393939400        2.4669123396678594E-004   0.0000000000000000     
  0.29494949494949502        2.4823094219410063E-004   0.0000000000000000     
  0.29595959595959598        2.4195224615634835E-004   0.0000000000000000     
  0.29696969696969699        2.2805290276276159E-004   0.0000000000000000     
  0.29797979797979801        2.0697069250124624E-004   0.0000000000000000     
  0.29898989898989903        1.7936963119366011E-004   0.0000000000000000     
  0.30000000000000004        1.4611905540431590E-004   0.0000000000000000     
  0.30101010101010106        1.0826624172101921E-004   0.0000000000000000     
  0.30202020202020208        6.7003421048150971E-005   0.0000000000000000     
  0.30303030303030304        2.3630227539826139E-005   0.0000000000000000     
  0.30404040404040406       -2.0487235270414098E-005   0.0000000000000000     
  0.30505050505050507       -6.3959422007824412E-005   0.0000000000000000     
  0.30606060606060609       -1.0541711122338326E-004   0.0000000000000000     
  0.30707070707070705       -1.4355453105224778E-004   0.0000000000000000     
  0.30808080808080807       -1.7717048651480480E-004   0.0000000000000000     
  0.30909090909090908       -2.0520619286819650E-004   0.0000000000000000     
  0.31010101010101010       -2.2677862368043072E-004   0.0000000000000000     
  0.31111111111111112       -2.4120832298034258E-004   0.0000000000000000     
  0.31212121212121213       -2.4804080592257395E-004   0.0000000000000000     
  0.31313131313131315       -2.4706087313209208E-004   0.0000000000000000     
  0.31414141414141417       -2.3829938914916667E-004   0.0000000000000000     
  0.31515151515151518       -2.2203230999752260E-004   0.0000000000000000     
  0.31616161616161620       -1.9877199154045999E-004   0.0000000000000000     
  0.31717171717171722       -1.6925105236953854E-004   0.0000000000000000     
  0.31818181818181823       -1.3439929847086478E-004   0.0000000000000000     
  0.31919191919191925       -9.5314437927532442E-005   0.0000000000000000     
  0.32020202020202027       -5.3227506802371734E-005   0.0000000000000000     
  0.32121212121212128       -9.4640958341557639E-006   0.0000000000000000     
  0.32222222222222230        3.4597400955005919E-005   0.0000000000000000     
  0.32323232323232326        7.7569200929127207E-005   0.0000000000000000     
  0.32424242424242428        1.1809784306764719E-004   0.0000000000000000     
  0.32525252525252529        1.5490681722583676E-004   0.0000000000000000     
  0.32626262626262631        1.8683676981150885E-004   0.0000000000000000     
  0.32727272727272733        2.1288201925574052E-004   0.0000000000000000     
  0.32828282828282834        2.3222223154209434E-004   0.0000000000000000     
  0.32929292929292936        2.4424825775608359E-004   0.0000000000000000     
  0.33030303030303038        2.4858132032528691E-004   0.0000000000000000     
  0.33131313131313139        2.4508494285408990E-004   0.0000000000000000     
  0.33232323232323235        2.3386924906564926E-004   0.0000000000000000     
  0.33333333333333337        2.1528749398699049E-004   0.0000000000000000     
  0.33434343434343439        1.8992493765847756E-004   0.0000000000000000     
  0.33535353535353540        1.5858041179180285E-004   0.0000000000000000     
  0.33636363636363642        1.2224115896100138E-004   0.0000000000000000     
  0.33737373737373744        8.2051738248849033E-005   0.0000000000000000     
  0.33838383838383845        3.9277975492862340E-005   0.0000000000000000     
  0.33939393939393947       -4.7329057849905371E-006   0.0000000000000000     
  0.34040404040404049       -4.8594717108829331E-005   0.0000000000000000     
  0.34141414141414145       -9.0925965239932092E-005   0.0000000000000000     
  0.34242424242424246       -1.3039336429472765E-004   0.0000000000000000     
  0.34343434343434348       -1.6575382955936720E-004   0.0000000000000000     
  0.34444444444444450       -1.9589363039953310E-004   0.0000000000000000     
  0.34545454545454551       -2.1986346874448202E-004   0.0000000000000000     
  0.34646464646464653       -2.3690837875238476E-004   0.0000000000000000     
  0.34747474747474755       -2.4649150548257913E-004   0.0000000000000000     
  0.34848484848484851       -2.4831101412929086E-004   0.0000000000000000     
  0.34949494949494953       -2.4230959643395945E-004   0.0000000000000000     
  0.35050505050505054       -2.2867627610193434E-004   0.0000000000000000     
  0.35151515151515156       -2.0784045491906860E-004   0.0000000000000000     
  0.35252525252525252       -1.8045838810618474E-004   0.0000000000000000     
  0.35353535353535354       -1.4739251487210330E-004   0.0000000000000000     
  0.35454545454545455       -1.0968429419871211E-004   0.0000000000000000     
  0.35555555555555557       -6.8521402854640384E-005   0.0000000000000000     
  0.35656565656565659       -2.5200327591313928E-005   0.0000000000000000     
  0.35757575757575760        1.8914469649209248E-005   0.0000000000000000     
  0.35858585858585862        6.2433527395964089E-005   0.0000000000000000     
  0.35959595959595964        1.0398614795129106E-004   0.0000000000000000     
  0.36060606060606065        1.4226356947003445E-004   0.0000000000000000     
  0.36161616161616167        1.7606018735318398E-004   0.0000000000000000     
  0.36262626262626269        2.0431152668212905E-004   0.0000000000000000     
  0.36363636363636370        2.2612776929729962E-004   0.0000000000000000     
  0.36464646464646472        2.4082178007312901E-004   0.0000000000000000     
  0.36565656565656574        2.4793074915200919E-004   0.0000000000000000     
  0.36666666666666670        2.4723076901721300E-004   0.0000000000000000     
  0.36767676767676771        2.3874388647486145E-004   0.0000000000000000     
  0.36868686868686873        2.2273740865645823E-004   0.0000000000000000     
  0.36969696969696975        1.9971548348731067E-004   0.0000000000000000     
  0.37070707070707071        1.7040322080057426E-004   0.0000000000000000     
  0.37171717171717172        1.3572385420475820E-004   0.0000000000000000     
  0.37272727272727274        9.6769662066874341E-005   0.0000000000000000     
  0.37373737373737376        5.4767564886647251E-005   0.0000000000000000     
  0.37474747474747477        1.1040481459106203E-005   0.0000000000000000     
  0.37575757575757579       -3.3034338444849277E-005   0.0000000000000000     
  0.37676767676767681       -7.6068692493685026E-005   0.0000000000000000     
  0.37777777777777782       -1.1670714946179089E-004   0.0000000000000000     
  0.37878787878787884       -1.5366974045153648E-004   0.0000000000000000     
  0.37979797979797986       -1.8579227341036474E-004   0.0000000000000000     
  0.38080808080808087       -2.1206300123130308E-004   0.0000000000000000     
  0.38181818181818189       -2.3165448806783994E-004   0.0000000000000000     
  0.38282828282828291       -2.4394967080262870E-004   0.0000000000000000     
  0.38383838383838392       -2.4856129425067478E-004   0.0000000000000000     
  0.38484848484848488       -2.4534410852407806E-004   0.0000000000000000     
  0.38585858585858590       -2.3439944358154161E-004   0.0000000000000000     
  0.38686868686868692       -2.1607201808042105E-004   0.0000000000000000     
  0.38787878787878793       -1.9093908165973406E-004   0.0000000000000000     
  0.38888888888888890       -1.5979223360740874E-004   0.0000000000000000     
  0.38989898989898991       -1.2361249053550864E-004   0.0000000000000000     
  0.39090909090909093       -8.3539387411168495E-005   0.0000000000000000     
  0.39191919191919194       -4.0835086505556947E-005   0.0000000000000000     
  0.39292929292929296        3.1553764288314373E-006   0.0000000000000000     
  0.39393939393939398        4.7046456094743749E-005   0.0000000000000000     
  0.39494949494949499        8.9455737327541148E-005   0.0000000000000000     
  0.39595959595959596        1.2904747650859145E-004   0.0000000000000000     
  0.39696969696969697        1.6457467268028898E-004   0.0000000000000000     
  0.39797979797979799        1.9491834368902570E-004   0.0000000000000000     
  0.39898989898989901        2.1912277034823627E-004   0.0000000000000000     
  0.40000000000000002        2.3642559804821397E-004   0.0000000000000000     
  0.40101010101010104        2.4628184841146342E-004   0.0000000000000000     
  0.40202020202020206        2.4838108407152453E-004   0.0000000000000000     
  0.40303030303030307        2.4265718654426849E-004   0.0000000000000000     
  0.40404040404040409        2.2929043842371679E-004   0.0000000000000000     
  0.40505050505050505        2.0870184549246669E-004   0.0000000000000000     
  0.40606060606060607        1.8153987623490620E-004   0.0000000000000000     
  0.40707070707070708        1.4866003736139518E-004   0.0000000000000000     
  0.40808080808080810        1.1109792861526935E-004   0.0000000000000000     
  0.40909090909090912        7.0036624637578700E-005   0.0000000000000000     
  0.41010101010101013        2.6769412559950477E-005   0.0000000000000000     
  0.41111111111111115       -1.7340942134711212E-005   0.0000000000000000     
  0.41212121212121217       -6.0905117983571034E-005   0.0000000000000000     
  0.41313131313131318       -1.0255099613981441E-004   0.0000000000000000     
  0.41414141414141414       -1.4096687750983364E-004   0.0000000000000000     
  0.41515151515151516       -1.7494279653397973E-004   0.0000000000000000     
  0.41616161616161618       -2.0340863084479535E-004   0.0000000000000000     
  0.41717171717171719       -2.2546780653346049E-004   0.0000000000000000     
  0.41818181818181821       -2.4042553686935347E-004   0.0000000000000000     
  0.41919191919191923       -2.4781070582102202E-004   0.0000000000000000     
  0.42020202020202024       -2.4739070642270581E-004   0.0000000000000000     
  0.42121212121212120       -2.3917876725879848E-004   0.0000000000000000     
  0.42222222222222222       -2.2343353551429107E-004   0.0000000000000000     
  0.42323232323232324       -2.0065093086366745E-004   0.0000000000000000     
  0.42424242424242425       -1.7154852546727559E-004   0.0000000000000000     
  0.42525252525252522       -1.3704294297283600E-004   0.0000000000000000     
  0.42626262626262623       -9.8220988343845491E-005   0.0000000000000000     
  0.42727272727272725       -5.6305416951694929E-005   0.0000000000000000     
  0.42828282828282827       -1.2616422354659065E-005   0.0000000000000000     
  0.42929292929292928        3.1469945291699294E-005   0.0000000000000000     
  0.43030303030303030        7.4565120036800597E-005   0.0000000000000000     
  0.43131313131313131        1.1531175491813474E-004   0.0000000000000000     
  0.43232323232323228        1.5242647385692234E-004   0.0000000000000000     
  0.43333333333333329        1.8474029334763237E-004   0.0000000000000000     
  0.43434343434343431        2.1123544132569365E-004   0.0000000000000000     
  0.43535353535353533        2.3107741359776712E-004   0.0000000000000000     
  0.43636363636363634        2.4364125756221831E-004   0.0000000000000000     
  0.43737373737373736        2.4853125621621033E-004   0.0000000000000000     
  0.43838383838383838        2.4559339171025647E-004   0.0000000000000000     
  0.43939393939393939        2.3492019654838093E-004   0.0000000000000000     
  0.44040404040404041        2.1684783885318691E-004   0.0000000000000000     
  0.44141414141414137        1.9194553460414386E-004   0.0000000000000000     
  0.44242424242424239        1.6099761906632150E-004   0.0000000000000000     
  0.44343434343434340        1.2497884298898551E-004   0.0000000000000000     
  0.44444444444444442        8.5023671623897911E-005   0.0000000000000000     
  0.44545454545454544        4.2390552698921175E-005   0.0000000000000000     
  0.44646464646464645       -1.5777199980039576E-006   0.0000000000000000     
  0.44747474747474747       -4.5496300028248522E-005   0.0000000000000000     
  0.44848484848484849       -8.7981906167002813E-005   0.0000000000000000     
  0.44949494949494950       -1.2769639071972541E-004   0.0000000000000000     
  0.45050505050505052       -1.6338888672848148E-004   0.0000000000000000     
  0.45151515151515154       -1.9393520572307752E-004   0.0000000000000000     
  0.45252525252525255       -2.1837324570275632E-004   0.0000000000000000     
  0.45353535353535357       -2.3593329416888456E-004   0.0000000000000000     
  0.45454545454545459       -2.4606227111430480E-004   0.0000000000000000     
  0.45555555555555560       -2.4844114931140733E-004   0.0000000000000000     
  0.45656565656565662       -2.4299500240119201E-004   0.0000000000000000     
  0.45757575757575758       -2.2989536498551748E-004   0.0000000000000000     
  0.45858585858585860       -2.0955482961405704E-004   0.0000000000000000     
  0.45959595959595961       -1.8261405190705423E-004   0.0000000000000000     
  0.46060606060606063       -1.4992157189569201E-004   0.0000000000000000     
  0.46161616161616159       -1.1250708799644027E-004   0.0000000000000000     
  0.46262626262626261       -7.1549025359475928E-005   0.0000000000000000     
  0.46363636363636362       -2.8337419274216376E-005   0.0000000000000000     
  0.46464646464646464        1.5766716155965603E-005   0.0000000000000000     
  0.46565656565656566        5.9374255290613970E-005   0.0000000000000000     
  0.46666666666666667        1.0111171360652617E-004   0.0000000000000000     
  0.46767676767676769        1.3966450743677178E-004   0.0000000000000000     
  0.46868686868686871        1.7381835901228210E-004   0.0000000000000000     
  0.46969696969696972        2.0249754176732525E-004   0.0000000000000000     
  0.47070707070707074        2.2479876194170996E-004   0.0000000000000000     
  0.47171717171717176        2.4001960937369314E-004   0.0000000000000000     
  0.47272727272727277        2.4768068068261749E-004   0.0000000000000000     
  0.47373737373737379        2.4754067901660735E-004   0.0000000000000000     
  0.47474747474747481        2.3960401390135766E-004   0.0000000000000000     
  0.47575757575757577        2.2412066252634524E-004   0.0000000000000000     
  0.47676767676767678        2.0157829607717404E-004   0.0000000000000000     
  0.47777777777777780        1.7268692012939005E-004   0.0000000000000000     
  0.47878787878787882        1.3835651171907845E-004   0.0000000000000000     
  0.47979797979797978        9.9668358267704507E-005   0.0000000000000000     
  0.48080808080808080        5.7841001045958653E-005   0.0000000000000000     
  0.48181818181818181        1.4191855077835676E-005   0.0000000000000000     
  0.48282828282828283       -2.9904284562974645E-005   0.0000000000000000     
  0.48383838383838385       -7.3058544073295657E-005   0.0000000000000000     
  0.48484848484848486       -1.1391171565256476E-004   0.0000000000000000     
  0.48585858585858588       -1.5117706756014493E-004   0.0000000000000000     
  0.48686868686868690       -1.8368087193752568E-004   0.0000000000000000     
  0.48787878787878791       -2.1039937291990229E-004   0.0000000000000000     
  0.48888888888888893       -2.3049103134414333E-004   0.0000000000000000     
  0.48989898989898994       -2.4332303050134582E-004   0.0000000000000000     
  0.49090909090909096       -2.4849120735153567E-004   0.0000000000000000     
  0.49191919191919198       -2.4583278247874784E-004   0.0000000000000000     
  0.49292929292929299       -2.3543148691041612E-004   0.0000000000000000     
  0.49393939393939396       -2.1761492505000140E-004   0.0000000000000000     
  0.49494949494949497       -1.9294425603699468E-004   0.0000000000000000     
  0.49595959595959599       -1.6219651951163307E-004   0.0000000000000000     
  0.49696969696969701       -1.2634016135895326E-004   0.0000000000000000     
  0.49797979797979797       -8.6504531070594968E-005   0.0000000000000000     
  0.49898989898989898       -4.3944311409413736E-005   0.0000000000000000     
  0.50000000000000000       -1.1761091998623202E-018   0.0000000000000000     
  0.50101010101010102        4.3944311409411399E-005   0.0000000000000000     
  0.50202020202020203        8.6504531070592745E-005   0.0000000000000000     
  0.50303030303030305        1.2634016135895136E-004   0.0000000000000000     
  0.50404040404040407        1.6219651951163150E-004   0.0000000000000000     
  0.50505050505050497        1.9294425603699308E-004   0.0000000000000000     
  0.50606060606060599        2.1761492504999961E-004   0.0000000000000000     
  0.50707070707070701        2.3543148691041409E-004   0.0000000000000000     
  0.50808080808080802        2.4583278247874583E-004   0.0000000000000000     
  0.50909090909090904        2.4849120735153383E-004   0.0000000000000000     
  0.51010101010101006        2.4332303050134463E-004   0.0000000000000000     
  0.51111111111111107        2.3049103134414284E-004   0.0000000000000000     
  0.51212121212121209        2.1039937291990234E-004   0.0000000000000000     
  0.51313131313131310        1.8368087193752628E-004   0.0000000000000000     
  0.51414141414141412        1.5117706756014620E-004   0.0000000000000000     
  0.51515151515151514        1.1391171565256656E-004   0.0000000000000000     
  0.51616161616161615        7.3058544073298002E-005   0.0000000000000000     
  0.51717171717171717        2.9904284562977379E-005   0.0000000000000000     
  0.51818181818181819       -1.4191855077832627E-005   0.0000000000000000     
  0.51919191919191920       -5.7841001045955400E-005   0.0000000000000000     
  0.52020202020202022       -9.9668358267701159E-005   0.0000000000000000     
  0.52121212121212124       -1.3835651171907530E-004   0.0000000000000000     
  0.52222222222222225       -1.7268692012938709E-004   0.0000000000000000     
  0.52323232323232316       -2.0157829607717103E-004   0.0000000000000000     
  0.52424242424242418       -2.2412066252634196E-004   0.0000000000000000     
  0.52525252525252519       -2.3960401390135422E-004   0.0000000000000000     
  0.52626262626262621       -2.4754067901660388E-004   0.0000000000000000     
  0.52727272727272723       -2.4768068068261429E-004   0.0000000000000000     
  0.52828282828282824       -2.4001960937369084E-004   0.0000000000000000     
  0.52929292929292926       -2.2479876194170855E-004   0.0000000000000000     
  0.53030303030303028       -2.0249754176732468E-004   0.0000000000000000     
  0.53131313131313129       -1.7381835901228231E-004   0.0000000000000000     
  0.53232323232323231       -1.3966450743677289E-004   0.0000000000000000     
  0.53333333333333333       -1.0111171360652819E-004   0.0000000000000000     
  0.53434343434343434       -5.9374255290616769E-005   0.0000000000000000     
  0.53535353535353536       -1.5766716155969079E-005   0.0000000000000000     
  0.53636363636363638        2.8337419274212330E-005   0.0000000000000000     
  0.53737373737373739        7.1549025359471442E-005   0.0000000000000000     
  0.53838383838383841        1.1250708799643548E-004   0.0000000000000000     
  0.53939393939393943        1.4992157189568726E-004   0.0000000000000000     
  0.54040404040404044        1.8261405190704965E-004   0.0000000000000000     
  0.54141414141414135        2.0955482961405224E-004   0.0000000000000000     
  0.54242424242424236        2.2989536498551239E-004   0.0000000000000000     
  0.54343434343434338        2.4299500240118673E-004   0.0000000000000000     
  0.54444444444444440        2.4844114931140229E-004   0.0000000000000000     
  0.54545454545454541        2.4606227111430013E-004   0.0000000000000000     
  0.54646464646464643        2.3593329416888087E-004   0.0000000000000000     
  0.54747474747474745        2.1837324570275350E-004   0.0000000000000000     
  0.54848484848484846        1.9393520572307568E-004   0.0000000000000000     
  0.54949494949494948        1.6338888672848070E-004   0.0000000000000000     
  0.55050505050505050        1.2769639071972565E-004   0.0000000000000000     
  0.55151515151515151        8.7981906167004209E-005   0.0000000000000000     
  0.55252525252525253        4.5496300028250921E-005   0.0000000000000000     
  0.55353535353535355        1.5777199980072907E-006   0.0000000000000000     
  0.55454545454545456       -4.2390552698917008E-005   0.0000000000000000     
  0.55555555555555558       -8.5023671623892788E-005   0.0000000000000000     
  0.55656565656565660       -1.2497884298897966E-004   0.0000000000000000     
  0.55757575757575761       -1.6099761906631518E-004   0.0000000000000000     
  0.55858585858585863       -1.9194553460413720E-004   0.0000000000000000     
  0.55959595959595954       -2.1684783885318008E-004   0.0000000000000000     
  0.56060606060606055       -2.3492019654837418E-004   0.0000000000000000     
  0.56161616161616157       -2.4559339171024996E-004   0.0000000000000000     
  0.56262626262626259       -2.4853125621620415E-004   0.0000000000000000     
  0.56363636363636360       -2.4364125756221302E-004   0.0000000000000000     
  0.56464646464646462       -2.3107741359776302E-004   0.0000000000000000     
  0.56565656565656564       -2.1123544132569110E-004   0.0000000000000000     
  0.56666666666666665       -1.8474029334763091E-004   0.0000000000000000     
  0.56767676767676767       -1.5242647385692174E-004   0.0000000000000000     
  0.56868686868686869       -1.1531175491813527E-004   0.0000000000000000     
  0.56969696969696970       -7.4565120036802264E-005   0.0000000000000000     
  0.57070707070707072       -3.1469945291701977E-005   0.0000000000000000     
  0.57171717171717173        1.2616422354655551E-005   0.0000000000000000     
  0.57272727272727275        5.6305416951690700E-005   0.0000000000000000     
  0.57373737373737377        9.8220988343840964E-005   0.0000000000000000     
  0.57474747474747478        1.3704294297283120E-004   0.0000000000000000     
  0.57575757575757580        1.7154852546727076E-004   0.0000000000000000     
  0.57676767676767682        2.0065093086366252E-004   0.0000000000000000     
  0.57777777777777783        2.2343353551428584E-004   0.0000000000000000     
  0.57878787878787885        2.3917876725879284E-004   0.0000000000000000     
  0.57979797979797987        2.4739070642269974E-004   0.0000000000000000     
  0.58080808080808088        2.4781070582101540E-004   0.0000000000000000     
  0.58181818181818190        2.4042553686934648E-004   0.0000000000000000     
  0.58282828282828292        2.2546780653345377E-004   0.0000000000000000     
  0.58383838383838393        2.0340863084478949E-004   0.0000000000000000     
  0.58484848484848495        1.7494279653397477E-004   0.0000000000000000     
  0.58585858585858597        1.4096687750982968E-004   0.0000000000000000     
  0.58686868686868687        1.0255099613981170E-004   0.0000000000000000     
  0.58787878787878789        6.0905117983569590E-005   0.0000000000000000     
  0.58888888888888891        1.7340942134711039E-005   0.0000000000000000     
  0.58989898989898992       -2.6769412559949339E-005   0.0000000000000000     
  0.59090909090909094       -7.0036624637576355E-005   0.0000000000000000     
  0.59191919191919196       -1.1109792861526601E-004   0.0000000000000000     
  0.59292929292929297       -1.4866003736139092E-004   0.0000000000000000     
  0.59393939393939399       -1.8153987623490130E-004   0.0000000000000000     
  0.59494949494949501       -2.0870184549246125E-004   0.0000000000000000     
  0.59595959595959591       -2.2929043842371096E-004   0.0000000000000000     
  0.59696969696969693       -2.4265718654426242E-004   0.0000000000000000     
  0.59797979797979794       -2.4838108407151846E-004   0.0000000000000000     
  0.59898989898989896       -2.4628184841145724E-004   0.0000000000000000     
  0.59999999999999998       -2.3642559804820849E-004   0.0000000000000000     
  0.60101010101010099       -2.2166682488628358E-004   0.0000000000000000     
  0.60202020202020201       -2.0501443306575323E-004   0.0000000000000000     
  0.60303030303030303       -1.8699291453879214E-004   0.0000000000000000     
  0.60404040404040404       -1.6816988395018054E-004   0.0000000000000000     
  0.60505050505050506       -1.4913820076380111E-004   0.0000000000000000     
  0.60606060606060608       -1.3049729626631027E-004   0.0000000000000000     
  0.60707070707070709       -1.1283429359052526E-004   0.0000000000000000     
  0.60808080808080811       -9.6705515386156011E-005   0.0000000000000000     
  0.60909090909090913       -8.2618961614514336E-005   0.0000000000000000     
  0.61022727272727273       -6.9762152508185023E-005   0.0000000000000000     
  0.61136363636363633       -6.0561512034140495E-005   0.0000000000000000     
  0.61250000000000004       -5.5383546632580538E-005   0.0000000000000000     
  0.61363636363636365       -5.4434519885769648E-005   0.0000000000000000     
  0.61477272727272725       -5.7752236135749279E-005   0.0000000000000000     
  0.61590909090909096       -6.5204534646898634E-005   0.0000000000000000     
  0.61704545454545456       -7.6494553911625175E-005   0.0000000000000000     
  0.61818181818181817       -9.1172557474376151E-005   0.0000000000000000     
  0.61919191919191918       -1.0659386826845848E-004   0.0000000000000000     
  0.62020202020202020       -1.2374595504995644E-004   0.0000000000000000     
  0.62121212121212122       -1.4208858722971517E-004   0.0000000000000000     
  0.62222222222222223       -1.6104403620583358E-004   0.0000000000000000     
  0.62323232323232325       -1.8001527180185856E-004   0.0000000000000000     
  0.62424242424242427       -1.9840476661827318E-004   0.0000000000000000     
  0.62525252525252528       -2.1563331604336304E-004   0.0000000000000000     
  0.62626262626262630       -2.3115828118446135E-004   0.0000000000000000     
  0.62727272727272732       -2.4449068007238441E-004   0.0000000000000000     
  0.62840909090909092       -2.5634909588366598E-004   0.0000000000000000     
  0.62954545454545463       -2.6443101230778259E-004   0.0000000000000000     
  0.63068181818181823       -2.6841448707197327E-004   0.0000000000000000     
  0.63181818181818183       -2.6814083905633558E-004   0.0000000000000000     
  0.63295454545454544       -2.6362096898590584E-004   0.0000000000000000     
  0.63409090909090904       -2.5503492521468618E-004   0.0000000000000000     
  0.63522727272727275       -2.4272473192761166E-004   0.0000000000000000     
  0.63636363636363635       -2.2718076401951679E-004   0.0000000000000000     
  0.63737373737373737       -2.1114721670373286E-004   0.0000000000000000     
  0.63838383838383839       -1.9355138150324835E-004   0.0000000000000000     
  0.63939393939393940       -1.7494746552430468E-004   0.0000000000000000     
  0.64040404040404042       -1.5592142689530638E-004   0.0000000000000000     
  0.64141414141414144       -1.3707251911693568E-004   0.0000000000000000     
  0.64242424242424245       -1.1899441669139013E-004   0.0000000000000000     
  0.64343434343434347       -1.0225651646422691E-004   0.0000000000000000     
  0.64444444444444449       -8.7386003595790556E-005   0.0000000000000000     
  0.64545454545454550       -7.4851247105589170E-005   0.0000000000000000     
  0.64659090909090911       -6.4029904276933017E-005   0.0000000000000000     
  0.64772727272727271       -5.7093073434275178E-005   0.0000000000000000     
  0.64886363636363642       -5.4317082574160178E-005   0.0000000000000000     
  0.65000000000000002       -5.5812512769297889E-005   0.0000000000000000     
  0.65113636363636362       -6.1519793783473297E-005   0.0000000000000000     
  0.65227272727272734       -7.1211576924609966E-005   0.0000000000000000     
  0.65340909090909094       -8.4501790942231885E-005   0.0000000000000000     
  0.65454545454545454       -1.0086102200320344E-004   0.0000000000000000     
  0.65568181818181814       -1.1963760216548143E-004   0.0000000000000000     
  0.65681818181818186       -1.4008356807070408E-004   0.0000000000000000     
  0.65795454545454546       -1.6138445834531424E-004   0.0000000000000000     
  0.65909090909090917       -1.8269175335300884E-004   0.0000000000000000     
  0.66022727272727277       -2.0315668016996822E-004   0.0000000000000000     
  0.66136363636363638       -2.2196402148494816E-004   0.0000000000000000     
  0.66250000000000009       -2.3836458789362213E-004   0.0000000000000000     
  0.66363636363636369       -2.5170506601091344E-004   0.0000000000000000     
  0.66477272727272729       -2.6145403888587764E-004   0.0000000000000000     
  0.66590909090909101       -2.6722315764670404E-004   0.0000000000000000     
  0.66704545454545461       -2.6878260989755343E-004   0.0000000000000000     
  0.66818181818181821       -2.6607027530538367E-004   0.0000000000000000     
  0.66931818181818181       -2.5919419931185941E-004   0.0000000000000000     
  0.67045454545454541       -2.4842828938295285E-004   0.0000000000000000     
  0.67159090909090913       -2.3420140455050786E-004   0.0000000000000000     
  0.67272727272727273       -2.1708027074807712E-004   0.0000000000000000     
  0.67386363636363633       -1.9774690625659142E-004   0.0000000000000000     
  0.67500000000000004       -1.7697145385463063E-004   0.0000000000000000     
  0.67613636363636365       -1.5558149998464924E-004   0.0000000000000000     
  0.67727272727272725       -1.3442911210572172E-004   0.0000000000000000     
  0.67840909090909096       -1.1435689243942715E-004   0.0000000000000000     
  0.67954545454545456       -9.6164414865987656E-005   0.0000000000000000     
  0.68068181818181828       -8.0576375749136377E-005   0.0000000000000000     
  0.68181818181818188       -6.8213721564860832E-005   0.0000000000000000     
  0.68295454545454548       -5.9568917766760168E-005   0.0000000000000000     
  0.68409090909090908       -5.4986328754038429E-005   0.0000000000000000     
  0.68522727272727280       -5.4648501721560811E-005   0.0000000000000000     
  0.68636363636363640       -5.8568893639087675E-005   0.0000000000000000     
  0.68750000000000000       -6.6591336281277686E-005   0.0000000000000000     
  0.68863636363636371       -7.8396256837484941E-005   0.0000000000000000     
  0.68977272727272732       -9.3513407343519752E-005   0.0000000000000000     
  0.69090909090909092       -1.1134059830761271E-004   0.0000000000000000     
  0.69204545454545452       -1.3116768571181853E-004   0.0000000000000000     
  0.69318181818181812       -1.5220485940300692E-004   0.0000000000000000     
  0.69431818181818183       -1.7361410728478603E-004   0.0000000000000000     
  0.69545454545454544       -1.9454259334225737E-004   0.0000000000000000     
  0.69659090909090904       -2.1415663444939221E-004   0.0000000000000000     
  0.69772727272727275       -2.3167490820079459E-004   0.0000000000000000     
  0.69886363636363635       -2.4639957508223358E-004   0.0000000000000000     
  0.69999999999999996       -2.5774408092515039E-004   0.0000000000000000     
  0.70101010101010097       -2.6462173473814179E-004   0.0000000000000000     
  0.70202020202020199       -2.6825284083371929E-004   0.0000000000000000     
  0.70303030303030301       -2.6852303213790166E-004   0.0000000000000000     
  0.70404040404040402       -2.6542379852236865E-004   0.0000000000000000     
  0.70505050505050504       -2.5905275501797426E-004   0.0000000000000000     
  0.70606060606060606       -2.4961056715533831E-004   0.0000000000000000     
  0.70707070707070707       -2.3739463070661273E-004   0.0000000000000000     
  0.70808080808080809       -2.2278970488588058E-004   0.0000000000000000     
  0.70909090909090911       -2.0625579361039858E-004   0.0000000000000000     
  0.71022727272727271       -1.8599965513147972E-004   0.0000000000000000     
  0.71136363636363642       -1.6476937903901946E-004   0.0000000000000000     
  0.71250000000000002       -1.4341066966207187E-004   0.0000000000000000     
  0.71363636363636362       -1.2277434979754263E-004   0.0000000000000000     
  0.71477272727272734       -1.0368246417483587E-004   0.0000000000000000     
  0.71590909090909094       -8.6895535213234613E-005   0.0000000000000000     
  0.71704545454545465       -7.3082269370019985E-005   0.0000000000000000     
  0.71818181818181825       -6.2792915288540724E-005   0.0000000000000000     
  0.71919191919191927       -5.6939974597095821E-005   0.0000000000000000     
  0.72020202020202029       -5.4381733453717981E-005   0.0000000000000000     
  0.72121212121212130       -5.5198767449026159E-005   0.0000000000000000     
  0.72222222222222232       -5.9365342925541613E-005   0.0000000000000000     
  0.72323232323232323       -6.6750227327021502E-005   0.0000000000000000     
  0.72424242424242424       -7.7120822689573861E-005   0.0000000000000000     
  0.72525252525252526       -9.0150491659195137E-005   0.0000000000000000     
  0.72626262626262628       -1.0542884530173423E-004   0.0000000000000000     
  0.72727272727272729       -1.2247466908403150E-004   0.0000000000000000     
  0.72840909090909089       -1.4309378732422926E-004   0.0000000000000000     
  0.72954545454545450       -1.6444791707010838E-004   0.0000000000000000     
  0.73068181818181821       -1.8568642027169278E-004   0.0000000000000000     
  0.73181818181818181       -2.0596326255718751E-004   0.0000000000000000     
  0.73295454545454541       -2.2447071893285639E-004   0.0000000000000000     
  0.73409090909090913       -2.4047154763158482E-004   0.0000000000000000     
  0.73522727272727273       -2.5332835643451324E-004   0.0000000000000000     
  0.73636363636363633       -2.6252899702020705E-004   0.0000000000000000     
  0.73737373737373735       -2.6733813351411756E-004   0.0000000000000000     
  0.73838383838383836       -2.6881516525442288E-004   0.0000000000000000     
  0.73939393939393938       -2.6691357095469484E-004   0.0000000000000000     
  0.74040404040404040       -2.6169324412036923E-004   0.0000000000000000     
  0.74141414141414141       -2.5331860677975669E-004   0.0000000000000000     
  0.74242424242424243       -2.4205343064380896E-004   0.0000000000000000     
  0.74343434343434345       -2.2825252922522476E-004   0.0000000000000000     
  0.74444444444444446       -2.1235058257482005E-004   0.0000000000000000     
  0.74545454545454548       -1.9484844621987186E-004   0.0000000000000000     
  0.74659090909090908       -1.7393360349636408E-004   0.0000000000000000     
  0.74772727272727280       -1.5252527282979265E-004   0.0000000000000000     
  0.74886363636363640       -1.3147625138654374E-004   0.0000000000000000     
  0.75000000000000000       -1.1162502552503100E-004   0.0000000000000000     
  0.75113636363636360       -9.3762365872280417E-005   0.0000000000000000     
  0.75227272727272720       -7.8599828813831393E-005   0.0000000000000000     
  0.75340909090909092       -6.6741413289187504E-005   0.0000000000000000     
  0.75454545454545452       -5.8659496776495735E-005   0.0000000000000000     
  0.75555555555555554       -5.4909850883772965E-005   0.0000000000000000     
  0.75656565656565655       -5.4518846317072990E-005   0.0000000000000000     
  0.75757575757575757       -5.7498798315866027E-005   0.0000000000000000     
  0.75858585858585859       -6.3755848886924989E-005   0.0000000000000000     
  0.75959595959595960       -7.3092922840352567E-005   0.0000000000000000     
  0.76060606060606062       -8.5215935086632667E-005   0.0000000000000000     
  0.76161616161616164       -9.9743053282301108E-005   0.0000000000000000     
  0.76262626262626265       -1.1621672409585348E-004   0.0000000000000000     
  0.76363636363636367       -1.3411808469252124E-004   0.0000000000000000     
  0.76477272727272727       -1.5526043202957255E-004   0.0000000000000000     
  0.76590909090909087       -1.7665313409197215E-004   0.0000000000000000     
  0.76704545454545459       -1.9744401624402459E-004   0.0000000000000000     
  0.76818181818181819       -2.1680487510891743E-004   0.0000000000000000     
  0.76931818181818179       -2.3396447375575684E-004   0.0000000000000000     
  0.77045454545454550       -2.4823926212960961E-004   0.0000000000000000     
  0.77159090909090911       -2.5906060468932626E-004   0.0000000000000000     
  0.77272727272727271       -2.6599743559719625E-004   0.0000000000000000     
  0.77373737373737372       -2.6867536032320152E-004   0.0000000000000000     
  0.77474747474747474       -2.6797906234067077E-004   0.0000000000000000     
  0.77575757575757576       -2.6393047262684310E-004   0.0000000000000000     
  0.77676767676767677       -2.5665710751747136E-004   0.0000000000000000     
  0.77777777777777779       -2.4638805254573274E-004   0.0000000000000000     
  0.77878787878787881       -2.3344674693527199E-004   0.0000000000000000     
  0.77979797979797982       -2.1824079640257905E-004   0.0000000000000000     
  0.78080808080808084       -2.0124913511598302E-004   0.0000000000000000     
  0.78181818181818186       -1.8300694079502344E-004   0.0000000000000000     
  0.78295454545454546       -1.6170605078695717E-004   0.0000000000000000     
  0.78409090909090917       -1.4039875587633531E-004   0.0000000000000000     
  0.78522727272727277       -1.1993382855162723E-004   0.0000000000000000     
  0.78636363636363638       -1.0112648778077301E-004   0.0000000000000000     
  0.78749999999999998       -8.4725921183969287E-005   0.0000000000000000     
  0.78863636363636358       -7.1385442887341135E-005   0.0000000000000000     
  0.78977272727272729       -6.1636470262740943E-005   0.0000000000000000     
  0.79090909090909089       -5.5867351460278102E-005   0.0000000000000000     
  0.79191919191919191       -5.4269882734833843E-005   0.0000000000000000     
  0.79292929292929293       -5.6051212087303356E-005   0.0000000000000000     
  0.79393939393939394       -6.1155233858027866E-005   0.0000000000000000     
  0.79494949494949496       -6.9421189300511002E-005   0.0000000000000000     
  0.79595959595959598       -8.0588729767689212E-005   0.0000000000000000     
  0.79696969696969699       -9.4306116893309175E-005   0.0000000000000000     
  0.79797979797979801       -1.1014130111298019E-004   0.0000000000000000     
  0.79898989898989903       -1.2759552960525851E-004   0.0000000000000000     
  0.80000000000000004       -1.4611905540431636E-004   0.0000000000000000     
  0.80113636363636365       -1.6429144111897964E-004   0.0000000000000000     
  0.80227272727272725       -1.7591929748058785E-004   0.0000000000000000     
  0.80340909090909096       -1.8053942993304813E-004   0.0000000000000000     
  0.80454545454545456       -1.7796779637767619E-004   0.0000000000000000     
  0.80568181818181817       -1.6830683744928560E-004   0.0000000000000000     
  0.80681818181818188       -1.5194139601279949E-004   0.0000000000000000     
  0.80795454545454548       -1.2952338785778895E-004   0.0000000000000000     
  0.80909090909090908       -1.0194583122929719E-004   0.0000000000000000     
  0.81010101010101010       -7.3985182510487562E-005   0.0000000000000000     
  0.81111111111111112       -4.3694259965053552E-005   0.0000000000000000     
  0.81212121212121213       -1.2027121429753944E-005   0.0000000000000000     
  0.81313131313131315        2.0018829250876714E-005   0.0000000000000000     
  0.81414141414141417        5.1434257005749157E-005   0.0000000000000000     
  0.81515151515151518        8.1229686017325592E-005   0.0000000000000000     
  0.81616161616161620        1.0846666472870199E-004   0.0000000000000000     
  0.81717171717171722        1.3228732383120423E-004   0.0000000000000000     
  0.81818181818181823        1.5194139607389515E-004   0.0000000000000000     
  0.81931818181818183        1.6830683733282581E-004   0.0000000000000000     
  0.82045454545454555        1.7796779646618742E-004   0.0000000000000000     
  0.82159090909090915        1.8053942991520973E-004   0.0000000000000000     
  0.82272727272727275        1.7591929741126702E-004   0.0000000000000000     
  0.82386363636363635        1.6429144123975332E-004   0.0000000000000000     
  0.82499999999999996        1.4611905532427685E-004   0.0000000000000000     
  0.82613636363636367        1.2212603498815930E-004   0.0000000000000000     
  0.82727272727272727        9.3268138781394582E-005   0.0000000000000000     
  0.82828282828282829        6.4458321576736565E-005   0.0000000000000000     
  0.82929292929292930        3.3618293261662454E-005   0.0000000000000000     
  0.83030303030303032        1.7194065757295834E-006   0.0000000000000000     
  0.83131313131313134       -3.0233635377446366E-005   0.0000000000000000     
  0.83232323232323235       -6.1234423829774679E-005   0.0000000000000000     
  0.83333333333333337       -9.0306542647834205E-005   0.0000000000000000     
  0.83434343434343439       -1.1653432200585253E-004   0.0000000000000000     
  0.83535353535353540       -1.3909167884108522E-004   0.0000000000000000     
  0.83636363636363642       -1.5726813549084517E-004   0.0000000000000000     
  0.83750000000000002       -1.7177325162625066E-004   0.0000000000000000     
  0.83863636363636362       -1.7943580149072503E-004   0.0000000000000000     
  0.83977272727272734       -1.7995054780251836E-004   0.0000000000000000     
  0.84090909090909094       -1.7329698626192779E-004   0.0000000000000000     
  0.84204545454545454       -1.5974016049724609E-004   0.0000000000000000     
  0.84318181818181825       -1.3982010464846383E-004   0.0000000000000000     
  0.84431818181818186       -1.1433033237657201E-004   0.0000000000000000     
  0.84545454545454546       -8.4286225050781544E-005   0.0000000000000000     
  0.84646464646464648       -5.4721210995810748E-005   0.0000000000000000     
  0.84747474747474749       -2.3432670673290391E-005   0.0000000000000000     
  0.84848484848484851        8.5939166251622632E-006   0.0000000000000000     
  0.84949494949494953        4.0349825669544592E-005   0.0000000000000000     
  0.85050505050505054        7.0834856690981575E-005   0.0000000000000000     
  0.85151515151515156        9.9088838106645578E-005   0.0000000000000000     
  0.85252525252525257        1.2422186854654351E-004   0.0000000000000000     
  0.85353535353535359        1.4544234570510795E-004   0.0000000000000000     
  0.85454545454545461        1.6208189893836324E-004   0.0000000000000000     
  0.85568181818181821        1.7467937727633134E-004   0.0000000000000000     
  0.85681818181818192        1.8031852422693866E-004   0.0000000000000000     
  0.85795454545454553        1.7877470440602473E-004   0.0000000000000000     
  0.85909090909090913        1.7010941636357309E-004   0.0000000000000000     
  0.86022727272727284        1.5466784055355015E-004   0.0000000000000000     
  0.86136363636363644        1.3306508985321154E-004   0.0000000000000000     
  0.86250000000000016        1.0616170798458882E-004   0.0000000000000000     
  0.86363636363636376        7.5029387173132804E-005   0.0000000000000000     
  0.86464646464646477        4.4805611198541548E-005   0.0000000000000000     
  0.86565656565656579        1.3170615583713335E-005   0.0000000000000000     
  0.86666666666666681       -1.8879208256289922E-005   0.0000000000000000     
  0.86767676767676782       -5.0334403217113056E-005   0.0000000000000000     
  0.86868686868686873       -8.0204240972848981E-005   0.0000000000000000     
  0.86969696969696975       -1.0754792637139304E-004   0.0000000000000000     
  0.87070707070707076       -1.3150422917183242E-004   0.0000000000000000     
  0.87171717171717178       -1.5131860986796134E-004   0.0000000000000000     
  0.87272727272727280       -1.6636698492063378E-004   0.0000000000000000     
  0.87386363636363640       -1.7701573510524042E-004   0.0000000000000000     
  0.87500000000000000       -1.8061308541673780E-004   0.0000000000000000     
  0.87613636363636371       -1.7701573508248719E-004   0.0000000000000000     
  0.87727272727272732       -1.6636698490667075E-004   0.0000000000000000     
  0.87840909090909092       -1.4909102626203374E-004   0.0000000000000000     
  0.87954545454545463       -1.2587604439274368E-004   0.0000000000000000     
  0.88068181818181823       -9.7646806167117606E-005   0.0000000000000000     
  0.88181818181818183       -6.5527819029560818E-005   0.0000000000000000     
  0.88282828282828285       -3.4743864810497753E-005   0.0000000000000000     
  0.88383838383838387       -2.8656006836512330E-006   0.0000000000000000     
  0.88484848484848488        2.9102919834165735E-005   0.0000000000000000     
  0.88585858585858590        6.0154800403501914E-005   0.0000000000000000     
  0.88686868686868681        8.9312015691292139E-005   0.0000000000000000     
  0.88787878787878782        1.1565621565439439E-004   0.0000000000000000     
  0.88888888888888884        1.3835765033501322E-004   0.0000000000000000     
  0.88989898989898986        1.5670130417734098E-004   0.0000000000000000     
  0.89090909090909087        1.7010941637784851E-004   0.0000000000000000     
  0.89191919191919189        1.7815967843344511E-004   0.0000000000000000     
  0.89292929292929291        1.8059853528750762E-004   0.0000000000000000     
  0.89393939393939392        1.7734917155849507E-004   0.0000000000000000     
  0.89494949494949494        1.6851393073080175E-004   0.0000000000000000     
  0.89595959595959596        1.5437109197384831E-004   0.0000000000000000     
  0.89696969696969697        1.3536610511727048E-004   0.0000000000000000     
  0.89797979797979799        1.1209756054846559E-004   0.0000000000000000     
  0.89898989898989901        8.5298335912627801E-005   0.0000000000000000     
  0.90000000000000002        5.5812512760417175E-005   0.0000000000000000     
  0.90101010101010104        2.4568791157029483E-005   0.0000000000000000     
  0.90202020202020206       -7.4487612102236991E-006   0.0000000000000000     
  0.90303030303030307       -3.9231703736655190E-005   0.0000000000000000     
  0.90404040404040409       -6.9778985134291303E-005   0.0000000000000000     
  0.90505050505050511       -9.8128473178260564E-005   0.0000000000000000     
  0.90606060606060612       -1.2338725840134316E-004   0.0000000000000000     
  0.90707070707070714       -1.4475977760075777E-004   0.0000000000000000     
  0.90808080808080816       -1.6157287140321997E-004   0.0000000000000000     
  0.90909090909090917       -1.7329698627647019E-004   0.0000000000000000     
  0.91010101010101019       -1.7956285372988521E-004   0.0000000000000000     
  0.91111111111111120       -1.8017312088056906E-004   0.0000000000000000     
  0.91212121212121222       -1.7510856650924044E-004   0.0000000000000000     
  0.91313131313131324       -1.6452870624314669E-004   0.0000000000000000     
  0.91414141414141414       -1.4876676864507537E-004   0.0000000000000000     
  0.91515151515151516       -1.2831919948086255E-004   0.0000000000000000     
  0.91616161616161618       -1.0383002542436208E-004   0.0000000000000000     
  0.91717171717171719       -7.6070569667279842E-005   0.0000000000000000     
  0.91818181818181821       -4.5915157675406094E-005   0.0000000000000000     
  0.91919191919191923       -1.4313579213486086E-005   0.0000000000000000     
  0.92020202020202024        1.7738826793272072E-005   0.0000000000000000     
  0.92121212121212126        4.9232521975953108E-005   0.0000000000000000     
  0.92222222222222228        7.9175565319291433E-005   0.0000000000000000     
  0.92323232323232318        1.0662485598194525E-004   0.0000000000000000     
  0.92424242424242420        1.3071583755770581E-004   0.0000000000000000     
  0.92525252525252522        1.5068972856061412E-004   0.0000000000000000     
  0.92626262626262623        1.6591742150586726E-004   0.0000000000000000     
  0.92727272727272725        1.7591929742602830E-004   0.0000000000000000     
  0.92828282828282827        1.8038033232000477E-004   0.0000000000000000     
  0.92929292929292928        1.7916001920271067E-004   0.0000000000000000     
  0.93030303030303030        1.7229679371274657E-004   0.0000000000000000     
  0.93131313131313131        1.6000682331339231E-004   0.0000000000000000     
  0.93232323232323233        1.4267719903849368E-004   0.0000000000000000     
  0.93333333333333335        1.2085374328718613E-004   0.0000000000000000     
  0.93434343434343436        9.5223818338632080E-005   0.0000000000000000     
  0.93535353535353538        6.6594677035118770E-005   0.0000000000000000     
  0.93636363636363640        3.5868036889628054E-005   0.0000000000000000     
  0.93737373737373741        4.0116793496584872E-006   0.0000000000000000     
  0.93838383838383843       -2.7971032010376226E-005   0.0000000000000000     
  0.93939393939393945       -5.9072753961657172E-005   0.0000000000000000     
  0.94040404040404046       -8.8313891267041472E-005   0.0000000000000000     
  0.94141414141414137       -1.1477345066763583E-004   0.0000000000000000     
  0.94242424242424239       -1.3761804882153969E-004   0.0000000000000000     
  0.94343434343434340       -1.5612816094710892E-004   0.0000000000000000     
  0.94444444444444442       -1.6972078346587599E-004   0.0000000000000000     
  0.94545454545454544       -1.7796779639260850E-004   0.0000000000000000     
  0.94646464646464645       -1.8060944775855788E-004   0.0000000000000000     
  0.94747474747474747       -1.7756253478102931E-004   0.0000000000000000     
  0.94848484848484849       -1.6892302458744083E-004   0.0000000000000000     
  0.94949494949494950       -1.5496303138377060E-004   0.0000000000000000     
  0.95050505050505052       -1.3612224606442767E-004   0.0000000000000000     
  0.95151515151515154       -1.1299408730263125E-004   0.0000000000000000     
  0.95252525252525255       -8.6307010949967779E-005   0.0000000000000000     
  0.95353535353535357       -5.6901566408323648E-005   0.0000000000000000     
  0.95454545454545459       -2.5703922022768984E-005   0.0000000000000000     
  0.95555555555555560        6.3033057783710401E-006   0.0000000000000000     
  0.95656565656565662        3.8112001534905074E-005   0.0000000000000000     
  0.95757575757575764        6.8720302902344380E-005   0.0000000000000000     
  0.95858585858585865        9.7164155657721298E-005   0.0000000000000000     
  0.95959595959595956        1.2254767821317101E-004   0.0000000000000000     
  0.96060606060606057        1.4407137861434179E-004   0.0000000000000000     
  0.96161616161616159        1.6105733572418712E-004   0.0000000000000000     
  0.96262626262626261        1.7297055150706939E-004   0.0000000000000000     
  0.96363636363636362        1.7943580139836675E-004   0.0000000000000000     
  0.96464646464646464        1.8024945271860664E-004   0.0000000000000000     
  0.96565656565656566        1.7538587827766838E-004   0.0000000000000000     
  0.96666666666666667        1.6499826366696518E-004   0.0000000000000000     
  0.96767676767676769        1.4941378225519306E-004   0.0000000000000000     
  0.96868686868686871        1.2912329061701752E-004   0.0000000000000000     
  0.96969696969696972        1.0476586809137289E-004   0.0000000000000000     
  0.97070707070707074        7.7108688030692892E-005   0.0000000000000000     
  0.97171717171717176        4.7022854699024376E-005   0.0000000000000000     
  0.97272727272727277        1.5455966304890176E-005   0.0000000000000000     
  0.97373737373737379       -1.6597730833107950E-005   0.0000000000000000     
  0.97474747474747481       -4.8128657632093147E-005   0.0000000000000000     
  0.97575757575757582       -7.8143700498635159E-005   0.0000000000000000     
  0.97676767676767684       -1.0569749076843604E-004   0.0000000000000000     
  0.97777777777777775       -1.2992218070418808E-004   0.0000000000000000     
  0.97878787878787876       -1.5005477751566708E-004   0.0000000000000000     
  0.97979797979797978       -1.6546117494826596E-004   0.0000000000000000     
  0.98080808080808080       -1.7565612556156863E-004   0.0000000000000000     
  0.98181818181818181       -1.8031852411610233E-004   0.0000000000000000     
  0.98282828282828283       -1.7930152142914534E-004   0.0000000000000000     
  0.98383838383838385       -1.7263714949371874E-004   0.0000000000000000     
  0.98484848484848486       -1.6053531270567172E-004   0.0000000000000000     
  0.98585858585858588       -1.4337717642489307E-004   0.0000000000000000     
  0.98686868686868690       -1.2170316183418376E-004   0.0000000000000000     
  0.98787878787878791       -9.6195924394224018E-005   0.0000000000000000     
  0.98888888888888893       -6.7658852598277808E-005   0.0000000000000000     
  0.98989898989898994       -3.6990764211504005E-005   0.0000000000000000     
  0.99090909090909096       -5.1575964374825073E-006   0.0000000000000000     
  0.99191919191919198        2.6838017539743356E-005   0.0000000000000000     
  0.99292929292929299        5.7988328051736195E-005   0.0000000000000000     
  0.99393939393939401        8.7312209586245108E-005   0.0000000000000000     
  0.99494949494949503        1.1388606263372775E-004   0.0000000000000000     
  0.99595959595959593        1.3687290404636846E-004   0.0000000000000000     
  0.99696969696969695        1.5554872892196267E-004   0.0000000000000000     
  0.99797979797979797        1.6932531421114474E-004   0.0000000000000000     
  0.99898989898989898        1.7776874584501083E-004   0.0000000000000000     
   1.0000000000000000        1.8061308528778604E-004   0.0000000000000000     
