X My_beautiful_solution_real My_beautiful_solution_imag
   0.0000000000000000        5.4800865670790262E-028   0.0000000000000000     
   9.0909090909090898E-004   4.4811915089408745E-006   0.0000000000000000     
   1.8181818181818186E-003   8.0233148233151657E-006   0.0000000000000000     
   2.7272727272727279E-003   1.0535957509648594E-005   0.0000000000000000     
   3.6363636363636372E-003   1.1954984550686585E-005   0.0000000000000000     
   4.5454545454545461E-003   1.2244175387027623E-005   0.0000000000000000     
   5.4545454545454558E-003   1.1396148444147925E-005   0.0000000000000000     
   6.3636363636363647E-003   9.4325495464963798E-006   0.0000000000000000     
   7.2727272727272745E-003   6.4034994095700875E-006   0.0000000000000000     
   8.1818181818181825E-003   2.3863143122451777E-006   0.0000000000000000     
   9.0909090909090922E-003  -2.5164673953870318E-006   0.0000000000000000     
   1.0000000000000002E-002  -8.1797025757646907E-006   0.0000000000000000     
   1.0909090909090910E-002  -1.4458837573294219E-005   0.0000000000000000     
   1.1818181818181820E-002  -2.1193597934984059E-005   0.0000000000000000     
   1.2727272727272729E-002  -2.8212079405398035E-005   0.0000000000000000     
   1.3636363636363637E-002  -3.5335135767555848E-005   0.0000000000000000     
   1.4545454545454549E-002  -4.2380951539258490E-005   0.0000000000000000     
   1.5454545454545457E-002  -4.9169682798615706E-005   0.0000000000000000     
   1.6363636363636365E-002  -5.5528047685655765E-005   0.0000000000000000     
   1.7272727272727273E-002  -6.1293749411369343E-005   0.0000000000000000     
   1.8181818181818184E-002  -6.6319618868744865E-005   0.0000000000000000     
   1.9090909090909092E-002  -7.0477371114750729E-005   0.0000000000000000     
   2.0000000000000000E-002  -7.3660879833265146E-005   0.0000000000000000     
   2.0909090909090912E-002  -7.5788886201654987E-005   0.0000000000000000     
   2.1818181818181820E-002  -7.6807073015965465E-005   0.0000000000000000     
   2.2727272727272728E-002  -7.6689451133738219E-005   0.0000000000000000     
   2.3636363636363636E-002  -7.5439022844738993E-005   0.0000000000000000     
   2.4545454545454544E-002  -7.3087705237753531E-005   0.0000000000000000     
   2.5454545454545455E-002  -6.9695515519468886E-005   0.0000000000000000     
   2.6363636363636363E-002  -6.5349039079462418E-005   0.0000000000000000     
   2.7272727272727271E-002  -6.0159219404815609E-005   0.0000000000000000     
   2.8181818181818179E-002  -5.4258526255788832E-005   0.0000000000000000     
   2.9090909090909091E-002  -4.7797574384923132E-005   0.0000000000000000     
   3.0000000000000002E-002  -4.0941279107343160E-005   0.0000000000000000     
   3.0909090909090910E-002  -3.3864646848155313E-005   0.0000000000000000     
   3.1818181818181822E-002  -2.6748308118884135E-005   0.0000000000000000     
   3.2727272727272730E-002  -1.9773906934650564E-005   0.0000000000000000     
   3.3636363636363638E-002  -1.3119464365327721E-005   0.0000000000000000     
   3.4545454545454546E-002  -6.9548345620820069E-006   0.0000000000000000     
   3.5454545454545461E-002  -1.4373692403573016E-006   0.0000000000000000     
   3.6363636363636369E-002   3.2920987085395415E-006   0.0000000000000000     
   3.7272727272727277E-002   7.1128499679821250E-006   0.0000000000000000     
   3.8181818181818185E-002   9.9273601468964227E-006   0.0000000000000000     
   3.9090909090909100E-002   1.1663789082879939E-005   0.0000000000000000     
   4.0000000000000008E-002   1.2277814556707037E-005   0.0000000000000000     
   4.0909090909090916E-002   1.1753763614043348E-005   0.0000000000000000     
   4.1818181818181824E-002   1.0105012616098901E-005   0.0000000000000000     
   4.2727272727272739E-002   7.3736458090867756E-006   0.0000000000000000     
   4.3636363636363647E-002   3.6293811272304766E-006   0.0000000000000000     
   4.4545454545454555E-002  -1.0322093527352933E-006   0.0000000000000000     
   4.5454545454545463E-002  -6.4921388813338428E-006   0.0000000000000000     
   4.6363636363636371E-002  -1.2611043164430082E-005   0.0000000000000000     
   4.7272727272727279E-002  -1.9232737626552630E-005   0.0000000000000000     
   4.8181818181818187E-002  -2.6188204009923772E-005   0.0000000000000000     
   4.9090909090909095E-002  -3.3299904554350084E-005   0.0000000000000000     
   5.0000000000000003E-002  -4.0386313632946846E-005   0.0000000000000000     
   5.0909090909090911E-002  -4.7266551182693499E-005   0.0000000000000000     
   5.1818181818181819E-002  -5.3764999653461858E-005   0.0000000000000000     
   5.2727272727272727E-002  -5.9715786631827276E-005   0.0000000000000000     
   5.3636363636363635E-002  -6.4967018724501336E-005   0.0000000000000000     
   5.4545454545454543E-002  -6.9384658623500856E-005   0.0000000000000000     
   5.5454545454545451E-002  -7.2855946399923740E-005   0.0000000000000000     
   5.6363636363636366E-002  -7.5292277692036599E-005   0.0000000000000000     
   5.7272727272727274E-002  -7.6631465325345346E-005   0.0000000000000000     
   5.8181818181818182E-002  -7.6839326635220052E-005   0.0000000000000000     
   5.9090909090909097E-002  -7.5910555977369730E-005   0.0000000000000000     
   6.0000000000000005E-002  -7.3868860153538800E-005   0.0000000000000000     
   6.0909090909090913E-002  -7.0766353297303691E-005   0.0000000000000000     
   6.1818181818181828E-002  -6.6682226665014038E-005   0.0000000000000000     
   6.2727272727272729E-002  -6.1720727284312579E-005   0.0000000000000000     
   6.3636363636363644E-002  -5.6008497057025791E-005   0.0000000000000000     
   6.4545454545454559E-002  -4.9691340233803481E-005   0.0000000000000000     
   6.5454545454545460E-002  -4.2930501771425134E-005   0.0000000000000000     
   6.6363636363636375E-002  -3.5898551567895857E-005   0.0000000000000000     
   6.7272727272727276E-002  -2.8774979627223910E-005   0.0000000000000000     
   6.8181818181818191E-002  -2.1741614592789673E-005   0.0000000000000000     
   6.9090909090909106E-002  -1.4977982582344228E-005   0.0000000000000000     
   7.0000000000000007E-002  -8.6567247983247668E-006   0.0000000000000000     
   7.0909090909090922E-002  -2.9391908750784134E-006   0.0000000000000000     
   7.1818181818181823E-002   2.0286795609392699E-006   0.0000000000000000     
   7.2727272727272738E-002   6.1200819869073762E-006   0.0000000000000000     
   7.3636363636363653E-002   9.2305836610988573E-006   0.0000000000000000     
   7.4545454545454554E-002   1.1280789260132418E-005   0.0000000000000000     
   7.5454545454545469E-002   1.2218367439059714E-005   0.0000000000000000     
   7.6363636363636370E-002   1.2019386584593662E-005   0.0000000000000000     
   7.7272727272727285E-002   1.0688925668395488E-005   0.0000000000000000     
   7.8181818181818200E-002   8.2609446060842334E-006   0.0000000000000000     
   7.9090909090909101E-002   4.7974174331281341E-006   0.0000000000000000     
   8.0000000000000016E-002   3.8675042258465013E-007   0.0000000000000000     
   8.0909090909090917E-002  -4.8584744791317462E-006   0.0000000000000000     
   8.1818181818181832E-002  -1.0804373297405240E-005   0.0000000000000000     
   8.2727272727272746E-002  -1.7299177408231719E-005   0.0000000000000000     
   8.3636363636363648E-002  -2.4177107421057102E-005   0.0000000000000000     
   8.4545454545454563E-002  -3.1262604684787390E-005   0.0000000000000000     
   8.5454545454545464E-002  -3.8374812410685134E-005   0.0000000000000000     
   8.6363636363636379E-002  -4.5332192026115399E-005   0.0000000000000000     
   8.7272727272727293E-002  -5.1957156935477862E-005   0.0000000000000000     
   8.8181818181818195E-002  -5.8080605403744740E-005   0.0000000000000000     
   8.9090909090909109E-002  -6.3546236864616765E-005   0.0000000000000000     
   9.0000000000000011E-002  -6.8214541483198918E-005   0.0000000000000000     
   9.0909090909090925E-002  -7.1966361131829432E-005   0.0000000000000000     
   9.1818181818181827E-002  -7.4705930893853169E-005   0.0000000000000000     
   9.2727272727272742E-002  -7.6363323455283256E-005   0.0000000000000000     
   9.3636363636363656E-002  -7.6896233994687183E-005   0.0000000000000000     
   9.4545454545454558E-002  -7.6291060010069049E-005   0.0000000000000000     
   9.5454545454545459E-002  -7.4563248522492337E-005   0.0000000000000000     
   9.6363636363636374E-002  -7.1756901791264637E-005   0.0000000000000000     
   9.7272727272727288E-002  -6.7943651607323732E-005   0.0000000000000000     
   9.8181818181818190E-002  -6.3220830897547741E-005   0.0000000000000000     
   9.9090909090909091E-002  -5.7708989308214001E-005   0.0000000000000000     
  0.10000000000000001       -5.1548816185030363E-005   0.0000000000000000     
  0.10090909090909091       -4.4897549487649447E-005   0.0000000000000000     
  0.10181818181818182       -3.7924962302485463E-005   0.0000000000000000     
  0.10272727272727274       -3.0809029397891838E-005   0.0000000000000000     
  0.10363636363636364       -2.3731384430081671E-005   0.0000000000000000     
  0.10454545454545455       -1.6872683759853682E-005   0.0000000000000000     
  0.10545454545454545       -1.0407995210094594E-005   0.0000000000000000     
  0.10636363636363637       -4.5023294737111322E-006   0.0000000000000000     
  0.10727272727272727        6.9357177100516743E-007   0.0000000000000000     
  0.10818181818181818        5.0470835328036626E-006   0.0000000000000000     
  0.10909090909090909        8.4470827482270062E-006   0.0000000000000000     
  0.11000000000000000        1.0806784690945152E-005   0.0000000000000000     
  0.11090909090909090        1.2065958144729216E-005   0.0000000000000000     
  0.11181818181818182        1.2192462801196954E-005   0.0000000000000000     
  0.11272727272727273        1.1183069638177736E-005   0.0000000000000000     
  0.11363636363636365        9.0635433411654841E-006   0.0000000000000000     
  0.11454545454545455        5.8879846607531106E-006   0.0000000000000000     
  0.11545454545454546        1.7374494953346883E-006   0.0000000000000000     
  0.11636363636363638       -3.2821200541675990E-006   0.0000000000000000     
  0.11727272727272728       -9.0425998495030607E-006   0.0000000000000000     
  0.11818181818181819       -1.5396954073275078E-005   0.0000000000000000     
  0.11909090909090911       -2.2182988307724486E-005   0.0000000000000000     
  0.12000000000000001       -2.9227489535097107E-005   0.0000000000000000     
  0.12090909090909092       -3.6350647386482288E-005   0.0000000000000000     
  0.12181818181818183       -4.3370643789424494E-005   0.0000000000000000     
  0.12272727272727274       -5.0108293858460306E-005   0.0000000000000000     
  0.12363636363636366       -5.6391619578267004E-005   0.0000000000000000     
  0.12454545454545456       -6.2060239528641088E-005   0.0000000000000000     
  0.12545454545454546       -6.6969462607321159E-005   0.0000000000000000     
  0.12636363636363637       -7.0993981261856305E-005   0.0000000000000000     
  0.12727272727272729       -7.4031069953329340E-005   0.0000000000000000     
  0.12818181818181820       -7.6003207219474040E-005   0.0000000000000000     
  0.12909090909090912       -7.6860054403527899E-005   0.0000000000000000     
  0.13000000000000000       -7.6579740545164266E-005   0.0000000000000000     
  0.13090909090909092       -7.5169420634437083E-005   0.0000000000000000     
  0.13181818181818183       -7.2665092982221731E-005   0.0000000000000000     
  0.13272727272727275       -6.9130680364993020E-005   0.0000000000000000     
  0.13363636363636366       -6.4656398401108543E-005   0.0000000000000000     
  0.13454545454545455       -5.9356452804421561E-005   0.0000000000000000     
  0.13545454545454547       -5.3366124290847888E-005   0.0000000000000000     
  0.13636363636363638       -4.6838315549198554E-005   0.0000000000000000     
  0.13727272727272730       -3.9939648410860735E-005   0.0000000000000000     
  0.13818181818181821       -3.2846210840067563E-005   0.0000000000000000     
  0.13909090909090910       -2.5739062302237729E-005   0.0000000000000000     
  0.14000000000000001       -1.8799612233307736E-005   0.0000000000000000     
  0.14090909090909093       -1.2204989579553250E-005   0.0000000000000000     
  0.14181818181818184       -6.1235215921933940E-006   0.0000000000000000     
  0.14272727272727276       -7.1043728787134857E-007   0.0000000000000000     
  0.14363636363636365        3.8960947594830180E-006   0.0000000000000000     
  0.14454545454545456        7.5784931634091078E-006   0.0000000000000000     
  0.14545454545454548        1.0242764978885980E-005   0.0000000000000000     
  0.14636363636363639        1.1820904866608314E-005   0.0000000000000000     
  0.14727272727272728        1.2272630923515193E-005   0.0000000000000000     
  0.14818181818181819        1.1586412875862343E-005   0.0000000000000000     
  0.14909090909090911        9.7797663878377750E-006   0.0000000000000000     
  0.15000000000000002        6.8988059766906931E-006   0.0000000000000000     
  0.15090909090909091        3.0170679419675038E-006   0.0000000000000000     
  0.15181818181818182       -1.7663666426064983E-006   0.0000000000000000     
  0.15272727272727274       -7.3294009655475641E-006   0.0000000000000000     
  0.15363636363636363       -1.3530038990851479E-005   0.0000000000000000     
  0.15454545454545454       -2.0210009895082761E-005   0.0000000000000000     
  0.15545454545454546       -2.7198807919007295E-005   0.0000000000000000     
  0.15636363636363637       -3.4318044514252194E-005   0.0000000000000000     
  0.15727272727272729       -4.1386001697233493E-005   0.0000000000000000     
  0.15818181818181820       -4.8222270388407099E-005   0.0000000000000000     
  0.15909090909090912       -5.4652355338490868E-005   0.0000000000000000     
  0.16000000000000000       -6.0512129108875818E-005   0.0000000000000000     
  0.16090909090909092       -6.5652021411267061E-005   0.0000000000000000     
  0.16181818181818183       -6.9940836877235586E-005   0.0000000000000000     
  0.16272727272727275       -7.3269103812353834E-005   0.0000000000000000     
  0.16363636363636366       -7.5551868450947422E-005   0.0000000000000000     
  0.16454545454545458       -7.6730863395953601E-005   0.0000000000000000     
  0.16545454545454547       -7.6775994889208176E-005   0.0000000000000000     
  0.16636363636363638       -7.5686110952905561E-005   0.0000000000000000     
  0.16727272727272730       -7.3489030792911976E-005   0.0000000000000000     
  0.16818181818181821       -7.0240834716880134E-005   0.0000000000000000     
  0.16909090909090910       -6.6024432687303592E-005   0.0000000000000000     
  0.17000000000000001       -6.0947448051407165E-005   0.0000000000000000     
  0.17090909090909093       -5.5139470463884093E-005   0.0000000000000000     
  0.17181818181818181       -4.8748748119271706E-005   0.0000000000000000     
  0.17272727272727273       -4.1938403729100950E-005   0.0000000000000000     
  0.17363636363636364       -3.4882270826106173E-005   0.0000000000000000     
  0.17454545454545456       -2.7760456676433724E-005   0.0000000000000000     
  0.17545454545454547       -2.0754745055540983E-005   0.0000000000000000     
  0.17636363636363639       -1.4043956229660582E-005   0.0000000000000000     
  0.17727272727272730       -7.7993825838469316E-006   0.0000000000000000     
  0.17818181818181819       -2.1804163945084428E-006   0.0000000000000000     
  0.17909090909090911        2.6695186455998482E-006   0.0000000000000000     
  0.18000000000000002        6.6266283055724535E-006   0.0000000000000000     
  0.18090909090909094        9.5899076569283694E-006   0.0000000000000000     
  0.18181818181818185        1.1483719214865393E-005   0.0000000000000000     
  0.18272727272727277        1.2259723580701587E-005   0.0000000000000000     
  0.18363636363636365        1.1898113300753513E-005   0.0000000000000000     
  0.18454545454545457        1.0408118450666487E-005   0.0000000000000000     
  0.18545454545454548        7.8277710375176732E-006   0.0000000000000000     
  0.18636363636363640        4.2229342370561577E-006   0.0000000000000000     
  0.18727272727272729       -3.1437876034204635E-007   0.0000000000000000     
  0.18818181818181820       -5.6683533789414067E-006   0.0000000000000000     
  0.18909090909090912       -1.1702329815357267E-005   0.0000000000000000     
  0.19000000000000000       -1.8262291271316103E-005   0.0000000000000000     
  0.19090909090909092       -2.5180795219571148E-005   0.0000000000000000     
  0.19181818181818183       -3.2281247362739807E-005   0.0000000000000000     
  0.19272727272727275       -3.9382409189368875E-005   0.0000000000000000     
  0.19363636363636363       -4.6303024073018630E-005   0.0000000000000000     
  0.19454545454545455       -5.2866443835308355E-005   0.0000000000000000     
  0.19545454545454546       -5.8905137675568129E-005   0.0000000000000000     
  0.19636363636363638       -6.4264968384065583E-005   0.0000000000000000     
  0.19727272727272729       -6.8809126681860095E-005   0.0000000000000000     
  0.19818181818181818       -7.2421623266620108E-005   0.0000000000000000     
  0.19909090909090910       -7.5010249432893965E-005   0.0000000000000000     
  0.20000000000000001       -7.6508930690505491E-005   0.0000000000000000     
  0.20090909090909093       -7.6879413312224635E-005   0.0000000000000000     
  0.20181818181818184       -7.6112240756645664E-005   0.0000000000000000     
  0.20272727272727273       -7.4226995046276404E-005   0.0000000000000000     
  0.20363636363636364       -7.1271796936903014E-005   0.0000000000000000     
  0.20454545454545456       -6.7322077640381419E-005   0.0000000000000000     
  0.20545454545454547       -6.2478653447068191E-005   0.0000000000000000     
  0.20636363636363639       -5.6865152398135946E-005   0.0000000000000000     
  0.20727272727272728       -5.0624858689787185E-005   0.0000000000000000     
  0.20818181818181819       -4.3917055353248298E-005   0.0000000000000000     
  0.20909090909090911       -3.6912958568761430E-005   0.0000000000000000     
  0.21000000000000002       -2.9791347384464771E-005   0.0000000000000000     
  0.21090909090909093       -2.2734000394765007E-005   0.0000000000000000     
  0.21181818181818182       -1.5921055855643050E-005   0.0000000000000000     
  0.21272727272727274       -9.5264136679867177E-006   0.0000000000000000     
  0.21363636363636365       -3.7132965974315522E-006   0.0000000000000000     
  0.21454545454545457        1.3699159765065483E-006   0.0000000000000000     
  0.21545454545454548        5.5934754321334930E-006   0.0000000000000000     
  0.21636363636363637        8.8495757286871021E-006   0.0000000000000000     
  0.21727272727272728        1.1055105149376311E-005   0.0000000000000000     
  0.21818181818181820        1.2153767719904283E-005   0.0000000000000000     
  0.21909090909090911        1.2117520160199963E-005   0.0000000000000000     
  0.22000000000000000        1.0947287686407756E-005   0.0000000000000000     
  0.22090909090909092        8.6729403954108827E-006   0.0000000000000000     
  0.22181818181818183        5.3525308318011159E-006   0.0000000000000000     
  0.22272727272727272        1.0708122026066581E-006   0.0000000000000000     
  0.22363636363636363       -4.0629249436196089E-006   0.0000000000000000     
  0.22454545454545455       -9.9176423492420413E-006   0.0000000000000000     
  0.22545454545454546       -1.6343898788506307E-005   0.0000000000000000     
  0.22636363636363635       -2.3177664545373559E-005   0.0000000000000000     
  0.22727272727272727       -3.0244508258198712E-005   0.0000000000000000     
  0.22818181818181818       -3.7364049268183259E-005   0.0000000000000000     
  0.22909090909090910       -4.4354561821958906E-005   0.0000000000000000     
  0.23000000000000001       -5.1037613607552599E-005   0.0000000000000000     
  0.23090909090909092       -5.7242620226900368E-005   0.0000000000000000     
  0.23181818181818181       -6.2811199348136203E-005   0.0000000000000000     
  0.23272727272727273       -6.7601213404655999E-005   0.0000000000000000     
  0.23363636363636364       -7.1490397645047676E-005   0.0000000000000000     
  0.23454545454545456       -7.4379480931015444E-005   0.0000000000000000     
  0.23545454545454547       -7.6194719627573998E-005   0.0000000000000000     
  0.23636363636363639       -7.6889779902072883E-005   0.0000000000000000     
  0.23727272727272730       -7.6446920392950717E-005   0.0000000000000000     
  0.23818181818181822       -7.4877445056039326E-005   0.0000000000000000     
  0.23909090909090910       -7.2221414632549864E-005   0.0000000000000000     
  0.24000000000000002       -6.8546624100545404E-005   0.0000000000000000     
  0.24090909090909093       -6.3946872214881362E-005   0.0000000000000000     
  0.24181818181818185       -5.8539567299254058E-005   0.0000000000000000     
  0.24272727272727276       -5.2462730408202325E-005   0.0000000000000000     
  0.24363636363636365       -4.5871472350815405E-005   0.0000000000000000     
  0.24454545454545457       -3.8934034497104904E-005   0.0000000000000000     
  0.24545454545454548       -3.1827494431273219E-005   0.0000000000000000     
  0.24646464646464650       -2.3953651772318150E-005   0.0000000000000000     
  0.24747474747474751       -1.6342974893295368E-005   0.0000000000000000     
  0.24848484848484850       -9.2351734186508779E-006   0.0000000000000000     
  0.24949494949494952       -2.8541181880641723E-006   0.0000000000000000     
  0.25050505050505051        2.5992099447455793E-006   0.0000000000000000     
  0.25151515151515152        6.9530502654371400E-006   0.0000000000000000     
  0.25252525252525254        1.0070272057260971E-005   0.0000000000000000     
  0.25353535353535356        1.1852693779792499E-005   0.0000000000000000     
  0.25454545454545457        1.2244175387032339E-005   0.0000000000000000     
  0.25545454545454549        1.1396148444161725E-005   0.0000000000000000     
  0.25636363636363640        9.4325495464612194E-006   0.0000000000000000     
  0.25727272727272732        6.4034994096585703E-006   0.0000000000000000     
  0.25818181818181823        2.3863143121610940E-006   0.0000000000000000     
  0.25909090909090915       -2.5164673953902263E-006   0.0000000000000000     
  0.26000000000000001       -8.1797025757040211E-006   0.0000000000000000     
  0.26090909090909092       -1.4458837573330706E-005   0.0000000000000000     
  0.26181818181818184       -2.1193597935065198E-005   0.0000000000000000     
  0.26272727272727275       -2.8212079405302250E-005   0.0000000000000000     
  0.26363636363636367       -3.5335135767556350E-005   0.0000000000000000     
  0.26454545454545458       -4.2380951539357098E-005   0.0000000000000000     
  0.26545454545454550       -4.9169682798529403E-005   0.0000000000000000     
  0.26636363636363641       -5.5528047685631263E-005   0.0000000000000000     
  0.26727272727272733       -6.1293749411419284E-005   0.0000000000000000     
  0.26818181818181819       -6.6319618868741640E-005   0.0000000000000000     
  0.26909090909090910       -7.0477371114674672E-005   0.0000000000000000     
  0.27000000000000002       -7.3660879833349293E-005   0.0000000000000000     
  0.27090909090909093       -7.5788886201608746E-005   0.0000000000000000     
  0.27181818181818185       -7.6807073015992529E-005   0.0000000000000000     
  0.27272727272727276       -7.6689451133742963E-005   0.0000000000000000     
  0.27363636363636368       -7.5439022844747260E-005   0.0000000000000000     
  0.27454545454545459       -7.3087705237723390E-005   0.0000000000000000     
  0.27545454545454551       -6.9695515519558820E-005   0.0000000000000000     
  0.27636363636363642       -6.5349039079375546E-005   0.0000000000000000     
  0.27727272727272734       -6.0159219404812716E-005   0.0000000000000000     
  0.27818181818181820       -5.4258526255854000E-005   0.0000000000000000     
  0.27909090909090911       -4.7797574384881980E-005   0.0000000000000000     
  0.28000000000000003       -4.0941279107264786E-005   0.0000000000000000     
  0.28090909090909094       -3.3864646848249666E-005   0.0000000000000000     
  0.28181818181818186       -2.6748308118883467E-005   0.0000000000000000     
  0.28272727272727277       -1.9773906934551621E-005   0.0000000000000000     
  0.28363636363636369       -1.3119464365415873E-005   0.0000000000000000     
  0.28454545454545460       -6.9548345621014996E-006   0.0000000000000000     
  0.28545454545454552       -1.4373692403124400E-006   0.0000000000000000     
  0.28636363636363638        3.2920987085360513E-006   0.0000000000000000     
  0.28727272727272729        7.1128499679097773E-006   0.0000000000000000     
  0.28818181818181821        9.9273601469781630E-006   0.0000000000000000     
  0.28909090909090912        1.1663789082829144E-005   0.0000000000000000     
  0.29000000000000004        1.2277814556739450E-005   0.0000000000000000     
  0.29090909090909095        1.1753763614048037E-005   0.0000000000000000     
  0.29181818181818187        1.0105012616101491E-005   0.0000000000000000     
  0.29272727272727278        7.3736458090616670E-006   0.0000000000000000     
  0.29363636363636370        3.6293811273215839E-006   0.0000000000000000     
  0.29454545454545461       -1.0322093528246629E-006   0.0000000000000000     
  0.29545454545454553       -6.4921388813365431E-006   0.0000000000000000     
  0.29636363636363638       -1.2611043164360795E-005   0.0000000000000000     
  0.29727272727272730       -1.9232737626598472E-005   0.0000000000000000     
  0.29818181818181821       -2.6188204009999246E-005   0.0000000000000000     
  0.29909090909090913       -3.3299904554257561E-005   0.0000000000000000     
  0.30000000000000004       -4.0386313632947788E-005   0.0000000000000000     
  0.30090909090909096       -4.7266551182792622E-005   0.0000000000000000     
  0.30181818181818187       -5.3764999653372384E-005   0.0000000000000000     
  0.30272727272727273       -5.9715786631812850E-005   0.0000000000000000     
  0.30363636363636365       -6.4967018724540923E-005   0.0000000000000000     
  0.30454545454545456       -6.9384658623497278E-005   0.0000000000000000     
  0.30545454545454548       -7.2855946399855490E-005   0.0000000000000000     
  0.30636363636363639       -7.5292277692115799E-005   0.0000000000000000     
  0.30727272727272725       -7.6631465325290322E-005   0.0000000000000000     
  0.30818181818181817       -7.6839326635257918E-005   0.0000000000000000     
  0.30909090909090908       -7.5910555977374555E-005   0.0000000000000000     
  0.31000000000000000       -7.3868860153535995E-005   0.0000000000000000     
  0.31090909090909091       -7.0766353297283823E-005   0.0000000000000000     
  0.31181818181818183       -6.6682226665106182E-005   0.0000000000000000     
  0.31272727272727274       -6.1720727284221317E-005   0.0000000000000000     
  0.31363636363636366       -5.6008497057023697E-005   0.0000000000000000     
  0.31454545454545457       -4.9691340233876712E-005   0.0000000000000000     
  0.31545454545454549       -4.2930501771374773E-005   0.0000000000000000     
  0.31636363636363640       -3.5898551567823554E-005   0.0000000000000000     
  0.31727272727272732       -2.8774979627314228E-005   0.0000000000000000     
  0.31818181818181823       -2.1741614592788405E-005   0.0000000000000000     
  0.31909090909090915       -1.4977982582245205E-005   0.0000000000000000     
  0.32000000000000006       -8.6567247984153672E-006   0.0000000000000000     
  0.32090909090909098       -2.9391908750873323E-006   0.0000000000000000     
  0.32181818181818189        2.0286795609739339E-006   0.0000000000000000     
  0.32272727272727275        6.1200819869038101E-006   0.0000000000000000     
  0.32363636363636367        9.2305836610348538E-006   0.0000000000000000     
  0.32454545454545458        1.1280789260208835E-005   0.0000000000000000     
  0.32545454545454550        1.2218367439000634E-005   0.0000000000000000     
  0.32636363636363641        1.2019386584636710E-005   0.0000000000000000     
  0.32727272727272733        1.0688925668400248E-005   0.0000000000000000     
  0.32818181818181824        8.2609446060756716E-006   0.0000000000000000     
  0.32909090909090916        4.7974174331134533E-006   0.0000000000000000     
  0.33000000000000007        3.8675042267724343E-007   0.0000000000000000     
  0.33090909090909099       -4.8584744792252460E-006   0.0000000000000000     
  0.33181818181818190       -1.0804373297407487E-005   0.0000000000000000     
  0.33272727272727276       -1.7299177408154914E-005   0.0000000000000000     
  0.33363636363636368       -2.4177107421111776E-005   0.0000000000000000     
  0.33454545454545459       -3.1262604684856298E-005   0.0000000000000000     
  0.33545454545454551       -3.8374812410597226E-005   0.0000000000000000     
  0.33636363636363642       -4.5332192026116890E-005   0.0000000000000000     
  0.33727272727272734       -5.1957156935576382E-005   0.0000000000000000     
  0.33818181818181825       -5.8080605403653322E-005   0.0000000000000000     
  0.33909090909090916       -6.3546236864613133E-005   0.0000000000000000     
  0.34000000000000008       -6.8214541483228259E-005   0.0000000000000000     
  0.34090909090909094       -7.1966361131825773E-005   0.0000000000000000     
  0.34181818181818185       -7.4705930893793538E-005   0.0000000000000000     
  0.34272727272727277       -7.6363323455356494E-005   0.0000000000000000     
  0.34363636363636368       -7.6896233994624191E-005   0.0000000000000000     
  0.34454545454545460       -7.6291060010117120E-005   0.0000000000000000     
  0.34545454545454551       -7.4563248522497040E-005   0.0000000000000000     
  0.34636363636363643       -7.1756901791250556E-005   0.0000000000000000     
  0.34727272727272734       -6.7943651607314381E-005   0.0000000000000000     
  0.34818181818181820       -6.3220830897640738E-005   0.0000000000000000     
  0.34909090909090912       -5.7708989308119262E-005   0.0000000000000000     
  0.35000000000000003       -5.1548816185028737E-005   0.0000000000000000     
  0.35090909090909095       -4.4897549487729746E-005   0.0000000000000000     
  0.35181818181818186       -3.7924962302426551E-005   0.0000000000000000     
  0.35272727272727272       -3.0809029397826651E-005   0.0000000000000000     
  0.35363636363636364       -2.3731384430167214E-005   0.0000000000000000     
  0.35454545454545455       -1.6872683759852300E-005   0.0000000000000000     
  0.35545454545454547       -1.0407995209997259E-005   0.0000000000000000     
  0.35636363636363638       -4.5023294738030827E-006   0.0000000000000000     
  0.35727272727272730        6.9357177100679194E-007   0.0000000000000000     
  0.35818181818181821        5.0470835328274482E-006   0.0000000000000000     
  0.35909090909090913        8.4470827482232775E-006   0.0000000000000000     
  0.36000000000000004        1.0806784690890222E-005   0.0000000000000000     
  0.36090909090909096        1.2065958144799143E-005   0.0000000000000000     
  0.36181818181818187        1.2192462801130182E-005   0.0000000000000000     
  0.36272727272727279        1.1183069638230681E-005   0.0000000000000000     
  0.36363636363636370        9.0635433411700665E-006   0.0000000000000000     
  0.36454545454545462        5.8879846607333773E-006   0.0000000000000000     
  0.36545454545454553        1.7374494953304864E-006   0.0000000000000000     
  0.36636363636363639       -3.2821200540747587E-006   0.0000000000000000     
  0.36727272727272731       -9.0425998495992142E-006   0.0000000000000000     
  0.36818181818181822       -1.5396954073276467E-005   0.0000000000000000     
  0.36909090909090914       -2.2182988307641026E-005   0.0000000000000000     
  0.37000000000000005       -2.9227489535160049E-005   0.0000000000000000     
  0.37090909090909091       -3.6350647386543640E-005   0.0000000000000000     
  0.37181818181818183       -4.3370643789341925E-005   0.0000000000000000     
  0.37272727272727274       -5.0108293858461926E-005   0.0000000000000000     
  0.37363636363636366       -5.6391619578363166E-005   0.0000000000000000     
  0.37454545454545457       -6.2060239528548795E-005   0.0000000000000000     
  0.37545454545454549       -6.6969462607328043E-005   0.0000000000000000     
  0.37636363636363640       -7.0993981261874587E-005   0.0000000000000000     
  0.37727272727272732       -7.4031069953325477E-005   0.0000000000000000     
  0.37818181818181823       -7.6003207219423868E-005   0.0000000000000000     
  0.37909090909090915       -7.6860054403594185E-005   0.0000000000000000     
  0.38000000000000006       -7.6579740545093942E-005   0.0000000000000000     
  0.38090909090909097       -7.5169420634494668E-005   0.0000000000000000     
  0.38181818181818189       -7.2665092982226136E-005   0.0000000000000000     
  0.38272727272727280       -6.9130680364967799E-005   0.0000000000000000     
  0.38363636363636372       -6.4656398401109614E-005   0.0000000000000000     
  0.38454545454545458       -5.9356452804513915E-005   0.0000000000000000     
  0.38545454545454549       -5.3366124290750608E-005   0.0000000000000000     
  0.38636363636363641       -4.6838315549197267E-005   0.0000000000000000     
  0.38727272727272732       -3.9939648410947031E-005   0.0000000000000000     
  0.38818181818181824       -3.2846210840000837E-005   0.0000000000000000     
  0.38909090909090910       -2.5739062302180303E-005   0.0000000000000000     
  0.39000000000000001       -1.8799612233386872E-005   0.0000000000000000     
  0.39090909090909093       -1.2204989579551319E-005   0.0000000000000000     
  0.39181818181818184       -6.1235215920986940E-006   0.0000000000000000     
  0.39272727272727276       -7.1043728796386384E-007   0.0000000000000000     
  0.39363636363636367        3.8960947594949722E-006   0.0000000000000000     
  0.39454545454545459        7.5784931634217964E-006   0.0000000000000000     
  0.39545454545454550        1.0242764978882016E-005   0.0000000000000000     
  0.39636363636363636        1.1820904866562954E-005   0.0000000000000000     
  0.39727272727272728        1.2272630923577616E-005   0.0000000000000000     
  0.39818181818181819        1.1586412875788754E-005   0.0000000000000000     
  0.39909090909090911        9.7797663878999319E-006   0.0000000000000000     
  0.40000000000000002        6.8988059766951172E-006   0.0000000000000000     
  0.40090909090909094        3.4294109996277996E-006   0.0000000000000000     
  0.40181818181818185       -1.2751943755268690E-007   0.0000000000000000     
  0.40272727272727277       -3.6811949504885518E-006   0.0000000000000000     
  0.40363636363636368       -7.1409082369627719E-006   0.0000000000000000     
  0.40454545454545454       -1.0418350372960782E-005   0.0000000000000000     
  0.40545454545454546       -1.3429864892488159E-005   0.0000000000000000     
  0.40636363636363637       -1.6098583112121130E-005   0.0000000000000000     
  0.40727272727272729       -1.8356386197954728E-005   0.0000000000000000     
  0.40818181818181820       -2.0145643894855130E-005   0.0000000000000000     
  0.40909090909090912       -2.1420685533357228E-005   0.0000000000000000     
  0.41000000000000003       -2.2148965770773336E-005   0.0000000000000000     
  0.41090909090909095       -2.2311895308296471E-005   0.0000000000000000     
  0.41181818181818186       -2.1905315381721086E-005   0.0000000000000000     
  0.41272727272727278       -2.0939603913196083E-005   0.0000000000000000     
  0.41363636363636369       -1.9439410616131274E-005   0.0000000000000000     
  0.41454545454545455       -1.7443027812505105E-005   0.0000000000000000     
  0.41545454545454547       -1.5001413024432608E-005   0.0000000000000000     
  0.41636363636363638       -1.2176888287521211E-005   0.0000000000000000     
  0.41727272727272730       -9.0415493849244147E-006   0.0000000000000000     
  0.41818181818181821       -5.6754256084424193E-006   0.0000000000000000     
  0.41909090909090913       -2.1644370164717101E-006   0.0000000000000000     
  0.42000000000000004        1.4017986690074401E-006   0.0000000000000000     
  0.42090909090909090        4.9322535478731770E-006   0.0000000000000000     
  0.42181818181818181        8.3368130228528457E-006   0.0000000000000000     
  0.42272727272727273        1.1528575966868336E-005   0.0000000000000000     
  0.42363636363636364        1.4426072868907757E-005   0.0000000000000000     
  0.42454545454545456        1.6955345336726933E-005   0.0000000000000000     
  0.42545454545454542        1.9051833878849890E-005   0.0000000000000000     
  0.42636363636363633        2.0662025781834339E-005   0.0000000000000000     
  0.42727272727272725        2.1744821017258276E-005   0.0000000000000000     
  0.42818181818181816        2.2272581317537601E-005   0.0000000000000000     
  0.42909090909090908        2.2231835640307111E-005   0.0000000000000000     
  0.42999999999999999        2.1623624016040229E-005   0.0000000000000000     
  0.43090909090909091        2.0463471000919934E-005   0.0000000000000000     
  0.43181818181818177        1.8780989414353737E-005   0.0000000000000000     
  0.43272727272727268        1.6619124473309065E-005   0.0000000000000000     
  0.43363636363636360        1.4033057619112124E-005   0.0000000000000000     
  0.43454545454545451        1.1088798015606229E-005   0.0000000000000000     
  0.43545454545454543        7.8614976694711527E-006   0.0000000000000000     
  0.43636363636363634        4.4335331815052687E-006   0.0000000000000000     
  0.43727272727272726        8.9240308965121048E-007   0.0000000000000000     
  0.43818181818181817       -2.6715055245706777E-006   0.0000000000000000     
  0.43909090909090909       -6.1672241593647731E-006   0.0000000000000000     
  0.44000000000000000       -9.5055248574881219E-006   0.0000000000000000     
  0.44090909090909092       -1.2601197742212700E-005   0.0000000000000000     
  0.44181818181818178       -1.5375225994120818E-005   0.0000000000000000     
  0.44272727272727269       -1.7756802749051254E-005   0.0000000000000000     
  0.44363636363636361       -1.9685138437599202E-005   0.0000000000000000     
  0.44454545454545452       -2.1111012435362210E-005   0.0000000000000000     
  0.44545454545454544       -2.1998029414711459E-005   0.0000000000000000     
  0.44636363636363635       -2.2323548333450646E-005   0.0000000000000000     
  0.44727272727272727       -2.2079260345396483E-005   0.0000000000000000     
  0.44818181818181818       -2.1271400883338339E-005   0.0000000000000000     
  0.44909090909090910       -1.9920590499617552E-005   0.0000000000000000     
  0.45000000000000001       -1.8061308528777513E-005   0.0000000000000000     
  0.45090909090909093       -1.5741013004403541E-005   0.0000000000000000     
  0.45181818181818184       -1.3018929296640958E-005   0.0000000000000000     
  0.45272727272727276       -9.9645383893961059E-006   0.0000000000000000     
  0.45363636363636367       -6.6558033826497891E-006   0.0000000000000000     
  0.45454545454545459       -3.1771794908495861E-006   0.0000000000000000     
  0.45545454545454550        3.8254167056011653E-007   0.0000000000000000     
  0.45636363636363642        3.9324984843917003E-006   0.0000000000000000     
  0.45727272727272728        7.3820785675202695E-006   0.0000000000000000     
  0.45818181818181819        1.0643231645783099E-005   0.0000000000000000     
  0.45909090909090911        1.3632717029709469E-005   0.0000000000000000     
  0.46000000000000002        1.6274228327916900E-005   0.0000000000000000     
  0.46090909090909093        1.8500341161600265E-005   0.0000000000000000     
  0.46181818181818179        2.0254234166365968E-005   0.0000000000000000     
  0.46272727272727271        2.1491139354297858E-005   0.0000000000000000     
  0.46363636363636362        2.2179484812554284E-005   0.0000000000000000     
  0.46454545454545454        2.2301700574700240E-005   0.0000000000000000     
  0.46545454545454545        2.1854667092463661E-005   0.0000000000000000     
  0.46636363636363637        2.0849794862264021E-005   0.0000000000000000     
  0.46727272727272728        1.9312733172645453E-005   0.0000000000000000     
  0.46818181818181820        1.7282715408864573E-005   0.0000000000000000     
  0.46909090909090911        1.4811557622883130E-005   0.0000000000000000     
  0.47000000000000003        1.1962335932818218E-005   0.0000000000000000     
  0.47090909090909094        8.8077765101117638E-006   0.0000000000000000     
  0.47181818181818186        5.4283992486183004E-006   0.0000000000000000     
  0.47272727272727277        1.9104625010789341E-006   0.0000000000000000     
  0.47363636363636369       -1.6562386593540313E-006   0.0000000000000000     
  0.47454545454545460       -5.1806644515351555E-006   0.0000000000000000     
  0.47545454545454546       -8.5728541697702170E-006   0.0000000000000000     
  0.47636363636363638       -1.1746222424669461E-005   0.0000000000000000     
  0.47727272727272729       -1.4619769227846566E-005   0.0000000000000000     
  0.47818181818181821       -1.7120147511542544E-005   0.0000000000000000     
  0.47909090909090912       -1.9183535306617923E-005   0.0000000000000000     
  0.47999999999999998       -2.0757264793170553E-005   0.0000000000000000     
  0.48090909090909090       -2.1801166643641913E-005   0.0000000000000000     
  0.48181818181818181       -2.2288595340994843E-005   0.0000000000000000     
  0.48272727272727273       -2.2207109304134282E-005   0.0000000000000000     
  0.48363636363636364       -2.1558788458017408E-005   0.0000000000000000     
  0.48454545454545456       -2.0360181144026213E-005   0.0000000000000000     
  0.48545454545454547       -1.8641881724259624E-005   0.0000000000000000     
  0.48636363636363639       -1.6447749663539565E-005   0.0000000000000000     
  0.48727272727272730       -1.3833790019012761E-005   0.0000000000000000     
  0.48818181818181822       -1.0866723915581313E-005   0.0000000000000000     
  0.48909090909090913       -7.6222854945677848E-006   0.0000000000000000     
  0.49000000000000005       -4.1832888045429294E-006   0.0000000000000000     
  0.49090909090909096       -6.3751397972373113E-007   0.0000000000000000     
  0.49181818181818188        2.9245333418941011E-006   0.0000000000000000     
  0.49272727272727279        6.4119321680505808E-006   0.0000000000000000     
  0.49363636363636365        9.7356669036055876E-006   0.0000000000000000     
  0.49454545454545457        1.2810899467485564E-005   0.0000000000000000     
  0.49545454545454548        1.5559134777514671E-005   0.0000000000000000     
  0.49636363636363640        1.7910224332447095E-005   0.0000000000000000     
  0.49727272727272731        1.9804156746806787E-005   0.0000000000000000     
  0.49818181818181817        2.1192589536664454E-005   0.0000000000000000     
  0.49909090909090909        2.2040083058816409E-005   0.0000000000000000     
  0.50000000000000000        2.2325005104168245E-005   0.0000000000000000     
  0.50090909090909086        2.2040083058816385E-005   0.0000000000000000     
  0.50181818181818183        2.1192589536664237E-005   0.0000000000000000     
  0.50272727272727269        1.9804156746806543E-005   0.0000000000000000     
  0.50363636363636366        1.7910224332446868E-005   0.0000000000000000     
  0.50454545454545452        1.5559134777514339E-005   0.0000000000000000     
  0.50545454545454538        1.2810899467485217E-005   0.0000000000000000     
  0.50636363636363635        9.7356669036053623E-006   0.0000000000000000     
  0.50727272727272721        6.4119321680502148E-006   0.0000000000000000     
  0.50818181818181818        2.9245333418934972E-006   0.0000000000000000     
  0.50909090909090904       -6.3751397972416291E-007   0.0000000000000000     
  0.50999999999999990       -4.1832888045435019E-006   0.0000000000000000     
  0.51090909090909087       -7.6222854945682871E-006   0.0000000000000000     
  0.51181818181818184       -1.0866723915581741E-005   0.0000000000000000     
  0.51272727272727270       -1.3833790019013312E-005   0.0000000000000000     
  0.51363636363636367       -1.6447749663540050E-005   0.0000000000000000     
  0.51454545454545453       -1.8641881724259807E-005   0.0000000000000000     
  0.51545454545454550       -2.0360181144026270E-005   0.0000000000000000     
  0.51636363636363636       -2.1558788458017489E-005   0.0000000000000000     
  0.51727272727272733       -2.2207109304134204E-005   0.0000000000000000     
  0.51818181818181819       -2.2288595340994717E-005   0.0000000000000000     
  0.51909090909090905       -2.1801166643641767E-005   0.0000000000000000     
  0.52000000000000002       -2.0757264793170197E-005   0.0000000000000000     
  0.52090909090909088       -1.9183535306617541E-005   0.0000000000000000     
  0.52181818181818185       -1.7120147511542188E-005   0.0000000000000000     
  0.52272727272727271       -1.4619769227846110E-005   0.0000000000000000     
  0.52363636363636357       -1.1746222424668995E-005   0.0000000000000000     
  0.52454545454545454       -8.5728541697698900E-006   0.0000000000000000     
  0.52545454545454540       -5.1806644515347083E-006   0.0000000000000000     
  0.52636363636363637       -1.6562386593533543E-006   0.0000000000000000     
  0.52727272727272723        1.9104625010794165E-006   0.0000000000000000     
  0.52818181818181809        5.4283992486189069E-006   0.0000000000000000     
  0.52909090909090906        8.8077765101122584E-006   0.0000000000000000     
  0.53000000000000003        1.1962335932818696E-005   0.0000000000000000     
  0.53090909090909089        1.4811557622883538E-005   0.0000000000000000     
  0.53181818181818175        1.7282715408864722E-005   0.0000000000000000     
  0.53272727272727272        1.9312733172645416E-005   0.0000000000000000     
  0.53363636363636369        2.0849794862263994E-005   0.0000000000000000     
  0.53454545454545455        2.1854667092463620E-005   0.0000000000000000     
  0.53545454545454541        2.2301700574700132E-005   0.0000000000000000     
  0.53636363636363638        2.2179484812554095E-005   0.0000000000000000     
  0.53727272727272724        2.1491139354297668E-005   0.0000000000000000     
  0.53818181818181821        2.0254234166365558E-005   0.0000000000000000     
  0.53909090909090907        1.8500341161599824E-005   0.0000000000000000     
  0.54000000000000004        1.6274228327916501E-005   0.0000000000000000     
  0.54090909090909089        1.3632717029708987E-005   0.0000000000000000     
  0.54181818181818175        1.0643231645782615E-005   0.0000000000000000     
  0.54272727272727272        7.3820785675199392E-006   0.0000000000000000     
  0.54363636363636358        3.9324984843912607E-006   0.0000000000000000     
  0.54454545454545455        3.8254167055945309E-007   0.0000000000000000     
  0.54545454545454541       -3.1771794908500439E-006   0.0000000000000000     
  0.54636363636363627       -6.6558033826503515E-006   0.0000000000000000     
  0.54727272727272724       -9.9645383893965752E-006   0.0000000000000000     
  0.54818181818181821       -1.3018929296641325E-005   0.0000000000000000     
  0.54909090909090907       -1.5741013004403988E-005   0.0000000000000000     
  0.55000000000000004       -1.8061308528777879E-005   0.0000000000000000     
  0.55090909090909090       -1.9920590499617633E-005   0.0000000000000000     
  0.55181818181818187       -2.1271400883338271E-005   0.0000000000000000     
  0.55272727272727273       -2.2079260345396412E-005   0.0000000000000000     
  0.55363636363636370       -2.2323548333450419E-005   0.0000000000000000     
  0.55454545454545456       -2.1998029414711161E-005   0.0000000000000000     
  0.55545454545454542       -2.1111012435361905E-005   0.0000000000000000     
  0.55636363636363639       -1.9685138437598735E-005   0.0000000000000000     
  0.55727272727272725       -1.7756802749050827E-005   0.0000000000000000     
  0.55818181818181822       -1.5375225994120388E-005   0.0000000000000000     
  0.55909090909090908       -1.2601197742212062E-005   0.0000000000000000     
  0.55999999999999994       -9.5055248574874714E-006   0.0000000000000000     
  0.56090909090909091       -6.1672241593644445E-006   0.0000000000000000     
  0.56181818181818177       -2.6715055245703859E-006   0.0000000000000000     
  0.56272727272727274        8.9240308965173606E-007   0.0000000000000000     
  0.56363636363636360        4.4335331815055626E-006   0.0000000000000000     
  0.56454545454545446        7.8614976694715169E-006   0.0000000000000000     
  0.56545454545454543        1.1088798015606635E-005   0.0000000000000000     
  0.56636363636363640        1.4033057619112489E-005   0.0000000000000000     
  0.56727272727272726        1.6619124473309218E-005   0.0000000000000000     
  0.56818181818181812        1.8780989414353639E-005   0.0000000000000000     
  0.56909090909090909        2.0463471000919765E-005   0.0000000000000000     
  0.57000000000000006        2.1623624016040032E-005   0.0000000000000000     
  0.57090909090909092        2.2231835640306817E-005   0.0000000000000000     
  0.57181818181818178        2.2272581317537258E-005   0.0000000000000000     
  0.57272727272727275        2.1744821017257862E-005   0.0000000000000000     
  0.57363636363636361        2.0662025781833794E-005   0.0000000000000000     
  0.57454545454545458        1.9051833878849270E-005   0.0000000000000000     
  0.57545454545454555        1.6955345336726191E-005   0.0000000000000000     
  0.57636363636363641        1.4426072868906825E-005   0.0000000000000000     
  0.57727272727272738        1.1528575966867476E-005   0.0000000000000000     
  0.57818181818181824        8.3368130228522443E-006   0.0000000000000000     
  0.57909090909090921        4.9322535478726179E-006   0.0000000000000000     
  0.58000000000000007        1.4017986690067341E-006   0.0000000000000000     
  0.58090909090909104       -2.1644370164724377E-006   0.0000000000000000     
  0.58181818181818190       -5.6754256084432316E-006   0.0000000000000000     
  0.58272727272727276       -9.0415493849250093E-006   0.0000000000000000     
  0.58363636363636373       -1.2176888287521769E-005   0.0000000000000000     
  0.58454545454545459       -1.5001413024433073E-005   0.0000000000000000     
  0.58545454545454556       -1.7443027812505383E-005   0.0000000000000000     
  0.58636363636363642       -1.9439410616131498E-005   0.0000000000000000     
  0.58727272727272728       -2.0939603913196263E-005   0.0000000000000000     
  0.58818181818181825       -2.1905315381721079E-005   0.0000000000000000     
  0.58909090909090911       -2.2311895308296261E-005   0.0000000000000000     
  0.59000000000000008       -2.2148965770773075E-005   0.0000000000000000     
  0.59090909090909094       -2.1420685533356876E-005   0.0000000000000000     
  0.59181818181818180       -2.0145643894854788E-005   0.0000000000000000     
  0.59272727272727277       -1.8356386197954115E-005   0.0000000000000000     
  0.59363636363636363       -1.6098583112120540E-005   0.0000000000000000     
  0.59454545454545460       -1.3429864892487774E-005   0.0000000000000000     
  0.59545454545454546       -1.0418350372960270E-005   0.0000000000000000     
  0.59636363636363632       -7.1409082369620993E-006   0.0000000000000000     
  0.59727272727272729       -3.6811949504881058E-006   0.0000000000000000     
  0.59818181818181815       -1.2751943755233307E-007   0.0000000000000000     
  0.59909090909090912        3.4294109996284213E-006   0.0000000000000000     
  0.59999999999999998        6.8988059766955009E-006   0.0000000000000000     
  0.60090909090909084        1.0192109445591287E-005   0.0000000000000000     
  0.60181818181818181        1.3225260080836556E-005   0.0000000000000000     
  0.60272727272727278        1.5920836938545418E-005   0.0000000000000000     
  0.60363636363636364        1.8210035620550075E-005   0.0000000000000000     
  0.60454545454545450        2.0034424501004943E-005   0.0000000000000000     
  0.60545454545454547        2.1347436189851671E-005   0.0000000000000000     
  0.60636363636363644        2.2115556161696213E-005   0.0000000000000000     
  0.60727272727272730        2.2319178211368064E-005   0.0000000000000000     
  0.60818181818181816        2.1953104901377289E-005   0.0000000000000000     
  0.60909090909090913        2.1026680225584056E-005   0.0000000000000000     
  0.60999999999999999        1.9563551104808299E-005   0.0000000000000000     
  0.61090909090909096        1.7601063800697625E-005   0.0000000000000000     
  0.61181818181818182        1.5189310655529956E-005   0.0000000000000000     
  0.61272727272727279        1.2389851488216820E-005   0.0000000000000000     
  0.61363636363636365        9.2741422856138700E-006   0.0000000000000000     
  0.61454545454545451        5.9217112926568506E-006   0.0000000000000000     
  0.61545454545454548        2.4181290603195764E-006   0.0000000000000000     
  0.61636363636363634       -1.1471757358024783E-006   0.0000000000000000     
  0.61727272727272731       -4.6831989569146003E-006   0.0000000000000000     
  0.61818181818181817       -8.0996838737847023E-006   0.0000000000000000     
  0.61909090909090903       -1.1309424963699243E-005   0.0000000000000000     
  0.62000000000000000       -1.4230493824668201E-005   0.0000000000000000     
  0.62090909090909097       -1.6788330391746448E-005   0.0000000000000000     
  0.62181818181818183       -1.8917646077397858E-005   0.0000000000000000     
  0.62272727272727280       -2.0564090257357044E-005   0.0000000000000000     
  0.62363636363636366       -2.1685637566769209E-005   0.0000000000000000     
  0.62454545454545463       -2.2253660594240596E-005   0.0000000000000000     
  0.62545454545454549       -2.2253660594206353E-005   0.0000000000000000     
  0.62636363636363646       -2.1685637566795979E-005   0.0000000000000000     
  0.62727272727272732       -2.0564090257358585E-005   0.0000000000000000     
  0.62818181818181817       -1.8917646077386400E-005   0.0000000000000000     
  0.62909090909090915       -1.6788330391744280E-005   0.0000000000000000     
  0.63000000000000000       -1.4230493824713678E-005   0.0000000000000000     
  0.63090909090909097       -1.1309424963650002E-005   0.0000000000000000     
  0.63181818181818183       -8.0996838737832488E-006   0.0000000000000000     
  0.63272727272727269       -4.6831989569560032E-006   0.0000000000000000     
  0.63363636363636366       -1.1471757357698062E-006   0.0000000000000000     
  0.63454545454545452        2.4181290603502775E-006   0.0000000000000000     
  0.63545454545454549        5.9217112926169554E-006   0.0000000000000000     
  0.63636363636363635        9.2741422856153913E-006   0.0000000000000000     
  0.63727272727272721        1.2389851488265374E-005   0.0000000000000000     
  0.63818181818181818        1.5189310655484274E-005   0.0000000000000000     
  0.63909090909090915        1.7601063800702361E-005   0.0000000000000000     
  0.64000000000000001        1.9563551104816800E-005   0.0000000000000000     
  0.64090909090909087        2.1026680225582131E-005   0.0000000000000000     
  0.64181818181818184        2.1953104901352722E-005   0.0000000000000000     
  0.64272727272727281        2.2319178211400397E-005   0.0000000000000000     
  0.64363636363636367        2.2115556161660024E-005   0.0000000000000000     
  0.64454545454545453        2.1347436189880694E-005   0.0000000000000000     
  0.64545454545454550        2.0034424501006508E-005   0.0000000000000000     
  0.64636363636363636        1.8210035620535815E-005   0.0000000000000000     
  0.64727272727272733        1.5920836938545730E-005   0.0000000000000000     
  0.64818181818181819        1.3225260080881715E-005   0.0000000000000000     
  0.64909090909090916        1.0192109445541495E-005   0.0000000000000000     
  0.65000000000000002        6.8988059766941210E-006   0.0000000000000000     
  0.65090909090909088        3.4294109996711969E-006   0.0000000000000000     
  0.65181818181818185       -1.2751943758686777E-007   0.0000000000000000     
  0.65272727272727271       -3.6811949505167355E-006   0.0000000000000000     
  0.65363636363636368       -7.1409082369238414E-006   0.0000000000000000     
  0.65454545454545454       -1.0418350372961853E-005   0.0000000000000000     
  0.65545454545454540       -1.3429864892535452E-005   0.0000000000000000     
  0.65636363636363637       -1.6098583112074841E-005   0.0000000000000000     
  0.65727272727272734       -1.8356386197961321E-005   0.0000000000000000     
  0.65818181818181820       -2.0145643894860412E-005   0.0000000000000000     
  0.65909090909090917       -2.1420685533354955E-005   0.0000000000000000     
  0.66000000000000003       -2.2148965770750971E-005   0.0000000000000000     
  0.66090909090909100       -2.2311895308326571E-005   0.0000000000000000     
  0.66181818181818186       -2.1905315381683183E-005   0.0000000000000000     
  0.66272727272727283       -2.0939603913227271E-005   0.0000000000000000     
  0.66363636363636369       -1.9439410616132768E-005   0.0000000000000000     
  0.66454545454545455       -1.7443027812488277E-005   0.0000000000000000     
  0.66545454545454552       -1.5001413024435710E-005   0.0000000000000000     
  0.66636363636363638       -1.2176888287566206E-005   0.0000000000000000     
  0.66727272727272735       -9.0415493848746633E-006   0.0000000000000000     
  0.66818181818181821       -5.6754256084414300E-006   0.0000000000000000     
  0.66909090909090907       -2.1644370165162424E-006   0.0000000000000000     
  0.67000000000000004        1.4017986690434304E-006   0.0000000000000000     
  0.67090909090909090        4.9322535478994358E-006   0.0000000000000000     
  0.67181818181818187        8.3368130228159760E-006   0.0000000000000000     
  0.67272727272727273        1.1528575966869593E-005   0.0000000000000000     
  0.67363636363636359        1.4426072868954112E-005   0.0000000000000000     
  0.67454545454545456        1.6955345336680926E-005   0.0000000000000000     
  0.67545454545454553        1.9051833878859251E-005   0.0000000000000000     
  0.67636363636363639        2.0662025781836802E-005   0.0000000000000000     
  0.67727272727272725        2.1744821017255826E-005   0.0000000000000000     
  0.67818181818181822        2.2272581317517668E-005   0.0000000000000000     
  0.67909090909090919        2.2231835640335033E-005   0.0000000000000000     
  0.68000000000000005        2.1623624016000581E-005   0.0000000000000000     
  0.68090909090909091        2.0463471000952948E-005   0.0000000000000000     
  0.68181818181818188        1.8780989414354865E-005   0.0000000000000000     
  0.68272727272727274        1.6619124473289380E-005   0.0000000000000000     
  0.68363636363636371        1.4033057619117799E-005   0.0000000000000000     
  0.68454545454545457        1.1088798015650600E-005   0.0000000000000000     
  0.68545454545454554        7.8614976694210100E-006   0.0000000000000000     
  0.68636363636363640        4.4335331815041828E-006   0.0000000000000000     
  0.68727272727272726        8.9240308969664543E-007   0.0000000000000000     
  0.68818181818181823       -2.6715055246085206E-006   0.0000000000000000     
  0.68909090909090909       -6.1672241593888975E-006   0.0000000000000000     
  0.69000000000000006       -9.5055248574531107E-006   0.0000000000000000     
  0.69090909090909092       -1.2601197742214012E-005   0.0000000000000000     
  0.69181818181818178       -1.5375225994165938E-005   0.0000000000000000     
  0.69272727272727275       -1.7756802749005571E-005   0.0000000000000000     
  0.69363636363636361       -1.9685138437611071E-005   0.0000000000000000     
  0.69454545454545458       -2.1111012435361658E-005   0.0000000000000000     
  0.69545454545454544       -2.1998029414708857E-005   0.0000000000000000     
  0.69636363636363630       -2.2323548333433353E-005   0.0000000000000000     
  0.69727272727272727       -2.2079260345422388E-005   0.0000000000000000     
  0.69818181818181813       -2.1271400883297458E-005   0.0000000000000000     
  0.69909090909090910       -1.9920590499652792E-005   0.0000000000000000     
  0.69999999999999996       -1.8061308528778957E-005   0.0000000000000000     
  0.70090909090909082       -1.5741013004381501E-005   0.0000000000000000     
  0.70181818181818179       -1.3018929296649570E-005   0.0000000000000000     
  0.70272727272727276       -9.9645383894401296E-006   0.0000000000000000     
  0.70363636363636362       -6.6558033825998743E-006   0.0000000000000000     
  0.70454545454545459       -3.1771794908489631E-006   0.0000000000000000     
  0.70545454545454545        3.8254167051304569E-007   0.0000000000000000     
  0.70636363636363642        3.9324984844304588E-006   0.0000000000000000     
  0.70727272727272728        7.3820785675417393E-006   0.0000000000000000     
  0.70818181818181825        1.0643231645749723E-005   0.0000000000000000     
  0.70909090909090911        1.3632717029710777E-005   0.0000000000000000     
  0.70999999999999996        1.6274228327960767E-005   0.0000000000000000     
  0.71090909090909093        1.8500341161554982E-005   0.0000000000000000     
  0.71181818181818191        2.0254234166380269E-005   0.0000000000000000     
  0.71272727272727276        2.1491139354294520E-005   0.0000000000000000     
  0.71363636363636362        2.2179484812551682E-005   0.0000000000000000     
  0.71454545454545459        2.2301700574685550E-005   0.0000000000000000     
  0.71545454545454557        2.1854667092487198E-005   0.0000000000000000     
  0.71636363636363642        2.0849794862221720E-005   0.0000000000000000     
  0.71727272727272728        1.9312733172682333E-005   0.0000000000000000     
  0.71818181818181825        1.7282715408865667E-005   0.0000000000000000     
  0.71909090909090911        1.4811557622858530E-005   0.0000000000000000     
  0.72000000000000008        1.1962335932829155E-005   0.0000000000000000     
  0.72090909090909094        8.8077765101547321E-006   0.0000000000000000     
  0.72181818181818191        5.4283992485686736E-006   0.0000000000000000     
  0.72272727272727277        1.9104625010784331E-006   0.0000000000000000     
  0.72363636363636363       -1.6562386593064809E-006   0.0000000000000000     
  0.72454545454545460       -5.1806644515755031E-006   0.0000000000000000     
  0.72545454545454546       -8.5728541697893870E-006   0.0000000000000000     
  0.72636363636363643       -1.1746222424638514E-005   0.0000000000000000     
  0.72727272727272729       -1.4619769227847952E-005   0.0000000000000000     
  0.72818181818181815       -1.7120147511584814E-005   0.0000000000000000     
  0.72909090909090912       -1.9183535306573109E-005   0.0000000000000000     
  0.72999999999999998       -2.0757264793187209E-005   0.0000000000000000     
  0.73090909090909095       -2.1801166643635570E-005   0.0000000000000000     
  0.73181818181818181       -2.2288595340992071E-005   0.0000000000000000     
  0.73272727272727267       -2.2207109304122285E-005   0.0000000000000000     
  0.73363636363636364       -2.1558788458038729E-005   0.0000000000000000     
  0.73454545454545450       -2.0360181143982977E-005   0.0000000000000000     
  0.73545454545454547       -1.8641881724298503E-005   0.0000000000000000     
  0.73636363636363633       -1.6447749663540856E-005   0.0000000000000000     
  0.73727272727272719       -1.3833790018985810E-005   0.0000000000000000     
  0.73818181818181816       -1.0866723915595094E-005   0.0000000000000000     
  0.73909090909090913       -7.6222854946100890E-006   0.0000000000000000     
  0.73999999999999999       -4.1832888044936295E-006   0.0000000000000000     
  0.74090909090909096       -6.3751397972347268E-007   0.0000000000000000     
  0.74181818181818182        2.9245333418454315E-006   0.0000000000000000     
  0.74272727272727279        6.4119321680918050E-006   0.0000000000000000     
  0.74363636363636365        9.7356669036220793E-006   0.0000000000000000     
  0.74454545454545462        1.2810899467456413E-005   0.0000000000000000     
  0.74545454545454548        1.5559134777515992E-005   0.0000000000000000     
  0.74636363636363634        1.7910224332487709E-005   0.0000000000000000     
  0.74727272727272731        1.9804156746762639E-005   0.0000000000000000     
  0.74818181818181817        2.1192589536683417E-005   0.0000000000000000     
  0.74909090909090914        2.2040083058807173E-005   0.0000000000000000     
  0.75000000000000000        2.2325005104165395E-005   0.0000000000000000     
  0.75090909090909086        2.2040083058807054E-005   0.0000000000000000     
  0.75181818181818183        2.1192589536683187E-005   0.0000000000000000     
  0.75272727272727269        1.9804156746762307E-005   0.0000000000000000     
  0.75363636363636366        1.7910224332487268E-005   0.0000000000000000     
  0.75454545454545452        1.5559134777515470E-005   0.0000000000000000     
  0.75545454545454538        1.2810899467455830E-005   0.0000000000000000     
  0.75636363636363635        9.7356669036214017E-006   0.0000000000000000     
  0.75727272727272732        6.4119321680911215E-006   0.0000000000000000     
  0.75818181818181818        2.9245333418447102E-006   0.0000000000000000     
  0.75909090909090904       -6.3751397972424168E-007   0.0000000000000000     
  0.76000000000000001       -4.1832888044943266E-006   0.0000000000000000     
  0.76090909090909098       -7.6222854946107277E-006   0.0000000000000000     
  0.76181818181818184       -1.0866723915595916E-005   0.0000000000000000     
  0.76272727272727270       -1.3833790018986651E-005   0.0000000000000000     
  0.76363636363636367       -1.6447749663541375E-005   0.0000000000000000     
  0.76454545454545453       -1.8641881724298923E-005   0.0000000000000000     
  0.76545454545454550       -2.0360181143983282E-005   0.0000000000000000     
  0.76636363636363636       -2.1558788458038912E-005   0.0000000000000000     
  0.76727272727272733       -2.2207109304122346E-005   0.0000000000000000     
  0.76818181818181819       -2.2288595340992003E-005   0.0000000000000000     
  0.76909090909090905       -2.1801166643635377E-005   0.0000000000000000     
  0.77000000000000002       -2.0757264793186894E-005   0.0000000000000000     
  0.77090909090909088       -1.9183535306572685E-005   0.0000000000000000     
  0.77181818181818185       -1.7120147511584289E-005   0.0000000000000000     
  0.77272727272727271       -1.4619769227847340E-005   0.0000000000000000     
  0.77363636363636357       -1.1746222424637552E-005   0.0000000000000000     
  0.77454545454545454       -8.5728541697885502E-006   0.0000000000000000     
  0.77545454545454551       -5.1806644515746086E-006   0.0000000000000000     
  0.77636363636363637       -1.6562386593052184E-006   0.0000000000000000     
  0.77727272727272734        1.9104625010795834E-006   0.0000000000000000     
  0.77818181818181820        5.4283992485694401E-006   0.0000000000000000     
  0.77909090909090917        8.8077765101555283E-006   0.0000000000000000     
  0.78000000000000003        1.1962335932829998E-005   0.0000000000000000     
  0.78090909090909100        1.4811557622859043E-005   0.0000000000000000     
  0.78181818181818186        1.7282715408866304E-005   0.0000000000000000     
  0.78272727272727272        1.9312733172682824E-005   0.0000000000000000     
  0.78363636363636369        2.0849794862222042E-005   0.0000000000000000     
  0.78454545454545455        2.1854667092487347E-005   0.0000000000000000     
  0.78545454545454552        2.2301700574685489E-005   0.0000000000000000     
  0.78636363636363638        2.2179484812551398E-005   0.0000000000000000     
  0.78727272727272724        2.1491139354294100E-005   0.0000000000000000     
  0.78818181818181821        2.0254234166379812E-005   0.0000000000000000     
  0.78909090909090907        1.8500341161554376E-005   0.0000000000000000     
  0.79000000000000004        1.6274228327960045E-005   0.0000000000000000     
  0.79090909090909089        1.3632717029710203E-005   0.0000000000000000     
  0.79181818181818175        1.0643231645749121E-005   0.0000000000000000     
  0.79272727272727272        7.3820785675410879E-006   0.0000000000000000     
  0.79363636363636370        3.9324984844298320E-006   0.0000000000000000     
  0.79454545454545455        3.8254167051241809E-007   0.0000000000000000     
  0.79545454545454541       -3.1771794908496013E-006   0.0000000000000000     
  0.79636363636363638       -6.6558033826004198E-006   0.0000000000000000     
  0.79727272727272736       -9.9645383894405870E-006   0.0000000000000000     
  0.79818181818181821       -1.3018929296650172E-005   0.0000000000000000     
  0.79909090909090907       -1.5741013004382111E-005   0.0000000000000000     
  0.80000000000000004       -1.8061308528779255E-005   0.0000000000000000     
  0.80090909090909090       -1.9920590499652989E-005   0.0000000000000000     
  0.80181818181818187       -2.1271400883297542E-005   0.0000000000000000     
  0.80272727272727273       -2.2079260345422358E-005   0.0000000000000000     
  0.80363636363636370       -2.2323548333433214E-005   0.0000000000000000     
  0.80454545454545456       -2.1998029414708609E-005   0.0000000000000000     
  0.80545454545454542       -2.1111012435361306E-005   0.0000000000000000     
  0.80636363636363639       -1.9685138437610624E-005   0.0000000000000000     
  0.80727272727272725       -1.7756802749005046E-005   0.0000000000000000     
  0.80818181818181822       -1.5375225994165342E-005   0.0000000000000000     
  0.80909090909090908       -1.2601197742213363E-005   0.0000000000000000     
  0.80999999999999994       -9.5055248574521264E-006   0.0000000000000000     
  0.81090909090909091       -6.1672241593880742E-006   0.0000000000000000     
  0.81181818181818188       -2.6715055246076880E-006   0.0000000000000000     
  0.81272727272727274        8.9240308969781508E-007   0.0000000000000000     
  0.81363636363636371        4.4335331815052204E-006   0.0000000000000000     
  0.81454545454545457        7.8614976694216318E-006   0.0000000000000000     
  0.81545454545454554        1.1088798015651210E-005   0.0000000000000000     
  0.81636363636363640        1.4033057619118438E-005   0.0000000000000000     
  0.81727272727272737        1.6619124473289672E-005   0.0000000000000000     
  0.81818181818181823        1.8780989414355242E-005   0.0000000000000000     
  0.81909090909090909        2.0463471000953172E-005   0.0000000000000000     
  0.82000000000000006        2.1623624016000625E-005   0.0000000000000000     
  0.82090909090909092        2.2231835640334931E-005   0.0000000000000000     
  0.82181818181818189        2.2272581317517414E-005   0.0000000000000000     
  0.82272727272727275        2.1744821017255342E-005   0.0000000000000000     
  0.82363636363636361        2.0662025781836176E-005   0.0000000000000000     
  0.82454545454545458        1.9051833878858628E-005   0.0000000000000000     
  0.82545454545454544        1.6955345336680201E-005   0.0000000000000000     
  0.82636363636363641        1.4426072868953281E-005   0.0000000000000000     
  0.82727272727272727        1.1528575966868975E-005   0.0000000000000000     
  0.82818181818181813        8.3368130228150511E-006   0.0000000000000000     
  0.82909090909090910        4.9322535478987082E-006   0.0000000000000000     
  0.83000000000000007        1.4017986690426555E-006   0.0000000000000000     
  0.83090909090909093       -2.1644370165170984E-006   0.0000000000000000     
  0.83181818181818179       -5.6754256084419382E-006   0.0000000000000000     
  0.83272727272727276       -9.0415493848749157E-006   0.0000000000000000     
  0.83363636363636373       -1.2176888287566650E-005   0.0000000000000000     
  0.83454545454545459       -1.5001413024436283E-005   0.0000000000000000     
  0.83545454545454545       -1.7443027812488626E-005   0.0000000000000000     
  0.83636363636363642       -1.9439410616133002E-005   0.0000000000000000     
  0.83727272727272728       -2.0939603913227268E-005   0.0000000000000000     
  0.83818181818181825       -2.1905315381682980E-005   0.0000000000000000     
  0.83909090909090911       -2.2311895308326361E-005   0.0000000000000000     
  0.84000000000000008       -2.2148965770750581E-005   0.0000000000000000     
  0.84090909090909094       -2.1420685533354314E-005   0.0000000000000000     
  0.84181818181818180       -2.0145643894859765E-005   0.0000000000000000     
  0.84272727272727277       -1.8356386197960800E-005   0.0000000000000000     
  0.84363636363636363       -1.6098583112074194E-005   0.0000000000000000     
  0.84454545454545460       -1.3429864892534746E-005   0.0000000000000000     
  0.84545454545454546       -1.0418350372961383E-005   0.0000000000000000     
  0.84636363636363632       -7.1409082369230858E-006   0.0000000000000000     
  0.84727272727272729       -3.6811949505161786E-006   0.0000000000000000     
  0.84818181818181826       -1.2751943758635693E-007   0.0000000000000000     
  0.84909090909090912        3.4294109996720096E-006   0.0000000000000000     
  0.85000000000000009        6.8988059766947902E-006   0.0000000000000000     
  0.85090909090909095        1.0192109445541732E-005   0.0000000000000000     
  0.85181818181818192        1.3225260080881920E-005   0.0000000000000000     
  0.85272727272727278        1.5920836938545967E-005   0.0000000000000000     
  0.85363636363636375        1.8210035620535723E-005   0.0000000000000000     
  0.85454545454545461        2.0034424501006495E-005   0.0000000000000000     
  0.85545454545454547        2.1347436189880633E-005   0.0000000000000000     
  0.85636363636363644        2.2115556161659845E-005   0.0000000000000000     
  0.85727272727272741        2.2319178211400045E-005   0.0000000000000000     
  0.85818181818181827        2.1953104901352299E-005   0.0000000000000000     
  0.85909090909090913        2.1026680225581616E-005   0.0000000000000000     
  0.86000000000000010        1.9563551104816112E-005   0.0000000000000000     
  0.86090909090909107        1.7601063800701521E-005   0.0000000000000000     
  0.86181818181818193        1.5189310655483217E-005   0.0000000000000000     
  0.86272727272727279        1.2389851488264234E-005   0.0000000000000000     
  0.86363636363636376        9.2741422856144968E-006   0.0000000000000000     
  0.86454545454545462        5.9217112926160787E-006   0.0000000000000000     
  0.86545454545454559        2.4181290603494474E-006   0.0000000000000000     
  0.86636363636363645       -1.1471757357705744E-006   0.0000000000000000     
  0.86727272727272742       -4.6831989569566893E-006   0.0000000000000000     
  0.86818181818181828       -8.0996838737838282E-006   0.0000000000000000     
  0.86909090909090914       -1.1309424963650468E-005   0.0000000000000000     
  0.87000000000000011       -1.4230493824714018E-005   0.0000000000000000     
  0.87090909090909097       -1.6788330391744480E-005   0.0000000000000000     
  0.87181818181818194       -1.8917646077386461E-005   0.0000000000000000     
  0.87272727272727280       -2.0564090257358504E-005   0.0000000000000000     
  0.87363636363636366       -2.1685637566795714E-005   0.0000000000000000     
  0.87454545454545463       -2.2253660594205878E-005   0.0000000000000000     
  0.87545454545454549       -2.2253660594240153E-005   0.0000000000000000     
  0.87636363636363646       -2.1685637566768640E-005   0.0000000000000000     
  0.87727272727272732       -2.0564090257356220E-005   0.0000000000000000     
  0.87818181818181817       -1.8917646077397062E-005   0.0000000000000000     
  0.87909090909090915       -1.6788330391745862E-005   0.0000000000000000     
  0.88000000000000000       -1.4230493824667538E-005   0.0000000000000000     
  0.88090909090909097       -1.1309424963698547E-005   0.0000000000000000     
  0.88181818181818183       -8.0996838737843127E-006   0.0000000000000000     
  0.88272727272727269       -4.6831989569142716E-006   0.0000000000000000     
  0.88363636363636366       -1.1471757358022221E-006   0.0000000000000000     
  0.88454545454545452        2.4181290603197602E-006   0.0000000000000000     
  0.88545454545454549        5.9217112926569531E-006   0.0000000000000000     
  0.88636363636363635        9.2741422856138870E-006   0.0000000000000000     
  0.88727272727272721        1.2389851488216761E-005   0.0000000000000000     
  0.88818181818181818        1.5189310655529810E-005   0.0000000000000000     
  0.88909090909090904        1.7601063800697394E-005   0.0000000000000000     
  0.89000000000000001        1.9563551104808001E-005   0.0000000000000000     
  0.89090909090909087        2.1026680225583693E-005   0.0000000000000000     
  0.89181818181818173        2.1953104901376913E-005   0.0000000000000000     
  0.89272727272727270        2.2319178211367691E-005   0.0000000000000000     
  0.89363636363636367        2.2115556161695776E-005   0.0000000000000000     
  0.89454545454545453        2.1347436189851204E-005   0.0000000000000000     
  0.89545454545454550        2.0034424501004479E-005   0.0000000000000000     
  0.89636363636363636        1.8210035620549601E-005   0.0000000000000000     
  0.89727272727272733        1.5920836938544944E-005   0.0000000000000000     
  0.89818181818181819        1.3225260080836119E-005   0.0000000000000000     
  0.89909090909090916        1.0192109445590877E-005   0.0000000000000000     
  0.90000000000000002        6.8988059766951375E-006   0.0000000000000000     
  0.90090909090909088        3.4294109996277936E-006   0.0000000000000000     
  0.90181818181818185       -1.2751943755272533E-007   0.0000000000000000     
  0.90272727272727282       -3.6811949504884827E-006   0.0000000000000000     
  0.90363636363636368       -7.1409082369625262E-006   0.0000000000000000     
  0.90454545454545454       -1.0418350372960355E-005   0.0000000000000000     
  0.90545454545454551       -1.3429864892487586E-005   0.0000000000000000     
  0.90636363636363648       -1.6098583112120493E-005   0.0000000000000000     
  0.90727272727272734       -1.8356386197954166E-005   0.0000000000000000     
  0.90818181818181820       -2.0145643894854649E-005   0.0000000000000000     
  0.90909090909090917       -2.1420685533356642E-005   0.0000000000000000     
  0.91000000000000003       -2.2148965770772730E-005   0.0000000000000000     
  0.91090909090909100       -2.2311895308295807E-005   0.0000000000000000     
  0.91181818181818186       -2.1905315381720527E-005   0.0000000000000000     
  0.91272727272727283       -2.0939603913195633E-005   0.0000000000000000     
  0.91363636363636369       -1.9439410616130803E-005   0.0000000000000000     
  0.91454545454545455       -1.7443027812504648E-005   0.0000000000000000     
  0.91545454545454552       -1.5001413024432305E-005   0.0000000000000000     
  0.91636363636363638       -1.2176888287520996E-005   0.0000000000000000     
  0.91727272727272735       -9.0415493849242486E-006   0.0000000000000000     
  0.91818181818181821       -5.6754256084425049E-006   0.0000000000000000     
  0.91909090909090907       -2.1644370164720828E-006   0.0000000000000000     
  0.92000000000000004        1.4017986690072080E-006   0.0000000000000000     
  0.92090909090909090        4.9322535478729517E-006   0.0000000000000000     
  0.92181818181818187        8.3368130228523680E-006   0.0000000000000000     
  0.92272727272727273        1.1528575966867767E-005   0.0000000000000000     
  0.92363636363636359        1.4426072868907176E-005   0.0000000000000000     
  0.92454545454545456        1.6955345336726201E-005   0.0000000000000000     
  0.92545454545454542        1.9051833878849117E-005   0.0000000000000000     
  0.92636363636363639        2.0662025781833726E-005   0.0000000000000000     
  0.92727272727272725        2.1744821017257588E-005   0.0000000000000000     
  0.92818181818181811        2.2272581317536940E-005   0.0000000000000000     
  0.92909090909090908        2.2231835640306505E-005   0.0000000000000000     
  0.93000000000000005        2.1623624016039683E-005   0.0000000000000000     
  0.93090909090909091        2.0463471000919372E-005   0.0000000000000000     
  0.93181818181818188        1.8780989414353239E-005   0.0000000000000000     
  0.93272727272727274        1.6619124473308801E-005   0.0000000000000000     
  0.93363636363636371        1.4033057619112068E-005   0.0000000000000000     
  0.93454545454545457        1.1088798015606232E-005   0.0000000000000000     
  0.93545454545454554        7.8614976694711408E-006   0.0000000000000000     
  0.93636363636363640        4.4335331815052153E-006   0.0000000000000000     
  0.93727272727272726        8.9240308965142763E-007   0.0000000000000000     
  0.93818181818181823       -2.6715055245706443E-006   0.0000000000000000     
  0.93909090909090909       -6.1672241593646512E-006   0.0000000000000000     
  0.94000000000000006       -9.5055248574876171E-006   0.0000000000000000     
  0.94090909090909092       -1.2601197742212141E-005   0.0000000000000000     
  0.94181818181818178       -1.5375225994120405E-005   0.0000000000000000     
  0.94272727272727275       -1.7756802749050776E-005   0.0000000000000000     
  0.94363636363636361       -1.9685138437598620E-005   0.0000000000000000     
  0.94454545454545458       -2.1111012435361729E-005   0.0000000000000000     
  0.94545454545454544       -2.1998029414710927E-005   0.0000000000000000     
  0.94636363636363630       -2.2323548333450144E-005   0.0000000000000000     
  0.94727272727272727       -2.2079260345396056E-005   0.0000000000000000     
  0.94818181818181824       -2.1271400883337926E-005   0.0000000000000000     
  0.94909090909090910       -1.9920590499617240E-005   0.0000000000000000     
  0.94999999999999996       -1.8061308528777422E-005   0.0000000000000000     
  0.95090909090909093       -1.5741013004403598E-005   0.0000000000000000     
  0.95181818181818190       -1.3018929296640960E-005   0.0000000000000000     
  0.95272727272727276       -9.9645383893959670E-006   0.0000000000000000     
  0.95363636363636362       -6.6558033826497273E-006   0.0000000000000000     
  0.95454545454545459       -3.1771794908497369E-006   0.0000000000000000     
  0.95545454545454545        3.8254167055971101E-007   0.0000000000000000     
  0.95636363636363642        3.9324984843914597E-006   0.0000000000000000     
  0.95727272727272728        7.3820785675200781E-006   0.0000000000000000     
  0.95818181818181825        1.0643231645782689E-005   0.0000000000000000     
  0.95909090909090911        1.3632717029708990E-005   0.0000000000000000     
  0.95999999999999996        1.6274228327916443E-005   0.0000000000000000     
  0.96090909090909093        1.8500341161599699E-005   0.0000000000000000     
  0.96181818181818179        2.0254234166365368E-005   0.0000000000000000     
  0.96272727272727276        2.1491139354297417E-005   0.0000000000000000     
  0.96363636363636362        2.2179484812553793E-005   0.0000000000000000     
  0.96454545454545448        2.2301700574699770E-005   0.0000000000000000     
  0.96545454545454545        2.1854667092463284E-005   0.0000000000000000     
  0.96636363636363642        2.0849794862263665E-005   0.0000000000000000     
  0.96727272727272728        1.9312733172645053E-005   0.0000000000000000     
  0.96818181818181825        1.7282715408864353E-005   0.0000000000000000     
  0.96909090909090911        1.4811557622883172E-005   0.0000000000000000     
  0.97000000000000008        1.1962335932818333E-005   0.0000000000000000     
  0.97090909090909094        8.8077765101119213E-006   0.0000000000000000     
  0.97181818181818191        5.4283992486186011E-006   0.0000000000000000     
  0.97272727272727277        1.9104625010791446E-006   0.0000000000000000     
  0.97363636363636363       -1.6562386593535847E-006   0.0000000000000000     
  0.97454545454545460       -5.1806644515348879E-006   0.0000000000000000     
  0.97545454545454546       -8.5728541697700188E-006   0.0000000000000000     
  0.97636363636363643       -1.1746222424669068E-005   0.0000000000000000     
  0.97727272727272729       -1.4619769227846122E-005   0.0000000000000000     
  0.97818181818181815       -1.7120147511542144E-005   0.0000000000000000     
  0.97909090909090912       -1.9183535306617436E-005   0.0000000000000000     
  0.97999999999999998       -2.0757264793170038E-005   0.0000000000000000     
  0.98090909090909095       -2.1801166643641554E-005   0.0000000000000000     
  0.98181818181818181       -2.2288595340994463E-005   0.0000000000000000     
  0.98272727272727267       -2.2207109304133923E-005   0.0000000000000000     
  0.98363636363636364       -2.1558788458017140E-005   0.0000000000000000     
  0.98454545454545461       -2.0360181144025952E-005   0.0000000000000000     
  0.98545454545454547       -1.8641881724259458E-005   0.0000000000000000     
  0.98636363636363633       -1.6447749663539637E-005   0.0000000000000000     
  0.98727272727272730       -1.3833790019012983E-005   0.0000000000000000     
  0.98818181818181827       -1.0866723915581452E-005   0.0000000000000000     
  0.98909090909090913       -7.6222854945677492E-006   0.0000000000000000     
  0.98999999999999999       -4.1832888045429463E-006   0.0000000000000000     
  0.99090909090909096       -6.3751397972393781E-007   0.0000000000000000     
  0.99181818181818182        2.9245333418936675E-006   0.0000000000000000     
  0.99272727272727279        6.4119321680503216E-006   0.0000000000000000     
  0.99363636363636365        9.7356669036054063E-006   0.0000000000000000     
  0.99454545454545462        1.2810899467485197E-005   0.0000000000000000     
  0.99545454545454548        1.5559134777514254E-005   0.0000000000000000     
  0.99636363636363634        1.7910224332446719E-005   0.0000000000000000     
  0.99727272727272731        1.9804156746806336E-005   0.0000000000000000     
  0.99818181818181817        2.1192589536663969E-005   0.0000000000000000     
  0.99909090909090914        2.2040083058816080E-005   0.0000000000000000     
   1.0000000000000000        2.2325005104167899E-005   0.0000000000000000     
