0.21609959
0.11251515
0.00538076
0.00188588
0.00121623
0.00091993
0.00073480
0.00058961
0.00047976
0.00039604
0.00032857
0.00028450
0.00025245
0.00022676
0.00020509
0.00018749
0.00017233
0.00015982
0.00014830
0.00013811
0.00012873
0.00012058
0.00011337
0.00010695
0.00010100
0.00009564
0.00009117
0.00008690
0.00008305
0.00007942
0.00007587
0.00007279
0.00006981
0.00006715
0.00006482
0.00006265
0.00006059
0.00005855
0.00005688
0.00005513
0.00005371
0.00005252
0.00005143
0.00005041
0.00004946
0.00004855
0.00004767
0.00004687
0.00004607
0.00004529
0.00004452
0.00004381
0.00004313
0.00004245
0.00004180
0.00004120
0.00004062
0.00004003
0.00003950
0.00003894
0.00003848
0.00003795
0.00003745
0.00003692
0.00003650
0.00003597
0.00003554
0.00003508
0.00003470
0.00003428
0.00003387
0.00003348
0.00003310
0.00003274
0.00003237
0.00003199
0.00003166
0.00003132
0.00003097
0.00003066
0.00003033
0.00003004
0.00002970
0.00002938
0.00002906
0.00002877
0.00002849
0.00002816
0.00002788
0.00002760
0.00002733
0.00002704
0.00002676
0.00002653
0.00002625
0.00002600
0.00002572
0.00002549
0.00002527
0.00002503
0.00002480
0.00002457
0.00002434
0.00002413
0.00002394
0.00002371
0.00002349
0.00002333
0.00002314
0.00002295
0.00002279
0.00002261
0.00002246
0.00002230
0.00002213
0.00002198
0.00002183
0.00002167
0.00002153
0.00002137
0.00002124
0.00002108
0.00002094
0.00002081
0.00002067
0.00002055
0.00002041
0.00002028
0.00002016
0.00002005
0.00001992
0.00001980
0.00001968
0.00001956
0.00001946
0.00001933
0.00001923
0.00001911
0.00001900
0.00001889
0.00001881
0.00001868
0.00001858
0.00001848
0.00001838
0.00001828
0.00001818
0.00001808
0.00001798
0.00001790
0.00001780
0.00001771
0.00001763
0.00001756
0.00001749
0.00001741
0.00001735
0.00001728
0.00001722
0.00001716
0.00001710
0.00001703
0.00001697
0.00001691
0.00001686
0.00001679
0.00001675
0.00001669
0.00001663
0.00001658
0.00001653
0.00001648
0.00001643
0.00001638
0.00001633
0.00001628
0.00001623
0.00001619
0.00001613
0.00001609
0.00001604
0.00001600
0.00001596
0.00001592
0.00001587
0.00001583
0.00001578
0.00001574
0.00001569
0.00001566
0.00001561
0.00001558
0.00001554
0.00001549
0.00001546
0.00001541
0.00001537
0.00001534
0.00001530
0.00001526
0.00001523
0.00001520
0.00001516
0.00001511
0.00001508
0.00001505
0.00001501
0.00001497
0.00001495
0.00001491
0.00001488
0.00001486
0.00001482
0.00001479
0.00001475
0.00001473
0.00001469
0.00001465
0.00001463
0.00001460
0.00001457
0.00001454
0.00001451
0.00001448
0.00001445
0.00001442
0.00001439
0.00001437
0.00001434
0.00001431
0.00001428
0.00001425
0.00001424
0.00001421
0.00001418
0.00001415
0.00001413
0.00001410
0.00001408
0.00001405
0.00001403
0.00001400
0.00001398
0.00001396
0.00001393
0.00001390
0.00001388
0.00001386
0.00001383
0.00001382
0.00001379
0.00001376
0.00001374
0.00001372
0.00001369
0.00001367
0.00001365
0.00001363
0.00001361
0.00001358
0.00001357
0.00001354
0.00001352
0.00001350
0.00001348
0.00001346
0.00001344
0.00001342
0.00001339
0.00001337
0.00001335
0.00001333
0.00001330
0.00001329
0.00001327
0.00001324
0.00001322
0.00001320
0.00001318
0.00001317
0.00001314
0.00001312
0.00001310
0.00001308
0.00001306
0.00001304
0.00001302
0.00001300
0.00001298
0.00001297
0.00001294
0.00001292
0.00001290
0.00001288
0.00001286
0.00001285
0.00001283
0.00001280
0.00001278
0.00001277
