0.17194594
0.11159038
0.09793597
0.09193893
0.08869603
0.08608912
0.08382469
0.08161796
0.07926607
0.07681027
0.07430702
0.07166317
0.06902447
0.06636887
0.06376213
0.06103453
0.05831550
0.05538755
0.05199478
0.04729891
0.04299837
0.03864852
0.03438748
0.03015093
0.02616395
0.02271968
0.01976297
0.01714340
0.01484457
0.01294111
0.01127576
0.00985982
0.00864905
0.00768020
0.00680136
0.00610726
0.00549783
0.00500270
0.00456343
0.00421732
0.00390138
0.00364654
0.00340998
0.00321210
0.00302717
0.00285237
0.00271026
0.00257659
0.00245539
0.00235691
0.00224873
0.00216223
0.00207052
0.00200689
0.00194608
0.00186995
0.00182205
0.00176122
0.00171422
0.00167103
0.00162866
0.00158434
0.00154776
0.00150182
0.00149003
0.00144346
0.00140386
0.00138702
0.00136344
0.00133654
0.00131370
0.00128656
0.00126658
0.00124622
0.00122274
0.00120712
0.00118746
0.00117134
0.00115191
0.00113497
0.00112035
0.00110347
0.00108657
0.00106880
0.00105703
0.00104215
0.00102827
0.00101464
0.00100513
0.00099139
0.00097579
0.00096233
0.00095430
0.00093959
0.00092979
0.00092242
0.00090751
0.00090024
0.00089013
0.00088119
0.00087549
0.00086967
0.00085639
0.00085030
0.00083811
0.00083055
0.00082835
0.00081654
0.00081206
0.00080910
0.00079732
0.00079544
0.00078847
0.00077620
0.00077586
0.00077126
0.00076104
0.00076268
0.00075436
0.00074924
0.00075013
0.00073928
0.00073270
0.00073279
0.00073079
0.00072163
0.00072004
0.00071819
0.00071369
0.00070961
0.00070515
0.00070585
0.00070267
0.00069663
0.00069275
0.00069082
0.00069072
0.00068986
0.00068324
0.00068458
0.00067551
0.00067180
0.00067350
0.00066533
0.00066563
0.00066100
0.00065985
0.00065724
0.00065529
0.00065842
0.00065662
0.00064869
0.00064964
0.00064746
0.00064495
0.00064396
0.00064135
0.00063785
0.00063673
0.00063164
0.00063698
0.00063353
0.00062641
0.00063353
0.00062762
0.00062558
0.00062196
0.00062164
0.00062445
0.00061988
0.00061924
0.00061828
0.00061609
0.00061556
0.00061323
0.00060909
0.00061174
0.00060852
0.00060819
0.00060542
0.00060336
0.00060255
0.00060499
0.00060345
0.00060076
0.00059824
0.00059821
0.00059666
0.00059666
0.00059496
0.00059562
0.00059222
0.00059301
0.00059058
0.00059034
0.00058599
0.00058903
0.00058811
0.00058608
0.00058312
0.00058584
0.00058374
0.00058014
0.00058244
0.00058333
0.00058142
0.00058041
0.00057708
0.00057605
0.00057680
0.00057795
0.00057400
0.00057375
0.00057436
0.00057416
0.00057128
0.00057376
0.00056877
0.00057054
0.00057064
0.00056708
0.00057083
0.00056755
0.00056622
0.00056500
0.00056727
0.00056455
0.00056404
0.00056848
0.00056427
0.00056240
0.00056284
0.00056444
0.00055972
0.00056632
0.00056080
0.00055807
0.00056000
0.00055789
0.00055901
0.00055553
0.00055911
0.00055728
0.00055643
0.00055686
0.00055722
0.00055609
0.00055431
0.00055041
0.00055790
0.00055288
0.00055239
0.00054898
0.00055451
0.00055174
0.00055051
0.00054963
0.00055334
0.00054956
0.00055124
0.00055179
0.00055156
0.00055277
0.00054757
0.00055026
0.00054467
0.00054883
0.00054618
0.00054751
0.00054723
0.00054483
0.00054879
0.00054522
0.00054581
0.00054724
0.00054590
0.00054534
0.00054691
0.00054638
0.00054460
0.00054630
0.00054520
0.00054521
0.00054199
0.00054305
0.00054100
0.00054572
0.00054217
0.00054067
0.00054306
0.00053950
0.00054102
0.00053812
0.00054435
0.00054233
0.00054232
0.00054038
0.00054001
0.00053613
0.00054071
