X My_beautiful_solution_real My_beautiful_solution_imag
   0.0000000000000000        0.0000000000000000        0.0000000000000000     
   3.3333333333333333E-002   4.6765530538962921        0.0000000000000000     
   6.6666666666666666E-002   1.0611700221238378E-002   0.0000000000000000     
  0.10000000000000001        4.7999514069252340        0.0000000000000000     
  0.13333333333333333        1.9861790951840215E-002   0.0000000000000000     
  0.16666666666666666        4.9247278073863479        0.0000000000000000     
  0.20000000000000001        2.7717197862757548E-002   0.0000000000000000     
  0.23333333333333334        5.0509157288963573        0.0000000000000000     
  0.26666666666666672        3.4144043229214729E-002   0.0000000000000000     
  0.30000000000000004        5.1785494581666542        0.0000000000000000     
  0.33333333333333337        3.9107626415750531E-002   0.0000000000000000     
  0.36666666666666664        5.3076641147538552        0.0000000000000000     
  0.40000000000000002        4.2572403887189109E-002   0.0000000000000000     
  0.43333333333333335        5.4382956712901391        0.0000000000000000     
  0.46666666666666667        4.4501968734101054E-002   0.0000000000000000     
  0.50000000000000000        5.5704809742049672        0.0000000000000000     
  0.53333333333333333        4.4859029700917513E-002   0.0000000000000000     
  0.56666666666666665        5.7042577649501540        0.0000000000000000     
  0.59999999999999998        4.3605389704614826E-002   0.0000000000000000     
  0.63333333333333330        5.8396647017405092        0.0000000000000000     
  0.66666666666666674        4.0701923831611440E-002   0.0000000000000000     
  0.69999999999999996        5.9767413818225741        0.0000000000000000     
  0.73333333333333339        3.6108556800197915E-002   0.0000000000000000     
  0.76666666666666672        6.1155283642842786        0.0000000000000000     
  0.80000000000000004        2.9784239875506650E-002   0.0000000000000000     
  0.83333333333333337        6.2560671934186578        0.0000000000000000     
  0.86666666666666670        2.1686927223744091E-002   0.0000000000000000     
  0.90000000000000002        6.3984004226550830        0.0000000000000000     
  0.93333333333333335        1.1773551692043607E-002   0.0000000000000000     
  0.96666666666666667        6.5425716390718067        0.0000000000000000     
   1.0000000000000000        0.0000000000000000        0.0000000000000000     
