X My_beautiful_solution_real My_beautiful_solution_imag
   0.0000000000000000        1.7432258453940834E-016   0.0000000000000000     
   4.7619047619047615E-003  0.93130446908656128        0.0000000000000000     
   9.5238095238095229E-003  0.93852504558010486        0.0000000000000000     
   1.4285714285714285E-002   1.2224222911290128        0.0000000000000000     
   1.9047619047619046E-002  0.78763365358617421        0.0000000000000000     
   2.3809523809523805E-002   1.0352095281069214        0.0000000000000000     
   2.8571428571428571E-002   1.1033250953212521        0.0000000000000000     
   3.3333333333333333E-002   1.7139879421959383        0.0000000000000000     
   3.8095238095238092E-002   1.0484227181933772        0.0000000000000000     
   4.2857142857142858E-002   1.0432624674151714        0.0000000000000000     
   4.7619047619047616E-002  0.84037271427912952        0.0000000000000000     
   5.2380952380952375E-002   1.1510983754839865        0.0000000000000000     
   5.7142857142857134E-002  0.97416602107937078        0.0000000000000000     
   6.1904761904761907E-002  0.92548661036470459        0.0000000000000000     
   6.6666666666666666E-002  0.48907084306058157        0.0000000000000000     
   7.1428571428571425E-002  0.96472309439792969        0.0000000000000000     
   7.6190476190476197E-002  0.96841091463192597        0.0000000000000000     
   8.0952380952380956E-002   1.1134079252510813        0.0000000000000000     
   8.5714285714285715E-002  0.89134500043123976        0.0000000000000000     
   9.0476190476190474E-002   1.0177913195475952        0.0000000000000000     
   9.5238095238095233E-002   1.0525805039358063        0.0000000000000000     
  0.10000000000000001        1.3644690082494519        0.0000000000000000     
  0.10476190476190476        1.0245397931355451        0.0000000000000000     
  0.10952380952380952        1.0219042588053755        0.0000000000000000     
  0.11428571428571428       0.91828082409009881        0.0000000000000000     
  0.11904761904761904        1.0769801165409734        0.0000000000000000     
  0.12380952380952381       0.98661410252461734        0.0000000000000000     
  0.12857142857142856       0.96175169493527402        0.0000000000000000     
  0.13333333333333333       0.73885773369302843        0.0000000000000000     
  0.13809523809523810       0.98179124438924559        0.0000000000000000     
  0.14285714285714285       0.98367475301081286        0.0000000000000000     
  0.14761904761904762        1.0577301847492970        0.0000000000000000     
  0.15238095238095237       0.94431428948068452        0.0000000000000000     
  0.15714285714285714        1.0088951847275478        0.0000000000000000     
  0.16190476190476188        1.0266633308341284        0.0000000000000000     
  0.16666666666666666        1.1859565310359184        0.0000000000000000     
  0.17142857142857143        1.0123418842353327        0.0000000000000000     
  0.17619047619047618        1.0109958176381744        0.0000000000000000     
  0.18095238095238095       0.95807142862286820        0.0000000000000000     
  0.18571428571428572        1.0391251315154793        0.0000000000000000     
  0.19047619047619047       0.99297180632697180        0.0000000000000000     
  0.19523809523809524       0.98027363882527652        0.0000000000000000     
  0.20000000000000001       0.86643330197136248        0.0000000000000000     
  0.20476190476190478       0.99050859112064837        0.0000000000000000     
  0.20952380952380953       0.99147056987840265        0.0000000000000000     
  0.21428571428571430        1.0292934666854139        0.0000000000000000     
  0.21904761904761905       0.97136769942815027        0.0000000000000000     
  0.22380952380952382        1.0043515937797811        0.0000000000000000     
  0.22857142857142856        1.0134264548786167        0.0000000000000000     
  0.23333333333333334        1.0947834888172947        0.0000000000000000     
  0.23809523809523811        1.0061119529694764        0.0000000000000000     
  0.24285714285714288        1.0054244660856053        0.0000000000000000     
  0.24761904761904766       0.97839398827583501        0.0000000000000000     
  0.25238095238095243        1.0197911656113123        0.0000000000000000     
  0.25714285714285717       0.99621892499471831        0.0000000000000000     
  0.26190476190476197       0.98973349282883938        0.0000000000000000     
  0.26666666666666672       0.93159094727585356        0.0000000000000000     
  0.27142857142857146       0.99496086826106400        0.0000000000000000     
  0.27619047619047626       0.99545218702635863        0.0000000000000000     
  0.28095238095238101        1.0147697642693845        0.0000000000000000     
  0.28571428571428575       0.98518489431446510        0.0000000000000000     
  0.29047619047619050        1.0020310108391883        0.0000000000000000     
  0.29523809523809530        1.0066658840256848        0.0000000000000000     
  0.30000000000000004        1.0482179839452999        0.0000000000000000     
  0.30476190476190479        1.0029300925461200        0.0000000000000000     
  0.30952380952380959        1.0025789671140712        0.0000000000000000     
  0.31428571428571433       0.98877348453375768        0.0000000000000000     
  0.31904761904761908        1.0099165813965321        0.0000000000000000     
  0.32380952380952382       0.99787735073618145        0.0000000000000000     
  0.32857142857142863       0.99456499638484619        0.0000000000000000     
  0.33333333333333337       0.96486940959368350        0.0000000000000000     
  0.33809523809523812       0.99723481380273371        0.0000000000000000     
  0.34285714285714286       0.99748574879187435        0.0000000000000000     
  0.34761904761904761        1.0073519627004583        0.0000000000000000     
  0.35238095238095241       0.99224185589147640        0.0000000000000000     
  0.35714285714285715        1.0008458017730366        0.0000000000000000     
  0.36190476190476190        1.0032130059892712        0.0000000000000000     
  0.36666666666666664        1.0244352276478335        0.0000000000000000     
  0.37142857142857139        1.0013049966467147        0.0000000000000000     
  0.37619047619047619        1.0011256636704444        0.0000000000000000     
  0.38095238095238093       0.99407468400901788        0.0000000000000000     
  0.38571428571428573        1.0048732595091292        0.0000000000000000     
  0.39047619047619048       0.99872437119381630        0.0000000000000000     
  0.39523809523809528       0.99703262713294449        0.0000000000000000     
  0.40000000000000002       0.98186597306776091        0.0000000000000000     
  0.40476190476190477       0.99839620339358792        0.0000000000000000     
  0.40952380952380957       0.99852436533899580        0.0000000000000000     
  0.41428571428571431        1.0035634121959238        0.0000000000000000     
  0.41904761904761906       0.99584611182831184        0.0000000000000000     
  0.42380952380952380        1.0002404708857351        0.0000000000000000     
  0.42857142857142860        1.0014494911924141        0.0000000000000000     
  0.43333333333333335        1.0122884787043942        0.0000000000000000     
  0.43809523809523809        1.0004749989941215        0.0000000000000000     
  0.44285714285714289        1.0003834068921478        0.0000000000000000     
  0.44761904761904764       0.99678220614479007        0.0000000000000000     
  0.45238095238095238        1.0022974451652817        0.0000000000000000     
  0.45714285714285713       0.99915697642763179        0.0000000000000000     
  0.46190476190476193       0.99829293905000582        0.0000000000000000     
  0.46666666666666667       0.99054675786993451        0.0000000000000000     
  0.47142857142857142       0.99898936877817124        0.0000000000000000     
  0.47619047619047622       0.99905482590835082        0.0000000000000000     
  0.48095238095238096        1.0016284568332008        0.0000000000000000     
  0.48571428571428571       0.99768694101753852        0.0000000000000000     
  0.49047619047619045       0.99993130561389754        0.0000000000000000     
  0.49523809523809526        1.0005487977981105        0.0000000000000000     
  0.50000000000000000        1.0060846767543796        0.0000000000000000     
  0.50476190476190474        1.0000510879476645        0.0000000000000000     
  0.50952380952380949        1.0000043084132009        0.0000000000000000     
  0.51428571428571423       0.99816503962425296        0.0000000000000000     
  0.51904761904761909        1.0009818798132981        0.0000000000000000     
  0.52380952380952384       0.99937792420597393        0.0000000000000000     
  0.52857142857142858       0.99893662779051562        0.0000000000000000     
  0.53333333333333333       0.99498036145671731        0.0000000000000000     
  0.53809523809523807       0.99929232066980078        0.0000000000000000     
  0.54285714285714282       0.99932575209031882        0.0000000000000000     
  0.54761904761904756        1.0006402022880259        0.0000000000000000     
  0.55238095238095242       0.99862712178252711        0.0000000000000000     
  0.55714285714285716       0.99977340327103725        0.0000000000000000     
  0.56190476190476191        1.0000887797750198        0.0000000000000000     
  0.56666666666666665        1.0029161615562625        0.0000000000000000     
  0.57142857142857140       0.99983458061809960        0.0000000000000000     
  0.57619047619047614       0.99981068854883315        0.0000000000000000     
  0.58095238095238089       0.99887130473900809        0.0000000000000000     
  0.58571428571428574        1.0003099710635568        0.0000000000000000     
  0.59047619047619049       0.99949077055395696        0.0000000000000000     
  0.59523809523809523       0.99926538386196939        0.0000000000000000     
  0.59999999999999998       0.99724476971158049        0.0000000000000000     
  0.60476190476190472       0.99944704960548580        0.0000000000000000     
  0.60952380952380947       0.99946412429047182        0.0000000000000000     
  0.61428571428571421        1.0001354634889437        0.0000000000000000     
  0.61904761904761907       0.99910730749233034        0.0000000000000000     
  0.62380952380952381       0.99969275660030177        0.0000000000000000     
  0.62857142857142856       0.99985383125323934        0.0000000000000000     
  0.63333333333333330        1.0012978815657678        0.0000000000000000     
  0.63809523809523805       0.99972400217446844        0.0000000000000000     
  0.64285714285714290       0.99971179959527723        0.0000000000000000     
  0.64761904761904765       0.99923202092047769        0.0000000000000000     
  0.65238095238095239       0.99996680197104626        0.0000000000000000     
  0.65714285714285714       0.99954840543197476        0.0000000000000000     
  0.66190476190476200       0.99943329196368969        0.0000000000000000     
  0.66666666666666674       0.99840128825103258        0.0000000000000000     
  0.67142857142857149       0.99952607549771377        0.0000000000000000     
  0.67619047619047623       0.99953479618211405        0.0000000000000000     
  0.68095238095238098       0.99987767438335062        0.0000000000000000     
  0.68571428571428572       0.99935255641092757        0.0000000000000000     
  0.69047619047619047       0.99965156730961213        0.0000000000000000     
  0.69523809523809521       0.99973383419852513        0.0000000000000000     
  0.69999999999999996        1.0004713650544406        0.0000000000000000     
  0.70476190476190470       0.99966752560057814        0.0000000000000000     
  0.70952380952380956       0.99966129328401965        0.0000000000000000     
  0.71428571428571430       0.99941625225352171        0.0000000000000000     
  0.71904761904761905       0.99979153259689391        0.0000000000000000     
  0.72380952380952379       0.99957784173384456        0.0000000000000000     
  0.72857142857142865       0.99951904895214194        0.0000000000000000     
  0.73333333333333339       0.99899196580629346        0.0000000000000000     
  0.73809523809523814       0.99956643699580627        0.0000000000000000     
  0.74285714285714288       0.99957089097762031        0.0000000000000000     
  0.74761904761904763       0.99974601178264810        0.0000000000000000     
  0.75238095238095248       0.99947781426605531        0.0000000000000000     
  0.75714285714285723       0.99963053038828520        0.0000000000000000     
  0.76190476190476197       0.99967254718539089        0.0000000000000000     
  0.76666666666666672        1.0000492319578755        0.0000000000000000     
  0.77142857142857146       0.99963868088823116        0.0000000000000000     
  0.77619047619047621       0.99963549780954997        0.0000000000000000     
  0.78095238095238095       0.99951034613069989        0.0000000000000000     
  0.78571428571428581       0.99970201592949559        0.0000000000000000     
  0.79047619047619055       0.99959287596134028        0.0000000000000000     
  0.79523809523809530       0.99956284827446862        0.0000000000000000     
  0.80000000000000004       0.99929364706983359        0.0000000000000000     
  0.80476190476190479       0.97624336189889771        0.0000000000000000     
  0.80952380952380953       0.95243972460753223        0.0000000000000000     
  0.81428571428571428       0.92886164579303077        0.0000000000000000     
  0.81904761904761914       0.90469766396874995        0.0000000000000000     
  0.82380952380952388       0.88108997444238635        0.0000000000000000     
  0.82857142857142863       0.85733598131292965        0.0000000000000000     
  0.83333333333333337       0.83402429558311242        0.0000000000000000     
  0.83809523809523812       0.80967217496303723        0.0000000000000000     
  0.84285714285714286       0.78585844429968144        0.0000000000000000     
  0.84761904761904761       0.76188351621575512        0.0000000000000000     
  0.85238095238095246       0.73832730905596466        0.0000000000000000     
  0.85714285714285721       0.71437354253705754        0.0000000000000000     
  0.86190476190476195       0.69052433322107842        0.0000000000000000     
  0.86666666666666670       0.66635902489207388        0.0000000000000000     
  0.87142857142857144       0.64293727283682867        0.0000000000000000     
  0.87619047619047619       0.61913075549372654        0.0000000000000000     
  0.88095238095238093       0.59543943935591181        0.0000000000000000     
  0.88571428571428579       0.57144888049467291        0.0000000000000000     
  0.89047619047619053       0.54774244105161451        0.0000000000000000     
  0.89523809523809528       0.52396127885085442        0.0000000000000000     
  0.90000000000000002       0.50040601968976184        0.0000000000000000     
  0.90476190476190477       0.47631937126302115        0.0000000000000000     
  0.90952380952380951       0.45250769885487840        0.0000000000000000     
  0.91428571428571426       0.42861369685577017        0.0000000000000000     
  0.91904761904761911       0.40493355139537518        0.0000000000000000     
  0.92380952380952386       0.38105035740414989        0.0000000000000000     
  0.92857142857142860       0.35722056471251751        0.0000000000000000     
  0.93333333333333335       0.33322932835537994        0.0000000000000000     
  0.93809523809523809       0.30961785417844145        0.0000000000000000     
  0.94285714285714284       0.28580986588449769        0.0000000000000000     
  0.94761904761904758       0.26206071518284574        0.0000000000000000     
  0.95238095238095244       0.23815872995734305        0.0000000000000000     
  0.95714285714285718       0.21440185521438604        0.0000000000000000     
  0.96190476190476193       0.19060681674613117        0.0000000000000000     
  0.96666666666666667       0.16692715546435793        0.0000000000000000     
  0.97142857142857142       0.14297609368046105        0.0000000000000000     
  0.97619047619047616       0.11916547250073829        0.0000000000000000     
  0.98095238095238091        9.5312802499610633E-002   0.0000000000000000     
  0.98571428571428577        7.1569357083437396E-002   0.0000000000000000     
  0.99047619047619051        4.7722207138803069E-002   0.0000000000000000     
  0.99523809523809526        2.3902331248164238E-002   0.0000000000000000     
   1.0000000000000000        2.6493232151148467E-020   0.0000000000000000     
