X My_beautiful_solution_real My_beautiful_solution_imag
   0.0000000000000000        0.0000000000000000        0.0000000000000000     
   3.3333333333333333E-002   6.5756765586478094        0.0000000000000000     
   6.6666666666666666E-002   7.8437493741326011E-002   0.0000000000000000     
  0.10000000000000001        6.4981747010147268        0.0000000000000000     
  0.13333333333333333       0.15501487593544278        0.0000000000000000     
  0.16666666666666666        6.4225107667195465        0.0000000000000000     
  0.20000000000000001       0.22977625833048257        0.0000000000000000     
  0.23333333333333334        6.3486411701980066        0.0000000000000000     
  0.26666666666666672       0.30276470658338173        0.0000000000000000     
  0.30000000000000004        6.2765233594988219        0.0000000000000000     
  0.33333333333333337       0.37402226506746339        0.0000000000000000     
  0.36666666666666664        6.2061157917720093        0.0000000000000000     
  0.40000000000000002       0.44358998109177161        0.0000000000000000     
  0.43333333333333335        6.1373779093384488        0.0000000000000000     
  0.46666666666666667       0.51150792854600713        0.0000000000000000     
  0.50000000000000000        6.0702701163270065        0.0000000000000000     
  0.53333333333333333       0.57781523098474741        0.0000000000000000     
  0.56666666666666665        6.0047537558656670        0.0000000000000000     
  0.59999999999999998       0.64255008416424220        0.0000000000000000     
  0.63333333333333330        5.9407910878135617        0.0000000000000000     
  0.66666666666666674       0.70574977804475247        0.0000000000000000     
  0.69999999999999996        5.8783452670210883        0.0000000000000000     
  0.73333333333333339       0.76745071827111067        0.0000000000000000     
  0.76666666666666672        5.8173803221055804        0.0000000000000000     
  0.80000000000000004       0.82768844714388812        0.0000000000000000     
  0.83333333333333337        5.5921885038489147        0.0000000000000000     
  0.86666666666666670       0.55317618804560553        0.0000000000000000     
  0.90000000000000002        5.2007357393131528        0.0000000000000000     
  0.93333333333333335       0.27726901238146828        0.0000000000000000     
  0.96666666666666667        4.8106612521794379        0.0000000000000000     
   1.0000000000000000        0.0000000000000000        0.0000000000000000     
