X My_beautiful_solution_real My_beautiful_solution_imag
   0.0000000000000000        0.0000000000000000        0.0000000000000000     
   6.6666666666666671E-003   1.1578441763411376        0.0000000000000000     
   1.3333333333333334E-002  0.71731514429713594        0.0000000000000000     
   2.0000000000000004E-002   1.2813299561124905        0.0000000000000000     
   2.6666666666666668E-002  0.87775592534767477        0.0000000000000000     
   3.3333333333333333E-002   1.8430023524791816        0.0000000000000000     
   4.0000000000000001E-002  0.87587706934187193        0.0000000000000000     
   4.6666666666666669E-002   1.2438426156143367        0.0000000000000000     
   5.3333333333333337E-002  0.77273173928355887        0.0000000000000000     
   5.9999999999999998E-002   1.1098294738022767        0.0000000000000000     
   6.6666666666666666E-002  0.30357743815546967        0.0000000000000000     
   7.3333333333333334E-002   1.1113988465932947        0.0000000000000000     
   8.0000000000000002E-002  0.80404420389162612        0.0000000000000000     
   8.6666666666666670E-002   1.1975541847426536        0.0000000000000000     
   9.3333333333333338E-002  0.91598283982161821        0.0000000000000000     
  0.10000000000000001        1.5894298754313647        0.0000000000000000     
  0.10666666666666667       0.91467197249087240        0.0000000000000000     
  0.11333333333333334        1.1713994768652061        0.0000000000000000     
  0.12000000000000000       0.84270805238480317        0.0000000000000000     
  0.12666666666666668        1.0778992570775132        0.0000000000000000     
  0.13333333333333333       0.51538171948429679        0.0000000000000000     
  0.13999999999999999        1.0789941996995933        0.0000000000000000     
  0.14666666666666667       0.86455458387687623        0.0000000000000000     
  0.15333333333333332        1.1391042974401946        0.0000000000000000     
  0.16000000000000000       0.94265354432708737        0.0000000000000000     
  0.16666666666666666        1.4125137758944248        0.0000000000000000     
  0.17333333333333334       0.94173895951935971        0.0000000000000000     
  0.17999999999999999        1.1208563039825550        0.0000000000000000     
  0.18666666666666668       0.89153013480470789        0.0000000000000000     
  0.19333333333333336        1.0556217233874152        0.0000000000000000     
  0.20000000000000001       0.66315638239005958        0.0000000000000000     
  0.20666666666666667        1.0563856587331217        0.0000000000000000     
  0.21333333333333335       0.90677233768487209        0.0000000000000000     
  0.22000000000000000        1.0983241378569659        0.0000000000000000     
  0.22666666666666668       0.96126154574721101        0.0000000000000000     
  0.23333333333333334        1.2890804023683928        0.0000000000000000     
  0.24000000000000002       0.96062344504021513        0.0000000000000000     
  0.24666666666666670        1.0855926148443462        0.0000000000000000     
  0.25333333333333335       0.92559302874951033        0.0000000000000000     
  0.26000000000000006        1.0400788126833822        0.0000000000000000     
  0.26666666666666672       0.76625793850548085        0.0000000000000000     
  0.27333333333333337        1.0406118061029925        0.0000000000000000     
  0.28000000000000003       0.93622742848131102        0.0000000000000000     
  0.28666666666666674        1.0698720485136963        0.0000000000000000     
  0.29333333333333339       0.97424424430248469        0.0000000000000000     
  0.30000000000000004        1.2029616277634023        0.0000000000000000     
  0.30666666666666670       0.97379904500677306        0.0000000000000000     
  0.31333333333333335        1.0609893360885119        0.0000000000000000     
  0.32000000000000006       0.94935851941243643        0.0000000000000000     
  0.32666666666666672        1.0292346107840957        0.0000000000000000     
  0.33333333333333337       0.83819131777633571        0.0000000000000000     
  0.34000000000000002        1.0296064773130427        0.0000000000000000     
  0.34666666666666668       0.95677808064940750        0.0000000000000000     
  0.35333333333333333        1.0500211848517909        0.0000000000000000     
  0.35999999999999999       0.98330220049948225        0.0000000000000000     
  0.36666666666666664        1.1428770402032720        0.0000000000000000     
  0.37333333333333329       0.98299158743993065        0.0000000000000000     
  0.38000000000000000        1.0438237660551286        0.0000000000000000     
  0.38666666666666666       0.96593956937738945        0.0000000000000000     
  0.39333333333333337        1.0216686717478527        0.0000000000000000     
  0.40000000000000002       0.88837883432101350        0.0000000000000000     
  0.40666666666666668        1.0219281209460289        0.0000000000000000     
  0.41333333333333333       0.97111615577037114        0.0000000000000000     
  0.42000000000000004        1.0361713482591468        0.0000000000000000     
  0.42666666666666669       0.98962188589596467        0.0000000000000000     
  0.43333333333333335        1.1009563593897229        0.0000000000000000     
  0.44000000000000000       0.98940517290092322        0.0000000000000000     
  0.44666666666666666        1.0318474438138887        0.0000000000000000     
  0.45333333333333337       0.97750807523488070        0.0000000000000000     
  0.46000000000000002        1.0163899583827032        0.0000000000000000     
  0.46666666666666667       0.92339438402065410        0.0000000000000000     
  0.47333333333333333        1.0165709746377152        0.0000000000000000     
  0.47999999999999998       0.98111975061946732        0.0000000000000000     
  0.48666666666666669        1.0265083947015641        0.0000000000000000     
  0.49333333333333335       0.99403109506433718        0.0000000000000000     
  0.50000000000000000        1.0717085347606026        0.0000000000000000     
  0.50666666666666671       0.99387989561931822        0.0000000000000000     
  0.51333333333333331        1.0234916307446416        0.0000000000000000     
  0.52000000000000002       0.98557935709324873        0.0000000000000000     
  0.52666666666666662        1.0127070295806171        0.0000000000000000     
  0.53333333333333333       0.94782453727752369        0.0000000000000000     
  0.54000000000000004        1.0128333236096942        0.0000000000000000     
  0.54666666666666663       0.98809920281654529        0.0000000000000000     
  0.55333333333333334        1.0197666060290820        0.0000000000000000     
  0.55999999999999994       0.99710737564964691        0.0000000000000000     
  0.56666666666666665        1.0513024910386388        0.0000000000000000     
  0.57333333333333336       0.99700188464219885        0.0000000000000000     
  0.57999999999999996        1.0176618266827742        0.0000000000000000     
  0.58666666666666667       0.99121064532007208        0.0000000000000000     
  0.59333333333333327        1.0101374707463022        0.0000000000000000     
  0.59999999999999998       0.96486931861820546        0.0000000000000000     
  0.60666666666666669        1.0102255853842916        0.0000000000000000     
  0.61333333333333329       0.99296872759300092        0.0000000000000000     
  0.62000000000000000        1.0150628977649832        0.0000000000000000     
  0.62666666666666659       0.99925367941482846        0.0000000000000000     
  0.63333333333333330        1.0370653084220518        0.0000000000000000     
  0.64000000000000001       0.99918007892872163        0.0000000000000000     
  0.64666666666666672        1.0135944049826828        0.0000000000000000     
  0.65333333333333332       0.99513956363193545        0.0000000000000000     
  0.66000000000000003        1.0083447039137565        0.0000000000000000     
  0.66666666666666674       0.97676136726386620        0.0000000000000000     
  0.67333333333333334        1.0084061810040417        0.0000000000000000     
  0.68000000000000005       0.99636616780448928        0.0000000000000000     
  0.68666666666666665        1.0117811468071016        0.0000000000000000     
  0.69333333333333336        1.0007511435520176        0.0000000000000000     
  0.69999999999999996        1.0271321057091776        0.0000000000000000     
  0.70666666666666667        1.0006997929043546        0.0000000000000000     
  0.71333333333333337        1.0107565876030931        0.0000000000000000     
  0.71999999999999997       0.99788074797191884        0.0000000000000000     
  0.72666666666666668        1.0070939005178765        0.0000000000000000     
  0.73333333333333339       0.98505838311664440        0.0000000000000000     
  0.74000000000000010        1.0071367927400565        0.0000000000000000     
  0.74666666666666670       0.99873654284528424        0.0000000000000000     
  0.75333333333333341        1.0094914875117424        0.0000000000000000     
  0.76000000000000001        1.0017959159083569        0.0000000000000000     
  0.76666666666666672        1.0202017657119857        0.0000000000000000     
  0.77333333333333343        1.0017600888485787        0.0000000000000000     
  0.78000000000000003        1.0087766582833171        0.0000000000000000     
  0.78666666666666674       0.99979325696022758        0.0000000000000000     
  0.79333333333333333        1.0062212219816928        0.0000000000000000     
  0.80000000000000004       0.99084716468931000        0.0000000000000000     
  0.80666666666666675       0.97349431098779127        0.0000000000000000     
  0.81333333333333335       0.93408082855697894        0.0000000000000000     
  0.82000000000000006       0.90853198591455908        0.0000000000000000     
  0.82666666666666666       0.86962855367642677        0.0000000000000000     
  0.83333333333333337       0.84961748009414084        0.0000000000000000     
  0.84000000000000008       0.80293595517821881        0.0000000000000000     
  0.84666666666666668       0.77468125508204344        0.0000000000000000     
  0.85333333333333339       0.73484568429969477        0.0000000000000000     
  0.85999999999999999       0.70616494895016779        0.0000000000000000     
  0.86666666666666670       0.66170378469015656        0.0000000000000000     
  0.87333333333333341       0.63951994265061662        0.0000000000000000     
  0.88000000000000000       0.60194452328550052        0.0000000000000000     
  0.88666666666666671       0.57404238558487919        0.0000000000000000     
  0.89333333333333331       0.53682282538755455        0.0000000000000000     
  0.90000000000000002       0.51278435819905488        0.0000000000000000     
  0.90666666666666673       0.47013806622700416        0.0000000000000000     
  0.91333333333333333       0.44034806690908601        0.0000000000000000     
  0.92000000000000004       0.40247815886095861        0.0000000000000000     
  0.92666666666666664       0.37239091712869943        0.0000000000000000     
  0.93333333333333335       0.33129375837245512        0.0000000000000000     
  0.94000000000000006       0.30573936277906782        0.0000000000000000     
  0.94666666666666666       0.26944634973845466        0.0000000000000000     
  0.95333333333333337       0.23990233123277221        0.0000000000000000     
  0.95999999999999996       0.20385759914395263        0.0000000000000000     
  0.96666666666666667       0.17700924195316747        0.0000000000000000     
  0.97333333333333338       0.13717830944545684        0.0000000000000000     
  0.97999999999999998       0.10631714044423900        0.0000000000000000     
  0.98666666666666669        6.9818664295946756E-002   0.0000000000000000     
  0.99333333333333329        3.8750110924096789E-002   0.0000000000000000     
   1.0000000000000000        0.0000000000000000        0.0000000000000000     
