X My_beautiful_solution_real My_beautiful_solution_imag
   0.0000000000000000       -1.0391936169718094E-024   0.0000000000000000     
   4.1666666666666666E-003   4.1666996654470987E-003   0.0000000000000000     
   8.3333333333333332E-003   8.3333834595846097E-003   0.0000000000000000     
   1.2500000000000001E-002   1.2500052919943843E-002   0.0000000000000000     
   1.6666666666666666E-002   1.6666696488387700E-002   0.0000000000000000     
   2.0833333333333332E-002   2.0833387635926959E-002   0.0000000000000000     
   2.5000000000000001E-002   2.5000048268344077E-002   0.0000000000000000     
   2.9166666666666667E-002   2.9166701901017087E-002   0.0000000000000000     
   3.3333333333333333E-002   3.3333308972864413E-002   0.0000000000000000     
   3.7499999999999999E-002   3.7500026464366128E-002   0.0000000000000000     
   4.1666666666666664E-002   4.1666719510822264E-002   0.0000000000000000     
   4.5833333333333337E-002   4.5833390480343829E-002   0.0000000000000000     
   5.0000000000000003E-002   5.0000021571048332E-002   0.0000000000000000     
   5.4166666666666669E-002   5.4166725943239118E-002   0.0000000000000000     
   5.8333333333333334E-002   5.8333383315933872E-002   0.0000000000000000     
   6.2500000000000000E-002   6.2500029907598731E-002   0.0000000000000000     
   6.6666666666666666E-002   6.6666604786119799E-002   0.0000000000000000     
   7.0833333333333331E-002   7.0833349733372145E-002   0.0000000000000000     
   7.4999999999999997E-002   7.5000057030281231E-002   0.0000000000000000     
   7.9166666666666663E-002   7.9166730324219808E-002   0.0000000000000000     
   8.3333333333333343E-002   8.3333342196667243E-002   0.0000000000000000     
   8.7499999999999994E-002   8.7500066937511792E-002   0.0000000000000000     
   9.1666666666666674E-002   9.1666719289570972E-002   0.0000000000000000     
   9.5833333333333340E-002   9.5833355036650844E-002   0.0000000000000000     
  0.10000000000000001        9.9999880330900140E-002   0.0000000000000000     
  0.10416666666666667       0.10416666756559369        0.0000000000000000     
  0.10833333333333334       0.10833339681109928        0.0000000000000000     
  0.11250000000000000       0.11250007368511288        0.0000000000000000     
  0.11666666666666667       0.11666665595753492        0.0000000000000000     
  0.12083333333333333       0.12083341207024977        0.0000000000000000     
  0.12500000000000000       0.12500005668950886        0.0000000000000000     
  0.12916666666666665       0.12916667573372173        0.0000000000000000     
  0.13333333333333333       0.13333312465810568        0.0000000000000000     
  0.13750000000000001       0.13749997702406164        0.0000000000000000     
  0.14166666666666666       0.14166674007487107        0.0000000000000000     
  0.14583333333333331       0.14583342246292852        0.0000000000000000     
  0.14999999999999999       0.14999995914528963        0.0000000000000000     
  0.15416666666666667       0.15416676357706710        0.0000000000000000     
  0.15833333333333333       0.15833339628624082        0.0000000000000000     
  0.16249999999999998       0.16249998960464057        0.0000000000000000     
  0.16666666666666666       0.16666632090389519        0.0000000000000000     
  0.17083333333333334       0.17083327358524530        0.0000000000000000     
  0.17499999999999999       0.17500008870309977        0.0000000000000000     
  0.17916666666666667       0.17916677958390667        0.0000000000000000     
  0.18333333333333335       0.18333324604829926        0.0000000000000000     
  0.18750000000000000       0.18750012490126292        0.0000000000000000     
  0.19166666666666668       0.19166673926648228        0.0000000000000000     
  0.19583333333333333       0.19583329296189611        0.0000000000000000     
  0.20000000000000001       0.19999944309452242        0.0000000000000000     
  0.20416666666666666       0.20416655028198730        0.0000000000000000     
  0.20833333333333334       0.20833344559368350        0.0000000000000000     
  0.21250000000000002       0.21250014955505206        0.0000000000000000     
  0.21666666666666667       0.21666650786948838        0.0000000000000000     
  0.22083333333333333       0.22083350134621879        0.0000000000000000     
  0.22500000000000001       0.22500008745801664        0.0000000000000000     
  0.22916666666666669       0.22916658012597149        0.0000000000000000     
  0.23333333333333334       0.23333245122513438        0.0000000000000000     
  0.23750000000000002       0.23749979638344818        0.0000000000000000     
  0.24166666666666670       0.24166681520997504        0.0000000000000000     
  0.24583333333333335       0.24583353931806973        0.0000000000000000     
  0.25000000000000000       0.24999973105957157        0.0000000000000000     
  0.25416666666666671       0.25416690108022133        0.0000000000000000     
  0.25833333333333336       0.25833344367600231        0.0000000000000000     
  0.26250000000000007       0.26249984234925516        0.0000000000000000     
  0.26666666666666672       0.26666528368011877        0.0000000000000000     
  0.27083333333333337       0.27083299536195199        0.0000000000000000     
  0.27500000000000002       0.27500020442644546        0.0000000000000000     
  0.27916666666666673       0.27916695956459681        0.0000000000000000     
  0.28333333333333338       0.28333289474989276        0.0000000000000000     
  0.28750000000000003       0.28750033668409386        0.0000000000000000     
  0.29166666666666674       0.29166681225635588        0.0000000000000000     
  0.29583333333333339       0.29583306615864569        0.0000000000000000     
  0.30000000000000004       0.29999784555889769        0.0000000000000000     
  0.30416666666666670       0.30416612176151464        0.0000000000000000     
  0.30833333333333335       0.30833362383117802        0.0000000000000000     
  0.31250000000000006       0.31250042676192952        0.0000000000000000     
  0.31666666666666671       0.31666596679847525        0.0000000000000000     
  0.32083333333333336       0.32083382753486261        0.0000000000000000     
  0.32500000000000007       0.32500019987727069        0.0000000000000000     
  0.32916666666666672       0.32916623080282564        0.0000000000000000     
  0.33333333333333337       0.33332999069527552        0.0000000000000000     
  0.33750000000000002       0.33749913637474360        0.0000000000000000     
  0.34166666666666667       0.34166708973197646        0.0000000000000000     
  0.34583333333333333       0.34583396627305507        0.0000000000000000     
  0.34999999999999998       0.34999889770013798        0.0000000000000000     
  0.35416666666666669       0.35416740347709141        0.0000000000000000     
  0.35833333333333334       0.35833361682452375        0.0000000000000000     
  0.36249999999999999       0.36249930432054561        0.0000000000000000     
  0.36666666666666664       0.36666149396357506        0.0000000000000000     
  0.37083333333333329       0.37083197881427699        0.0000000000000000     
  0.37500000000000000       0.37500062724617506        0.0000000000000000     
  0.37916666666666665       0.37916761716213221        0.0000000000000000     
  0.38333333333333330       0.38333161120682924        0.0000000000000000     
  0.38750000000000001       0.38750111047747920        0.0000000000000000     
  0.39166666666666666       0.39166707894030339        0.0000000000000000     
  0.39583333333333337       0.39583223748497837        0.0000000000000000     
  0.40000000000000002       0.39999200862445478        0.0000000000000000     
  0.40416666666666667       0.40416455607129309        0.0000000000000000     
  0.40833333333333333       0.40833427505957909        0.0000000000000000     
  0.41250000000000003       0.41250143959591357        0.0000000000000000     
  0.41666666666666669       0.41666398988103870        0.0000000000000000     
  0.42083333333333334       0.42083501933409428        0.0000000000000000     
  0.42500000000000004       0.42500061062480354        0.0000000000000000     
  0.42916666666666670       0.42916495447679615        0.0000000000000000     
  0.43333333333333335       0.43332100062878925        0.0000000000000000     
  0.43750000000000000       0.43749672489328384        0.0000000000000000     
  0.44166666666666665       0.44166809275619723        0.0000000000000000     
  0.44583333333333336       0.44583552624343714        0.0000000000000000     
  0.45000000000000001       0.44999585284510868        0.0000000000000000     
  0.45416666666666666       0.45416923909036305        0.0000000000000000     
  0.45833333333333337       0.45833424945928475        0.0000000000000000     
  0.46250000000000002       0.46249733851880886        0.0000000000000000     
  0.46666666666666667       0.46664764743228071        0.0000000000000000     
  0.47083333333333333       0.47082826464224620        0.0000000000000000     
  0.47499999999999998       0.47500217210752643        0.0000000000000000     
  0.47916666666666669       0.47917001983387497        0.0000000000000000     
  0.48333333333333334       0.48332692151065010        0.0000000000000000     
  0.48749999999999999       0.48750393769534767        0.0000000000000000     
  0.49166666666666670       0.49166805332653618        0.0000000000000000     
  0.49583333333333335       0.49582920975038836        0.0000000000000000     
  0.50000000000000000       0.49997068214937496        0.0000000000000000     
  0.50416666666666665       0.50415883549076834        0.0000000000000000     
  0.50833333333333330       0.50833665446034093        0.0000000000000000     
  0.51249999999999996       0.51250514019918836        0.0000000000000000     
  0.51666666666666661       0.51665676679486860        0.0000000000000000     
  0.52083333333333337       0.52083937382477041        0.0000000000000000     
  0.52500000000000002       0.52500211137782771        0.0000000000000000     
  0.52916666666666667       0.52916029114957674        0.0000000000000000     
  0.53333333333333333       0.53328815351858838        0.0000000000000000     
  0.53749999999999998       0.53748791403550300        0.0000000000000000     
  0.54166666666666663       0.54167175751742769        0.0000000000000000     
  0.54583333333333328       0.54584122592531759        0.0000000000000000     
  0.55000000000000004       0.54998472782296959        0.0000000000000000     
  0.55416666666666670       0.55417594589186625        0.0000000000000000     
  0.55833333333333335       0.55833656092425010        0.0000000000000000     
  0.56250000000000000       0.56249015604620123        0.0000000000000000     
  0.56666666666666665       0.56659705620027812        0.0000000000000000     
  0.57083333333333330       0.57081469412881625        0.0000000000000000     
  0.57499999999999996       0.57500781658536748        0.0000000000000000     
  0.57916666666666661       0.57917879850349374        0.0000000000000000     
  0.58333333333333326       0.58330978671332367        0.0000000000000000     
  0.58750000000000002       0.58751426753407010        0.0000000000000000     
  0.59166666666666667       0.59167161345281949        0.0000000000000000     
  0.59583333333333333       0.59581814728139815        0.0000000000000000     
  0.59999999999999998       0.59989276135999958        0.0000000000000000     
  0.60416666666666663       0.60413793413935124        0.0000000000000000     
  0.60833333333333328       0.60834534810450702        0.0000000000000000     
  0.61249999999999993       0.61251866113630060        0.0000000000000000     
  0.61666666666666670       0.61663037572114643        0.0000000000000000     
  0.62083333333333335       0.62085528387786615        0.0000000000000000     
  0.62500000000000000       0.62500759469656220        0.0000000000000000     
  0.62916666666666665       0.62914325269682403        0.0000000000000000     
  0.63333333333333330       0.63316813965103536        0.0000000000000000     
  0.63749999999999996       0.63745572170222753        0.0000000000000000     
  0.64166666666666661       0.64168514749804595        0.0000000000000000     
  0.64583333333333337       0.64586205091911952        0.0000000000000000     
  0.65000000000000002       0.64994408020053562        0.0000000000000000     
  0.65416666666666667       0.65420045061031584        0.0000000000000000     
  0.65833333333333344       0.65834500635060722        0.0000000000000000     
  0.66250000000000009       0.66246391336272292        0.0000000000000000     
  0.66666666666666674       0.66641221042907284        0.0000000000000000     
  0.67083333333333339       0.67076511138648387        0.0000000000000000     
  0.67500000000000004       0.67502843987952810        0.0000000000000000     
  0.67916666666666670       0.67921087323050822        0.0000000000000000     
  0.68333333333333335       0.68324718110557481        0.0000000000000000     
  0.68750000000000000       0.68755200978563114        0.0000000000000000     
  0.69166666666666665       0.69168462112751561        0.0000000000000000     
  0.69583333333333330       0.69577772821012784        0.0000000000000000     
  0.69999999999999996       0.69960806126800845        0.0000000000000000     
  0.70416666666666661       0.70406156662923070        0.0000000000000000     
  0.70833333333333326       0.70837711217304000        0.0000000000000000     
  0.71250000000000002       0.71256806274106488        0.0000000000000000     
  0.71666666666666667       0.71653395034896117        0.0000000000000000     
  0.72083333333333333       0.72091341462341263        0.0000000000000000     
  0.72500000000000009       0.72502762916182650        0.0000000000000000     
  0.72916666666666674       0.72908099910436164        0.0000000000000000     
  0.73333333333333339       0.73272964359104398        0.0000000000000000     
  0.73750000000000004       0.73733810020072055        0.0000000000000000     
  0.74166666666666670       0.74173407062555086        0.0000000000000000     
  0.74583333333333335       0.74593813944053555        0.0000000000000000     
  0.75000000000000000       0.74979556551095250        0.0000000000000000     
  0.75416666666666676       0.75428998378435996        0.0000000000000000     
  0.75833333333333341       0.75837586350285180        0.0000000000000000     
  0.76250000000000007       0.76236803016569299        0.0000000000000000     
  0.76666666666666672       0.76573683729068276        0.0000000000000000     
  0.77083333333333337       0.77058395034568372        0.0000000000000000     
  0.77500000000000002       0.77510379144862351        0.0000000000000000     
  0.77916666666666667       0.77932806503265351        0.0000000000000000     
  0.78333333333333344       0.78301843827034190        0.0000000000000000     
  0.78750000000000009       0.78768990908795422        0.0000000000000000     
  0.79166666666666674       0.79173214741943587        0.0000000000000000     
  0.79583333333333339       0.79563004858058151        0.0000000000000000     
  0.80000000000000004       0.79856784923949531        0.0000000000000000     
  0.80256410256410260       0.80199067707167548        0.0000000000000000     
  0.80512820512820515       0.80557600035370880        0.0000000000000000     
  0.80769230769230771       0.80713150741488793        0.0000000000000000     
  0.81025641025641026       0.81073551772728891        0.0000000000000000     
  0.81282051282051282       0.81277794056131536        0.0000000000000000     
  0.81538461538461537       0.81494554312934508        0.0000000000000000     
  0.81794871794871804       0.81843208290950797        0.0000000000000000     
  0.82051282051282060       0.82046531832194125        0.0000000000000000     
  0.82307692307692315       0.82265350594625541        0.0000000000000000     
  0.82564102564102571       0.82622341602333382        0.0000000000000000     
  0.82820512820512826       0.82766736116336859        0.0000000000000000     
  0.83076923076923082       0.83145815715974325        0.0000000000000000     
  0.83333333333333337       0.83759919339649902        0.0000000000000000     
  0.83589743589743593       0.83760557099018829        0.0000000000000000     
  0.83846153846153848       0.83712795366126613        0.0000000000000000     
  0.84102564102564104       0.84269617174260336        0.0000000000000000     
  0.84358974358974359       0.84216289483782913        0.0000000000000000     
  0.84615384615384615       0.84628082762188250        0.0000000000000000     
  0.84871794871794870       0.85002591085398715        0.0000000000000000     
  0.85128205128205137       0.84984252153813367        0.0000000000000000     
  0.85384615384615392       0.85398781918321531        0.0000000000000000     
  0.85641025641025648       0.85767158954328337        0.0000000000000000     
  0.85897435897435903       0.85723988065638890        0.0000000000000000     
  0.86153846153846159       0.86314038744759192        0.0000000000000000     
  0.86410256410256414       0.86205076682524540        0.0000000000000000     
  0.86666666666666670       0.85396092346256980        0.0000000000000000     
  0.86923076923076925       0.86414324487671323        0.0000000000000000     
  0.87179487179487181       0.87576715179571607        0.0000000000000000     
  0.87435897435897436       0.86938345515316606        0.0000000000000000     
  0.87692307692307692       0.88117314488105036        0.0000000000000000     
  0.87948717948717947       0.87910914285676900        0.0000000000000000     
  0.88205128205128203       0.87815567832879549        0.0000000000000000     
  0.88461538461538469       0.88890322308169378        0.0000000000000000     
  0.88717948717948725       0.88675771444410367        0.0000000000000000     
  0.88974358974358980       0.88598687114511399        0.0000000000000000     
  0.89230769230769236       0.89747403914086310        0.0000000000000000     
  0.89487179487179491       0.89010061602559354        0.0000000000000000     
  0.89743589743589747       0.90354738313487626        0.0000000000000000     
  0.90000000000000002       0.93784440953777060        0.0000000000000000     
  0.90256410256410258       0.91771754293260299        0.0000000000000000     
  0.90512820512820513       0.89329689416003821        0.0000000000000000     
  0.90769230769230769       0.92251213919294561        0.0000000000000000     
  0.91025641025641024       0.89759770405388650        0.0000000000000000     
  0.91282051282051280       0.91394667951207964        0.0000000000000000     
  0.91538461538461535       0.92698790382974128        0.0000000000000000     
  0.91794871794871802       0.90517751176988426        0.0000000000000000     
  0.92051282051282057       0.92176925579197500        0.0000000000000000     
  0.92307692307692313       0.93426654027828027        0.0000000000000000     
  0.92564102564102568       0.91025317026113939        0.0000000000000000     
  0.92820512820512824       0.94241632914642537        0.0000000000000000     
  0.93076923076923079       0.91256626633473725        0.0000000000000000     
  0.93333333333333335       0.82061342069211285        0.0000000000000000     
  0.93589743589743590       0.89076288565861073        0.0000000000000000     
  0.93846153846153846       0.97370143961005517        0.0000000000000000     
  0.94102564102564101       0.89688474936820706        0.0000000000000000     
  0.94358974358974357       0.98129405277420012        0.0000000000000000     
  0.94615384615384612       0.94279972265223788        0.0000000000000000     
  0.94871794871794868       0.91415757459892377        0.0000000000000000     
  0.95128205128205134       0.98932144318653004        0.0000000000000000     
  0.95384615384615390       0.95010402357250823        0.0000000000000000     
  0.95641025641025645       0.92308200775563964        0.0000000000000000     
  0.95897435897435901        1.0048074763567505        0.0000000000000000     
  0.96153846153846156       0.91921038433665381        0.0000000000000000     
  0.96410256410256412        1.0183205223544038        0.0000000000000000     
  0.96666666666666667        1.3024046494739632        0.0000000000000000     
  0.96923076923076923        1.1036648246038361        0.0000000000000000     
  0.97179487179487178       0.86683252305736436        0.0000000000000000     
  0.97435897435897434        1.1058334040401376        0.0000000000000000     
  0.97692307692307689       0.86462045510274554        0.0000000000000000     
  0.97948717948717945       0.98947766167935158        0.0000000000000000     
  0.98205128205128200        1.0849900090480149        0.0000000000000000     
  0.98461538461538467       0.87131471432482166        0.0000000000000000     
  0.98717948717948723       0.99832565285556396        0.0000000000000000     
  0.98974358974358978        1.0890124141717701        0.0000000000000000     
  0.99230769230769234       0.85579330395334274        0.0000000000000000     
  0.99487179487179489        1.1209467318720678        0.0000000000000000     
  0.99743589743589745       0.83594714572929718        0.0000000000000000     
   1.0000000000000000        1.3174397878435886E-016   0.0000000000000000     
