X My_beautiful_solution_real My_beautiful_solution_imag
   0.0000000000000000        1.4954845520571303E-017   0.0000000000000000     
   4.1666666666666666E-003  0.85761815965353438        0.0000000000000000     
   8.3333333333333332E-003   1.0451879815617486        0.0000000000000000     
   1.2500000000000001E-002   1.1320257646534138        0.0000000000000000     
   1.6666666666666666E-002  0.77972599870014503        0.0000000000000000     
   2.0833333333333332E-002   1.1121283041087080        0.0000000000000000     
   2.5000000000000001E-002   1.0719247846519577        0.0000000000000000     
   2.9166666666666667E-002  0.82544648013194477        0.0000000000000000     
   3.3333333333333333E-002  0.35056705827113660        0.0000000000000000     
   3.7499999999999999E-002  0.90738841021510064        0.0000000000000000     
   4.1666666666666664E-002   1.0291709082221530        0.0000000000000000     
   4.5833333333333337E-002   1.0855516310842377        0.0000000000000000     
   5.0000000000000003E-002  0.85681576564164019        0.0000000000000000     
   5.4166666666666669E-002   1.0726329087413824        0.0000000000000000     
   5.8333333333333334E-002   1.0465301754855276        0.0000000000000000     
   6.2500000000000000E-002  0.88650046855496001        0.0000000000000000     
   6.6666666666666666E-002  0.57817793746754786        0.0000000000000000     
   7.0833333333333331E-002  0.93970248599851691        0.0000000000000000     
   7.4999999999999997E-002   1.0187715850143257        0.0000000000000000     
   7.9166666666666663E-002   1.0553776083060051        0.0000000000000000     
   8.3333333333333343E-002  0.90686744396284857        0.0000000000000000     
   8.7499999999999994E-002   1.0469899355878298        0.0000000000000000     
   9.1666666666666674E-002   1.0300423475996869        0.0000000000000000     
   9.5833333333333340E-002  0.92614067905260911        0.0000000000000000     
  0.10000000000000001       0.72595768775001002        0.0000000000000000     
  0.10416666666666667       0.96068288055057727        0.0000000000000000     
  0.10833333333333334        1.0120196696744916        0.0000000000000000     
  0.11250000000000000        1.0357866750126239        0.0000000000000000     
  0.11666666666666667       0.93936424090700488        0.0000000000000000     
  0.12083333333333333        1.0303408536875667        0.0000000000000000     
  0.12500000000000000        1.0193373799976451        0.0000000000000000     
  0.12916666666666665       0.95187767558444925        0.0000000000000000     
  0.13333333333333333       0.82190588965779587        0.0000000000000000     
  0.13750000000000001       0.97430471391230933        0.0000000000000000     
  0.14166666666666666        1.0076358881682128        0.0000000000000000     
  0.14583333333333331        1.0230669700489698        0.0000000000000000     
  0.14999999999999999       0.96046326989165598        0.0000000000000000     
  0.15416666666666667        1.0195311895171204        0.0000000000000000     
  0.15833333333333333        1.0123870204867247        0.0000000000000000     
  0.16249999999999998       0.96858780356217888        0.0000000000000000     
  0.16666666666666666       0.88420168750385386        0.0000000000000000     
  0.17083333333333334       0.98314889192213573        0.0000000000000000     
  0.17499999999999999        1.0047896527923916        0.0000000000000000     
  0.17916666666666667        1.0148085123257204        0.0000000000000000     
  0.18333333333333335       0.97416212842408756        0.0000000000000000     
  0.18750000000000000        1.0125128542012272        0.0000000000000000     
  0.19166666666666668        1.0078743961494201        0.0000000000000000     
  0.19583333333333333       0.97943710280681640        0.0000000000000000     
  0.20000000000000001       0.92464816124816285        0.0000000000000000     
  0.20416666666666666       0.98889110610082531        0.0000000000000000     
  0.20833333333333334        1.0029416921212280        0.0000000000000000     
  0.21250000000000002        1.0094465857589030        0.0000000000000000     
  0.21666666666666667       0.98305631617216349        0.0000000000000000     
  0.22083333333333333        1.0079560955610298        0.0000000000000000     
  0.22500000000000001        1.0049445076483092        0.0000000000000000     
  0.22916666666666669       0.98648117178441852        0.0000000000000000     
  0.23333333333333334       0.95090863619049670        0.0000000000000000     
  0.23750000000000002       0.99261932410337084        0.0000000000000000     
  0.24166666666666670        1.0017418761568924        0.0000000000000000     
  0.24583333333333335        1.0059652751472368        0.0000000000000000     
  0.25000000000000000       0.98883099991758228        0.0000000000000000     
  0.25416666666666671        1.0049975522070254        0.0000000000000000     
  0.25833333333333336        1.0030422339407508        0.0000000000000000     
  0.26250000000000007       0.99105463838741070        0.0000000000000000     
  0.26666666666666672       0.96795864031586210        0.0000000000000000     
  0.27083333333333337       0.99503992511927930        0.0000000000000000     
  0.27500000000000002        1.0009628777881834        0.0000000000000000     
  0.27916666666666673        1.0037049824289621        0.0000000000000000     
  0.28333333333333338       0.99258029926948910        0.0000000000000000     
  0.28750000000000003        1.0030766739098265        0.0000000000000000     
  0.29166666666666674        1.0018071544293299        0.0000000000000000     
  0.29583333333333339       0.99402402963488246        0.0000000000000000     
  0.30000000000000004       0.97902860920687895        0.0000000000000000     
  0.30416666666666670       0.99661153634861621        0.0000000000000000     
  0.30833333333333335        1.0004571015054118        0.0000000000000000     
  0.31250000000000006        1.0022374537473313        0.0000000000000000     
  0.31666666666666671       0.99501458766517192        0.0000000000000000     
  0.32083333333333336        1.0018295150917365        0.0000000000000000     
  0.32500000000000007        1.0010052606779365        0.0000000000000000     
  0.32916666666666672       0.99595195108833712        0.0000000000000000     
  0.33333333333333337       0.98621595123606809        0.0000000000000000     
  0.33750000000000002       0.99763192832562930        0.0000000000000000     
  0.34166666666666667        1.0001287187276195        0.0000000000000000     
  0.34583333333333333        1.0012846389132211        0.0000000000000000     
  0.34999999999999998       0.99659508562950427        0.0000000000000000     
  0.35416666666666669        1.0010197786707438        0.0000000000000000     
  0.35833333333333334        1.0004846192272649        0.0000000000000000     
  0.36249999999999999       0.99720368278043303        0.0000000000000000     
  0.36666666666666664       0.99088243999977799        0.0000000000000000     
  0.37083333333333329       0.99829443300064935        0.0000000000000000     
  0.37500000000000000       0.99991551132263523        0.0000000000000000     
  0.37916666666666665        1.0006660097038103        0.0000000000000000     
  0.38333333333333330       0.99762124745144942        0.0000000000000000     
  0.38750000000000001        1.0004940452501283        0.0000000000000000     
  0.39166666666666666        1.0001465850180087        0.0000000000000000     
  0.39583333333333337       0.99801638820792204        0.0000000000000000     
  0.40000000000000002       0.99391222726931316        0.0000000000000000     
  0.40416666666666667       0.99872457401930870        0.0000000000000000     
  0.40833333333333333       0.99977708324231696        0.0000000000000000     
  0.41250000000000003        1.0002643554840873        0.0000000000000000     
  0.41666666666666669       0.99828749828415109        0.0000000000000000     
  0.42083333333333334        1.0001527050036174        0.0000000000000000     
  0.42500000000000004       0.99992711127753076        0.0000000000000000     
  0.42916666666666670       0.99854404930018448        0.0000000000000000     
  0.43333333333333335       0.99587936173881564        0.0000000000000000     
  0.43750000000000000       0.99900384947638865        0.0000000000000000     
  0.44166666666666665       0.99968720675129208        0.0000000000000000     
  0.44583333333333336        1.0000035755051171        0.0000000000000000     
  0.45000000000000001       0.99872007155143061        0.0000000000000000     
  0.45416666666666666       0.99993108476925674        0.0000000000000000     
  0.45833333333333337       0.99978461468564706        0.0000000000000000     
  0.46250000000000002       0.99888664111619785        0.0000000000000000     
  0.46666666666666667       0.99715655306508855        0.0000000000000000     
  0.47083333333333333       0.99918517322265665        0.0000000000000000     
  0.47499999999999998       0.99962885310208716        0.0000000000000000     
  0.47916666666666669       0.99983426022323374        0.0000000000000000     
  0.48333333333333334       0.99900092618211922        0.0000000000000000     
  0.48749999999999999       0.99978719453427800        0.0000000000000000     
  0.49166666666666670       0.99969209665294589        0.0000000000000000     
  0.49583333333333335       0.99910907395068405        0.0000000000000000     
  0.50000000000000000       0.99798578853892039        0.0000000000000000     
  0.50416666666666665       0.99930290036311009        0.0000000000000000     
  0.50833333333333330       0.99959096612700893        0.0000000000000000     
  0.51249999999999996       0.99972432975697445        0.0000000000000000     
  0.51666666666666661       0.99918327523035211        0.0000000000000000     
  0.52083333333333337       0.99969377165805873        0.0000000000000000     
  0.52500000000000002       0.99963202794349970        0.0000000000000000     
  0.52916666666666667       0.99925349177838629        0.0000000000000000     
  0.53333333333333333       0.99852418200974602        0.0000000000000000     
  0.53749999999999998       0.99937933646088783        0.0000000000000000     
  0.54166666666666663       0.99956636744466154        0.0000000000000000     
  0.54583333333333328       0.99965295576593449        0.0000000000000000     
  0.55000000000000004       0.99930166806336229        0.0000000000000000     
  0.55416666666666670       0.99963311546549338        0.0000000000000000     
  0.55833333333333335       0.99959302744003853        0.0000000000000000     
  0.56250000000000000       0.99934725720203121        0.0000000000000000     
  0.56666666666666665       0.99887374198224466        0.0000000000000000     
  0.57083333333333330       0.99942896373477785        0.0000000000000000     
  0.57499999999999996       0.99955039638410714        0.0000000000000000     
  0.57916666666666661       0.99960661514017113        0.0000000000000000     
  0.58333333333333326       0.99937853637193919        0.0000000000000000     
  0.58750000000000002       0.99959373352987668        0.0000000000000000     
  0.59166666666666667       0.99956770578282017        0.0000000000000000     
  0.59583333333333333       0.99940813579860988        0.0000000000000000     
  0.59999999999999998       0.99910069899601828        0.0000000000000000     
  0.60416666666666663       0.99946118498082970        0.0000000000000000     
  0.60833333333333328       0.99954002693538524        0.0000000000000000     
  0.61249999999999993       0.99957652779932316        0.0000000000000000     
  0.61666666666666670       0.99942844426512201        0.0000000000000000     
  0.62083333333333335       0.99956816422215433        0.0000000000000000     
  0.62500000000000000       0.99955126532007210        0.0000000000000000     
  0.62916666666666665       0.99944766213334280        0.0000000000000000     
  0.63333333333333330       0.99924805421444463        0.0000000000000000     
  0.63749999999999996       0.99948210510429769        0.0000000000000000     
  0.64166666666666661       0.99953329441650007        0.0000000000000000     
  0.64583333333333337       0.99955699314556268        0.0000000000000000     
  0.65000000000000002       0.99946084770742560        0.0000000000000000     
  0.65416666666666667       0.99955156296863201        0.0000000000000000     
  0.65833333333333344       0.99954059110499072        0.0000000000000000     
  0.66250000000000009       0.99947332519433996        0.0000000000000000     
  0.66666666666666674       0.99934372678272820        0.0000000000000000     
  0.67083333333333339       0.99949568780576092        0.0000000000000000     
  0.67500000000000004       0.99952892322843045        0.0000000000000000     
  0.67916666666666670       0.99954430998092292        0.0000000000000000     
  0.68333333333333335       0.99948188612452049        0.0000000000000000     
  0.68750000000000000       0.99954078435774663        0.0000000000000000     
  0.69166666666666665       0.99953366071201122        0.0000000000000000     
  0.69583333333333330       0.99948998731857130        0.0000000000000000     
  0.69999999999999996       0.99940584362134144        0.0000000000000000     
  0.70416666666666661       0.99950450657680279        0.0000000000000000     
  0.70833333333333326       0.99952608516952979        0.0000000000000000     
  0.71250000000000002       0.99953607524754806        0.0000000000000000     
  0.71666666666666667       0.99949554562988108        0.0000000000000000     
  0.72083333333333333       0.99953378618423838        0.0000000000000000     
  0.72500000000000009       0.99952916105124079        0.0000000000000000     
  0.72916666666666674       0.99950080545066855        0.0000000000000000     
  0.73333333333333339       0.99944617390314106        0.0000000000000000     
  0.73750000000000004       0.99951023229512970        0.0000000000000000     
  0.74166666666666670       0.99952424251755745        0.0000000000000000     
  0.74583333333333335       0.99953072872436810        0.0000000000000000     
  0.75000000000000000       0.99950441426699710        0.0000000000000000     
  0.75416666666666676       0.99952924251595132        0.0000000000000000     
  0.75833333333333341       0.99952623957952880        0.0000000000000000     
  0.76250000000000007       0.99950782928391257        0.0000000000000000     
  0.76666666666666672       0.99947235893873421        0.0000000000000000     
  0.77083333333333337       0.99951394980295549        0.0000000000000000     
  0.77500000000000002       0.99952304614834542        0.0000000000000000     
  0.77916666666666667       0.99952725741463522        0.0000000000000000     
  0.78333333333333344       0.99951017236161499        0.0000000000000000     
  0.78750000000000009       0.99952629247170532        0.0000000000000000     
  0.79166666666666674       0.99952434277054780        0.0000000000000000     
  0.79583333333333339       0.99951238961216493        0.0000000000000000     
  0.80000000000000004       0.99948935996273947        0.0000000000000000     
  0.80370370370370370       0.98140264584766412        0.0000000000000000     
  0.80740740740740746       0.96304973291524909        0.0000000000000000     
  0.81111111111111112       0.94448166164554825        0.0000000000000000     
  0.81481481481481488       0.92585218964301408        0.0000000000000000     
  0.81851851851851853       0.90751683976086905        0.0000000000000000     
  0.82222222222222230       0.88890635587744382        0.0000000000000000     
  0.82592592592592595       0.87031333496652552        0.0000000000000000     
  0.82962962962962972       0.85198523372225377        0.0000000000000000     
  0.83333333333333337       0.83366392103595122        0.0000000000000000     
  0.83703703703703702       0.81489373503621909        0.0000000000000000     
  0.84074074074074079       0.79627869702785292        0.0000000000000000     
  0.84444444444444444       0.77778905921545849        0.0000000000000000     
  0.84814814814814821       0.75933520743871907        0.0000000000000000     
  0.85185185185185186       0.74070993320166123        0.0000000000000000     
  0.85555555555555562       0.72224501462692003        0.0000000000000000     
  0.85925925925925928       0.70376991815155765        0.0000000000000000     
  0.86296296296296304       0.68514041920900648        0.0000000000000000     
  0.86666666666666670       0.66650696370816254        0.0000000000000000     
  0.87037037037037035       0.64813512391873740        0.0000000000000000     
  0.87407407407407411       0.62967285961325070        0.0000000000000000     
  0.87777777777777777       0.61113750862496530        0.0000000000000000     
  0.88148148148148153       0.59258130055095937        0.0000000000000000     
  0.88518518518518519       0.57412500220105811        0.0000000000000000     
  0.88888888888888895       0.55557524416127280        0.0000000000000000     
  0.89259259259259260       0.53703141808186783        0.0000000000000000     
  0.89629629629629637       0.51857758200651149        0.0000000000000000     
  0.90000000000000002       0.50012605192212234        0.0000000000000000     
  0.90370370370370368       0.48152204500653928        0.0000000000000000     
  0.90740740740740744       0.46297073998563609        0.0000000000000000     
  0.91111111111111109       0.44446203189340250        0.0000000000000000     
  0.91481481481481486       0.42596547988430999        0.0000000000000000     
  0.91851851851851851       0.40741069774042438        0.0000000000000000     
  0.92222222222222228       0.38891038647400833        0.0000000000000000     
  0.92592592592592593       0.37040661789794965        0.0000000000000000     
  0.92962962962962969       0.35185040067274581        0.0000000000000000     
  0.93333333333333335       0.33329283945258020        0.0000000000000000     
  0.93703703703703700       0.31482414592286889        0.0000000000000000     
  0.94074074074074077       0.29632473627959011        0.0000000000000000     
  0.94444444444444442       0.27780049997484002        0.0000000000000000     
  0.94814814814814818       0.25926917877053413        0.0000000000000000     
  0.95185185185185184       0.24077179569015308        0.0000000000000000     
  0.95555555555555560       0.22224266548439786        0.0000000000000000     
  0.95925925925925926       0.20371555029378066        0.0000000000000000     
  0.96296296296296302       0.18521900361825813        0.0000000000000000     
  0.96666666666666667       0.16672324025995411        0.0000000000000000     
  0.97037037037037033       0.14817568236774403        0.0000000000000000     
  0.97407407407407409       0.12964602667122857        0.0000000000000000     
  0.97777777777777775       0.11113084063576917        0.0000000000000000     
  0.98148148148148151        9.2619783874609771E-002   0.0000000000000000     
  0.98518518518518516        7.4088947041505773E-002   0.0000000000000000     
  0.98888888888888893        5.5576613306137376E-002   0.0000000000000000     
  0.99259259259259258        3.7063105164532296E-002   0.0000000000000000     
  0.99629629629629635        1.8531780851675509E-002   0.0000000000000000     
   1.0000000000000000        5.6823188621967074E-021   0.0000000000000000     
