X My_beautiful_solution_real My_beautiful_solution_imag
   0.0000000000000000       -1.2044775710922986E-026   0.0000000000000000     
   4.1666666666666666E-003   4.1666670491390780E-003   0.0000000000000000     
   8.3333333333333332E-003   8.3333339143217208E-003   0.0000000000000000     
   1.2500000000000001E-002   1.2500000613368683E-002   0.0000000000000000     
   1.6666666666666666E-002   1.6666667012315360E-002   0.0000000000000000     
   2.0833333333333332E-002   2.0833333962727615E-002   0.0000000000000000     
   2.5000000000000001E-002   2.5000000559454307E-002   0.0000000000000000     
   2.9166666666666667E-002   2.9166667075050442E-002   0.0000000000000000     
   3.3333333333333333E-002   3.3333333050983252E-002   0.0000000000000000     
   3.7499999999999999E-002   3.7500000306735226E-002   0.0000000000000000     
   4.1666666666666664E-002   4.1666667279156883E-002   0.0000000000000000     
   4.5833333333333337E-002   4.5833333995695814E-002   0.0000000000000000     
   5.0000000000000003E-002   5.0000000250019244E-002   0.0000000000000000     
   5.4166666666666669E-002   5.4166667353711832E-002   0.0000000000000000     
   5.8333333333333334E-002   5.8333333912656701E-002   0.0000000000000000     
   6.2500000000000000E-002   6.2500000346644061E-002   0.0000000000000000     
   6.6666666666666666E-002   6.6666665949440054E-002   0.0000000000000000     
   7.0833333333333331E-002   7.0833333523417918E-002   0.0000000000000000     
   7.4999999999999997E-002   7.5000000661009439E-002   0.0000000000000000     
   7.9166666666666663E-002   7.9166667404489494E-002   0.0000000000000000     
   8.3333333333333343E-002   8.3333333436063736E-002   0.0000000000000000     
   8.7499999999999994E-002   8.7500000775839221E-002   0.0000000000000000     
   9.1666666666666674E-002   9.1666667276592381E-002   0.0000000000000000     
   9.5833333333333340E-002   9.5833333584885563E-002   0.0000000000000000     
  0.10000000000000001        9.9999998612975122E-002   0.0000000000000000     
  0.10416666666666667       0.10416666667708557        0.0000000000000000     
  0.10833333333333334       0.10833333406907233        0.0000000000000000     
  0.11250000000000000       0.11250000085404725        0.0000000000000000     
  0.11666666666666667       0.11666666654254237        0.0000000000000000     
  0.12083333333333333       0.12083333424593352        0.0000000000000000     
  0.12500000000000000       0.12500000065705971        0.0000000000000000     
  0.12916666666666665       0.12916666677175828        0.0000000000000000     
  0.13333333333333333       0.13333333091468288        0.0000000000000000     
  0.13750000000000001       0.13749999973369734        0.0000000000000000     
  0.14166666666666666       0.14166666751750451        0.0000000000000000     
  0.14583333333333331       0.14583333436638996        0.0000000000000000     
  0.14999999999999999       0.14999999952647344        0.0000000000000000     
  0.15416666666666667       0.15416666778990673        0.0000000000000000     
  0.15833333333333333       0.15833333406298908        0.0000000000000000     
  0.16249999999999998       0.16249999987951258        0.0000000000000000     
  0.16666666666666666       0.16666666265910290        0.0000000000000000     
  0.17083333333333334       0.17083333264082295        0.0000000000000000     
  0.17499999999999999       0.17500000102811322        0.0000000000000000     
  0.17916666666666667       0.17916666797543390        0.0000000000000000     
  0.18333333333333335       0.18333333232165600        0.0000000000000000     
  0.18750000000000000       0.18750000144766804        0.0000000000000000     
  0.19166666666666668       0.19166666750813474        0.0000000000000000     
  0.19583333333333333       0.19583333286540805        0.0000000000000000     
  0.20000000000000001       0.19999999354518661        0.0000000000000000     
  0.20416666666666666       0.20416666531770983        0.0000000000000000     
  0.20833333333333334       0.20833333463448683        0.0000000000000000     
  0.21250000000000002       0.21250000173341774        0.0000000000000000     
  0.21666666666666667       0.21666666482612773        0.0000000000000000     
  0.22083333333333333       0.22083333528068672        0.0000000000000000     
  0.22500000000000001       0.22500000101368209        0.0000000000000000     
  0.22916666666666669       0.22916666566361657        0.0000000000000000     
  0.23333333333333334       0.23333332310925761        0.0000000000000000     
  0.23750000000000002       0.23749999763998220        0.0000000000000000     
  0.24166666666666670       0.24166666838835801        0.0000000000000000     
  0.24583333333333335       0.24583333572079957        0.0000000000000000     
  0.25000000000000000       0.24999999688284569        0.0000000000000000     
  0.25416666666666671       0.25416666938363719        0.0000000000000000     
  0.25833333333333336       0.25833333461226016        0.0000000000000000     
  0.26250000000000007       0.26249999817274894        0.0000000000000000     
  0.26666666666666672       0.26666665063716011        0.0000000000000000     
  0.27083333333333337       0.27083332941607596        0.0000000000000000     
  0.27500000000000002       0.27500000236940525        0.0000000000000000     
  0.27916666666666673       0.27916667006150059        0.0000000000000000     
  0.28333333333333338       0.28333332824993185        0.0000000000000000     
  0.28750000000000003       0.28750000390233754        0.0000000000000000     
  0.29166666666666674       0.29166666835412430        0.0000000000000000     
  0.29583333333333339       0.29583333023664510        0.0000000000000000     
  0.30000000000000004       0.29999997502894865        0.0000000000000000     
  0.30416666666666670       0.30416666035094320        0.0000000000000000     
  0.30833333333333335       0.30833333670034890        0.0000000000000000     
  0.31250000000000006       0.31250000494638469        0.0000000000000000     
  0.31666666666666671       0.31666665855484394        0.0000000000000000     
  0.32083333333333336       0.32083333906137673        0.0000000000000000     
  0.32500000000000007       0.32500000231667781        0.0000000000000000     
  0.32916666666666672       0.32916666161478658        0.0000000000000000     
  0.33333333333333337       0.33333329459048416        0.0000000000000000     
  0.33750000000000002       0.33749998999015085        0.0000000000000000     
  0.34166666666666667       0.34166667157020553        0.0000000000000000     
  0.34583333333333333       0.34583334066942167        0.0000000000000000     
  0.34999999999999998       0.34999998722379255        0.0000000000000000     
  0.35416666666666669       0.35416667520666845        0.0000000000000000     
  0.35833333333333334       0.35833333661913824        0.0000000000000000     
  0.36249999999999999       0.36249999193672677        0.0000000000000000     
  0.36666666666666664       0.36666660671244711        0.0000000000000000     
  0.37083333333333329       0.37083331763377891        0.0000000000000000     
  0.37500000000000000       0.37500000727009714        0.0000000000000000     
  0.37916666666666665       0.37916667768338502        0.0000000000000000     
  0.38333333333333330       0.38333331337302445        0.0000000000000000     
  0.38750000000000001       0.38750001287098990        0.0000000000000000     
  0.39166666666666666       0.39166667144512446        0.0000000000000000     
  0.39583333333333337       0.39583332063190191        0.0000000000000000     
  0.40000000000000002       0.39999990737595509        0.0000000000000000     
  0.40416666666666667       0.40416664220380916        0.0000000000000000     
  0.40833333333333333       0.40833334424841200        0.0000000000000000     
  0.41250000000000003       0.41250001668563746        0.0000000000000000     
  0.41666666666666669       0.41666663564138051        0.0000000000000000     
  0.42083333333333334       0.42083335287492646        0.0000000000000000     
  0.42500000000000004       0.42500000707744706        0.0000000000000000     
  0.42916666666666670       0.42916664682152827        0.0000000000000000     
  0.43333333333333335       0.43333319039111101        0.0000000000000000     
  0.43750000000000000       0.43749996203987296        0.0000000000000000     
  0.44166666666666665       0.44166668319575864        0.0000000000000000     
  0.44583333333333336       0.44583335875025981        0.0000000000000000     
  0.45000000000000001       0.44999995193239778        0.0000000000000000     
  0.45416666666666666       0.45416669648234576        0.0000000000000000     
  0.45833333333333337       0.45833334395169212        0.0000000000000000     
  0.46250000000000002       0.46249996915210007        0.0000000000000000     
  0.46666666666666667       0.46666644622421460        0.0000000000000000     
  0.47083333333333333       0.47083327458466495        0.0000000000000000     
  0.47499999999999998       0.47500002517581386        0.0000000000000000     
  0.47916666666666669       0.47916670553155372        0.0000000000000000     
  0.48333333333333334       0.48333325901709695        0.0000000000000000     
  0.48749999999999999       0.48750004563986082        0.0000000000000000     
  0.49166666666666670       0.49166668273874875        0.0000000000000000     
  0.49583333333333335       0.49583328553894152        0.0000000000000000     
  0.50000000000000000       0.49999966019142783        0.0000000000000000     
  0.50416666666666665       0.50416657589941594        0.0000000000000000     
  0.50833333333333330       0.50833337182685867        0.0000000000000000     
  0.51249999999999996       0.51250005957748279        0.0000000000000000     
  0.51666666666666661       0.51666655192219424        0.0000000000000000     
  0.52083333333333337       0.52083340334565409        0.0000000000000000     
  0.52500000000000002       0.52500002447192629        0.0000000000000000     
  0.52916666666666667       0.52916659277123035        0.0000000000000000     
  0.53333333333333333       0.53333280967665286        0.0000000000000000     
  0.53749999999999998       0.53749985991761862        0.0000000000000000     
  0.54166666666666663       0.54166672567217689        0.0000000000000000     
  0.54583333333333328       0.54583342481242758        0.0000000000000000     
  0.55000000000000004       0.54999982298781980        0.0000000000000000     
  0.55416666666666670       0.55416677421753457        0.0000000000000000     
  0.55833333333333335       0.55833337074272904        0.0000000000000000     
  0.56250000000000000       0.56249988590364564        0.0000000000000000     
  0.56666666666666665       0.56666585984649809        0.0000000000000000     
  0.57083333333333330       0.57083311729561825        0.0000000000000000     
  0.57499999999999996       0.57500009059813961        0.0000000000000000     
  0.57916666666666661       0.57916680728073211        0.0000000000000000     
  0.58333333333333326       0.58333306041621491        0.0000000000000000     
  0.58750000000000002       0.58750016536786609        0.0000000000000000     
  0.59166666666666667       0.59166672400239639        0.0000000000000000     
  0.59583333333333333       0.59583315731938624        0.0000000000000000     
  0.59999999999999998       0.59999875705045391        0.0000000000000000     
  0.60416666666666663       0.60416633364228522        0.0000000000000000     
  0.60833333333333328       0.60833347259054915        0.0000000000000000     
  0.61249999999999993       0.61250021629191642        0.0000000000000000     
  0.61666666666666670       0.61666624603643283        0.0000000000000000     
  0.62083333333333335       0.62083358775113862        0.0000000000000000     
  0.62500000000000000       0.62500008802633733        0.0000000000000000     
  0.62916666666666665       0.62916639528703000        0.0000000000000000     
  0.63333333333333330       0.63333141865582121        0.0000000000000000     
  0.63749999999999996       0.63749948679235313        0.0000000000000000     
  0.64166666666666661       0.64166688086875867        0.0000000000000000     
  0.64583333333333337       0.64583366618453575        0.0000000000000000     
  0.65000000000000002       0.64999935186151803        0.0000000000000000     
  0.65416666666666667       0.65416705823949417        0.0000000000000000     
  0.65833333333333344       0.65833346862945008        0.0000000000000000     
  0.66250000000000009       0.66249958173780088        0.0000000000000000     
  0.66666666666666674       0.66666371739143304        0.0000000000000000     
  0.67083333333333339       0.67083254260680236        0.0000000000000000     
  0.67500000000000004       0.67500032963244860        0.0000000000000000     
  0.67916666666666670       0.67916717904288304        0.0000000000000000     
  0.68333333333333335       0.68333233478586619        0.0000000000000000     
  0.68750000000000000       0.68750060281946479        0.0000000000000000     
  0.69166666666666665       0.69166687476786104        0.0000000000000000     
  0.69583333333333330       0.69583268884210736        0.0000000000000000     
  0.69999999999999996       0.69999545723379986        0.0000000000000000     
  0.70416666666666661       0.70416544850459550        0.0000000000000000     
  0.70833333333333326       0.70833384075201211        0.0000000000000000     
  0.71250000000000002       0.71250078888125756        0.0000000000000000     
  0.71666666666666667       0.71666512841807595        0.0000000000000000     
  0.72083333333333333       0.72083426151559349        0.0000000000000000     
  0.72500000000000009       0.72500032023582384        0.0000000000000000     
  0.72916666666666674       0.72916567373671448        0.0000000000000000     
  0.73333333333333339       0.73332633626687171        0.0000000000000000     
  0.73750000000000004       0.73749812350024180        0.0000000000000000     
  0.74166666666666670       0.74166744791230899        0.0000000000000000     
  0.74583333333333335       0.74583454808860683        0.0000000000000000     
  0.75000000000000000       0.74999763050188450        0.0000000000000000     
  0.75416666666666676       0.75416809597382262        0.0000000000000000     
  0.75833333333333341       0.75833382627929913        0.0000000000000000     
  0.76250000000000007       0.76249847040352581        0.0000000000000000     
  0.76666666666666672       0.76665588947850827        0.0000000000000000     
  0.77083333333333337       0.77083044285960700        0.0000000000000000     
  0.77500000000000002       0.77500120299487241        0.0000000000000000     
  0.77916666666666667       0.77916853735456293        0.0000000000000000     
  0.78333333333333344       0.78332968354184329        0.0000000000000000     
  0.78750000000000009       0.78750220114144298        0.0000000000000000     
  0.79166666666666674       0.79166742562138692        0.0000000000000000     
  0.79583333333333339       0.79583097716123730        0.0000000000000000     
  0.80000000000000004       0.79998340065541507        0.0000000000000000     
  0.80196078431372553       0.80196229010012854        0.0000000000000000     
  0.80392156862745101       0.80391589541149311        0.0000000000000000     
  0.80588235294117649       0.80588569281498224        0.0000000000000000     
  0.80784313725490198       0.80784500641922119        0.0000000000000000     
  0.80980392156862746       0.80979683534830316        0.0000000000000000     
  0.81176470588235294       0.81177212202253757        0.0000000000000000     
  0.81372549019607843       0.81372436491536271        0.0000000000000000     
  0.81568627450980391       0.81567995937138926        0.0000000000000000     
  0.81764705882352950       0.81765422847764380        0.0000000000000000     
  0.81960784313725499       0.81960728124788018        0.0000000000000000     
  0.82156862745098047       0.82156206794559306        0.0000000000000000     
  0.82352941176470595       0.82353729779299933        0.0000000000000000     
  0.82549019607843144       0.82548633561353857        0.0000000000000000     
  0.82745098039215692       0.82745001670780149        0.0000000000000000     
  0.82941176470588240       0.82941466373571682        0.0000000000000000     
  0.83137254901960789       0.83137598559660819        0.0000000000000000     
  0.83333333333333337       0.83343726694761389        0.0000000000000000     
  0.83529411764705885       0.83528469359358626        0.0000000000000000     
  0.83725490196078434       0.83729042621312433        0.0000000000000000     
  0.83921568627450982       0.83919477885366700        0.0000000000000000     
  0.84117647058823530       0.84116477139667511        0.0000000000000000     
  0.84313725490196079       0.84318162608722902        0.0000000000000000     
  0.84509803921568627       0.84505160996624362        0.0000000000000000     
  0.84705882352941175       0.84706587279681655        0.0000000000000000     
  0.84901960784313724       0.84905915122312803        0.0000000000000000     
  0.85098039215686283       0.85093550617634672        0.0000000000000000     
  0.85294117647058831       0.85294469829991582        0.0000000000000000     
  0.85490196078431380       0.85494303416539208        0.0000000000000000     
  0.85686274509803928       0.85681337384170642        0.0000000000000000     
  0.85882352941176476       0.85884770388524423        0.0000000000000000     
  0.86078431372549025       0.86079035122520664        0.0000000000000000     
  0.86274509803921573       0.86272695077760442        0.0000000000000000     
  0.86470588235294121       0.86468436946569183        0.0000000000000000     
  0.86666666666666670       0.86601593382128794        0.0000000000000000     
  0.86862745098039218       0.86868645952528356        0.0000000000000000     
  0.87058823529411766       0.87036581891478415        0.0000000000000000     
  0.87254901960784315       0.87267992643084680        0.0000000000000000     
  0.87450980392156863       0.87458305728731156        0.0000000000000000     
  0.87647058823529411       0.87619278050396299        0.0000000000000000     
  0.87843137254901960       0.87872207357449461        0.0000000000000000     
  0.88039215686274508       0.88034802463301010        0.0000000000000000     
  0.88235294117647056       0.88210536071866708        0.0000000000000000     
  0.88431372549019616       0.88459476398595305        0.0000000000000000     
  0.88627450980392164       0.88625246314505868        0.0000000000000000     
  0.88823529411764712       0.88797813420112193        0.0000000000000000     
  0.89019607843137261       0.89050519959641017        0.0000000000000000     
  0.89215686274509809       0.89200550823557356        0.0000000000000000     
  0.89411764705882357       0.89407984958720388        0.0000000000000000     
  0.89607843137254906       0.89619205661867196        0.0000000000000000     
  0.89803921568627454       0.89817391338269348        0.0000000000000000     
  0.90000000000000002       0.90407429399122574        0.0000000000000000     
  0.90196078431372551       0.90159133090747079        0.0000000000000000     
  0.90392156862745099       0.90531413909602487        0.0000000000000000     
  0.90588235294117647       0.90506273868672504        0.0000000000000000     
  0.90784313725490196       0.90738449589025183        0.0000000000000000     
  0.90980392156862744       0.91154330170570408        0.0000000000000000     
  0.91176470588235292       0.90994460739364402        0.0000000000000000     
  0.91372549019607840       0.91400180939813291        0.0000000000000000     
  0.91568627450980389       0.91723639927878198        0.0000000000000000     
  0.91764705882352948       0.91588745820330686        0.0000000000000000     
  0.91960784313725497       0.91974588282027647        0.0000000000000000     
  0.92156862745098045       0.92317872997431627        0.0000000000000000     
  0.92352941176470593       0.92159398331445830        0.0000000000000000     
  0.92549019607843142       0.92643784251784089        0.0000000000000000     
  0.92745098039215690       0.92768763716889024        0.0000000000000000     
  0.92941176470588238       0.92870035178129695        0.0000000000000000     
  0.93137254901960786       0.93052919980464155        0.0000000000000000     
  0.93333333333333335       0.90782385780507902        0.0000000000000000     
  0.93529411764705883       0.93760729865726433        0.0000000000000000     
  0.93725490196078431       0.92853591109062605        0.0000000000000000     
  0.93921568627450980       0.94434736022460264        0.0000000000000000     
  0.94117647058823528       0.94404806451255197        0.0000000000000000     
  0.94313725490196076       0.93224686106311871        0.0000000000000000     
  0.94509803921568625       0.95649382467618371        0.0000000000000000     
  0.94705882352941173       0.94532877078309896        0.0000000000000000     
  0.94901960784313721       0.93931415694404330        0.0000000000000000     
  0.95098039215686281       0.96199739564222841        0.0000000000000000     
  0.95294117647058829       0.95207690281120949        0.0000000000000000     
  0.95490196078431377       0.94482098438609019        0.0000000000000000     
  0.95686274509803926       0.96898062063735257        0.0000000000000000     
  0.95882352941176474       0.95289024334025563        0.0000000000000000     
  0.96078431372549022       0.95930259058445899        0.0000000000000000     
  0.96274509803921571       0.96719931484141175        0.0000000000000000     
  0.96470588235294119       0.96998616278204586        0.0000000000000000     
  0.96666666666666667        1.1263835293682025        0.0000000000000000     
  0.96862745098039216       0.95414444415378585        0.0000000000000000     
  0.97058823529411764        1.0251785356664436        0.0000000000000000     
  0.97254901960784312       0.94041920390388678        0.0000000000000000     
  0.97450980392156861       0.95653052934473770        0.0000000000000000     
  0.97647058823529409        1.0446562156144015        0.0000000000000000     
  0.97843137254901957       0.90708145554690722        0.0000000000000000     
  0.98039215686274506       0.99122415875515391        0.0000000000000000     
  0.98235294117647054        1.0431195463922174        0.0000000000000000     
  0.98431372549019613       0.91533539261616026        0.0000000000000000     
  0.98627450980392162       0.99168579984677607        0.0000000000000000     
  0.98823529411764710        1.0513530944057419        0.0000000000000000     
  0.99019607843137258       0.91432509790883620        0.0000000000000000     
  0.99215686274509807        1.0293056434049614        0.0000000000000000     
  0.99411764705882355        1.0033948375053787        0.0000000000000000     
  0.99607843137254903       0.96819022885212891        0.0000000000000000     
  0.99803921568627452       0.96497896297609231        0.0000000000000000     
   1.0000000000000000        8.2737485344582109E-017   0.0000000000000000     
