X My_beautiful_solution_real My_beautiful_solution_imag
   0.0000000000000000        0.0000000000000000        0.0000000000000000     
   6.6666666666666671E-003   1.1889758317479709E-002   0.0000000000000000     
   1.3333333333333334E-002   1.6372626017040228E-002   0.0000000000000000     
   2.0000000000000004E-002   2.6091260524999230E-002   0.0000000000000000     
   2.6666666666666668E-002   3.0374159228859127E-002   0.0000000000000000     
   3.3333333333333333E-002   4.3306092547029246E-002   0.0000000000000000     
   4.0000000000000001E-002   4.3719664236412319E-002   0.0000000000000000     
   4.6666666666666669E-002   5.3000779062433591E-002   0.0000000000000000     
   5.3333333333333337E-002   5.6013624189084697E-002   0.0000000000000000     
   5.9999999999999998E-002   6.5534142266326603E-002   0.0000000000000000     
   6.6666666666666666E-002   6.4700020118812665E-002   0.0000000000000000     
   7.3333333333333334E-002   7.8852903648789122E-002   0.0000000000000000     
   8.0000000000000002E-002   8.2389548147247499E-002   0.0000000000000000     
   8.6666666666666670E-002   9.3430576714342489E-002   0.0000000000000000     
   9.3333333333333338E-002   9.6680607197992194E-002   0.0000000000000000     
  0.10000000000000001       0.11232723209539693        0.0000000000000000     
  0.10666666666666667       0.11003138609783887        0.0000000000000000     
  0.11333333333333334       0.12044532108895908        0.0000000000000000     
  0.12000000000000000       0.12187499360406208        0.0000000000000000     
  0.12666666666666668       0.13263206342341000        0.0000000000000000     
  0.13333333333333333       0.12854790750014494        0.0000000000000000     
  0.13999999999999999       0.14594451089227203        0.0000000000000000     
  0.14666666666666667       0.14812494099547974        0.0000000000000000     
  0.15333333333333332       0.16106134673902223        0.0000000000000000     
  0.16000000000000000       0.16283097519171943        0.0000000000000000     
  0.16666666666666666       0.18236854653192458        0.0000000000000000     
  0.17333333333333334       0.17618931312059760        0.0000000000000000     
  0.17999999999999999       0.18822691049216667        0.0000000000000000     
  0.18666666666666668       0.18738743394873131        0.0000000000000000     
  0.19333333333333336       0.19991684381550465        0.0000000000000000     
  0.20000000000000001       0.19117443961996056        0.0000000000000000     
  0.20666666666666667       0.21322024160084005        0.0000000000000000     
  0.21333333333333335       0.21345682010144218        0.0000000000000000     
  0.22000000000000000       0.22910985529153965        0.0000000000000000     
  0.22666666666666668       0.22875763496395191        0.0000000000000000     
  0.23333333333333334       0.25387206974475796        0.0000000000000000     
  0.24000000000000002       0.24212680719067289        0.0000000000000000     
  0.24666666666666670       0.25649158729336363        0.0000000000000000     
  0.25333333333333335       0.25239975695583988        0.0000000000000000     
  0.26000000000000006       0.26746944810381362        0.0000000000000000     
  0.26666666666666672       0.25205041269043771        0.0000000000000000     
  0.27333333333333337       0.28075987504774863        0.0000000000000000     
  0.28000000000000003       0.27821034608172546        0.0000000000000000     
  0.28666666666666674       0.29775710524486454        0.0000000000000000     
  0.29333333333333339       0.29436365547266408        0.0000000000000000     
  0.30000000000000004       0.32747136548671280        0.0000000000000000     
  0.30666666666666670       0.30774835641468179        0.0000000000000000     
  0.31333333333333335       0.32544866952549323        0.0000000000000000     
  0.32000000000000006       0.31669526565135242        0.0000000000000000     
  0.32666666666666672       0.33540592231099092        0.0000000000000000     
  0.33333333333333337       0.31041732301579861        0.0000000000000000     
  0.34000000000000002       0.34867775824827379        0.0000000000000000     
  0.34666666666666668       0.34213492300044424        0.0000000000000000     
  0.35333333333333333       0.36726252661679509        0.0000000000000000     
  0.35999999999999999       0.35951010620506735        0.0000000000000000     
  0.36666666666666664       0.40407451578418585        0.0000000000000000     
  0.37333333333333329       0.37291706433460753        0.0000000000000000     
  0.38000000000000000       0.39539817110613057        0.0000000000000000     
  0.38666666666666666       0.37996336993850122        0.0000000000000000     
  0.39333333333333337       0.40389259430370822        0.0000000000000000     
  0.40000000000000002       0.36518801311579285        0.0000000000000000     
  0.40666666666666668       0.41713778389495509        0.0000000000000000     
  0.41333333333333333       0.40487137364101361        0.0000000000000000     
  0.42000000000000004       0.43799795844519152        0.0000000000000000     
  0.42666666666666669       0.42399785913178800        0.0000000000000000     
  0.43333333333333335       0.48498306758173232        0.0000000000000000     
  0.44000000000000000       0.43743671831604841        0.0000000000000000     
  0.44666666666666666       0.46677009966277411        0.0000000000000000     
  0.45333333333333337       0.44175890343395607        0.0000000000000000     
  0.46000000000000002       0.47316786052674531        0.0000000000000000     
  0.46666666666666667       0.41480426858297581        0.0000000000000000     
  0.47333333333333333       0.48637485811632386        0.0000000000000000     
  0.47999999999999998       0.46590489207708435        0.0000000000000000     
  0.48666666666666669       0.51049635474689981        0.0000000000000000     
  0.49333333333333335       0.48754150558854825        0.0000000000000000     
  0.50000000000000000       0.57206251804772490        0.0000000000000000     
  0.50666666666666671       0.50102608830778916        0.0000000000000000     
  0.51333333333333331       0.54018078180187623        0.0000000000000000     
  0.52000000000000002       0.50144381260378112        0.0000000000000000     
  0.52666666666666662       0.54357341276044591        0.0000000000000000     
  0.53333333333333333       0.45703271275969781        0.0000000000000000     
  0.54000000000000004       0.55672567004944284        0.0000000000000000     
  0.54666666666666663       0.52449761095636260        0.0000000000000000     
  0.55333333333333334       0.58552159439195095        0.0000000000000000     
  0.55999999999999994       0.54973197154443099        0.0000000000000000     
  0.56666666666666665       0.66798666984426180        0.0000000000000000     
  0.57333333333333336       0.56328208945269531        0.0000000000000000     
  0.57999999999999996       0.61651359368127556        0.0000000000000000     
  0.58666666666666667       0.55810358025303197        0.0000000000000000     
  0.59333333333333327       0.61559899519064476        0.0000000000000000     
  0.59999999999999998       0.48867226415737208        0.0000000000000000     
  0.60666666666666669       0.62867279363022599        0.0000000000000000     
  0.61333333333333329       0.57959195071009384        0.0000000000000000     
  0.62000000000000000       0.66416853905627604        0.0000000000000000     
  0.62666666666666659       0.60998293435504669        0.0000000000000000     
  0.63333333333333330       0.77658786364548038        0.0000000000000000     
  0.64000000000000001       0.62362698334283351        0.0000000000000000     
  0.64666666666666672       0.69703467151522391        0.0000000000000000     
  0.65333333333333332       0.61042743595984206        0.0000000000000000     
  0.66000000000000003       0.68994655437080377        0.0000000000000000     
  0.66666666666666674       0.50513483743827381        0.0000000000000000     
  0.67333333333333334       0.70290789834838330        0.0000000000000000     
  0.68000000000000005       0.62967209072259644        0.0000000000000000     
  0.68666666666666665       0.74800644551140172        0.0000000000000000     
  0.69333333333333336       0.66745402230930551        0.0000000000000000     
  0.69999999999999996       0.90335896369706292        0.0000000000000000     
  0.70666666666666667       0.68123270198682984        0.0000000000000000     
  0.71333333333333337       0.78355875854624235        0.0000000000000000     
  0.71999999999999997       0.65653666261715515        0.0000000000000000     
  0.72666666666666668       0.76762218486655065        0.0000000000000000     
  0.73333333333333339       0.49984436537596738        0.0000000000000000     
  0.74000000000000010       0.78042234873356264        0.0000000000000000     
  0.74666666666666670       0.67256541703005102        0.0000000000000000     
  0.75333333333333341       0.83928451735000098        0.0000000000000000     
  0.76000000000000001       0.72094073713384743        0.0000000000000000     
  0.76666666666666672        1.0561728498358980        0.0000000000000000     
  0.77333333333333343       0.73491238193762531        0.0000000000000000     
  0.78000000000000003       0.87868691222708128        0.0000000000000000     
  0.78666666666666674       0.69373850952701233        0.0000000000000000     
  0.79333333333333333       0.85006791423681782        0.0000000000000000     
  0.80000000000000004       0.46337542167965917        0.0000000000000000     
  0.80666666666666675       0.86263705989805561        0.0000000000000000     
  0.81333333333333335       0.70515793884294453        0.0000000000000000     
  0.82000000000000006       0.94122652068421220        0.0000000000000000     
  0.82666666666666666       0.76871668077007171        0.0000000000000000     
  0.83333333333333337        1.2463136598366964        0.0000000000000000     
  0.84000000000000008       0.78296490099675364        0.0000000000000000     
  0.84666666666666668       0.98614720808599055        0.0000000000000000     
  0.85333333333333339       0.71817347794203656        0.0000000000000000     
  0.85999999999999999       0.93935058942796235        0.0000000000000000     
  0.86666666666666670       0.38221861575095933        0.0000000000000000     
  0.87333333333333341       0.95158861848175369        0.0000000000000000     
  0.88000000000000000       0.72298639724890212        0.0000000000000000     
  0.88666666666666671        1.0584530545472350        0.0000000000000000     
  0.89333333333333331       0.80830742023400637        0.0000000000000000     
  0.90000000000000002        1.4899548610909039        0.0000000000000000     
  0.90666666666666673       0.82295205387506776        0.0000000000000000     
  0.91333333333333333        1.1112830679415293        0.0000000000000000     
  0.92000000000000004       0.72430977816023323        0.0000000000000000     
  0.92666666666666664        1.0384326061814586        0.0000000000000000     
  0.93333333333333335       0.23701104253822641        0.0000000000000000     
  0.94000000000000006        1.0501960483629325        0.0000000000000000     
  0.94666666666666666       0.71965363777142910        0.0000000000000000     
  0.95333333333333337        1.1975867877937398        0.0000000000000000     
  0.95999999999999996       0.83616636986907733        0.0000000000000000     
  0.96666666666666667        1.8102777593114281        0.0000000000000000     
  0.97333333333333338       0.85137917979077371        0.0000000000000000     
  0.97999999999999998        1.2617531769557024        0.0000000000000000     
  0.98666666666666669       0.70421873878926566        0.0000000000000000     
  0.99333333333333329        1.1515599433998933        0.0000000000000000     
   1.0000000000000000        0.0000000000000000        0.0000000000000000     
