X My_beautiful_solution_real My_beautiful_solution_imag
   0.0000000000000000        1.4954533971596413E-017   0.0000000000000000     
   4.1666666666666666E-003  0.85760029319960895        0.0000000000000000     
   8.3333333333333332E-003   1.0451662075324724        0.0000000000000000     
   1.2500000000000001E-002   1.1320021815635046        0.0000000000000000     
   1.6666666666666666E-002  0.77970975494588990        0.0000000000000000     
   2.0833333333333332E-002   1.1121051355355140        0.0000000000000000     
   2.5000000000000001E-002   1.0719024536243775        0.0000000000000000     
   2.9166666666666667E-002  0.82542928389917014        0.0000000000000000     
   3.3333333333333333E-002  0.35055975503236492        0.0000000000000000     
   3.7499999999999999E-002  0.90736950691525653        0.0000000000000000     
   4.1666666666666664E-002   1.0291494678708659        0.0000000000000000     
   4.5833333333333337E-002   1.0855290161734150        0.0000000000000000     
   5.0000000000000003E-002  0.85679791590370324        0.0000000000000000     
   5.4166666666666669E-002   1.0726105629617049        0.0000000000000000     
   5.8333333333333334E-002   1.0465083734948035        0.0000000000000000     
   6.2500000000000000E-002  0.88648200040617153        0.0000000000000000     
   6.6666666666666666E-002  0.57816589249232864        0.0000000000000000     
   7.0833333333333331E-002  0.93968290951103173        0.0000000000000000     
   7.4999999999999997E-002   1.0187503613084388        0.0000000000000000     
   7.9166666666666663E-002   1.0553556219998619        0.0000000000000000     
   8.3333333333333343E-002  0.90684855151610977        0.0000000000000000     
   8.7499999999999994E-002   1.0469681240190876        0.0000000000000000     
   9.1666666666666674E-002   1.0300208890940137        0.0000000000000000     
   9.5833333333333340E-002  0.92612138509342201        0.0000000000000000     
  0.10000000000000001       0.72594256413184255        0.0000000000000000     
  0.10416666666666667       0.96066286698599856        0.0000000000000000     
  0.10833333333333334        1.0119985866288541        0.0000000000000000     
  0.11250000000000000        1.0357650968374221        0.0000000000000000     
  0.11666666666666667       0.93934467146605938        0.0000000000000000     
  0.12083333333333333        1.0303193889632221        0.0000000000000000     
  0.12500000000000000        1.0193161445047523        0.0000000000000000     
  0.12916666666666665       0.95185784545557206        0.0000000000000000     
  0.13333333333333333       0.82188876718488246        0.0000000000000000     
  0.13750000000000001       0.97428441656892428        0.0000000000000000     
  0.14166666666666666        1.0076148964483358        0.0000000000000000     
  0.14583333333333331        1.0230456568588551        0.0000000000000000     
  0.14999999999999999       0.96044326090214760        0.0000000000000000     
  0.15416666666666667        1.0195099499866631        0.0000000000000000     
  0.15833333333333333        1.0123659297881982        0.0000000000000000     
  0.16249999999999998       0.96856762531715213        0.0000000000000000     
  0.16666666666666666       0.88418326724475249        0.0000000000000000     
  0.17083333333333334       0.98312841033113785        0.0000000000000000     
  0.17499999999999999        1.0047687203671241        0.0000000000000000     
  0.17916666666666667        1.0147873711811182        0.0000000000000000     
  0.18333333333333335       0.97414183405113552        0.0000000000000000     
  0.18750000000000000        1.0124917608812531        0.0000000000000000     
  0.19166666666666668        1.0078533994607917        0.0000000000000000     
  0.19583333333333333       0.97941669854220004        0.0000000000000000     
  0.20000000000000001       0.92462889838206797        0.0000000000000000     
  0.20416666666666666       0.98887050488432260        0.0000000000000000     
  0.20833333333333334        1.0029207981938666        0.0000000000000000     
  0.21250000000000002        1.0094255563174073        0.0000000000000000     
  0.21666666666666667       0.98303583650976278        0.0000000000000000     
  0.22083333333333333        1.0079350971703862        0.0000000000000000     
  0.22500000000000001        1.0049235719970047        0.0000000000000000     
  0.22916666666666669       0.98646062077321928        0.0000000000000000     
  0.23333333333333334       0.95088882624927240        0.0000000000000000     
  0.23750000000000002       0.99259864521822772        0.0000000000000000     
  0.24166666666666670        1.0017210072248688        0.0000000000000000     
  0.24583333333333335        1.0059443182306451        0.0000000000000000     
  0.25000000000000000       0.98881039995324915        0.0000000000000000     
  0.25416666666666671        1.0049766154506612        0.0000000000000000     
  0.25833333333333336        1.0030213379188366        0.0000000000000000     
  0.26250000000000007       0.99103399209880882        0.0000000000000000     
  0.26666666666666672       0.96793847517796927        0.0000000000000000     
  0.27083333333333337       0.99501919580661713        0.0000000000000000     
  0.27500000000000002        1.0009420250847560        0.0000000000000000     
  0.27916666666666673        1.0036840726002449        0.0000000000000000     
  0.28333333333333338       0.99255962119733754        0.0000000000000000     
  0.28750000000000003        1.0030557771704369        0.0000000000000000     
  0.29166666666666674        1.0017862841373879        0.0000000000000000     
  0.29583333333333339       0.99400332148601012        0.0000000000000000     
  0.30000000000000004       0.97900821345226352        0.0000000000000000     
  0.30416666666666670       0.99659077429513676        0.0000000000000000     
  0.30833333333333335        1.0004362593386418        0.0000000000000000     
  0.31250000000000006        1.0022165744911167        0.0000000000000000     
  0.31666666666666671       0.99499385888035607        0.0000000000000000     
  0.32083333333333336        1.0018086443339627        0.0000000000000000     
  0.32500000000000007        1.0009844070915617        0.0000000000000000     
  0.32916666666666672       0.99593120277576275        0.0000000000000000     
  0.33333333333333337       0.98619540575011388        0.0000000000000000     
  0.33750000000000002       0.99761114501468573        0.0000000000000000     
  0.34166666666666667        1.0001078834019295        0.0000000000000000     
  0.34583333333333333        1.0012637795066572        0.0000000000000000     
  0.34999999999999998       0.99657432391873546        0.0000000000000000     
  0.35416666666666669        1.0009989247819193        0.0000000000000000     
  0.35833333333333334        1.0004637764872268        0.0000000000000000     
  0.36249999999999999       0.99718290839097679        0.0000000000000000     
  0.36666666666666664       0.99086179729852430        0.0000000000000000     
  0.37083333333333329       0.99827363588798179        0.0000000000000000     
  0.37500000000000000       0.99989468043861984        0.0000000000000000     
  0.37916666666666665        1.0006451631849282        0.0000000000000000     
  0.38333333333333330       0.99760046436301675        0.0000000000000000     
  0.38750000000000001        1.0004732023137213        0.0000000000000000     
  0.39166666666666666        1.0001257493201170        0.0000000000000000     
  0.39583333333333337       0.99799559688766282        0.0000000000000000     
  0.40000000000000002       0.99389152144957915        0.0000000000000000     
  0.40416666666666667       0.99870376794566529        0.0000000000000000     
  0.40833333333333333       0.99975625524212341        0.0000000000000000     
  0.41250000000000003        1.0002435173327242        0.0000000000000000     
  0.41666666666666669       0.99826670131595130        0.0000000000000000     
  0.42083333333333334        1.0001318691782290        0.0000000000000000     
  0.42500000000000004       0.99990628015185623        0.0000000000000000     
  0.42916666666666670       0.99852324698734829        0.0000000000000000     
  0.43333333333333335       0.99585861493846817        0.0000000000000000     
  0.43750000000000000       0.99898303758469820        0.0000000000000000     
  0.44166666666666665       0.99966638062346258        0.0000000000000000     
  0.44583333333333336       0.99998274278648991        0.0000000000000000     
  0.45000000000000001       0.99869926557158528        0.0000000000000000     
  0.45416666666666666       0.99991025356080343        0.0000000000000000     
  0.45833333333333337       0.99976378652855302        0.0000000000000000     
  0.46250000000000002       0.99886583166626841        0.0000000000000000     
  0.46666666666666667       0.99713577965746869        0.0000000000000000     
  0.47083333333333333       0.99916435755351285        0.0000000000000000     
  0.47499999999999998       0.99960802818991767        0.0000000000000000     
  0.47916666666666669       0.99981343103189058        0.0000000000000000     
  0.48333333333333334       0.99898011435132850        0.0000000000000000     
  0.48749999999999999       0.99976636632343741        0.0000000000000000     
  0.49166666666666670       0.99967127042324588        0.0000000000000000     
  0.49583333333333335       0.99908825986688921        0.0000000000000000     
  0.50000000000000000       0.99796499785613213        0.0000000000000000     
  0.50416666666666665       0.99928208224139703        0.0000000000000000     
  0.50833333333333330       0.99957014200412386        0.0000000000000000     
  0.51249999999999996       0.99970350285577247        0.0000000000000000     
  0.51666666666666661       0.99916245960074723        0.0000000000000000     
  0.52083333333333337       0.99967294539346274        0.0000000000000000     
  0.52500000000000002       0.99961120296518857        0.0000000000000000     
  0.52916666666666667       0.99923267468598498        0.0000000000000000     
  0.53333333333333333       0.99850338011079698        0.0000000000000000     
  0.53749999999999998       0.99935851674680887        0.0000000000000000     
  0.54166666666666663       0.99954554383423266        0.0000000000000000     
  0.54583333333333328       0.99963213035164145        0.0000000000000000     
  0.55000000000000004       0.99928084996732147        0.0000000000000000     
  0.55416666666666670       0.99961229046452671        0.0000000000000000     
  0.55833333333333335       0.99957220327421148        0.0000000000000000     
  0.56250000000000000       0.99932643815624822        0.0000000000000000     
  0.56666666666666665       0.99885293280103638        0.0000000000000000     
  0.57083333333333330       0.99940814298683045        0.0000000000000000     
  0.57499999999999996       0.99952957310639656        0.0000000000000000     
  0.57916666666666661       0.99958579069127496        0.0000000000000000     
  0.58333333333333326       0.99935771667452733        0.0000000000000000     
  0.58750000000000002       0.99957290934933818        0.0000000000000000     
  0.59166666666666667       0.99954688214450882        0.0000000000000000     
  0.59583333333333333       0.99938731548456372        0.0000000000000000     
  0.59999999999999998       0.99907988508669399        0.0000000000000000     
  0.60416666666666663       0.99944036356162913        0.0000000000000000     
  0.60833333333333328       0.99951920387369808        0.0000000000000000     
  0.61249999999999993       0.99955570397722604        0.0000000000000000     
  0.61666666666666670       0.99940762352799695        0.0000000000000000     
  0.62083333333333335       0.99954734057429284        0.0000000000000000     
  0.62500000000000000       0.99953044202425945        0.0000000000000000     
  0.62916666666666665       0.99942684099585843        0.0000000000000000     
  0.63333333333333330       0.99922723723532103        0.0000000000000000     
  0.63749999999999996       0.99946128324927430        0.0000000000000000     
  0.64166666666666661       0.99951247149506750        0.0000000000000000     
  0.64583333333333337       0.99953616973042292        0.0000000000000000     
  0.65000000000000002       0.99944002629524975        0.0000000000000000     
  0.65416666666666667       0.99953073966661710        0.0000000000000000     
  0.65833333333333344       0.99951976803154907        0.0000000000000000     
  0.66250000000000009       0.99945250352222514        0.0000000000000000     
  0.66666666666666674       0.99932290781049138        0.0000000000000000     
  0.67083333333333339       0.99947486566777466        0.0000000000000000     
  0.67500000000000004       0.99950810039806237        0.0000000000000000     
  0.67916666666666670       0.99952348683000802        0.0000000000000000     
  0.68333333333333335       0.99946106427405956        0.0000000000000000     
  0.68750000000000000       0.99951996128027987        0.0000000000000000     
  0.69166666666666665       0.99951283778294875        0.0000000000000000     
  0.69583333333333330       0.99946916529934093        0.0000000000000000     
  0.69999999999999996       0.99938502335504664        0.0000000000000000     
  0.70416666666666661       0.99948368425509793        0.0000000000000000     
  0.70833333333333326       0.99950526239828585        0.0000000000000000     
  0.71250000000000002       0.99951525226818450        0.0000000000000000     
  0.71666666666666667       0.99947472349485644        0.0000000000000000     
  0.72083333333333333       0.99951296325256211        0.0000000000000000     
  0.72500000000000009       0.99950833821591811        0.0000000000000000     
  0.72916666666666674       0.99947998320606835        0.0000000000000000     
  0.73333333333333339       0.99942535279666034        0.0000000000000000     
  0.73750000000000004       0.99948940985414347        0.0000000000000000     
  0.74166666666666670       0.99950341978470114        0.0000000000000000     
  0.74583333333333335       0.99950990585638688        0.0000000000000000     
  0.75000000000000000       0.99948359194721570        0.0000000000000000     
  0.75416666666666676       0.99950841967893223        0.0000000000000000     
  0.75833333333333341       0.99950541680506877        0.0000000000000000     
  0.76250000000000007       0.99948700689298731        0.0000000000000000     
  0.76666666666666672       0.99945153728674996        0.0000000000000000     
  0.77083333333333337       0.99949312728452311        0.0000000000000000     
  0.77500000000000002       0.99950222344041162        0.0000000000000000     
  0.77916666666666667       0.99950643461896960        0.0000000000000000     
  0.78333333333333344       0.99948934992187632        0.0000000000000000     
  0.78750000000000009       0.99950546969614185        0.0000000000000000     
  0.79166666666666674       0.99950352003560194        0.0000000000000000     
  0.79583333333333339       0.99949156712623521        0.0000000000000000     
  0.80000000000000004       0.99946853795657875        0.0000000000000000     
  0.80196078431372553       0.99017851669231893        0.0000000000000000     
  0.80392156862745101       0.98037734391768672        0.0000000000000000     
  0.80588235294117649       0.97059317467262107        0.0000000000000000     
  0.80784313725490198       0.96080406604216606        0.0000000000000000     
  0.80980392156862746       0.95094007776325229        0.0000000000000000     
  0.81176470588235294       0.94121002468224513        0.0000000000000000     
  0.81372549019607843       0.93137543378467891        0.0000000000000000     
  0.81568627450980391       0.92153197629878192        0.0000000000000000     
  0.81764705882352950       0.91179701038468475        0.0000000000000000     
  0.81960784313725499       0.90196655002921489        0.0000000000000000     
  0.82156862745098047       0.89211895116502948        0.0000000000000000     
  0.82352941176470595       0.88238918867293081        0.0000000000000000     
  0.82549019607843144       0.87253947296929357        0.0000000000000000     
  0.82745098039215692       0.86272803080032578        0.0000000000000000     
  0.82941176470588240       0.85297019844684074        0.0000000000000000     
  0.83137254901960789       0.84312956642785430        0.0000000000000000     
  0.83333333333333337       0.83341822701461865        0.0000000000000000     
  0.83529411764705885       0.82353222690198191        0.0000000000000000     
  0.83725490196078434       0.81372786630460803        0.0000000000000000     
  0.83921568627450982       0.80392078995683891        0.0000000000000000     
  0.84117647058823530       0.79411450251220828        0.0000000000000000     
  0.84313725490196079       0.78432017461006676        0.0000000000000000     
  0.84509803921568627       0.77450445499838338        0.0000000000000000     
  0.84705882352941175       0.76470543183874018        0.0000000000000000     
  0.84901960784313724       0.75490782482276197        0.0000000000000000     
  0.85098039215686283       0.74509288987336464        0.0000000000000000     
  0.85294117647058831       0.73529320699649736        0.0000000000000000     
  0.85490196078431380       0.72549626142846280        0.0000000000000000     
  0.85686274509803928       0.71568049540483136        0.0000000000000000     
  0.85882352941176476       0.70588388793175427        0.0000000000000000     
  0.86078431372549025       0.69608116752981364        0.0000000000000000     
  0.86274509803921573       0.68626988473636619        0.0000000000000000     
  0.86470588235294121       0.67647182644567416        0.0000000000000000     
  0.86666666666666670       0.66665311794567450        0.0000000000000000     
  0.86862745098039218       0.65686230570456938        0.0000000000000000     
  0.87058823529411766       0.64705845425623953        0.0000000000000000     
  0.87254901960784315       0.63725503655903482        0.0000000000000000     
  0.87450980392156863       0.62745149286069868        0.0000000000000000     
  0.87647058823529411       0.61764603902176618        0.0000000000000000     
  0.87843137254901960       0.60784400179955012        0.0000000000000000     
  0.88039215686274508       0.59803929787241317        0.0000000000000000     
  0.88235294117647056       0.58823436776325333        0.0000000000000000     
  0.88431372549019616       0.57843220521724026        0.0000000000000000     
  0.88627450980392164       0.56862760665806711        0.0000000000000000     
  0.88823529411764712       0.55882257090451593        0.0000000000000000     
  0.89019607843137261       0.54902054109507104        0.0000000000000000     
  0.89215686274509809       0.53921545134205651        0.0000000000000000     
  0.89411764705882357       0.52941133792685446        0.0000000000000000     
  0.89607843137254906       0.51960859206995569        0.0000000000000000     
  0.89803921568627454       0.50980373403697343        0.0000000000000000     
  0.90000000000000002       0.50000217419060355        0.0000000000000000     
  0.90196078431372551       0.49019615884134138        0.0000000000000000     
  0.90392156862745099       0.48039222607332305        0.0000000000000000     
  0.90588235294117647       0.47058822402793132        0.0000000000000000     
  0.90784313725490196       0.46078424210704660        0.0000000000000000     
  0.90980392156862744       0.45098056526782571        0.0000000000000000     
  0.91176470588235292       0.44117634273729905        0.0000000000000000     
  0.91372549019607840       0.43137254612451986        0.0000000000000000     
  0.91568627450980389       0.42156878563682326        0.0000000000000000     
  0.91764705882352948       0.41176458312262099        0.0000000000000000     
  0.91960784313725497       0.40196076968080036        0.0000000000000000     
  0.92156862745098045       0.39215702606629360        0.0000000000000000     
  0.92352941176470593       0.38235280235182267        0.0000000000000000     
  0.92549019607843142       0.37254906736194227        0.0000000000000000     
  0.92745098039215690       0.36274517643444731        0.0000000000000000     
  0.92941176470588238       0.35294106708483131        0.0000000000000000     
  0.93137254901960786       0.34313729508535118        0.0000000000000000     
  0.93333333333333335       0.33333299630984092        0.0000000000000000     
  0.93529411764705883       0.32352940915330108        0.0000000000000000     
  0.93725490196078431       0.31372548937340716        0.0000000000000000     
  0.93921568627450980       0.30392158065827496        0.0000000000000000     
  0.94117647058823528       0.29411766872892053        0.0000000000000000     
  0.94313725490196076       0.28431370807288120        0.0000000000000000     
  0.94509803921568625       0.27450983457294170        0.0000000000000000     
  0.94705882352941173       0.26470589304675957        0.0000000000000000     
  0.94901960784313721       0.25490194575079250        0.0000000000000000     
  0.95098039215686281       0.24509806905390907        0.0000000000000000     
  0.95294117647058829       0.23529413021560816        0.0000000000000000     
  0.95490196078431377       0.22549018022470760        0.0000000000000000     
  0.95686274509803926       0.21568630691386409        0.0000000000000000     
  0.95882352941176474       0.20588235554546616        0.0000000000000000     
  0.96078431372549022       0.19607842908293288        0.0000000000000000     
  0.96274509803921571       0.18627453750609529        0.0000000000000000     
  0.96470588235294119       0.17647059204875273        0.0000000000000000     
  0.96666666666666667       0.16666673072641655        0.0000000000000000     
  0.96862745098039216       0.15686275574654820        0.0000000000000000     
  0.97058823529411764       0.14705883389223079        0.0000000000000000     
  0.97254901960784312       0.13725491027068309        0.0000000000000000     
  0.97450980392156861       0.12745098716250108        0.0000000000000000     
  0.97647058823529409       0.11764707183679284        0.0000000000000000     
  0.97843137254901957       0.10784314259078423        0.0000000000000000     
  0.98039215686274506        9.8039224209715323E-002   0.0000000000000000     
  0.98235294117647054        8.8235306750178460E-002   0.0000000000000000     
  0.98431372549019613        7.8431378014776204E-002   0.0000000000000000     
  0.98627450980392162        6.8627459204407298E-002   0.0000000000000000     
  0.98823529411764710        5.8823542175296423E-002   0.0000000000000000     
  0.99019607843137258        4.9019612899086067E-002   0.0000000000000000     
  0.99215686274509807        3.9215696089985048E-002   0.0000000000000000     
  0.99411764705882355        2.9411775302996764E-002   0.0000000000000000     
  0.99607843137254903        1.9607848944174572E-002   0.0000000000000000     
  0.99803921568627452        9.8039311909780356E-003   0.0000000000000000     
   1.0000000000000000        8.1572303086256161E-024   0.0000000000000000     
