X My_beautiful_solution_real My_beautiful_solution_imag
   0.0000000000000000        0.0000000000000000        0.0000000000000000     
   1.1111111111111110E-002   1.5785331233219728        0.0000000000000000     
   2.2222222222222220E-002  0.69051485736548313        0.0000000000000000     
   3.3333333333333333E-002   2.1818221948190644        0.0000000000000000     
   4.4444444444444439E-002  0.71294644939270024        0.0000000000000000     
   5.5555555555555552E-002   1.5392759530866242        0.0000000000000000     
   6.6666666666666666E-002  0.15156660153877682        0.0000000000000000     
   7.7777777777777779E-002   1.5184026366048398        0.0000000000000000     
   8.8888888888888892E-002  0.74947650653298092        0.0000000000000000     
  0.10000000000000001        2.0407846064861110        0.0000000000000000     
  0.11111111111111112       0.76889979759587557        0.0000000000000000     
  0.12222222222222222        1.4844102457454846        0.0000000000000000     
  0.13333333333333333       0.28280660508062677        0.0000000000000000     
  0.14444444444444443        1.4663362498836809        0.0000000000000000     
  0.15555555555555556       0.80053080851649561        0.0000000000000000     
  0.16666666666666666        1.9186615701151031        0.0000000000000000     
  0.17777777777777778       0.81734924187851987        0.0000000000000000     
  0.18888888888888888        1.4369025788012291        0.0000000000000000     
  0.20000000000000001       0.39644601082568293        0.0000000000000000     
  0.21111111111111111        1.4212524866513987        0.0000000000000000     
  0.22222222222222224       0.84473821770240876        0.0000000000000000     
  0.23333333333333334        1.8129164550095704        0.0000000000000000     
  0.24444444444444446       0.85930113084812387        0.0000000000000000     
  0.25555555555555559        1.3957661654045488        0.0000000000000000     
  0.26666666666666672       0.49484523506808992        0.0000000000000000     
  0.27777777777777785        1.3822149072228598        0.0000000000000000     
  0.28888888888888892       0.88301697093189202        0.0000000000000000     
  0.30000000000000004        1.7213528180335713        0.0000000000000000     
  0.31111111111111117       0.89562685169334988        0.0000000000000000     
  0.32222222222222224        1.3601465566974329        0.0000000000000000     
  0.33333333333333337       0.58004813865622484        0.0000000000000000     
  0.34444444444444444        1.3484126578456652        0.0000000000000000     
  0.35555555555555557       0.91616216029691655        0.0000000000000000     
  0.36666666666666664        1.6420687810555370        0.0000000000000000     
  0.37777777777777777       0.92708092986089041        0.0000000000000000     
  0.38888888888888890        1.3293038939642021        0.0000000000000000     
  0.40000000000000002       0.65382448024571238        0.0000000000000000     
  0.41111111111111115        1.3191436283698659        0.0000000000000000     
  0.42222222222222222       0.94486224808339325        0.0000000000000000     
  0.43333333333333335        1.5734175268334976        0.0000000000000000     
  0.44444444444444448       0.95431670138444913        0.0000000000000000     
  0.45555555555555555        1.3025975409467636        0.0000000000000000     
  0.46666666666666667       0.71770667614644734        0.0000000000000000     
  0.47777777777777780        1.2937998686426431        0.0000000000000000     
  0.48888888888888887       0.96971336689524346        0.0000000000000000     
  0.50000000000000000        1.5139730927973636        0.0000000000000000     
  0.51111111111111107       0.97789988339768941        0.0000000000000000     
  0.52222222222222225        1.2794727771200685        0.0000000000000000     
  0.53333333333333333       0.77302163030624327        0.0000000000000000     
  0.54444444444444440        1.2718549607104466        0.0000000000000000     
  0.55555555555555558       0.99123170198868937        0.0000000000000000     
  0.56666666666666665        1.4625007522273381        0.0000000000000000     
  0.57777777777777772       0.99832032470549215        0.0000000000000000     
  0.58888888888888891        1.2594492755325939        0.0000000000000000     
  0.59999999999999998       0.82091829557515117        0.0000000000000000     
  0.61111111111111105        1.2528530845351713        0.0000000000000000     
  0.62222222222222223        1.0098642130116138        0.0000000000000000     
  0.63333333333333330        1.4179313676126868        0.0000000000000000     
  0.64444444444444449        1.0160021804860775        0.0000000000000000     
  0.65555555555555556        1.2421111258836552        0.0000000000000000     
  0.66666666666666674       0.86239153872843310        0.0000000000000000     
  0.67777777777777781        1.2363995501072258        0.0000000000000000     
  0.68888888888888888        1.0259979178503849        0.0000000000000000     
  0.69999999999999996        1.3793391834817494        0.0000000000000000     
  0.71111111111111114        1.0313127224637364        0.0000000000000000     
  0.72222222222222221        1.2270981956059137        0.0000000000000000     
  0.73333333333333339       0.89830280495113080        0.0000000000000000     
  0.74444444444444446        1.2221525992969791        0.0000000000000000     
  0.75555555555555565        1.0399679314199082        0.0000000000000000     
  0.76666666666666672        1.3459225974356732        0.0000000000000000     
  0.77777777777777779        1.0445699675492337        0.0000000000000000     
  0.78888888888888897        1.2140986495131676        0.0000000000000000     
  0.80000000000000004       0.92939801100847064        0.0000000000000000     
  0.81111111111111112        1.1549591148523326        0.0000000000000000     
  0.82222222222222230       0.94125880786704363        0.0000000000000000     
  0.83333333333333337        1.1512861093633133        0.0000000000000000     
  0.84444444444444444       0.83414247781091078        0.0000000000000000     
  0.85555555555555562       0.92574569023404618        0.0000000000000000     
  0.86666666666666670       0.62305676043323466        0.0000000000000000     
  0.87777777777777777       0.81091730711055121        0.0000000000000000     
  0.88888888888888895       0.61842579385027097        0.0000000000000000     
  0.90000000000000002       0.79283577652193593        0.0000000000000000     
  0.91111111111111109       0.51077372367879659        0.0000000000000000     
  0.92222222222222228       0.58264147269470512        0.0000000000000000     
  0.93333333333333335       0.31309560144972476        0.0000000000000000     
  0.94444444444444442       0.46831161294689971        0.0000000000000000     
  0.95555555555555560       0.29418458193620262        0.0000000000000000     
  0.96666666666666667       0.43775388466099718        0.0000000000000000     
  0.97777777777777775       0.18606861976001804        0.0000000000000000     
  0.98888888888888893       0.24084762850485963        0.0000000000000000     
   1.0000000000000000        0.0000000000000000        0.0000000000000000     
