X My_beautiful_solution_real My_beautiful_solution_imag
   0.0000000000000000        1.4954535254715940E-017   0.0000000000000000     
   4.1666666666666666E-003  0.85760036678288887        0.0000000000000000     
   8.3333333333333332E-003   1.0451662972091653        0.0000000000000000     
   1.2500000000000001E-002   1.1320022786908435        0.0000000000000000     
   1.6666666666666666E-002  0.77970982184605531        0.0000000000000000     
   2.0833333333333332E-002   1.1121052309556585        0.0000000000000000     
   2.5000000000000001E-002   1.0719025455950768        0.0000000000000000     
   2.9166666666666667E-002  0.82542935472213386        0.0000000000000000     
   3.3333333333333333E-002  0.35055978511087277        0.0000000000000000     
   3.7499999999999999E-002  0.90736958476880347        0.0000000000000000     
   4.1666666666666664E-002   1.0291495561733004        0.0000000000000000     
   4.5833333333333337E-002   1.0855291093132919        0.0000000000000000     
   5.0000000000000003E-002  0.85679798941813878        0.0000000000000000     
   5.4166666666666669E-002   1.0726106549931611        0.0000000000000000     
   5.8333333333333334E-002   1.0465084632866559        0.0000000000000000     
   6.2500000000000000E-002  0.88648207646754229        0.0000000000000000     
   6.6666666666666666E-002  0.57816594209975469        0.0000000000000000     
   7.0833333333333331E-002  0.93968299013711287        0.0000000000000000     
   7.4999999999999997E-002   1.0187504487186159        0.0000000000000000     
   7.9166666666666663E-002   1.0553557125508199        0.0000000000000000     
   8.3333333333333343E-002  0.90684862932495824        0.0000000000000000     
   8.7499999999999994E-002   1.0469682138503873        0.0000000000000000     
   9.1666666666666674E-002   1.0300209774712175        0.0000000000000000     
   9.5833333333333340E-002  0.92612146455590638        0.0000000000000000     
  0.10000000000000001       0.72594262641870977        0.0000000000000000     
  0.10416666666666667       0.96066294941219010        0.0000000000000000     
  0.10833333333333334        1.0119986734597204        0.0000000000000000     
  0.11250000000000000        1.0357651857074879        0.0000000000000000     
  0.11666666666666667       0.93934475206311996        0.0000000000000000     
  0.12083333333333333        1.0303194773660387        0.0000000000000000     
  0.12500000000000000        1.0193162319634752        0.0000000000000000     
  0.12916666666666665       0.95185792712628059        0.0000000000000000     
  0.13333333333333333       0.82188883770406529        0.0000000000000000     
  0.13750000000000001       0.97428450016386303        0.0000000000000000     
  0.14166666666666666        1.0076149829030758        0.0000000000000000     
  0.14583333333333331        1.0230457446375758        0.0000000000000000     
  0.14999999999999999       0.96044334330949688        0.0000000000000000     
  0.15416666666666667        1.0195100374620154        0.0000000000000000     
  0.15833333333333333        1.0123660166505837        0.0000000000000000     
  0.16249999999999998       0.96856770842158324        0.0000000000000000     
  0.16666666666666666       0.88418334310888991        0.0000000000000000     
  0.17083333333333334       0.98312849468490304        0.0000000000000000     
  0.17499999999999999        1.0047688065776579        0.0000000000000000     
  0.17916666666666667        1.0147874582512655        0.0000000000000000     
  0.18333333333333335       0.97414191763384050        0.0000000000000000     
  0.18750000000000000        1.0124918477544345        0.0000000000000000     
  0.19166666666666668        1.0078534859359953        0.0000000000000000     
  0.19583333333333333       0.97941678257749576        0.0000000000000000     
  0.20000000000000001       0.92462897771649577        0.0000000000000000     
  0.20416666666666666       0.98887058973076802        0.0000000000000000     
  0.20833333333333334        1.0029208842458464        0.0000000000000000     
  0.21250000000000002        1.0094256429275039        0.0000000000000000     
  0.21666666666666667       0.98303592085558567        0.0000000000000000     
  0.22083333333333333        1.0079351836525996        0.0000000000000000     
  0.22500000000000001        1.0049236582208250        0.0000000000000000     
  0.22916666666666669       0.98646070541289321        0.0000000000000000     
  0.23333333333333334       0.95088890783683777        0.0000000000000000     
  0.23750000000000002       0.99259873038455304        0.0000000000000000     
  0.24166666666666670        1.0017210931739053        0.0000000000000000     
  0.24583333333333335        1.0059444045420469        0.0000000000000000     
  0.25000000000000000       0.98881048479453748        0.0000000000000000     
  0.25416666666666671        1.0049767016790332        0.0000000000000000     
  0.25833333333333336        1.0030214239794428        0.0000000000000000     
  0.26250000000000007       0.99103407713088443        0.0000000000000000     
  0.26666666666666672       0.96793855822841779        0.0000000000000000     
  0.27083333333333337       0.99501928118062821        0.0000000000000000     
  0.27500000000000002        1.0009421109669541        0.0000000000000000     
  0.27916666666666673        1.0036841587177139        0.0000000000000000     
  0.28333333333333338       0.99255970636031354        0.0000000000000000     
  0.28750000000000003        1.0030558632339974        0.0000000000000000     
  0.29166666666666674        1.0017863700920242        0.0000000000000000     
  0.29583333333333339       0.99400340677285759        0.0000000000000000     
  0.30000000000000004       0.97900829745251072        0.0000000000000000     
  0.30416666666666670       0.99659085980399198        0.0000000000000000     
  0.30833333333333335        1.0004363451774454        0.0000000000000000     
  0.31250000000000006        1.0022166604826741        0.0000000000000000     
  0.31666666666666671       0.99499394425219423        0.0000000000000000     
  0.32083333333333336        1.0018087302905190        0.0000000000000000     
  0.32500000000000007        1.0009844929773972        0.0000000000000000     
  0.32916666666666672       0.99593128822802612        0.0000000000000000     
  0.33333333333333337       0.98619549036703213        0.0000000000000000     
  0.33750000000000002       0.99761123061109003        0.0000000000000000     
  0.34166666666666667        1.0001079692125572        0.0000000000000000     
  0.34583333333333333        1.0012638654164623        0.0000000000000000     
  0.34999999999999998       0.99657440942617892        0.0000000000000000     
  0.35416666666666669        1.0009990106689990        0.0000000000000000     
  0.35833333333333334        1.0004638623283901        0.0000000000000000     
  0.36249999999999999       0.99718299395063714        0.0000000000000000     
  0.36666666666666664       0.99086188231582462        0.0000000000000000     
  0.37083333333333329       0.99827372154122762        0.0000000000000000     
  0.37500000000000000       0.99989476623095341        0.0000000000000000     
  0.37916666666666665        1.0006452490416546        0.0000000000000000     
  0.38333333333333330       0.99760054995850400        0.0000000000000000     
  0.38750000000000001        1.0004732881556926        0.0000000000000000     
  0.39166666666666666        1.0001258351322762        0.0000000000000000     
  0.39583333333333337       0.99799568251705240        0.0000000000000000     
  0.40000000000000002       0.99389160672683363        0.0000000000000000     
  0.40416666666666667       0.99870385363581737        0.0000000000000000     
  0.40833333333333333       0.99975634102258115        0.0000000000000000     
  0.41250000000000003        1.0002436031549897        0.0000000000000000     
  0.41666666666666669       0.99826678696860283        0.0000000000000000     
  0.42083333333333334        1.0001319549909145        0.0000000000000000     
  0.42500000000000004       0.99990636594518612        0.0000000000000000     
  0.42916666666666670       0.99852333266201143        0.0000000000000000     
  0.43333333333333335       0.99585870038450197        0.0000000000000000     
  0.43750000000000000       0.99898312329881211        0.0000000000000000     
  0.44166666666666665       0.99966646639620860        0.0000000000000000     
  0.44583333333333336       0.99998282858638010        0.0000000000000000     
  0.45000000000000001       0.99869935126135079        0.0000000000000000     
  0.45416666666666666       0.99991033935447349        0.0000000000000000     
  0.45833333333333337       0.99976387230965613        0.0000000000000000     
  0.46250000000000002       0.99886591737032571        0.0000000000000000     
  0.46666666666666667       0.99713586521308473        0.0000000000000000     
  0.47083333333333333       0.99916444328318466        0.0000000000000000     
  0.47499999999999998       0.99960811395765770        0.0000000000000000     
  0.47916666666666669       0.99981351681725439        0.0000000000000000     
  0.48333333333333334       0.99898020006519239        0.0000000000000000     
  0.48749999999999999       0.99976645210476334        0.0000000000000000     
  0.49166666666666670       0.99967135619641223        0.0000000000000000     
  0.49583333333333335       0.99908834559003201        0.0000000000000000     
  0.50000000000000000       0.99796508348289636        0.0000000000000000     
  0.50416666666666665       0.99928216798117087        0.0000000000000000     
  0.50833333333333330       0.99957022776861382        0.0000000000000000     
  0.51249999999999996       0.99970358863170483        0.0000000000000000     
  0.51666666666666661       0.99916254533025706        0.0000000000000000     
  0.52083333333333337       0.99967303116677320        0.0000000000000000     
  0.52500000000000002       0.99961128873320138        0.0000000000000000     
  0.52916666666666667       0.99923276042151910        0.0000000000000000     
  0.53333333333333333       0.99850346578375593        0.0000000000000000     
  0.53749999999999998       0.99935860249314123        0.0000000000000000     
  0.54166666666666663       0.99954562959661220        0.0000000000000000     
  0.54583333333333328       0.99963221612145059        0.0000000000000000     
  0.55000000000000004       0.99928093570698973        0.0000000000000000     
  0.55416666666666670       0.99961237623263355        0.0000000000000000     
  0.55833333333333335       0.99957228903887874        0.0000000000000000     
  0.56250000000000000       0.99932652389982812        0.0000000000000000     
  0.56666666666666665       0.99885301850398822        0.0000000000000000     
  0.57083333333333330       0.99940822873742186        0.0000000000000000     
  0.57499999999999996       0.99952965886740708        0.0000000000000000     
  0.57916666666666661       0.99958587645710917        0.0000000000000000     
  0.58333333333333326       0.99935780242079164        0.0000000000000000     
  0.58750000000000002       0.99957299511406728        0.0000000000000000     
  0.59166666666666667       0.99954696790700426        0.0000000000000000     
  0.59583333333333333       0.99938740123336756        0.0000000000000000     
  0.59999999999999998       0.99907997080911903        0.0000000000000000     
  0.60416666666666663       0.99944044931498399        0.0000000000000000     
  0.60833333333333328       0.99951928963381764        0.0000000000000000     
  0.61249999999999993       0.99955578974047743        0.0000000000000000     
  0.61666666666666670       0.99940770927854261        0.0000000000000000     
  0.62083333333333335       0.99954742633682681        0.0000000000000000     
  0.62500000000000000       0.99953052778534313        0.0000000000000000     
  0.62916666666666665       0.99942692674805300        0.0000000000000000     
  0.63333333333333330       0.99922732297038941        0.0000000000000000     
  0.63749999999999996       0.99946136900442550        0.0000000000000000     
  0.64166666666666661       0.99951255725461108        0.0000000000000000     
  0.64583333333333337       0.99953625549199976        0.0000000000000000     
  0.65000000000000002       0.99944011204857697        0.0000000000000000     
  0.65416666666666667       0.99953082542772809        0.0000000000000000     
  0.65833333333333344       0.99951985379171837        0.0000000000000000     
  0.66250000000000009       0.99945258927662262        0.0000000000000000     
  0.66666666666666674       0.99932299355376852        0.0000000000000000     
  0.67083333333333339       0.99947495142409049        0.0000000000000000     
  0.67500000000000004       0.99950818615723003        0.0000000000000000     
  0.67916666666666670       0.99952357259049618        0.0000000000000000     
  0.68333333333333335       0.99946115002919123        0.0000000000000000     
  0.68750000000000000       0.99952004704046538        0.0000000000000000     
  0.69166666666666665       0.99951292354252308        0.0000000000000000     
  0.69583333333333330       0.99946925105516826        0.0000000000000000     
  0.69999999999999996       0.99938510910365386        0.0000000000000000     
  0.70416666666666661       0.99948377001217026        0.0000000000000000     
  0.70833333333333326       0.99950534815720993        0.0000000000000000     
  0.71250000000000002       0.99951533802796577        0.0000000000000000     
  0.71666666666666667       0.99947480925116028        0.0000000000000000     
  0.72083333333333333       0.99951304901214677        0.0000000000000000     
  0.72500000000000009       0.99950842397510642        0.0000000000000000     
  0.72916666666666674       0.99948006896282326        0.0000000000000000     
  0.73333333333333339       0.99942543854872812        0.0000000000000000     
  0.73750000000000004       0.99948949561170786        0.0000000000000000     
  0.74166666666666670       0.99950350554346790        0.0000000000000000     
  0.74583333333333335       0.99950999161571041        0.0000000000000000     
  0.75000000000000000       0.99948367770428082        0.0000000000000000     
  0.75416666666666676       0.99950850543812775        0.0000000000000000     
  0.75833333333333341       0.99950550256400650        0.0000000000000000     
  0.76250000000000007       0.99948709265034541        0.0000000000000000     
  0.76666666666666672       0.99945162304106394        0.0000000000000000     
  0.77083333333333337       0.99949321304240701        0.0000000000000000     
  0.77500000000000002       0.99950230919907679        0.0000000000000000     
  0.77916666666666667       0.99950652037799570        0.0000000000000000     
  0.78333333333333344       0.99948943567943627        0.0000000000000000     
  0.78750000000000009       0.99950555545508568        0.0000000000000000     
  0.79166666666666674       0.99950360579437791        0.0000000000000000     
  0.79583333333333339       0.99949165288398523        0.0000000000000000     
  0.80000000000000004       0.99946862371235201        0.0000000000000000     
  0.80222222222222228       0.98883882534977530        0.0000000000000000     
  0.80444444444444452       0.97779902655706430        0.0000000000000000     
  0.80666666666666675       0.96663032016964290        0.0000000000000000     
  0.80888888888888888       0.95560998968557465        0.0000000000000000     
  0.81111111111111112       0.94440183231984798        0.0000000000000000     
  0.81333333333333335       0.93332941424997118        0.0000000000000000     
  0.81555555555555559       0.92226965226895874        0.0000000000000000     
  0.81777777777777783       0.91106885694269912        0.0000000000000000     
  0.82000000000000006       0.89999411610253133        0.0000000000000000     
  0.82222222222222230       0.88893719818843009        0.0000000000000000     
  0.82444444444444454       0.87772740958337769        0.0000000000000000     
  0.82666666666666666       0.86669158521581935        0.0000000000000000     
  0.82888888888888890       0.85555139345298592        0.0000000000000000     
  0.83111111111111113       0.84447126722513322        0.0000000000000000     
  0.83333333333333337       0.83345947517173580        0.0000000000000000     
  0.83555555555555561       0.82223421264501551        0.0000000000000000     
  0.83777777777777784       0.81110618861788142        0.0000000000000000     
  0.84000000000000008       0.80000873719549359        0.0000000000000000     
  0.84222222222222221       0.78887609593144503        0.0000000000000000     
  0.84444444444444444       0.77778800097225853        0.0000000000000000     
  0.84666666666666668       0.76666771315547289        0.0000000000000000     
  0.84888888888888892       0.75554442373429476        0.0000000000000000     
  0.85111111111111115       0.74445458274359499        0.0000000000000000     
  0.85333333333333339       0.73333484581086017        0.0000000000000000     
  0.85555555555555562       0.72221088187136662        0.0000000000000000     
  0.85777777777777786       0.71112317378802936        0.0000000000000000     
  0.85999999999999999       0.69999420715911032        0.0000000000000000     
  0.86222222222222222       0.68888999301378806        0.0000000000000000     
  0.86444444444444446       0.67777153331634432        0.0000000000000000     
  0.86666666666666670       0.66663686701981861        0.0000000000000000     
  0.86888888888888893       0.65555282883732680        0.0000000000000000     
  0.87111111111111117       0.64444572890878071        0.0000000000000000     
  0.87333333333333341       0.63333137817268770        0.0000000000000000     
  0.87555555555555553       0.62222537329955496        0.0000000000000000     
  0.87777777777777777       0.61110880352080577        0.0000000000000000     
  0.88000000000000000       0.59999986881982903        0.0000000000000000     
  0.88222222222222224       0.58889164599983057        0.0000000000000000     
  0.88444444444444448       0.57777549032182907        0.0000000000000000     
  0.88666666666666671       0.56666642496943154        0.0000000000000000     
  0.88888888888888895       0.55555836212279874        0.0000000000000000     
  0.89111111111111119       0.54444170058993357        0.0000000000000000     
  0.89333333333333331       0.53333482421526091        0.0000000000000000     
  0.89555555555555555       0.52222207737268200        0.0000000000000000     
  0.89777777777777779       0.51111270910244899        0.0000000000000000     
  0.90000000000000002       0.50000718449983672        0.0000000000000000     
  0.90222222222222226       0.48888965258824502        0.0000000000000000     
  0.90444444444444450       0.47777759015770577        0.0000000000000000     
  0.90666666666666673       0.46666724737816090        0.0000000000000000     
  0.90888888888888886       0.45555492523680902        0.0000000000000000     
  0.91111111111111109       0.44444510874056115        0.0000000000000000     
  0.91333333333333333       0.43333348145717265        0.0000000000000000     
  0.91555555555555557       0.42222168533923365        0.0000000000000000     
  0.91777777777777780       0.41111177063202708        0.0000000000000000     
  0.92000000000000004       0.40000017433482077        0.0000000000000000     
  0.92222222222222228       0.38888834027650643        0.0000000000000000     
  0.92444444444444451       0.37777854554129087        0.0000000000000000     
  0.92666666666666664       0.36666643009119138        0.0000000000000000     
  0.92888888888888888       0.35555570692131566        0.0000000000000000     
  0.93111111111111111       0.34444418246617087        0.0000000000000000     
  0.93333333333333335       0.33333174642058594        0.0000000000000000     
  0.93555555555555558       0.32222215811032745        0.0000000000000000     
  0.93777777777777782       0.31111127262062221        0.0000000000000000     
  0.94000000000000006       0.29999997928675454        0.0000000000000000     
  0.94222222222222218       0.28888915539183851        0.0000000000000000     
  0.94444444444444442       0.27777773724103272        0.0000000000000000     
  0.94666666666666666       0.26666674854886124        0.0000000000000000     
  0.94888888888888889       0.25555579989864363        0.0000000000000000     
  0.95111111111111113       0.24444440504021900        0.0000000000000000     
  0.95333333333333337       0.23333340899915300        0.0000000000000000     
  0.95555555555555560       0.22222246934713347        0.0000000000000000     
  0.95777777777777784       0.21111104603533279        0.0000000000000000     
  0.95999999999999996       0.20000017312010940        0.0000000000000000     
  0.96222222222222220       0.18888897000220736        0.0000000000000000     
  0.96444444444444444       0.17777795692258824        0.0000000000000000     
  0.96666666666666667       0.16666716004197774        0.0000000000000000     
  0.96888888888888891       0.15555568777302536        0.0000000000000000     
  0.97111111111111115       0.14444452315200162        0.0000000000000000     
  0.97333333333333338       0.13333345525808291        0.0000000000000000     
  0.97555555555555551       0.12222227602881910        0.0000000000000000     
  0.97777777777777775       0.11111123773733703        0.0000000000000000     
  0.97999999999999998       0.10000009759251502        0.0000000000000000     
  0.98222222222222222        8.8888947951069996E-002   0.0000000000000000     
  0.98444444444444446        7.7777904135407958E-002   0.0000000000000000     
  0.98666666666666669        6.6666765733499903E-002   0.0000000000000000     
  0.98888888888888893        5.5555613957980685E-002   0.0000000000000000     
  0.99111111111111116        4.4444576890515383E-002   0.0000000000000000     
  0.99333333333333329        3.3333409287242322E-002   0.0000000000000000     
  0.99555555555555553        2.2222319997089315E-002   0.0000000000000000     
  0.99777777777777776        1.1111185636160795E-002   0.0000000000000000     
   1.0000000000000000        5.6096728695205290E-023   0.0000000000000000     
