X My_beautiful_solution_real My_beautiful_solution_imag
   0.0000000000000000       -2.8440341569410375E-023   0.0000000000000000     
   4.1666666666666666E-003   4.1675697674672177E-003   0.0000000000000000     
   8.3333333333333332E-003   8.3347051736578238E-003   0.0000000000000000     
   1.2500000000000001E-002   1.2501448297271105E-002   0.0000000000000000     
   1.6666666666666666E-002   1.6667482818651404E-002   0.0000000000000000     
   2.0833333333333332E-002   2.0834819470552265E-002   0.0000000000000000     
   2.5000000000000001E-002   2.5001320993673394E-002   0.0000000000000000     
   2.9166666666666667E-002   2.9167630949881521E-002   0.0000000000000000     
   3.3333333333333333E-002   3.3332666643271808E-002   0.0000000000000000     
   3.7499999999999999E-002   3.7500724268894774E-002   0.0000000000000000     
   4.1666666666666664E-002   4.1668112889786925E-002   0.0000000000000000     
   4.5833333333333337E-002   4.5834897315705503E-002   0.0000000000000000     
   5.0000000000000003E-002   5.0000590350029891E-002   0.0000000000000000     
   5.4166666666666669E-002   5.4168288930256506E-002   0.0000000000000000     
   5.8333333333333334E-002   5.8334701242266848E-002   0.0000000000000000     
   6.2500000000000000E-002   6.2500818502259539E-002   0.0000000000000000     
   6.6666666666666666E-002   6.6664973138281444E-002   0.0000000000000000     
   7.0833333333333331E-002   7.0833782164712394E-002   0.0000000000000000     
   7.4999999999999997E-002   7.5001560787758020E-002   0.0000000000000000     
   7.9166666666666663E-002   7.9168408827629114E-002   0.0000000000000000     
   8.3333333333333343E-002   8.3333575902416482E-002   0.0000000000000000     
   8.7499999999999994E-002   8.7501831925894155E-002   0.0000000000000000     
   9.1666666666666674E-002   9.1668106834645158E-002   0.0000000000000000     
   9.5833333333333340E-002   9.5833927303264579E-002   0.0000000000000000     
  0.10000000000000001        9.9996724931700115E-002   0.0000000000000000     
  0.10416666666666667       0.10416669126823751        0.0000000000000000     
  0.10833333333333334       0.10833507057394003        0.0000000000000000     
  0.11250000000000000       0.11250201659223939        0.0000000000000000     
  0.11666666666666667       0.11666637358234060        0.0000000000000000     
  0.12083333333333333       0.12083548818182906        0.0000000000000000     
  0.12500000000000000       0.12500155146160777        0.0000000000000000     
  0.12916666666666665       0.12916691481113432        0.0000000000000000     
  0.13333333333333333       0.13332762237182227        0.0000000000000000     
  0.13750000000000001       0.13749937120136232        0.0000000000000000     
  0.14166666666666666       0.14166867568055716        0.0000000000000000     
  0.14583333333333331       0.14583577260556840        0.0000000000000000     
  0.14999999999999999       0.14999888190045227        0.0000000000000000     
  0.15416666666666667       0.15416931888166280        0.0000000000000000     
  0.15833333333333333       0.15833505620977126        0.0000000000000000     
  0.16249999999999998       0.16249971550290018        0.0000000000000000     
  0.16666666666666666       0.16665720393406142        0.0000000000000000     
  0.17083333333333334       0.17083169816544946        0.0000000000000000     
  0.17499999999999999       0.17500242760003626        0.0000000000000000     
  0.17916666666666667       0.17916975695208387        0.0000000000000000     
  0.18333333333333335       0.18333094454250648        0.0000000000000000     
  0.18750000000000000       0.18750341826058950        0.0000000000000000     
  0.19166666666666668       0.19166865355681531        0.0000000000000000     
  0.19583333333333333       0.19583222845986123        0.0000000000000000     
  0.20000000000000001       0.19998475877666325        0.0000000000000000     
  0.20416666666666666       0.20416348148541144        0.0000000000000000     
  0.20833333333333334       0.20833640564118941        0.0000000000000000     
  0.21250000000000002       0.21250409297815692        0.0000000000000000     
  0.21666666666666667       0.21666232075276490        0.0000000000000000     
  0.22083333333333333       0.22083793145997774        0.0000000000000000     
  0.22500000000000001       0.22500239352497281        0.0000000000000000     
  0.22916666666666669       0.22916429824668660        0.0000000000000000     
  0.23333333333333334       0.23330919205871548        0.0000000000000000     
  0.23750000000000002       0.23749442748282384        0.0000000000000000     
  0.24166666666666670       0.24167073195572206        0.0000000000000000     
  0.24583333333333335       0.24583897066229343        0.0000000000000000     
  0.25000000000000000       0.24999263971841298        0.0000000000000000     
  0.25416666666666671       0.25417308202706285        0.0000000000000000     
  0.25833333333333336       0.25833635315865933        0.0000000000000000     
  0.26250000000000007       0.26249568546134644        0.0000000000000000     
  0.26666666666666672       0.26662881750248280        0.0000000000000000     
  0.27083333333333337       0.27082408383316842        0.0000000000000000     
  0.27500000000000002       0.27500559468211105        0.0000000000000000     
  0.27916666666666673       0.27917468261004097        0.0000000000000000     
  0.28333333333333338       0.28332133031227963        0.0000000000000000     
  0.28750000000000003       0.28750921427006570        0.0000000000000000     
  0.29166666666666674       0.29167065112194934        0.0000000000000000     
  0.29583333333333339       0.29582602137601161        0.0000000000000000     
  0.30000000000000004       0.29994103789720228        0.0000000000000000     
  0.30416666666666670       0.30415175386466703        0.0000000000000000     
  0.30833333333333335       0.30834128359188384        0.0000000000000000     
  0.31250000000000006       0.31251167949346814        0.0000000000000000     
  0.31666666666666671       0.31664751288233234        0.0000000000000000     
  0.32083333333333336       0.32084685849368944        0.0000000000000000     
  0.32500000000000007       0.32500547018165621        0.0000000000000000     
  0.32916666666666672       0.32915473807481210        0.0000000000000000     
  0.33333333333333337       0.33324185300993298        0.0000000000000000     
  0.33750000000000002       0.33747636456105418        0.0000000000000000     
  0.34166666666666667       0.34167824499214383        0.0000000000000000     
  0.34583333333333333       0.34585065543924548        0.0000000000000000     
  0.34999999999999998       0.34996983258548914        0.0000000000000000     
  0.35416666666666669       0.35418683147506153        0.0000000000000000     
  0.35833333333333334       0.35834109183585588        0.0000000000000000     
  0.36249999999999999       0.36248096085177428        0.0000000000000000     
  0.36666666666666664       0.36652510166815278        0.0000000000000000     
  0.37083333333333329       0.37079626325898984        0.0000000000000000     
  0.37500000000000000       0.37501716628662474        0.0000000000000000     
  0.37916666666666665       0.37919267954365443        0.0000000000000000     
  0.38333333333333330       0.38328620268777885        0.0000000000000000     
  0.38750000000000001       0.38753039121712018        0.0000000000000000     
  0.39166666666666666       0.39167794964885055        0.0000000000000000     
  0.39583333333333337       0.39580334248175092        0.0000000000000000     
  0.40000000000000002       0.39978129441277183        0.0000000000000000     
  0.40416666666666667       0.40410890452071840        0.0000000000000000     
  0.40833333333333333       0.40835910621691918        0.0000000000000000     
  0.41250000000000003       0.41253939843246229        0.0000000000000000     
  0.41666666666666669       0.41659340919436844        0.0000000000000000     
  0.42083333333333334       0.42087947530031272        0.0000000000000000     
  0.42500000000000004       0.42501671139786951        0.0000000000000000     
  0.42916666666666670       0.42911980796394122        0.0000000000000000     
  0.43333333333333335       0.43299581554629141        0.0000000000000000     
  0.43750000000000000       0.43741036785426263        0.0000000000000000     
  0.44166666666666665       0.44170569546046673        0.0000000000000000     
  0.44583333333333336       0.44589334824433374        0.0000000000000000     
  0.45000000000000001       0.44988650189937235        0.0000000000000000     
  0.45416666666666666       0.45423706799270303        0.0000000000000000     
  0.45833333333333337       0.45835840559569530        0.0000000000000000     
  0.46250000000000002       0.46242716137498163        0.0000000000000000     
  0.46666666666666667       0.46614615392120079        0.0000000000000000     
  0.47083333333333333       0.47069461490440673        0.0000000000000000     
  0.47499999999999998       0.47505944559226265        0.0000000000000000     
  0.47916666666666669       0.47925843514875549        0.0000000000000000     
  0.48333333333333334       0.48315785647867482        0.0000000000000000     
  0.48749999999999999       0.48760776567421760        0.0000000000000000     
  0.49166666666666670       0.49170461636125018        0.0000000000000000     
  0.49583333333333335       0.49572048034272526        0.0000000000000000     
  0.50000000000000000       0.49919763779074949        0.0000000000000000     
  0.50416666666666665       0.50395234537569866        0.0000000000000000     
  0.50833333333333330       0.50842422494874639        0.0000000000000000     
  0.51249999999999996       0.51264067544139336        0.0000000000000000     
  0.51666666666666661       0.51639572992207450        0.0000000000000000     
  0.52083333333333337       0.52099864770501425        0.0000000000000000     
  0.52500000000000002       0.52505778355994204        0.0000000000000000     
  0.52916666666666667       0.52899218341267751        0.0000000000000000     
  0.53333333333333333       0.53209686561145075        0.0000000000000000     
  0.53749999999999998       0.53716923492112467        0.0000000000000000     
  0.54166666666666663       0.54180599155499376        0.0000000000000000     
  0.54583333333333328       0.54604933544150591        0.0000000000000000     
  0.55000000000000004       0.54958203560490648        0.0000000000000000     
  0.55416666666666670       0.55442061773993412        0.0000000000000000     
  0.55833333333333335       0.55842166508085533        0.0000000000000000     
  0.56250000000000000       0.56223059360257355        0.0000000000000000     
  0.56666666666666665       0.56476158814252364        0.0000000000000000     
  0.57083333333333330       0.57032322113218969        0.0000000000000000     
  0.57499999999999996       0.57521392198169830        0.0000000000000000     
  0.57916666666666661       0.57949868716585484        0.0000000000000000     
  0.58333333333333326       0.58268891644570986        0.0000000000000000     
  0.58750000000000002       0.58789046962563019        0.0000000000000000     
  0.59166666666666667       0.59180204883767074        0.0000000000000000     
  0.59583333333333333       0.59541772598420251        0.0000000000000000     
  0.59999999999999998       0.59706512482068730        0.0000000000000000     
  0.60416666666666663       0.60338032341152081        0.0000000000000000     
  0.60833333333333328       0.60866215001457868        0.0000000000000000     
  0.61249999999999993       0.61301071242370186        0.0000000000000000     
  0.61666666666666670       0.61567346687189750        0.0000000000000000     
  0.62083333333333335       0.62143406930242828        0.0000000000000000     
  0.62500000000000000       0.62520784939493013        0.0000000000000000     
  0.62916666666666665       0.62852588010933552        0.0000000000000000     
  0.63333333333333330       0.62881236180706734        0.0000000000000000     
  0.63749999999999996       0.63628820472627501        0.0000000000000000     
  0.64166666666666661       0.64217244455896394        0.0000000000000000     
  0.64583333333333337       0.64661926767320532        0.0000000000000000     
  0.65000000000000002       0.64846960357313177        0.0000000000000000     
  0.65416666666666667       0.65509125558049852        0.0000000000000000     
  0.65833333333333344       0.65865279699557155        0.0000000000000000     
  0.66250000000000009       0.66151239165242159        0.0000000000000000     
  0.66666666666666674       0.65970278409656535        0.0000000000000000     
  0.67083333333333339       0.66896625539862409        0.0000000000000000     
  0.67500000000000004       0.67577833415764588        0.0000000000000000     
  0.67916666666666670       0.68037649874756079        0.0000000000000000     
  0.68333333333333335       0.68097554480775258        0.0000000000000000     
  0.68750000000000000       0.68892338833216160        0.0000000000000000     
  0.69166666666666665       0.69215803900694872        0.0000000000000000     
  0.69583333333333330       0.69431154887264201        0.0000000000000000     
  0.69999999999999996       0.68927353744567699        0.0000000000000000     
  0.70416666666666661       0.70129032012578019        0.0000000000000000     
  0.70833333333333326       0.70953145958744734        0.0000000000000000     
  0.71250000000000002       0.71436272083824470        0.0000000000000000     
  0.71666666666666667       0.71303452598750527        0.0000000000000000     
  0.72083333333333333       0.72302497424361811        0.0000000000000000     
  0.72500000000000009       0.72575614667693167        0.0000000000000000     
  0.72916666666666674       0.72682214232098485        0.0000000000000000     
  0.73333333333333339       0.71681173215806537        0.0000000000000000     
  0.73750000000000004       0.73306917448375808        0.0000000000000000     
  0.74166666666666670       0.74351135815027958        0.0000000000000000     
  0.74583333333333335       0.74870163567915249        0.0000000000000000     
  0.75000000000000000       0.74440509775487329        0.0000000000000000     
  0.75416666666666676       0.75754157283770041        0.0000000000000000     
  0.75833333333333341       0.75949728635340852        0.0000000000000000     
  0.76250000000000007       0.75888828885629789        0.0000000000000000     
  0.76666666666666672       0.74121937307374852        0.0000000000000000     
  0.77083333333333337       0.76400829395763636        0.0000000000000000     
  0.77500000000000002       0.77784053347186111        0.0000000000000000     
  0.77916666666666667       0.78358376910590255        0.0000000000000000     
  0.78333333333333344       0.77471537897972431        0.0000000000000000     
  0.78750000000000009       0.79269737539165985        0.0000000000000000     
  0.79166666666666674       0.79345872441778431        0.0000000000000000     
  0.79583333333333339       0.79026989672892201        0.0000000000000000     
  0.80000000000000004       0.76080532427431302        0.0000000000000000     
  0.80370370370370370       0.78946304525014610        0.0000000000000000     
  0.80740740740740746       0.81726175616910068        0.0000000000000000     
  0.81111111111111112       0.81153808155572027        0.0000000000000000     
  0.81481481481481488       0.80360467859584495        0.0000000000000000     
  0.81851851851851853       0.83048616190235292        0.0000000000000000     
  0.82222222222222230       0.82015004170619155        0.0000000000000000     
  0.82592592592592595       0.81758344298054986        0.0000000000000000     
  0.82962962962962972       0.84224253430800522        0.0000000000000000     
  0.83333333333333337       0.90058587224307884        0.0000000000000000     
  0.83703703703703702       0.86147413356713609        0.0000000000000000     
  0.84074074074074079       0.82383626161143930        0.0000000000000000     
  0.84444444444444444       0.84371521151796780        0.0000000000000000     
  0.84814814814814821       0.86738555483671842        0.0000000000000000     
  0.85185185185185186       0.83132143774227141        0.0000000000000000     
  0.85555555555555562       0.85911429970252651        0.0000000000000000     
  0.85925925925925928       0.87357642235893485        0.0000000000000000     
  0.86296296296296304       0.84132542660228504        0.0000000000000000     
  0.86666666666666670       0.75127989203440149        0.0000000000000000     
  0.87037037037037035       0.82844519858039456        0.0000000000000000     
  0.87407407407407411       0.90308168361649666        0.0000000000000000     
  0.87777777777777777       0.87903232799427267        0.0000000000000000     
  0.88148148148148153       0.84847779990184813        0.0000000000000000     
  0.88518518518518519       0.92041407799945463        0.0000000000000000     
  0.88888888888888895       0.88278624153229024        0.0000000000000000     
  0.89259259259259260       0.86803093473911164        0.0000000000000000     
  0.89629629629629637       0.93342476016688780        0.0000000000000000     
  0.90000000000000002        1.0979809256437867        0.0000000000000000     
  0.90370370370370368       0.97564115549274522        0.0000000000000000     
  0.90740740740740744       0.85764027035826984        0.0000000000000000     
  0.91111111111111109       0.90896193871551634        0.0000000000000000     
  0.91481481481481486       0.97144500982528148        0.0000000000000000     
  0.91851851851851851       0.85807706828972619        0.0000000000000000     
  0.92222222222222228       0.93269633470021274        0.0000000000000000     
  0.92592592592592593       0.96807152006139097        0.0000000000000000     
  0.92962962962962969       0.86592894565818768        0.0000000000000000     
  0.93333333333333335       0.59364625272000116        0.0000000000000000     
  0.93703703703703700       0.81361201288166907        0.0000000000000000     
  0.94074074074074077        1.0261332289688183        0.0000000000000000     
  0.94444444444444442       0.94813528922063295        0.0000000000000000     
  0.94814814814814818       0.85098691003758331        0.0000000000000000     
  0.95185185185185184        1.0555590441174332        0.0000000000000000     
  0.95555555555555560       0.93758770224506405        0.0000000000000000     
  0.95925925925925926       0.88695031596731089        0.0000000000000000     
  0.96296296296296302        1.0722622622223177        0.0000000000000000     
  0.96666666666666667        1.5494961207754598        0.0000000000000000     
  0.97037037037037033        1.1821431117982226        0.0000000000000000     
  0.97407407407407409       0.82756325450992496        0.0000000000000000     
  0.97777777777777775       0.97144847565786330        0.0000000000000000     
  0.98148148148148151        1.1481915139350742        0.0000000000000000     
  0.98518518518518516       0.80725048116721654        0.0000000000000000     
  0.98888888888888893        1.0197210077071612        0.0000000000000000     
  0.99259259259259258        1.1166617153599969        0.0000000000000000     
  0.99629629629629635       0.80876680310423588        0.0000000000000000     
   1.0000000000000000        1.5898126917341921E-016   0.0000000000000000     
