X My_beautiful_solution_real My_beautiful_solution_imag
   0.0000000000000000        1.4954602622652280E-017   0.0000000000000000     
   4.1666666666666666E-003  0.85760423014379839        0.0000000000000000     
   8.3333333333333332E-003   1.0451710055264338        0.0000000000000000     
   1.2500000000000001E-002   1.1320073781911721        0.0000000000000000     
   1.6666666666666666E-002  0.77971333432175249        0.0000000000000000     
   2.0833333333333332E-002   1.1121102408227743        0.0000000000000000     
   2.5000000000000001E-002   1.0719073743551306        0.0000000000000000     
   2.9166666666666667E-002  0.82543307315746361        0.0000000000000000     
   3.3333333333333333E-002  0.35056136433007806        0.0000000000000000     
   3.7499999999999999E-002  0.90737367233256894        0.0000000000000000     
   4.1666666666666664E-002   1.0291541923375551        0.0000000000000000     
   4.5833333333333337E-002   1.0855339994589694        0.0000000000000000     
   5.0000000000000003E-002  0.85680184916445845        0.0000000000000000     
   5.4166666666666669E-002   1.0726154869431410        0.0000000000000000     
   5.8333333333333334E-002   1.0465131776501808        0.0000000000000000     
   6.2500000000000000E-002  0.88648606993621737        0.0000000000000000     
   6.6666666666666666E-002  0.57816854665052897        0.0000000000000000     
   7.0833333333333331E-002  0.93968722326791798        0.0000000000000000     
   7.4999999999999997E-002   1.0187550380364518        0.0000000000000000     
   7.9166666666666663E-002   1.0553604667698744        0.0000000000000000     
   8.3333333333333343E-002  0.90685271454189631        0.0000000000000000     
   8.7499999999999994E-002   1.0469729302850190        0.0000000000000000     
   9.1666666666666674E-002   1.0300256175610933        0.0000000000000000     
   9.5833333333333340E-002  0.92612563659407410        0.0000000000000000     
  0.10000000000000001       0.72594589668126230        0.0000000000000000     
  0.10416666666666667       0.96066727705456079        0.0000000000000000     
  0.10833333333333334        1.0120032323618213        0.0000000000000000     
  0.11250000000000000        1.0357698516741587        0.0000000000000000     
  0.11666666666666667       0.93934898367021269        0.0000000000000000     
  0.12083333333333333        1.0303241188006109        0.0000000000000000     
  0.12500000000000000        1.0193208238300793        0.0000000000000000     
  0.12916666666666665       0.95186221510334801        0.0000000000000000     
  0.13333333333333333       0.82189254018989699        0.0000000000000000     
  0.13750000000000001       0.97428888916927503        0.0000000000000000     
  0.14166666666666666        1.0076195220573088        0.0000000000000000     
  0.14583333333333331        1.0230503533050739        0.0000000000000000     
  0.14999999999999999       0.96044766996257558        0.0000000000000000     
  0.15416666666666667        1.0195146302016833        0.0000000000000000     
  0.15833333333333333        1.0123705772075109        0.0000000000000000     
  0.16249999999999998       0.96857207167370685        0.0000000000000000     
  0.16666666666666666       0.88418732622211604        0.0000000000000000     
  0.17083333333333334       0.98313292353118342        0.0000000000000000     
  0.17499999999999999        1.0047733329102946        0.0000000000000000     
  0.17916666666666667        1.0147920297164237        0.0000000000000000     
  0.18333333333333335       0.97414630599694041        0.0000000000000000     
  0.18750000000000000        1.0124964088782120        0.0000000000000000     
  0.19166666666666668        1.0078580261646493        0.0000000000000000     
  0.19583333333333333       0.97942119470307021        0.0000000000000000     
  0.20000000000000001       0.92463314303123423        0.0000000000000000     
  0.20416666666666666       0.98887504444432384        0.0000000000000000     
  0.20833333333333334        1.0029254022538701        0.0000000000000000     
  0.21250000000000002        1.0094301902384890        0.0000000000000000     
  0.21666666666666667       0.98304034928483408        0.0000000000000000     
  0.22083333333333333        1.0079397242492893        0.0000000000000000     
  0.22500000000000001        1.0049281852510445        0.0000000000000000     
  0.22916666666666669       0.98646514927028239        0.0000000000000000     
  0.23333333333333334       0.95089319144861939        0.0000000000000000     
  0.23750000000000002       0.99260320189282369        0.0000000000000000     
  0.24166666666666670        1.0017256057770507        0.0000000000000000     
  0.24583333333333335        1.0059489361705765        0.0000000000000000     
  0.25000000000000000       0.98881493923733055        0.0000000000000000     
  0.25416666666666671        1.0049812289482059        0.0000000000000000     
  0.25833333333333336        1.0030259424403833        0.0000000000000000     
  0.26250000000000007       0.99103854159062710        0.0000000000000000     
  0.26666666666666672       0.96794291864631499        0.0000000000000000     
  0.27083333333333337       0.99502376359311651        0.0000000000000000     
  0.27500000000000002        1.0009466200609016        0.0000000000000000     
  0.27916666666666673        1.0036886801641749        0.0000000000000000     
  0.28333333333333338       0.99256417769278671        0.0000000000000000     
  0.28750000000000003        1.0030603818500814        0.0000000000000000     
  0.29166666666666674        1.0017908829892321        0.0000000000000000     
  0.29583333333333339       0.99400788460898415        0.0000000000000000     
  0.30000000000000004       0.97901270773792104        0.0000000000000000     
  0.30416666666666670       0.99659534929620519        0.0000000000000000     
  0.30833333333333335        1.0004408519929926        0.0000000000000000     
  0.31250000000000006        1.0022211753182737        0.0000000000000000     
  0.31666666666666671       0.99499842655054249        0.0000000000000000     
  0.32083333333333336        1.0018132432884543        0.0000000000000000     
  0.32500000000000007        1.0009890022622678        0.0000000000000000     
  0.32916666666666672       0.99593577474896811        0.0000000000000000     
  0.33333333333333337       0.98619993302966724        0.0000000000000000     
  0.33750000000000002       0.99761572469992121        0.0000000000000000     
  0.34166666666666667        1.0001124745488215        0.0000000000000000     
  0.34583333333333333        1.0012683759598655        0.0000000000000000     
  0.34999999999999998       0.99657889884428674        0.0000000000000000     
  0.35416666666666669        1.0010035200192717        0.0000000000000000     
  0.35833333333333334        1.0004683692678993        0.0000000000000000     
  0.36249999999999999       0.99718748611032748        0.0000000000000000     
  0.36666666666666664       0.99086634599985535        0.0000000000000000     
  0.37083333333333329       0.99827821861448207        0.0000000000000000     
  0.37500000000000000       0.99989927060677064        0.0000000000000000     
  0.37916666666666665        1.0006497567982844        0.0000000000000000     
  0.38333333333333330       0.99760504399922112        0.0000000000000000     
  0.38750000000000001        1.0004777951376644        0.0000000000000000     
  0.39166666666666666        1.0001303405490245        0.0000000000000000     
  0.39583333333333337       0.99800017833778232        0.0000000000000000     
  0.40000000000000002       0.99389608405931806        0.0000000000000000     
  0.40416666666666667       0.99870835264675206        0.0000000000000000     
  0.40833333333333333       0.99976084477481308        0.0000000000000000     
  0.41250000000000003        1.0002481091022641        0.0000000000000000     
  0.41666666666666669       0.99827128401061749        0.0000000000000000     
  0.42083333333333334        1.0001364604352312        0.0000000000000000     
  0.42500000000000004       0.99991087037325765        0.0000000000000000     
  0.42916666666666670       0.99852783085972596        0.0000000000000000     
  0.43333333333333335       0.99586318657844808        0.0000000000000000     
  0.43750000000000000       0.99898762356781490        0.0000000000000000     
  0.44166666666666665       0.99967096974356895        0.0000000000000000     
  0.44583333333333336       0.99998733335890488        0.0000000000000000     
  0.45000000000000001       0.99870385025200314        0.0000000000000000     
  0.45416666666666666       0.99991484380044526        0.0000000000000000     
  0.45833333333333337       0.99976837609581592        0.0000000000000000     
  0.46250000000000002       0.99887041711133329        0.0000000000000000     
  0.46666666666666667       0.99714035716046689        0.0000000000000000     
  0.47083333333333333       0.99916894436900672        0.0000000000000000     
  0.47499999999999998       0.99961261704214877        0.0000000000000000     
  0.47916666666666669       0.99981802082705473        0.0000000000000000     
  0.48333333333333334       0.99898470032102571        0.0000000000000000     
  0.48749999999999999       0.99977095590254395        0.0000000000000000     
  0.49166666666666670       0.99967585956580007        0.0000000000000000     
  0.49583333333333335       0.99909284633304474        0.0000000000000000     
  0.50000000000000000       0.99796957916578211        0.0000000000000000     
  0.50416666666666665       0.99928666959732393        0.0000000000000000     
  0.50833333333333330       0.99957473068243297        0.0000000000000000     
  0.51249999999999996       0.99970809214629464        0.0000000000000000     
  0.51666666666666661       0.99916704640752818        0.0000000000000000     
  0.52083333333333337       0.99967753454370600        0.0000000000000000     
  0.52500000000000002       0.99961579183199412        0.0000000000000000     
  0.52916666666666667       0.99923726181509853        0.0000000000000000     
  0.53333333333333333       0.99850796389197261        0.0000000000000000     
  0.53749999999999998       0.99936310445361898        0.0000000000000000     
  0.54166666666666663       0.99955013239961876        0.0000000000000000     
  0.54583333333333328       0.99963671931451648        0.0000000000000000     
  0.55000000000000004       0.99928543731759067        0.0000000000000000     
  0.55416666666666670       0.99961687933632382        0.0000000000000000     
  0.55833333333333335       0.99957679196198201        0.0000000000000000     
  0.56250000000000000       0.99933102571579679        0.0000000000000000     
  0.56666666666666665       0.99885751818688706        0.0000000000000000     
  0.57083333333333330       0.99941273092145855        0.0000000000000000     
  0.57499999999999996       0.99953416159846808        0.0000000000000000     
  0.57916666666666661       0.99959037944142215        0.0000000000000000     
  0.58333333333333326       0.99936230437766604        0.0000000000000000     
  0.58750000000000002       0.99957749804035168        0.0000000000000000     
  0.59166666666666667       0.99955147071604045        0.0000000000000000     
  0.59583333333333333       0.99939190332358019        0.0000000000000000     
  0.59999999999999998       0.99908447151440449        0.0000000000000000     
  0.60416666666666663       0.99944495164417024        0.0000000000000000     
  0.60833333333333328       0.99952379231816746        0.0000000000000000     
  0.61249999999999993       0.99956029258925472        0.0000000000000000     
  0.61666666666666670       0.99941221146024006        0.0000000000000000     
  0.62083333333333335       0.99955192914792801        0.0000000000000000     
  0.62500000000000000       0.99953503052031922        0.0000000000000000     
  0.62916666666666665       0.99943142901632220        0.0000000000000000     
  0.63333333333333330       0.99923182433947411        0.0000000000000000     
  0.63749999999999996       0.99946587142785137        0.0000000000000000     
  0.64166666666666661       0.99951705990863227        0.0000000000000000     
  0.64583333333333337       0.99954075825277799        0.0000000000000000     
  0.65000000000000002       0.99944461437624366        0.0000000000000000     
  0.65416666666666667       0.99953532816404445        0.0000000000000000     
  0.65833333333333344       0.99952435647860938        0.0000000000000000     
  0.66250000000000009       0.99945709166049757        0.0000000000000000     
  0.66666666666666674       0.99932749535383480        0.0000000000000000     
  0.67083333333333339       0.99947945390870307        0.0000000000000000     
  0.67500000000000004       0.99951268879155952        0.0000000000000000     
  0.67916666666666670       0.99952807529413934        0.0000000000000000     
  0.68333333333333335       0.99946565245163066        0.0000000000000000     
  0.68750000000000000       0.99952454972822646        0.0000000000000000     
  0.69166666666666665       0.99951742619819395        0.0000000000000000     
  0.69583333333333330       0.99947375351410128        0.0000000000000000     
  0.69999999999999996       0.99938961118354097        0.0000000000000000     
  0.70416666666666661       0.99948827253650929        0.0000000000000000     
  0.70833333333333326       0.99950985077875498        0.0000000000000000     
  0.71250000000000002       0.99951984069451350        0.0000000000000000     
  0.71666666666666667       0.99947931173513216        0.0000000000000000     
  0.72083333333333333       0.99951755166838274        0.0000000000000000     
  0.72500000000000009       0.99951292661050728        0.0000000000000000     
  0.72916666666666674       0.99948457147048952        0.0000000000000000     
  0.73333333333333339       0.99942994081029213        0.0000000000000000     
  0.73750000000000004       0.99949399816183837        0.0000000000000000     
  0.74166666666666670       0.99950800815671059        0.0000000000000000     
  0.74583333333333335       0.99951449425817140        0.0000000000000000     
  0.75000000000000000       0.99948818022820252        0.0000000000000000     
  0.75416666666666676       0.99951300807389420        0.0000000000000000     
  0.75833333333333341       0.99951000518624544        0.0000000000000000     
  0.76250000000000007       0.99949159518965114        0.0000000000000000     
  0.76666666666666672       0.99945612542058526        0.0000000000000000     
  0.77083333333333337       0.99949771560928391        0.0000000000000000     
  0.77500000000000002       0.99950681180693013        0.0000000000000000     
  0.77916666666666667       0.99951102300481987        0.0000000000000000     
  0.78333333333333344       0.99949393822929666        0.0000000000000000     
  0.78750000000000009       0.99951005807756244        0.0000000000000000     
  0.79166666666666674       0.99950810840807225        0.0000000000000000     
  0.79583333333333339       0.99949615544383363        0.0000000000000000     
  0.80000000000000004       0.99947312616845840        0.0000000000000000     
  0.80303030303030309       0.98474356396095974        0.0000000000000000     
  0.80606060606060614       0.96979585082917541        0.0000000000000000     
  0.80909090909090908       0.95448779178691656        0.0000000000000000     
  0.81212121212121213       0.93938913052354178        0.0000000000000000     
  0.81515151515151518       0.92432273006096077        0.0000000000000000     
  0.81818181818181823       0.90902565527081369        0.0000000000000000     
  0.82121212121212128       0.89394113282707355        0.0000000000000000     
  0.82424242424242433       0.87886358749500326        0.0000000000000000     
  0.82727272727272727       0.86354575771207887        0.0000000000000000     
  0.83030303030303032       0.84859857138435790        0.0000000000000000     
  0.83333333333333337       0.83357872592775939        0.0000000000000000     
  0.83636363636363642       0.81823603509099874        0.0000000000000000     
  0.83939393939393947       0.80299218265085337        0.0000000000000000     
  0.84242424242424241       0.78791159338340133        0.0000000000000000     
  0.84545454545454546       0.77273613153728948        0.0000000000000000     
  0.84848484848484851       0.75754605317816148        0.0000000000000000     
  0.85151515151515156       0.74246048723746760        0.0000000000000000     
  0.85454545454545461       0.72727861946725925        0.0000000000000000     
  0.85757575757575766       0.71209359055284527        0.0000000000000000     
  0.86060606060606060       0.69701742814878398        0.0000000000000000     
  0.86363636363636365       0.68177333702769349        0.0000000000000000     
  0.86666666666666670       0.66656216583037164        0.0000000000000000     
  0.86969696969696975       0.65149726731029289        0.0000000000000000     
  0.87272727272727280       0.63638758773470661        0.0000000000000000     
  0.87575757575757573       0.62120393794666573        0.0000000000000000     
  0.87878787878787878       0.60606327240720681        0.0000000000000000     
  0.88181818181818183       0.59092922922204527        0.0000000000000000     
  0.88484848484848488       0.57574783423262543        0.0000000000000000     
  0.88787878787878793       0.56061007104743787        0.0000000000000000     
  0.89090909090909098       0.54547374009283134        0.0000000000000000     
  0.89393939393939392       0.53028808461042187        0.0000000000000000     
  0.89696969696969697       0.51517851317484054        0.0000000000000000     
  0.90000000000000002       0.50005402659510367        0.0000000000000000     
  0.90303030303030307       0.48486326774568034        0.0000000000000000     
  0.90606060606060612       0.46969279800453506        0.0000000000000000     
  0.90909090909090906       0.45455584220435635        0.0000000000000000     
  0.91212121212121211       0.43939941138143879        0.0000000000000000     
  0.91515151515151516       0.42423998014546871        0.0000000000000000     
  0.91818181818181821       0.40910200275584879        0.0000000000000000     
  0.92121212121212126       0.39394425695320606        0.0000000000000000     
  0.92424242424242431       0.37878586224488253        0.0000000000000000     
  0.92727272727272725       0.36364981517161216        0.0000000000000000     
  0.93030303030303030       0.34847929643509978        0.0000000000000000     
  0.93333333333333335       0.33331553535472896        0.0000000000000000     
  0.93636363636363640       0.31818180048167422        0.0000000000000000     
  0.93939393939393945       0.30303887315188693        0.0000000000000000     
  0.94242424242424239       0.28788076154451731        0.0000000000000000     
  0.94545454545454544       0.27273147355330973        0.0000000000000000     
  0.94848484848484849       0.25758354496966052        0.0000000000000000     
  0.95151515151515154       0.24242589621736424        0.0000000000000000     
  0.95454545454545459       0.22727720400858642        0.0000000000000000     
  0.95757575757575764       0.21212880580175889        0.0000000000000000     
  0.96060606060606057       0.19697028247433240        0.0000000000000000     
  0.96363636363636362       0.18182737734304652        0.0000000000000000     
  0.96666666666666667       0.16668141049703059        0.0000000000000000     
  0.96969696969696972       0.15152183957302787        0.0000000000000000     
  0.97272727272727277       0.13636643350730704        0.0000000000000000     
  0.97575757575757571       0.12121790703494813        0.0000000000000000     
  0.97878787878787876       0.10606538281618001        0.0000000000000000     
  0.98181818181818181        9.0912242685909792E-002   0.0000000000000000     
  0.98484848484848486        7.5763506506194969E-002   0.0000000000000000     
  0.98787878787878791        6.0610712354213052E-002   0.0000000000000000     
  0.99090909090909096        4.5457784997747226E-002   0.0000000000000000     
  0.99393939393939390        3.0309445064823144E-002   0.0000000000000000     
  0.99696969696969695        1.5154028941550362E-002   0.0000000000000000     
   1.0000000000000000        2.9085332733264669E-021   0.0000000000000000     
