X My_beautiful_solution_real My_beautiful_solution_imag
   0.0000000000000000        0.0000000000000000        0.0000000000000000     
   1.1111111111111110E-002  0.19597529660888188        0.0000000000000000     
   2.2222222222222220E-002   9.7006634543594261E-002   0.0000000000000000     
   3.3333333333333333E-002  0.30379454063543943        0.0000000000000000     
   4.4444444444444439E-002  0.11624062440656602        0.0000000000000000     
   5.5555555555555552E-002  0.24564939868473898        0.0000000000000000     
   6.6666666666666666E-002   4.6475668954589176E-002   0.0000000000000000     
   7.7777777777777779E-002  0.27108293661827793        0.0000000000000000     
   8.8888888888888892E-002  0.15506499661513695        0.0000000000000000     
  0.10000000000000001       0.39215954276763026        0.0000000000000000     
  0.11111111111111112       0.17383616572034671        0.0000000000000000     
  0.12222222222222222       0.32156701389580011        0.0000000000000000     
  0.13333333333333333        8.9824133683528401E-002   0.0000000000000000     
  0.14444444444444443       0.34749792398526347        0.0000000000000000     
  0.15555555555555556       0.21179009487825237        0.0000000000000000     
  0.16666666666666666       0.48388520727643819        0.0000000000000000     
  0.17777777777777778       0.23002676103099043        0.0000000000000000     
  0.18888888888888888       0.39891742632628652        0.0000000000000000     
  0.20000000000000001       0.12956104931152423        0.0000000000000000     
  0.21111111111111111       0.42542274212543507        0.0000000000000000     
  0.22222222222222224       0.26697543194855794        0.0000000000000000     
  0.23333333333333334       0.57949203729573562        0.0000000000000000     
  0.24444444444444446       0.28459481073591741        0.0000000000000000     
  0.25555555555555559       0.47792254920619281        0.0000000000000000     
  0.26666666666666672       0.16512705508926531        0.0000000000000000     
  0.27777777777777785       0.50509123531143352        0.0000000000000000     
  0.28888888888888892       0.32038252789666805        0.0000000000000000     
  0.30000000000000004       0.67958115206479330        0.0000000000000000     
  0.31111111111111117       0.33728901316361959        0.0000000000000000     
  0.32222222222222224       0.55883866593386267        0.0000000000000000     
  0.33333333333333337       0.19587615585125184        0.0000000000000000     
  0.34444444444444444       0.58677346587744028        0.0000000000000000     
  0.35555555555555557       0.37173596675597465        0.0000000000000000     
  0.36666666666666664       0.78484677284052939        0.0000000000000000     
  0.37777777777777777       0.38781914475965684        0.0000000000000000     
  0.38888888888888890       0.64196175336597627        0.0000000000000000     
  0.40000000000000002       0.22106230398088916        0.0000000000000000     
  0.41111111111111115       0.67078132371289190        0.0000000000000000     
  0.42222222222222222       0.42071767582805786        0.0000000000000000     
  0.43333333333333335       0.89609064264173721        0.0000000000000000     
  0.44444444444444448       0.43585003182208099        0.0000000000000000     
  0.45555555555555555       0.72763362958458355        0.0000000000000000     
  0.46666666666666667       0.23982390317535707        0.0000000000000000     
  0.47777777777777780       0.75747500456086392        0.0000000000000000     
  0.48888888888888887       0.46696031896051493        0.0000000000000000     
  0.50000000000000000        1.0142386793393936        0.0000000000000000     
  0.51111111111111107       0.48099458857246447        0.0000000000000000     
  0.52222222222222225       0.81624905383720914        0.0000000000000000     
  0.53333333333333333       0.25116591213632811        0.0000000000000000     
  0.54444444444444440       0.84727049168250246        0.0000000000000000     
  0.55555555555555558       0.51003966656831623        0.0000000000000000     
  0.56666666666666665        1.1403602079961335        0.0000000000000000     
  0.57777777777777772       0.52280577695567476        0.0000000000000000     
  0.58888888888888891       0.90826392612352436        0.0000000000000000     
  0.59999999999999998       0.25393917646035752        0.0000000000000000     
  0.61111111111111105       0.94064819628999685        0.0000000000000000     
  0.62222222222222223       0.54946578391555889        0.0000000000000000     
  0.63333333333333330        1.2756901719319063        0.0000000000000000     
  0.64444444444444449       0.56076732116443839        0.0000000000000000     
  0.65555555555555556        1.0042047567431904        0.0000000000000000     
  0.66666666666666674       0.24681655942942501        0.0000000000000000     
  0.67777777777777781        1.0381629362194309        0.0000000000000000     
  0.68888888888888888       0.58467285462847973        0.0000000000000000     
  0.69999999999999996        1.4216547838642235        0.0000000000000000     
  0.71111111111111114       0.59428298401913571        0.0000000000000000     
  0.72222222222222221        1.1046796024978005        0.0000000000000000     
  0.73333333333333339       0.22826537591171883        0.0000000000000000     
  0.74444444444444446        1.1404554601116008        0.0000000000000000     
  0.75555555555555565       0.61500742806282982        0.0000000000000000     
  0.76666666666666672        1.5799011499255957        0.0000000000000000     
  0.77777777777777779       0.62266418246134203        0.0000000000000000     
  0.78888888888888897        1.2103906967039713        0.0000000000000000     
  0.80000000000000004       0.19651555679425070        0.0000000000000000     
  0.81111111111111112        1.2482657564708239        0.0000000000000000     
  0.82222222222222230       0.63971484641039322        0.0000000000000000     
  0.83333333333333337        1.7523314818818063        0.0000000000000000     
  0.84444444444444444       0.64511568492122195        0.0000000000000000     
  0.85555555555555562        1.3221490353569370        0.0000000000000000     
  0.86666666666666670       0.14952288268732244        0.0000000000000000     
  0.87777777777777777        1.3624484240455694        0.0000000000000000     
  0.88888888888888895       0.65792356962066345        0.0000000000000000     
  0.90000000000000002        1.9411426081766645        0.0000000000000000     
  0.91111111111111109       0.66071909347722524        0.0000000000000000     
  0.92222222222222228        1.4408912224154138        0.0000000000000000     
  0.93333333333333335        8.4926523224166606E-002   0.0000000000000000     
  0.94444444444444442        1.4839904227908014        0.0000000000000000     
  0.95555555555555560       0.66862707254890297        0.0000000000000000     
  0.96666666666666667        2.1488716044914113        0.0000000000000000     
  0.97777777777777775       0.66841376771429128        0.0000000000000000     
  0.98888888888888893        1.5676989241029546        0.0000000000000000     
   1.0000000000000000        0.0000000000000000        0.0000000000000000     
