X My_beautiful_solution_real My_beautiful_solution_imag
   0.0000000000000000        1.0242619137350678E-020   0.0000000000000000     
   4.7619047619047615E-003   4.7977852932678880E-003   0.0000000000000000     
   9.5238095238095229E-003   9.5636923008606909E-003   0.0000000000000000     
   1.4285714285714285E-002   1.4340143803206529E-002   0.0000000000000000     
   1.9047619047619046E-002   1.9076501821232029E-002   0.0000000000000000     
   2.3809523809523805E-002   2.3855087447340266E-002   0.0000000000000000     
   2.8571428571428571E-002   2.8617416466464315E-002   0.0000000000000000     
   3.3333333333333333E-002   3.3434041602111650E-002   0.0000000000000000     
   3.8095238095238092E-002   3.8145739865830197E-002   0.0000000000000000     
   4.2857142857142858E-002   4.2902044411315531E-002   0.0000000000000000     
   4.7619047619047616E-002   4.7643594377183990E-002   0.0000000000000000     
   5.2380952380952375E-002   5.2441245893707779E-002   0.0000000000000000     
   5.7142857142857134E-002   5.7179809647367692E-002   0.0000000000000000     
   6.1904761904761907E-002   6.1941120759499133E-002   0.0000000000000000     
   6.6666666666666666E-002   6.6626457024765648E-002   0.0000000000000000     
   7.1428571428571425E-002   7.1458614159318201E-002   0.0000000000000000     
   7.6190476190476197E-002   7.6228355127790207E-002   0.0000000000000000     
   8.0952380952380956E-002   8.1018741715115417E-002   0.0000000000000000     
   8.5714285714285715E-002   8.5730627168421336E-002   0.0000000000000000     
   9.0476190476190474E-002   9.0525192268498048E-002   0.0000000000000000     
   9.5238095238095233E-002   9.5287927705845335E-002   0.0000000000000000     
  0.10000000000000001       0.10015697235508018        0.0000000000000000     
  0.10476190476190476       0.10482057518315287        0.0000000000000000     
  0.10952380952380952       0.10957151498785495        0.0000000000000000     
  0.11428571428571428       0.11429356602792269        0.0000000000000000     
  0.11904761904761904       0.11912546123397746        0.0000000000000000     
  0.12380952380952381       0.12384166541267190        0.0000000000000000     
  0.12857142857142856       0.12860240783657573        0.0000000000000000     
  0.13333333333333333       0.13321439512639877        0.0000000000000000     
  0.13809523809523810       0.13811385069023263        0.0000000000000000     
  0.14285714285714285       0.14289109837162578        0.0000000000000000     
  0.14761904761904762       0.14770876919208958        0.0000000000000000     
  0.15238095238095237       0.15237273852846497        0.0000000000000000     
  0.15714285714285714       0.15719859067801667        0.0000000000000000     
  0.16190476190476188       0.16196212186290126        0.0000000000000000     
  0.16666666666666666       0.16693380142479361        0.0000000000000000     
  0.17142857142857143       0.17150323567901080        0.0000000000000000     
  0.17619047619047618       0.17624367157659826        0.0000000000000000     
  0.18095238095238095       0.18092754464801436        0.0000000000000000     
  0.18571428571428572       0.18582648736831625        0.0000000000000000     
  0.19047619047619047       0.19049891256344928        0.0000000000000000     
  0.19523809523809524       0.19525854152287059        0.0000000000000000     
  0.20000000000000001       0.19972691500987594        0.0000000000000000     
  0.20476190476190478       0.20475813769512233        0.0000000000000000     
  0.20952380952380953       0.20955008316312754        0.0000000000000000     
  0.21428571428571430       0.21442117521346268        0.0000000000000000     
  0.21904761904761905       0.21899132707349223        0.0000000000000000     
  0.22380952380952382       0.22387843777678504        0.0000000000000000     
  0.22857142857142856       0.22864352699747345        0.0000000000000000     
  0.23333333333333334       0.23381616083336210        0.0000000000000000     
  0.23809523809523811       0.23820121750199533        0.0000000000000000     
  0.24285714285714288       0.24292108724939382        0.0000000000000000     
  0.24761904761904766       0.24753020967529979        0.0000000000000000     
  0.25238095238095243       0.25256042823731978        0.0000000000000000     
  0.25714285714285717       0.25714713626633395        0.0000000000000000     
  0.26190476190476197       0.26190458511529463        0.0000000000000000     
  0.26666666666666672       0.26609176961179143        0.0000000000000000     
  0.27142857142857146       0.27138098604920707        0.0000000000000000     
  0.27619047619047626       0.27620170908384606        0.0000000000000000     
  0.28095238095238101       0.28117739735964509        0.0000000000000000     
  0.28571428571428575       0.28556385906630405        0.0000000000000000     
  0.29047619047619050       0.29057091110217420        0.0000000000000000     
  0.29523809523809530       0.29533905088281059        0.0000000000000000     
  0.30000000000000004       0.30090514362261206        0.0000000000000000     
  0.30476190476190479       0.30492919775426380        0.0000000000000000     
  0.30952380952380959       0.30960879995845386        0.0000000000000000     
  0.31428571428571433       0.31407156417826487        0.0000000000000000     
  0.31904761904761908       0.31935881459019511        0.0000000000000000     
  0.32380952380952382       0.32377769248772226        0.0000000000000000     
  0.32857142857142863       0.32853087278416493        0.0000000000000000     
  0.33333333333333337       0.33216750262065087        0.0000000000000000     
  0.33809523809523812       0.33796185854540411        0.0000000000000000     
  0.34285714285714286       0.34283892668582200        0.0000000000000000     
  0.34761904761904761       0.34801940939274234        0.0000000000000000     
  0.35238095238095241       0.35204621452197449        0.0000000000000000     
  0.35714285714285715       0.35728810597833188        0.0000000000000000     
  0.36190476190476190       0.36206221861015270        0.0000000000000000     
  0.36666666666666664       0.36839868515683838        0.0000000000000000     
  0.37142857142857139       0.37171591350327171        0.0000000000000000     
  0.37619047619047619       0.37631667377442424        0.0000000000000000     
  0.38095238095238093       0.38049287559273187        0.0000000000000000     
  0.38571428571428573       0.38628338213315944        0.0000000000000000     
  0.39047619047619048       0.39037365662123819        0.0000000000000000     
  0.39523809523809528       0.39511847929501592        0.0000000000000000     
  0.40000000000000002       0.39767714931126957        0.0000000000000000     
  0.40476190476190477       0.40446054430973044        0.0000000000000000     
  0.40952380952380957       0.40944793348547492        0.0000000000000000     
  0.41428571428571431       0.41502939394118338        0.0000000000000000     
  0.41904761904761906       0.41835200860994332        0.0000000000000000     
  0.42380952380952380       0.42405370447425339        0.0000000000000000     
  0.42857142857142860       0.42883951166441070        0.0000000000000000     
  0.43333333333333335       0.43668433345844654        0.0000000000000000     
  0.43809523809523809       0.43861763055933517        0.0000000000000000     
  0.44285714285714289       0.44306402207814188        0.0000000000000000     
  0.44761904761904764       0.44667914835346234        0.0000000000000000     
  0.45238095238095238       0.45345500644062797        0.0000000000000000     
  0.45714285714285713       0.45690189109313695        0.0000000000000000     
  0.46190476190476193       0.46163034993952362        0.0000000000000000     
  0.46666666666666667       0.46207842593408338        0.0000000000000000     
  0.47142857142857142       0.47079831236479402        0.0000000000000000     
  0.47619047619047622       0.47600170487689419        0.0000000000000000     
  0.48095238095238096       0.48236826067988786        0.0000000000000000     
  0.48571428571428571       0.48431210394352564        0.0000000000000000     
  0.49047619047619045       0.49091407495386502        0.0000000000000000     
  0.49523809523809526       0.49572277953263411        0.0000000000000000     
  0.50000000000000000       0.50652088910966186        0.0000000000000000     
  0.50476190476190474       0.50574451470103787        0.0000000000000000     
  0.50952380952380949       0.50988865955005025        0.0000000000000000     
  0.51428571428571423       0.51240522661702059        0.0000000000000000     
  0.51904761904761909       0.52111035613414014        0.0000000000000000     
  0.52380952380952384       0.52329751411123393        0.0000000000000000     
  0.52857142857142858       0.52799393336243838        0.0000000000000000     
  0.53333333333333333       0.52430956671785456        0.0000000000000000     
  0.53809523809523807       0.53682101120412240        0.0000000000000000     
  0.54285714285714282       0.54244732796796336        0.0000000000000000     
  0.54761904761904756       0.55035106309372872        0.0000000000000000     
  0.55238095238095242       0.54959533756981493        0.0000000000000000     
  0.55714285714285716       0.55796000446679672        0.0000000000000000     
  0.56190476190476191       0.56281354104264891        0.0000000000000000     
  0.56666666666666665       0.57939404753478863        0.0000000000000000     
  0.57142857142857140       0.57331226527942269        0.0000000000000000     
  0.57619047619047614       0.57686462553463902        0.0000000000000000     
  0.58095238095238089       0.57723026595842353        0.0000000000000000     
  0.58571428571428574       0.58971281711024670        0.0000000000000000     
  0.59047619047619049       0.58943349021453040        0.0000000000000000     
  0.59523809523809523       0.59406717746331639        0.0000000000000000     
  0.59999999999999998       0.58229168481805182        0.0000000000000000     
  0.60476190476190472       0.60222681951500090        0.0000000000000000     
  0.60952380952380947       0.60868120183434760        0.0000000000000000     
  0.61428571428571421       0.61959466091087700        0.0000000000000000     
  0.61904761904761907       0.61355330818897402        0.0000000000000000     
  0.62380952380952381       0.62536924973514607        0.0000000000000000     
  0.62857142857142856       0.63031056522747397        0.0000000000000000     
  0.63333333333333330       0.65821272966180766        0.0000000000000000     
  0.63809523809523805       0.64174321135745771        0.0000000000000000     
  0.64285714285714290       0.64413688554446058        0.0000000000000000     
  0.64761904761904765       0.64029111397588323        0.0000000000000000     
  0.65238095238095239       0.66016967689918882        0.0000000000000000     
  0.65714285714285714       0.65506109001674084        0.0000000000000000     
  0.66190476190476200       0.65957195099056987        0.0000000000000000     
  0.66666666666666674       0.63195441873929026        0.0000000000000000     
  0.67142857142857149       0.66642478553255025        0.0000000000000000     
  0.67619047619047623       0.67450048079716518        0.0000000000000000     
  0.68095238095238098       0.69130683611918198        0.0000000000000000     
  0.68571428571428572       0.67491647691707801        0.0000000000000000     
  0.69047619047619047       0.69348984996031249        0.0000000000000000     
  0.69523809523809521       0.69860303239319554        0.0000000000000000     
  0.69999999999999996       0.74867246421539257        0.0000000000000000     
  0.70476190476190470       0.71186425313935842        0.0000000000000000     
  0.70952380952380956       0.71198927515334687        0.0000000000000000     
  0.71428571428571430       0.69989775934909315        0.0000000000000000     
  0.71904761904761905       0.73425736130213670        0.0000000000000000     
  0.72380952380952379       0.71969331321798302        0.0000000000000000     
  0.72857142857142865       0.72396368619145590        0.0000000000000000     
  0.73333333333333339       0.66532819440556690        0.0000000000000000     
  0.73809523809523814       0.72825785382793795        0.0000000000000000     
  0.74285714285714288       0.73950800267176053        0.0000000000000000     
  0.74761904761904763       0.76785236836554649        0.0000000000000000     
  0.75238095238095248       0.73119914704407107        0.0000000000000000     
  0.75714285714285723       0.76300324933344388        0.0000000000000000     
  0.76190476190476197       0.76845293905579470        0.0000000000000000     
  0.76666666666666672       0.86192482535541715        0.0000000000000000     
  0.77142857142857146       0.78529442186803267        0.0000000000000000     
  0.77619047619047621       0.78097753090549082        0.0000000000000000     
  0.78095238095238095       0.75274124035027379        0.0000000000000000     
  0.78571428571428581       0.81545402748743856        0.0000000000000000     
  0.79047619047619055       0.78237663641023869        0.0000000000000000     
  0.79523809523809530       0.78617614532522384        0.0000000000000000     
  0.80000000000000004       0.66680896509403065        0.0000000000000000     
  0.80476190476190479       0.78546056494244387        0.0000000000000000     
  0.80952380952380953       0.80292614280381402        0.0000000000000000     
  0.81428571428571428       0.85386138364511222        0.0000000000000000     
  0.81904761904761914       0.77753444272029826        0.0000000000000000     
  0.82380952380952388       0.83524368314695219        0.0000000000000000     
  0.82857142857142863       0.84135223812576010        0.0000000000000000     
  0.83333333333333337        1.0198040645192294        0.0000000000000000     
  0.83809523809523812       0.86520370365806665        0.0000000000000000     
  0.84285714285714286       0.85218975850371792        0.0000000000000000     
  0.84761904761904761       0.79234276740899323        0.0000000000000000     
  0.85238095238095246       0.91056974164517412        0.0000000000000000     
  0.85714285714285721       0.84124410614428091        0.0000000000000000     
  0.86190476190476195       0.84412168564388279        0.0000000000000000     
  0.86666666666666670       0.60584475000785454        0.0000000000000000     
  0.87142857142857144       0.83359725708216881        0.0000000000000000     
  0.87619047619047619       0.86323234913180913        0.0000000000000000     
  0.88095238095238093       0.95839944828198986        0.0000000000000000     
  0.88571428571428579       0.80439325267480799        0.0000000000000000     
  0.89047619047619053       0.91282352059943395        0.0000000000000000     
  0.89523809523809528       0.92022210239119051        0.0000000000000000     
  0.90000000000000002        1.2650606068032948        0.0000000000000000     
  0.90476190476190477       0.95779878044391231        0.0000000000000000     
  0.90952380952380951       0.92775641712493850        0.0000000000000000     
  0.91428571428571426       0.80601717890927915        0.0000000000000000     
  0.91904761904761911        1.0329382892452232        0.0000000000000000     
  0.92380952380952386       0.89264031642560204        0.0000000000000000     
  0.92857142857142860       0.89371280200981662        0.0000000000000000     
  0.93333333333333335       0.42261622489169681        0.0000000000000000     
  0.93809523809523809       0.86398311557336593        0.0000000000000000     
  0.94285714285714284       0.91744553718632094        0.0000000000000000     
  0.94761904761904758        1.0992165096562339        0.0000000000000000     
  0.95238095238095244       0.79311803058439700        0.0000000000000000     
  0.95714285714285718        1.0008576562440317        0.0000000000000000     
  0.96190476190476193        1.0107820491357300        0.0000000000000000     
  0.96666666666666667        1.6813977498073724        0.0000000000000000     
  0.97142857142857142        1.0752320400414583        0.0000000000000000     
  0.97619047619047616        1.0118488444367091        0.0000000000000000     
  0.98095238095238091       0.76892753216700660        0.0000000000000000     
  0.98571428571428577        1.2086665876059102        0.0000000000000000     
  0.99047619047619051       0.92940815629878937        0.0000000000000000     
  0.99523809523809526       0.92694635391149882        0.0000000000000000     
   1.0000000000000000        1.7439816631392642E-016   0.0000000000000000     
