X My_beautiful_solution_real My_beautiful_solution_imag
   0.0000000000000000        0.0000000000000000        0.0000000000000000     
   5.2083333333333333E-004   1.9259437596302200        0.0000000000000000     
   1.0416666666666667E-003  0.14244268176001637        0.0000000000000000     
   1.5625000000000001E-003   1.7940361298339647        0.0000000000000000     
   2.0833333333333333E-003  0.26459443138644073        0.0000000000000000     
   2.6041666666666670E-003   1.6809187160812959        0.0000000000000000     
   3.1250000000000002E-003  0.36934568818975522        0.0000000000000000     
   3.6458333333333334E-003   1.5839148557749891        0.0000000000000000     
   4.1666666666666666E-003  0.45917514896647560        0.0000000000000000     
   4.6875000000000007E-003   1.5007291763808315        0.0000000000000000     
   5.2083333333333339E-003  0.53620842063964091        0.0000000000000000     
   5.7291666666666671E-003   1.4293932807327923        0.0000000000000000     
   6.2500000000000003E-003  0.60226831784222434        0.0000000000000000     
   6.7708333333333336E-003   1.3682191694558337        0.0000000000000000     
   7.2916666666666668E-003  0.65891799561950049        0.0000000000000000     
   7.8125000000000000E-003   1.3157592983554585        0.0000000000000000     
   8.3333333333333332E-003  0.70749793788656690        0.0000000000000000     
   8.8541666666666664E-003   1.2707723256243264        0.0000000000000000     
   9.3750000000000014E-003  0.74915767688720447        0.0000000000000000     
   9.8958333333333346E-003   1.2321937383525523        0.0000000000000000     
   1.0416666666666668E-002  0.78488299422208041        0.0000000000000000     
   1.0937500000000001E-002   1.1991106632858894        0.0000000000000000     
   1.1458333333333334E-002  0.81551924709582946        0.0000000000000000     
   1.1979166666666667E-002   1.1707402657864701        0.0000000000000000     
   1.2500000000000001E-002  0.84179137174475305        0.0000000000000000     
   1.3020833333333334E-002   1.1464112258573449        0.0000000000000000     
   1.3541666666666667E-002  0.86432103738019839        0.0000000000000000     
   1.4062500000000000E-002   1.1255478529037188        0.0000000000000000     
   1.4583333333333334E-002  0.88364135655605291        0.0000000000000000     
   1.5104166666666667E-002   1.1076564633433370        0.0000000000000000     
   1.5625000000000000E-002  0.90020950004725364        0.0000000000000000     
   1.6145833333333331E-002   1.0923136987235964        0.0000000000000000     
   1.6666666666666666E-002  0.91441751474134336        0.0000000000000000     
   1.7187500000000001E-002   1.0791565079205938        0.0000000000000000     
   1.7708333333333333E-002  0.92660160052347584        0.0000000000000000     
   1.8229166666666668E-002   1.0678735563719626        0.0000000000000000     
   1.8750000000000003E-002  0.93705006567097582        0.0000000000000000     
   1.9270833333333334E-002   1.0581978590627985        0.0000000000000000     
   1.9791666666666669E-002  0.94601014900349778        0.0000000000000000     
   2.0312500000000004E-002   1.0499004629413102        0.0000000000000000     
   2.0833333333333336E-002  0.95369387021923724        0.0000000000000000     
   2.1354166666666667E-002   1.0427850292731144        0.0000000000000000     
   2.1875000000000002E-002  0.96028304685188082        0.0000000000000000     
   2.2395833333333337E-002   1.0366831877381080        0.0000000000000000     
   2.2916666666666669E-002  0.96593359656303512        0.0000000000000000     
   2.3437500000000000E-002   1.0314505523353299        0.0000000000000000     
   2.3958333333333335E-002  0.97077922657392868        0.0000000000000000     
   2.4479166666666670E-002   1.0269633048213893        0.0000000000000000     
   2.5000000000000001E-002  0.97493459753830203        0.0000000000000000     
   2.5520833333333333E-002   1.0231152648374318        0.0000000000000000     
   2.6041666666666668E-002  0.97849803672221314        0.0000000000000000     
   2.6562500000000003E-002   1.0198153773959366        0.0000000000000000     
   2.7083333333333334E-002  0.98155386469191852        0.0000000000000000     
   2.7604166666666666E-002   1.0169855582745297        0.0000000000000000     
   2.8125000000000001E-002  0.98417439056551681        0.0000000000000000     
   2.8645833333333336E-002   1.0145588463330313        0.0000000000000000     
   2.9166666666666667E-002  0.98642162304138836        0.0000000000000000     
   3.0208333333333334E-002   1.0129686735881345        0.0000000000000000     
   3.1250000000000000E-002  0.98742182588773353        0.0000000000000000     
   3.3333333333333333E-002   1.0122399204049222        0.0000000000000000     
   3.5416666666666666E-002  0.98789380232862956        0.0000000000000000     
   3.6458333333333336E-002   1.0115519610244299        0.0000000000000000     
   3.7500000000000006E-002  0.98878516152595963        0.0000000000000000     
   3.9583333333333338E-002   1.0109025119103696        0.0000000000000000     
   4.1666666666666671E-002  0.98920577674721633        0.0000000000000000     
   4.3750000000000004E-002   1.0104898957107540        0.0000000000000000     
   4.5833333333333337E-002  0.98961054604604737        0.0000000000000000     
   4.7916666666666670E-002   1.0100928240848013        0.0000000000000000     
   5.0000000000000003E-002  0.99000006638909799        0.0000000000000000     
   5.2083333333333336E-002   1.0097107114186388        0.0000000000000000     
   5.4166666666666669E-002  0.99037491225336804        0.0000000000000000     
   5.6250000000000001E-002   1.0093429941603451        0.0000000000000000     
   5.8333333333333334E-002  0.99073563647346918        0.0000000000000000     
   6.0416666666666667E-002   1.0089891299888034        0.0000000000000000     
   6.2500000000000000E-002  0.99108277105696196        0.0000000000000000     
   6.4583333333333326E-002   1.0086485970138717        0.0000000000000000     
   6.6666666666666666E-002  0.99141682796897912        0.0000000000000000     
   6.8750000000000006E-002   1.0083208930066803        0.0000000000000000     
   7.0833333333333331E-002  0.99173829988728590        0.0000000000000000     
   7.5000000000000011E-002   1.0080832443791770        0.0000000000000000     
   7.7083333333333337E-002  0.99197142904802438        0.0000000000000000     
   7.9166666666666677E-002   1.0077768390163024        0.0000000000000000     
   8.3333333333333343E-002  0.99219793970043602        0.0000000000000000     
   8.5416666666666669E-002   1.0075546360149634        0.0000000000000000     
   8.7500000000000008E-002  0.99248998463827154        0.0000000000000000     
   8.9583333333333348E-002   1.0072681450220629        0.0000000000000000     
   9.1666666666666674E-002  0.99277102730801114        0.0000000000000000     
   9.3750000000000000E-002   1.0069924470623639        0.0000000000000000     
   9.5833333333333340E-002  0.99304148220032851        0.0000000000000000     
   9.7916666666666680E-002   1.0067271355277450        0.0000000000000000     
  0.10000000000000001       0.99330174819070727        0.0000000000000000     
  0.10416666666666667        1.0065347334799220        0.0000000000000000     
  0.10833333333333334       0.99342817798646421        0.0000000000000000     
  0.11250000000000000        1.0064095116121479        0.0000000000000000     
  0.11666666666666667       0.99355220346696438        0.0000000000000000     
  0.12083333333333333        1.0062866710884741        0.0000000000000000     
  0.12500000000000000       0.99367387035506805        0.0000000000000000     
  0.12916666666666665        1.0061661666228650        0.0000000000000000     
  0.13333333333333333       0.99379322350412314        0.0000000000000000     
  0.13750000000000001        1.0060479537905243        0.0000000000000000     
  0.14166666666666666       0.99391030691450266        0.0000000000000000     
  0.14583333333333331        1.0059319890114600        0.0000000000000000     
  0.14999999999999999       0.99402516374982364        0.0000000000000000     
  0.15416666666666667        1.0058182295344260        0.0000000000000000     
  0.15833333333333333       0.99413783635286146        0.0000000000000000     
  0.16249999999999998        1.0057066334212204        0.0000000000000000     
  0.16666666666666666       0.99424836626115787        0.0000000000000000     
  0.17083333333333334        1.0055971595311732        0.0000000000000000     
  0.17499999999999999       0.99435679422233625        0.0000000000000000     
  0.17916666666666667        1.0054897675059271        0.0000000000000000     
  0.18333333333333335       0.99446316020912184        0.0000000000000000     
  0.18750000000000000        1.0053844177546805        0.0000000000000000     
  0.19166666666666668       0.99456750343407929        0.0000000000000000     
  0.19583333333333336        1.0052810714395140        0.0000000000000000     
  0.20000000000000001       0.99466986236406763        0.0000000000000000     
  0.20833333333333334        1.0052048536568337        0.0000000000000000     
  0.21041666666666670       0.99479508016865748        0.0000000000000000     
  0.21250000000000002        1.0050068864906563        0.0000000000000000     
  0.21458333333333335       0.99498928250758456        0.0000000000000000     
  0.21666666666666667        1.0048163773816277        0.0000000000000000     
  0.22500000000000001       0.99510692530337896        0.0000000000000000     
  0.23333333333333334        1.0047698835967360        0.0000000000000000     
  0.23749999999999999       0.99517616624657179        0.0000000000000000     
  0.24166666666666667        1.0046782238768299        0.0000000000000000     
  0.24583333333333335       0.99526695023667466        0.0000000000000000     
  0.25000000000000000        1.0045883072496948        0.0000000000000000     
  0.25416666666666665       0.99535600778775901        0.0000000000000000     
  0.25833333333333336        1.0045001005669372        0.0000000000000000     
  0.26250000000000007       0.99544337173150454        0.0000000000000000     
  0.26666666666666672        1.0044135713105480        0.0000000000000000     
  0.27083333333333337       0.99552907427525084        0.0000000000000000     
  0.27500000000000002        1.0043286875809112        0.0000000000000000     
  0.27916666666666667       0.99561314701384496        0.0000000000000000     
  0.28333333333333338        1.0042454180850475        0.0000000000000000     
  0.28750000000000009       0.99569562094126607        0.0000000000000000     
  0.29166666666666674        1.0041637321250754        0.0000000000000000     
  0.29583333333333339       0.99577652646213766        0.0000000000000000     
  0.30000000000000004        1.0040835995868942        0.0000000000000000     
  0.30416666666666670       0.99585589340281233        0.0000000000000000     
  0.30833333333333335        1.0040049909290845        0.0000000000000000     
  0.31250000000000000       0.99593375102248372        0.0000000000000000     
  0.31666666666666671        1.0039278771720150        0.0000000000000000     
  0.32083333333333341       0.99601012802391808        0.0000000000000000     
  0.32500000000000007        1.0038522298871606        0.0000000000000000     
  0.32916666666666672       0.99608505256401347        0.0000000000000000     
  0.33333333333333337        1.0037780211866210        0.0000000000000000     
  0.33750000000000002       0.99615855226422134        0.0000000000000000     
  0.34166666666666667        1.0037052237128401        0.0000000000000000     
  0.34583333333333333       0.99623065422073753        0.0000000000000000     
  0.34999999999999998        1.0036338106285208        0.0000000000000000     
  0.35416666666666663       0.99630138501444820        0.0000000000000000     
  0.35833333333333328        1.0035637556067303        0.0000000000000000     
  0.36249999999999993       0.99637077072074021        0.0000000000000000     
  0.36666666666666664        1.0034950328211956        0.0000000000000000     
  0.37083333333333335       0.99643883691914970        0.0000000000000000     
  0.37500000000000000        1.0034276169367813        0.0000000000000000     
  0.37916666666666665       0.99650560870275484        0.0000000000000000     
  0.38333333333333330        1.0033614831001507        0.0000000000000000     
  0.38749999999999996       0.99657111068744153        0.0000000000000000     
  0.39166666666666666        1.0032966069306024        0.0000000000000000     
  0.39583333333333337       0.99663536702097932        0.0000000000000000     
  0.40000000000000002        1.0032329645110838        0.0000000000000000     
  0.40416666666666667       0.99669840139189980        0.0000000000000000     
  0.40833333333333333        1.0031705323793718        0.0000000000000000     
  0.41249999999999998       0.99676023703827354        0.0000000000000000     
  0.41666666666666669        1.0031092875194250        0.0000000000000000     
  0.42083333333333339       0.99682089675624708        0.0000000000000000     
  0.42500000000000004        1.0030492073528980        0.0000000000000000     
  0.42916666666666670       0.99688040290845015        0.0000000000000000     
  0.43333333333333335        1.0029902697308171        0.0000000000000000     
  0.43750000000000000       0.99693877743223691        0.0000000000000000     
  0.44166666666666665        1.0029324529254167        0.0000000000000000     
  0.44583333333333330       0.99699604184777957        0.0000000000000000     
  0.45000000000000001        1.0028757356221272        0.0000000000000000     
  0.45416666666666672       0.99705221726599735        0.0000000000000000     
  0.45833333333333337        1.0028200969117183        0.0000000000000000     
  0.46250000000000002       0.99710732439637673        0.0000000000000000     
  0.46666666666666667        1.0027655162825906        0.0000000000000000     
  0.47083333333333333       0.99716138355452388        0.0000000000000000     
  0.47499999999999998        1.0027119736132140        0.0000000000000000     
  0.47916666666666663       0.99721441466972738        0.0000000000000000     
  0.48333333333333334        1.0026594491647094        0.0000000000000000     
  0.48750000000000004       0.99726643729229880        0.0000000000000000     
  0.49166666666666670        1.0026079235735716        0.0000000000000000     
  0.49583333333333335       0.99731747060072384        0.0000000000000000     
  0.50000000000000000        1.0025573778445316        0.0000000000000000     
  0.50416666666666665       0.99736753340877926        0.0000000000000000     
  0.50833333333333330        1.0025077933435531        0.0000000000000000     
  0.51249999999999996       0.99741664417248532        0.0000000000000000     
  0.51666666666666661        1.0024591517909629        0.0000000000000000     
  0.52083333333333326       0.99746482099687073        0.0000000000000000     
  0.52499999999999991        1.0024114352547138        0.0000000000000000     
  0.52916666666666656       0.99751208164263849        0.0000000000000000     
  0.53333333333333333        1.0023646261437704        0.0000000000000000     
  0.53750000000000009       0.99755844353277867        0.0000000000000000     
  0.54166666666666674        1.0023187072016271        0.0000000000000000     
  0.54583333333333339       0.99760392375891904        0.0000000000000000     
  0.55000000000000004        1.0022736614999452        0.0000000000000000     
  0.55416666666666670       0.99764853908765649        0.0000000000000000     
  0.55833333333333335        1.0022294724323118        0.0000000000000000     
  0.56250000000000000       0.99769230596674940        0.0000000000000000     
  0.56666666666666665        1.0021861237081184        0.0000000000000000     
  0.57083333333333330       0.99773524053113705        0.0000000000000000     
  0.57499999999999996        1.0021435993465551        0.0000000000000000     
  0.57916666666666661       0.99777735860898853        0.0000000000000000     
  0.58333333333333326        1.0021018836707183        0.0000000000000000     
  0.58749999999999991       0.99781867572742244        0.0000000000000000     
  0.59166666666666656        1.0020609613018334        0.0000000000000000     
  0.59583333333333321       0.99785920711825538        0.0000000000000000     
  0.59999999999999998        1.0020208171535827        0.0000000000000000     
  0.60416666666666674       0.99789896772369124        0.0000000000000000     
  0.60833333333333339        1.0019814364265451        0.0000000000000000     
  0.61250000000000004       0.99793797220174263        0.0000000000000000     
  0.61666666666666670        1.0019428046027417        0.0000000000000000     
  0.62083333333333335       0.99797623493168985        0.0000000000000000     
  0.62500000000000000        1.0019049074402790        0.0000000000000000     
  0.62916666666666665       0.99801377001935621        0.0000000000000000     
  0.63333333333333330        1.0018677309681046        0.0000000000000000     
  0.63749999999999996       0.99805059130230656        0.0000000000000000     
  0.64166666666666661        1.0018312614808518        0.0000000000000000     
  0.64583333333333326       0.99808671235495994        0.0000000000000000     
  0.65000000000000002        1.0017954855337889        0.0000000000000000     
  0.65416666666666679       0.99812214649361009        0.0000000000000000     
  0.65833333333333344        1.0017603899378635        0.0000000000000000     
  0.66250000000000009       0.99815690678129954        0.0000000000000000     
  0.66666666666666674        1.0017259617548389        0.0000000000000000     
  0.67083333333333339       0.99819100603264088        0.0000000000000000     
  0.67500000000000004        1.0016921882925249        0.0000000000000000     
  0.67916666666666670       0.99822445681857086        0.0000000000000000     
  0.68333333333333335        1.0016590571000983        0.0000000000000000     
  0.68750000000000000       0.99825727147093202        0.0000000000000000     
  0.69166666666666665        1.0016265559635140        0.0000000000000000     
  0.69583333333333330       0.99828946208710334        0.0000000000000000     
  0.69999999999999996        1.0015946729010003        0.0000000000000000     
  0.70416666666666661       0.99832104053436288        0.0000000000000000     
  0.70833333333333326        1.0015633961586439        0.0000000000000000     
  0.71249999999999991       0.99835201845433752        0.0000000000000000     
  0.71666666666666667        1.0015327142060551        0.0000000000000000     
  0.72083333333333344       0.99838240726725969        0.0000000000000000     
  0.72500000000000009        1.0015026157321174        0.0000000000000000     
  0.72916666666666674       0.99841221817615999        0.0000000000000000     
  0.73333333333333339        1.0014730896408184        0.0000000000000000     
  0.73750000000000004       0.99844146217104224        0.0000000000000000     
  0.74166666666666670        1.0014441250471582        0.0000000000000000     
  0.74583333333333335       0.99847015003291095        0.0000000000000000     
  0.75000000000000000        1.0014157112731363        0.0000000000000000     
  0.75416666666666665       0.99849829233775678        0.0000000000000000     
  0.75833333333333330        1.0013878378438175        0.0000000000000000     
  0.76249999999999996       0.99852589946041725        0.0000000000000000     
  0.76666666666666672        1.0013604944834666        0.0000000000000000     
  0.77083333333333348       0.99855298157848771        0.0000000000000000     
  0.77500000000000013        1.0013336711117629        0.0000000000000000     
  0.77916666666666679       0.99857954867594079        0.0000000000000000     
  0.78333333333333344        1.0013073578400831        0.0000000000000000     
  0.78750000000000009       0.99860561054692443        0.0000000000000000     
  0.79166666666666674        1.0012815449678554        0.0000000000000000     
  0.79583333333333339       0.99863117679935165        0.0000000000000000     
  0.80000000000000004        1.0012562229789843        0.0000000000000000     
  0.80052083333333335       0.99623252052844935        0.0000000000000000     
  0.80104166666666665       0.99586894092820033        0.0000000000000000     
  0.80156249999999996       0.99118990087645364        0.0000000000000000     
  0.80208333333333337       0.99050715008718748        0.0000000000000000     
  0.80260416666666679       0.98612367534298850        0.0000000000000000     
  0.80312500000000009       0.98516721923810457        0.0000000000000000     
  0.80364583333333339       0.98103720658125071        0.0000000000000000     
  0.80416666666666670       0.97984603442938012        0.0000000000000000     
  0.80468750000000000       0.97593337823514459        0.0000000000000000     
  0.80520833333333330       0.97454092529123459        0.0000000000000000     
  0.80572916666666661       0.97081466317406495        0.0000000000000000     
  0.80625000000000002       0.96924960184754017        0.0000000000000000     
  0.80677083333333344       0.96568318200764469        0.0000000000000000     
  0.80729166666666674       0.96397010032882136        0.0000000000000000     
  0.80781250000000004       0.96054075326509214        0.0000000000000000     
  0.80833333333333335       0.95870073670418043        0.0000000000000000     
  0.80885416666666665       0.95538893642648337        0.0000000000000000     
  0.80937499999999996       0.95344006683258931        0.0000000000000000     
  0.80989583333333326       0.95022906882426450        0.0000000000000000     
  0.81041666666666667       0.94818685229062805        0.0000000000000000     
  0.81093750000000009       0.94506229728813429        0.0000000000000000     
  0.81145833333333339       0.94294003106804969        0.0000000000000000     
  0.81197916666666670       0.93988960528212961        0.0000000000000000     
  0.81250000000000000       0.93769869243776072        0.0000000000000000     
  0.81302083333333330       0.93471183617602327        0.0000000000000000     
  0.81354166666666661       0.93246205540556337        0.0000000000000000     
  0.81406249999999991       0.92952971320173172        0.0000000000000000     
  0.81458333333333333       0.92722945022972725        0.0000000000000000     
  0.81510416666666674       0.92434385656692430        0.0000000000000000     
  0.81562500000000004       0.92200030257310439        0.0000000000000000     
  0.81614583333333335       0.91915479813081280        0.0000000000000000     
  0.81666666666666665       0.91677411991276037        0.0000000000000000     
  0.81718749999999996       0.91396299398936476        0.0000000000000000     
  0.81770833333333326       0.91155047988555504        0.0000000000000000     
  0.81822916666666656       0.90876883526776830        0.0000000000000000     
  0.81874999999999998       0.90632902029389506        0.0000000000000000     
  0.81927083333333339       0.90357265737550385        0.0000000000000000     
  0.81979166666666670       0.90110943053516424        0.0000000000000000     
  0.82031250000000000       0.89837474794303973        0.0000000000000000     
  0.82083333333333330       0.89589144425202838        0.0000000000000000     
  0.82135416666666661       0.89317535362793710        0.0000000000000000     
  0.82187499999999991       0.89067483302970218        0.0000000000000000     
  0.82239583333333321       0.88797468595143747        0.0000000000000000     
  0.82291666666666663       0.88545940099104226        0.0000000000000000     
  0.82343750000000004       0.88277292630362125        0.0000000000000000     
  0.82395833333333335       0.88024498016156627        0.0000000000000000     
  0.82447916666666665       0.87757023023559100        0.0000000000000000     
  0.82499999999999996       0.87503142649472443        0.0000000000000000     
  0.82552083333333326       0.87236673114022190        0.0000000000000000     
  0.82604166666666656       0.86981861646336978        0.0000000000000000     
  0.82656249999999987       0.86716254340860099        0.0000000000000000     
  0.82708333333333328       0.86460644413677079        0.0000000000000000     
  0.82760416666666670       0.86195776513682676        0.0000000000000000     
  0.82812500000000000       0.85939481867401146        0.0000000000000000     
  0.82864583333333330       0.85675248044723007        0.0000000000000000     
  0.82916666666666661       0.85418366217444486        0.0000000000000000     
  0.82968749999999991       0.85154676147892938        0.0000000000000000     
  0.83020833333333333       0.84897290783435542        0.0000000000000000     
  0.83072916666666674       0.84634067009484082        0.0000000000000000     
  0.83125000000000004       0.84376249836620409        0.0000000000000000     
  0.83177083333333335       0.84113425934552322        0.0000000000000000     
  0.83229166666666665       0.83855238464305115        0.0000000000000000     
  0.83281249999999996       0.83592757472448820        0.0000000000000000     
  0.83333333333333337       0.83334252453607982        0.0000000000000000     
  0.83385416666666679       0.83072065524470795        0.0000000000000000     
  0.83437500000000009       0.82813288191771417        0.0000000000000000     
  0.83489583333333339       0.82551353436176644        0.0000000000000000     
  0.83541666666666670       0.82292342580674582        0.0000000000000000     
  0.83593750000000000       0.82030624076550440        0.0000000000000000     
  0.83645833333333341       0.81771412963523082        0.0000000000000000     
  0.83697916666666683       0.81509879905889893        0.0000000000000000     
  0.83750000000000013       0.81250497061982685        0.0000000000000000     
  0.83802083333333344       0.80989123034024124        0.0000000000000000     
  0.83854166666666674       0.80729592922267235        0.0000000000000000     
  0.83906250000000004       0.80468355270237324        0.0000000000000000     
  0.83958333333333346       0.80208698868906991        0.0000000000000000     
  0.84010416666666687       0.79947578166081357        0.0000000000000000     
  0.84062500000000018       0.79687813465102686        0.0000000000000000     
  0.84114583333333348       0.79426793052090172        0.0000000000000000     
  0.84166666666666679       0.79166935478726874        0.0000000000000000     
  0.84218750000000009       0.78906001069263099        0.0000000000000000     
  0.84270833333333339       0.78646063853168224        0.0000000000000000     
  0.84322916666666670       0.78385203196064546        0.0000000000000000     
  0.84375000000000011       0.78125197682329495        0.0000000000000000     
  0.84427083333333353       0.77864400271576584        0.0000000000000000     
  0.84479166666666683       0.77604336189186962        0.0000000000000000     
  0.84531250000000013       0.77343593015354672        0.0000000000000000     
  0.84583333333333344       0.77083478707403819        0.0000000000000000     
  0.84635416666666674       0.76822782044453330        0.0000000000000000     
  0.84687500000000004       0.76562624665562673        0.0000000000000000     
  0.84739583333333335       0.76301967888027955        0.0000000000000000     
  0.84791666666666676       0.76041773573644322        0.0000000000000000     
  0.84843750000000018       0.75781150999855718        0.0000000000000000     
  0.84895833333333348       0.75520925011432871        0.0000000000000000     
  0.84947916666666679       0.75260331769073574        0.0000000000000000     
  0.85000000000000009       0.75000078618572208        0.0000000000000000     
  0.85052083333333339       0.74739510529385800        0.0000000000000000     
  0.85104166666666670       0.74479234086038670        0.0000000000000000     
  0.85156250000000000       0.74218687566960562        0.0000000000000000     
  0.85208333333333341       0.73958391148828950        0.0000000000000000     
  0.85260416666666683       0.73697863127201380        0.0000000000000000     
  0.85312500000000013       0.73437549579689521        0.0000000000000000     
  0.85364583333333344       0.73177037420554425        0.0000000000000000     
  0.85416666666666674       0.72916709183739159        0.0000000000000000     
  0.85468750000000004       0.72656210627487505        0.0000000000000000     
  0.85520833333333335       0.72395869793857182        0.0000000000000000     
  0.85572916666666665       0.72135382902760936        0.0000000000000000     
  0.85625000000000007       0.71875031266729317        0.0000000000000000     
  0.85677083333333348       0.71614554379089268        0.0000000000000000     
  0.85729166666666679       0.71354193479456463        0.0000000000000000     
  0.85781250000000009       0.71093725170282374        0.0000000000000000     
  0.85833333333333339       0.70833356326646446        0.0000000000000000     
  0.85885416666666670       0.70572895373937539        0.0000000000000000     
  0.85937500000000000       0.70312519717920208        0.0000000000000000     
  0.85989583333333330       0.70052065073749314        0.0000000000000000     
  0.86041666666666672       0.69791683575772978        0.0000000000000000     
  0.86093750000000013       0.69531234341490067        0.0000000000000000     
  0.86145833333333344       0.69270847833740734        0.0000000000000000     
  0.86197916666666674       0.69010403238708418        0.0000000000000000     
  0.86250000000000004       0.68750012434827212        0.0000000000000000     
  0.86302083333333335       0.68489571818185124        0.0000000000000000     
  0.86354166666666665       0.68229177330155211        0.0000000000000000     
  0.86406249999999996       0.67968740125182425        0.0000000000000000     
  0.86458333333333337       0.67708342477810002        0.0000000000000000     
  0.86510416666666679       0.67447908198514850        0.0000000000000000     
  0.86562500000000009       0.67187507841847693        0.0000000000000000     
  0.86614583333333339       0.66927076071468117        0.0000000000000000     
  0.86666666666666670       0.66666673391444697        0.0000000000000000     
  0.86718750000000000       0.66406243772586215        0.0000000000000000     
  0.86770833333333330       0.66145839100168091        0.0000000000000000     
  0.86822916666666661       0.65885411326346788        0.0000000000000000     
  0.86875000000000002       0.65625004945350252        0.0000000000000000     
  0.86927083333333344       0.65364578753740910        0.0000000000000000     
  0.86979166666666674       0.65104170907552739        0.0000000000000000     
  0.87031250000000004       0.64843746072769637        0.0000000000000000     
  0.87083333333333335       0.64583336970106031        0.0000000000000000     
  0.87135416666666665       0.64322913298869533        0.0000000000000000     
  0.87187499999999996       0.64062503118715175        0.0000000000000000     
  0.87239583333333326       0.63802080445278286        0.0000000000000000     
  0.87291666666666667       0.63541669341121454        0.0000000000000000     
  0.87343750000000009       0.63281247523347750        0.0000000000000000     
  0.87395833333333339       0.63020835626812532        0.0000000000000000     
  0.87447916666666670       0.62760414542813092        0.0000000000000000     
  0.87500000000000000       0.62500001966773577        0.0000000000000000     
  0.87552083333333330       0.62239581512022302        0.0000000000000000     
  0.87604166666666661       0.61979168353273761        0.0000000000000000     
  0.87656249999999991       0.61718748438134419        0.0000000000000000     
  0.87708333333333333       0.61458334779683577        0.0000000000000000     
  0.87760416666666674       0.61197915327288477        0.0000000000000000     
  0.87812500000000004       0.60937501240317893        0.0000000000000000     
  0.87864583333333335       0.60677082184749309        0.0000000000000000     
  0.87916666666666665       0.60416667730301532        0.0000000000000000     
  0.87968749999999996       0.60156249015031571        0.0000000000000000     
  0.88020833333333326       0.59895834245453716        0.0000000000000000     
  0.88072916666666656       0.59635415822006832        0.0000000000000000     
  0.88124999999999998       0.59375000782188991        0.0000000000000000     
  0.88177083333333339       0.59114582608995070        0.0000000000000000     
  0.88229166666666670       0.58854167337432928        0.0000000000000000     
  0.88281250000000000       0.58593749378843629        0.0000000000000000     
  0.88333333333333330       0.58333333908549079        0.0000000000000000     
  0.88385416666666661       0.58072916133993979        0.0000000000000000     
  0.88437499999999991       0.57812500493276398        0.0000000000000000     
  0.88489583333333321       0.57552082876539790        0.0000000000000000     
  0.88541666666666663       0.57291667089675935        0.0000000000000000     
  0.88593750000000004       0.57031249608276546        0.0000000000000000     
  0.88645833333333335       0.56770833696084977        0.0000000000000000     
  0.88697916666666665       0.56510416330744173        0.0000000000000000     
  0.88749999999999996       0.56250000311077775        0.0000000000000000     
  0.88802083333333326       0.55989583045262969        0.0000000000000000     
  0.88854166666666656       0.55729166933431507        0.0000000000000000     
  0.88906249999999987       0.55468749752965263        0.0000000000000000     
  0.88958333333333328       0.55208333562097556        0.0000000000000000     
  0.89010416666666670       0.54947916454821910        0.0000000000000000     
  0.89062500000000000       0.54687500196176797        0.0000000000000000     
  0.89114583333333330       0.54427083151665834        0.0000000000000000     
  0.89166666666666661       0.54166666834898136        0.0000000000000000     
  0.89218749999999991       0.53906249844211052        0.0000000000000000     
  0.89270833333333321       0.53645833477600313        0.0000000000000000     
  0.89322916666666652       0.53385416533069863        0.0000000000000000     
  0.89374999999999993       0.53125000123716148        0.0000000000000000     
  0.89427083333333335       0.52864583218767336        0.0000000000000000     
  0.89479166666666665       0.52604166772759420        0.0000000000000000     
  0.89531249999999996       0.52343749901753966        0.0000000000000000     
  0.89583333333333326       0.52083333424313227        0.0000000000000000     
  0.89635416666666656       0.51822916582415790        0.0000000000000000     
  0.89687499999999998       0.51562500078019846        0.0000000000000000     
  0.89739583333333339       0.51302083261083886        0.0000000000000000     
  0.89791666666666670       0.51041666733572566        0.0000000000000000     
  0.89843750000000000       0.50781249938042550        0.0000000000000000     
  0.89895833333333330       0.50520833390708553        0.0000000000000000     
  0.89947916666666661       0.50260416613535064        0.0000000000000000     
  0.90000000000000002       0.50000000049202087        0.0000000000000000     
  0.90052083333333344       0.49739583287770206        0.0000000000000000     
  0.90104166666666674       0.49479166708859917        0.0000000000000000     
  0.90156250000000004       0.49218749960927355        0.0000000000000000     
  0.90208333333333335       0.48958333369516188        0.0000000000000000     
  0.90260416666666665       0.48697916633159938        0.0000000000000000     
  0.90312500000000007       0.48437500031028596        0.0000000000000000     
  0.90364583333333348       0.48177083304599549        0.0000000000000000     
  0.90416666666666679       0.47916666693275212        0.0000000000000000     
  0.90468750000000009       0.47656249975359372        0.0000000000000000     
  0.90520833333333339       0.47395833356151523        0.0000000000000000     
  0.90572916666666670       0.47135416645536127        0.0000000000000000     
  0.90625000000000011       0.46875000019567692        0.0000000000000000     
  0.90677083333333353       0.46614583315212754        0.0000000000000000     
  0.90729166666666683       0.46354166683446929        0.0000000000000000     
  0.90781250000000013       0.46093749984460719        0.0000000000000000     
  0.90833333333333344       0.45833333347723276        0.0000000000000000     
  0.90885416666666674       0.45572916653340984        0.0000000000000000     
  0.90937500000000004       0.45312500012340129        0.0000000000000000     
  0.90989583333333335       0.45052083321905928        0.0000000000000000     
  0.91041666666666676       0.44791666677248942        0.0000000000000000     
  0.91093750000000018       0.44531249990200322        0.0000000000000000     
  0.91145833333333348       0.44270833342408161        0.0000000000000000     
  0.91197916666666679       0.44010416658262952        0.0000000000000000     
  0.91250000000000009       0.43750000007782119        0.0000000000000000     
  0.91302083333333339       0.43489583326126746        0.0000000000000000     
  0.91354166666666670       0.43229166673340258        0.0000000000000000     
  0.91406250000000000       0.42968749993820010        0.0000000000000000     
  0.91458333333333341       0.42708333339056270        0.0000000000000000     
  0.91510416666666683       0.42447916661366930        0.0000000000000000     
  0.91562500000000013       0.42187500004907680        0.0000000000000000     
  0.91614583333333344       0.41927083328788561        0.0000000000000000     
  0.91666666666666674       0.41666666670875258        0.0000000000000000     
  0.91718750000000004       0.41406249996102668        0.0000000000000000     
  0.91770833333333335       0.41145833336942433        0.0000000000000000     
  0.91822916666666665       0.40885416663324553        0.0000000000000000     
  0.91875000000000007       0.40625000003094952        0.0000000000000000     
  0.91927083333333348       0.40364583330467213        0.0000000000000000     
  0.91979166666666679       0.40104166669320718        0.0000000000000000     
  0.92031250000000009       0.39843749997542188        0.0000000000000000     
  0.92083333333333339       0.39583333335609333        0.0000000000000000     
  0.92135416666666670       0.39322916664559010        0.0000000000000000     
  0.92187500000000000       0.39062500001951811        0.0000000000000000     
  0.92239583333333330       0.38802083331525949        0.0000000000000000     
  0.92291666666666672       0.38541666668340435        0.0000000000000000     
  0.92343750000000013       0.38281249998449979        0.0000000000000000     
  0.92395833333333344       0.38020833334768628        0.0000000000000000     
  0.92447916666666674       0.37760416665337471        0.0000000000000000     
  0.92500000000000004       0.37500000001230860        0.0000000000000000     
  0.92552083333333335       0.37239583332193560        0.0000000000000000     
  0.92604166666666665       0.36979166667722219        0.0000000000000000     
  0.92656249999999996       0.36718749999022626        0.0000000000000000     
  0.92708333333333337       0.36458333334238485        0.0000000000000000     
  0.92760416666666679       0.36197916665828428        0.0000000000000000     
  0.92812500000000009       0.35937500000776179        0.0000000000000000     
  0.92864583333333339       0.35677083332614529        0.0000000000000000     
  0.92916666666666670       0.35416666667332314        0.0000000000000000     
  0.92968750000000000       0.35156249999383604        0.0000000000000000     
  0.93020833333333330       0.34895833333904192        0.0000000000000000     
  0.93072916666666661       0.34635416666138130        0.0000000000000000     
  0.93125000000000002       0.34375000000489503        0.0000000000000000     
  0.93177083333333344       0.34114583332880022        0.0000000000000000     
  0.93229166666666674       0.33854166667086411        0.0000000000000000     
  0.93281250000000004       0.33593749999611294        0.0000000000000000     
  0.93333333333333335       0.33333333333693305        0.0000000000000000     
  0.93385416666666665       0.33072916666333396        0.0000000000000000     
  0.93437499999999996       0.32812500000308731        0.0000000000000000     
  0.93489583333333326       0.32552083333047571        0.0000000000000000     
  0.93541666666666667       0.32291666666931401        0.0000000000000000     
  0.93593750000000009       0.32031249999754863        0.0000000000000000     
  0.93645833333333339       0.31770833333560339        0.0000000000000000     
  0.93697916666666670       0.31510416666456470        0.0000000000000000     
  0.93750000000000000       0.31250000000194700        0.0000000000000000     
  0.93802083333333330       0.30989583333153109        0.0000000000000000     
  0.93854166666666661       0.30729166666833674        0.0000000000000000     
  0.93906249999999991       0.30468749999845485        0.0000000000000000     
  0.93958333333333333       0.30208333333476528        0.0000000000000000     
  0.94010416666666674       0.29947916666534102        0.0000000000000000     
  0.94062500000000004       0.29687500000122774        0.0000000000000000     
  0.94114583333333335       0.29427083333219689        0.0000000000000000     
  0.94166666666666665       0.29166666666771990        0.0000000000000000     
  0.94218749999999996       0.28906249999902556        0.0000000000000000     
  0.94270833333333326       0.28645833333423698        0.0000000000000000     
  0.94322916666666656       0.28385416666583146        0.0000000000000000     
  0.94374999999999998       0.28125000000077488        0.0000000000000000     
  0.94427083333333339       0.27864583333261622        0.0000000000000000     
  0.94479166666666670       0.27604166666733104        0.0000000000000000     
  0.94531250000000000       0.27343749999938527        0.0000000000000000     
  0.94583333333333330       0.27083333333390341        0.0000000000000000     
  0.94635416666666661       0.26822916666613988        0.0000000000000000     
  0.94687499999999991       0.26562500000048939        0.0000000000000000     
  0.94739583333333321       0.26302083333288190        0.0000000000000000     
  0.94791666666666663       0.26041666666708618        0.0000000000000000     
  0.94843750000000004       0.25781249999961225        0.0000000000000000     
  0.94895833333333335       0.25520833333369281        0.0000000000000000     
  0.94947916666666665       0.25260416666633440        0.0000000000000000     
  0.94999999999999996       0.25000000000030870        0.0000000000000000     
  0.95052083333333326       0.24739583333304865        0.0000000000000000     
  0.95104166666666656       0.24479166666693167        0.0000000000000000     
  0.95156249999999987       0.24218749999975622        0.0000000000000000     
  0.95208333333333328       0.23958333333356044        0.0000000000000000     
  0.95260416666666670       0.23697916666645688        0.0000000000000000     
  0.95312500000000000       0.23437500000019443        0.0000000000000000     
  0.95364583333333330       0.23177083333315374        0.0000000000000000     
  0.95416666666666661       0.22916666666683386        0.0000000000000000     
  0.95468749999999991       0.22656249999984632        0.0000000000000000     
  0.95520833333333321       0.22395833333347709        0.0000000000000000     
  0.95572916666666652       0.22135416666653529        0.0000000000000000     
  0.95624999999999993       0.21875000000012318        0.0000000000000000     
  0.95677083333333335       0.21614583333322013        0.0000000000000000     
  0.95729166666666665       0.21354166666677199        0.0000000000000000     
  0.95781249999999996       0.21093749999990324        0.0000000000000000     
  0.95833333333333326       0.20833333333342410        0.0000000000000000     
  0.95885416666666656       0.20572916666658400        0.0000000000000000     
  0.95937499999999987       0.20312500000007808        0.0000000000000000     
  0.95989583333333317       0.20052083333326282        0.0000000000000000     
  0.96041666666666659       0.19791666666673360        0.0000000000000000     
  0.96093750000000000       0.19531249999993888        0.0000000000000000     
  0.96145833333333330       0.19270833333339049        0.0000000000000000     
  0.96197916666666661       0.19010416666661450        0.0000000000000000     
  0.96249999999999991       0.18750000000004957        0.0000000000000000     
  0.96302083333333321       0.18489583333328885        0.0000000000000000     
  0.96354166666666663       0.18229166666670898        0.0000000000000000     
  0.96406250000000004       0.17968749999996111        0.0000000000000000     
  0.96458333333333335       0.17708333333336945        0.0000000000000000     
  0.96510416666666665       0.17447916666663368        0.0000000000000000     
  0.96562499999999996       0.17187500000003120        0.0000000000000000     
  0.96614583333333326       0.16927083333330539        0.0000000000000000     
  0.96666666666666667       0.16666666666669325        0.0000000000000000     
  0.96718750000000009       0.16406249999997496        0.0000000000000000     
  0.96770833333333339       0.16145833333335591        0.0000000000000000     
  0.96822916666666670       0.15885416666664545        0.0000000000000000     
  0.96875000000000000       0.15625000000001954        0.0000000000000000     
  0.96927083333333330       0.15364583333331550        0.0000000000000000     
  0.96979166666666672       0.15104166666668312        0.0000000000000000     
  0.97031250000000013       0.14843749999998385        0.0000000000000000     
  0.97083333333333344       0.14583333333334719        0.0000000000000000     
  0.97135416666666674       0.14322916666665303        0.0000000000000000     
  0.97187500000000004       0.14062500000001218        0.0000000000000000     
  0.97239583333333335       0.13802083333332188        0.0000000000000000     
  0.97291666666666676       0.13541666666667679        0.0000000000000000     
  0.97343750000000018       0.13281249999998945        0.0000000000000000     
  0.97395833333333348       0.13020833333334167        0.0000000000000000     
  0.97447916666666679       0.12760416666665786        0.0000000000000000     
  0.97500000000000009       0.12500000000000741        0.0000000000000000     
  0.97552083333333339       0.12239583333332585        0.0000000000000000     
  0.97604166666666670       0.11979166666667326        0.0000000000000000     
  0.97656250000000000       0.11718749999999385        0.0000000000000000     
  0.97708333333333341       0.11458333333333873        0.0000000000000000     
  0.97760416666666683       0.11197916666666055        0.0000000000000000     
  0.97812500000000013       0.10937500000000434        0.0000000000000000     
  0.97916666666666674       0.10416666666666151        0.0000000000000000     
  0.98020833333333335        9.8958333333337922E-002   0.0000000000000000     
  0.98072916666666665        9.6354166666662508E-002   0.0000000000000000     
  0.98098958333333330        9.5052083333337201E-002   0.0000000000000000     
  0.98125000000000007        9.3749999999996614E-002   0.0000000000000000     
  0.98151041666666683        9.2447916666668600E-002   0.0000000000000000     
  0.98177083333333348        9.1145833333330303E-002   0.0000000000000000     
  0.98203125000000013        8.9843750000001332E-002   0.0000000000000000     
  0.98229166666666679        8.8541666666664423E-002   0.0000000000000000     
  0.98255208333333344        8.7239583333334272E-002   0.0000000000000000     
  0.98281250000000009        8.5937499999998349E-002   0.0000000000000000     
  0.98307291666666674        8.4635416666667393E-002   0.0000000000000000     
  0.98333333333333339        8.3333333333332163E-002   0.0000000000000000     
  0.98359375000000004        8.2031250000000666E-002   0.0000000000000000     
  0.98385416666666670        8.0729166666665894E-002   0.0000000000000000     
  0.98411458333333335        7.9427083333333925E-002   0.0000000000000000     
  0.98437500000000000        7.8124999999999542E-002   0.0000000000000000     
  0.98463541666666665        7.6822916666667254E-002   0.0000000000000000     
  0.98489583333333330        7.5520833333333204E-002   0.0000000000000000     
  0.98515624999999996        7.4218750000000625E-002   0.0000000000000000     
  0.98541666666666672        7.2916666666666199E-002   0.0000000000000000     
  0.98593750000000013        7.0312499999999681E-002   0.0000000000000000     
  0.98645833333333344        6.7708333333332690E-002   0.0000000000000000     
  0.98697916666666674        6.5104166666666602E-002   0.0000000000000000     
  0.98750000000000004        6.2499999999999688E-002   0.0000000000000000     
  0.98802083333333335        5.9895833333333377E-002   0.0000000000000000     
  0.98854166666666665        5.7291666666666650E-002   0.0000000000000000     
  0.98880208333333330        5.5989583333333592E-002   0.0000000000000000     
  0.98906249999999996        5.4687500000000153E-002   0.0000000000000000     
  0.98932291666666661        5.3385416666667053E-002   0.0000000000000000     
  0.98958333333333337        5.2083333333333107E-002   0.0000000000000000     
  0.99062500000000009        4.6874999999999604E-002   0.0000000000000000     
  0.99166666666666670        4.1666666666666463E-002   0.0000000000000000     
  0.99270833333333330        3.6458333333333592E-002   0.0000000000000000     
  0.99296874999999996        3.5156250000000187E-002   0.0000000000000000     
  0.99322916666666661        3.3854166666667032E-002   0.0000000000000000     
  0.99348958333333326        3.2552083333333676E-002   0.0000000000000000     
  0.99375000000000002        3.1249999999999962E-002   0.0000000000000000     
  0.99401041666666679        2.9947916666666061E-002   0.0000000000000000     
  0.99427083333333344        2.8645833333332878E-002   0.0000000000000000     
  0.99453125000000009        2.7343749999999535E-002   0.0000000000000000     
  0.99479166666666674        2.6041666666666366E-002   0.0000000000000000     
  0.99583333333333335        2.0833333333333221E-002   0.0000000000000000     
  0.99687499999999996        1.5625000000000364E-002   0.0000000000000000     
  0.99791666666666667        1.0416666666666604E-002   0.0000000000000000     
  0.99817708333333344        9.1145833333329054E-003   0.0000000000000000     
  0.99843750000000009        7.8124999999995455E-003   0.0000000000000000     
  0.99895833333333339        5.2083333333331110E-003   0.0000000000000000     
   1.0000000000000000        0.0000000000000000        0.0000000000000000     
