X My_beautiful_solution_real My_beautiful_solution_imag
   0.0000000000000000        0.0000000000000000        0.0000000000000000     
   2.6041666666666666E-004   2.6041666666666325E-004   0.0000000000000000     
   5.2083333333333333E-004   5.2083333333333365E-004   0.0000000000000000     
   7.8125000000000004E-004   7.8124999999999636E-004   0.0000000000000000     
   1.0416666666666667E-003   1.0416666666666675E-003   0.0000000000000000     
   1.3020833333333335E-003   1.3020833333333289E-003   0.0000000000000000     
   1.5625000000000001E-003   1.5625000000000010E-003   0.0000000000000000     
   1.8229166666666667E-003   1.8229166666666624E-003   0.0000000000000000     
   2.0833333333333333E-003   2.0833333333333337E-003   0.0000000000000000     
   2.3437500000000003E-003   2.3437499999999921E-003   0.0000000000000000     
   2.6041666666666670E-003   2.6041666666666678E-003   0.0000000000000000     
   2.8645833333333336E-003   2.8645833333333240E-003   0.0000000000000000     
   3.1250000000000002E-003   3.1250000000000049E-003   0.0000000000000000     
   3.3854166666666668E-003   3.3854166666666559E-003   0.0000000000000000     
   3.6458333333333334E-003   3.6458333333333395E-003   0.0000000000000000     
   3.9062500000000000E-003   3.9062499999999887E-003   0.0000000000000000     
   4.1666666666666666E-003   4.1666666666666735E-003   0.0000000000000000     
   4.4270833333333332E-003   4.4270833333333211E-003   0.0000000000000000     
   4.6875000000000007E-003   4.6875000000000128E-003   0.0000000000000000     
   4.9479166666666673E-003   4.9479166666666482E-003   0.0000000000000000     
   5.2083333333333339E-003   5.2083333333333530E-003   0.0000000000000000     
   5.4687500000000005E-003   5.4687499999999745E-003   0.0000000000000000     
   5.7291666666666671E-003   5.7291666666666932E-003   0.0000000000000000     
   5.9895833333333337E-003   5.9895833333332990E-003   0.0000000000000000     
   6.2500000000000003E-003   6.2500000000000376E-003   0.0000000000000000     
   6.7708333333333336E-003   6.7708333333332850E-003   0.0000000000000000     
   7.0312500000000002E-003   7.0312500000000479E-003   0.0000000000000000     
   7.2916666666666668E-003   7.2916666666666017E-003   0.0000000000000000     
   7.8125000000000000E-003   7.8125000000000590E-003   0.0000000000000000     
   8.3333333333333332E-003   8.3333333333332604E-003   0.0000000000000000     
   8.8541666666666664E-003   8.8541666666667514E-003   0.0000000000000000     
   9.3750000000000014E-003   9.3749999999999060E-003   0.0000000000000000     
   9.8958333333333346E-003   9.8958333333334352E-003   0.0000000000000000     
   1.0416666666666668E-002   1.0416666666666569E-002   0.0000000000000000     
   1.0937500000000001E-002   1.0937500000000109E-002   0.0000000000000000     
   1.1458333333333334E-002   1.1458333333333211E-002   0.0000000000000000     
   1.1979166666666667E-002   1.1979166666666794E-002   0.0000000000000000     
   1.2500000000000001E-002   1.2499999999999864E-002   0.0000000000000000     
   1.3020833333333334E-002   1.3020833333333483E-002   0.0000000000000000     
   1.3541666666666667E-002   1.3541666666666494E-002   0.0000000000000000     
   1.4062500000000000E-002   1.4062500000000174E-002   0.0000000000000000     
   1.4583333333333334E-002   1.4583333333333143E-002   0.0000000000000000     
   1.5104166666666667E-002   1.5104166666666875E-002   0.0000000000000000     
   1.5625000000000000E-002   1.5624999999999778E-002   0.0000000000000000     
   1.6145833333333331E-002   1.6145833333333578E-002   0.0000000000000000     
   1.6666666666666666E-002   1.6666666666666406E-002   0.0000000000000000     
   1.7187500000000001E-002   1.7187500000000289E-002   0.0000000000000000     
   1.7708333333333333E-002   1.7708333333333031E-002   0.0000000000000000     
   1.8229166666666668E-002   1.8229166666667004E-002   0.0000000000000000     
   1.8750000000000003E-002   1.8749999999999652E-002   0.0000000000000000     
   1.9270833333333334E-002   1.9270833333333730E-002   0.0000000000000000     
   1.9791666666666669E-002   1.9791666666666267E-002   0.0000000000000000     
   2.0312500000000004E-002   2.0312500000000466E-002   0.0000000000000000     
   2.0833333333333336E-002   2.0833333333332857E-002   0.0000000000000000     
   2.1354166666666667E-002   2.1354166666667181E-002   0.0000000000000000     
   2.1875000000000002E-002   2.1874999999999437E-002   0.0000000000000000     
   2.2395833333333337E-002   2.2395833333333941E-002   0.0000000000000000     
   2.2916666666666669E-002   2.2916666666666020E-002   0.0000000000000000     
   2.3437500000000000E-002   2.3437500000000704E-002   0.0000000000000000     
   2.3958333333333335E-002   2.3958333333332586E-002   0.0000000000000000     
   2.4479166666666670E-002   2.4479166666667492E-002   0.0000000000000000     
   2.5000000000000001E-002   2.4999999999999117E-002   0.0000000000000000     
   2.5520833333333333E-002   2.5520833333334294E-002   0.0000000000000000     
   2.6041666666666668E-002   2.6041666666665637E-002   0.0000000000000000     
   2.6562500000000003E-002   2.6562500000001120E-002   0.0000000000000000     
   2.7083333333333334E-002   2.7083333333332137E-002   0.0000000000000000     
   2.7604166666666666E-002   2.7604166666667970E-002   0.0000000000000000     
   2.8125000000000001E-002   2.8124999999998616E-002   0.0000000000000000     
   2.8645833333333336E-002   2.8645833333334848E-002   0.0000000000000000     
   2.9166666666666667E-002   2.9166666666665068E-002   0.0000000000000000     
   3.0208333333333334E-002   3.0208333333334999E-002   0.0000000000000000     
   3.1250000000000000E-002   3.1249999999998269E-002   0.0000000000000000     
   3.3333333333333333E-002   3.3333333333335102E-002   0.0000000000000000     
   3.5416666666666666E-002   3.5416666666664834E-002   0.0000000000000000     
   3.6458333333333336E-002   3.6458333333335188E-002   0.0000000000000000     
   3.7500000000000006E-002   3.7499999999998028E-002   0.0000000000000000     
   3.9583333333333338E-002   3.9583333333335344E-002   0.0000000000000000     
   4.1666666666666671E-002   4.1666666666664610E-002   0.0000000000000000     
   4.3750000000000004E-002   4.3750000000002100E-002   0.0000000000000000     
   4.5833333333333337E-002   4.5833333333331200E-002   0.0000000000000000     
   4.7916666666666670E-002   4.7916666666668849E-002   0.0000000000000000     
   5.0000000000000003E-002   4.9999999999997789E-002   0.0000000000000000     
   5.2083333333333336E-002   5.2083333333335570E-002   0.0000000000000000     
   5.4166666666666669E-002   5.4166666666664365E-002   0.0000000000000000     
   5.6250000000000001E-002   5.6250000000002340E-002   0.0000000000000000     
   5.8333333333333334E-002   5.8333333333330933E-002   0.0000000000000000     
   6.0416666666666667E-002   6.0416666666669061E-002   0.0000000000000000     
   6.2500000000000000E-002   6.2499999999997509E-002   0.0000000000000000     
   6.4583333333333326E-002   6.4583333333335824E-002   0.0000000000000000     
   6.6666666666666666E-002   6.6666666666664084E-002   0.0000000000000000     
   6.8750000000000006E-002   6.8750000000002268E-002   0.0000000000000000     
   7.0833333333333331E-002   7.0833333333330681E-002   0.0000000000000000     
   7.5000000000000011E-002   7.5000000000002440E-002   0.0000000000000000     
   7.7083333333333337E-002   7.7083333333330395E-002   0.0000000000000000     
   7.9166666666666677E-002   7.9166666666669216E-002   0.0000000000000000     
   8.3333333333333343E-002   8.3333333333330498E-002   0.0000000000000000     
   8.5416666666666669E-002   8.5416666666669513E-002   0.0000000000000000     
   8.7500000000000008E-002   8.7499999999997052E-002   0.0000000000000000     
   8.9583333333333348E-002   8.9583333333336290E-002   0.0000000000000000     
   9.1666666666666674E-002   9.1666666666663579E-002   0.0000000000000000     
   9.3750000000000000E-002   9.3750000000002956E-002   0.0000000000000000     
   9.5833333333333340E-002   9.5833333333330134E-002   0.0000000000000000     
   9.7916666666666680E-002   9.7916666666669747E-002   0.0000000000000000     
  0.10000000000000001        9.9999999999996675E-002   0.0000000000000000     
  0.10416666666666667       0.10416666666666931        0.0000000000000000     
  0.10833333333333334       0.10833333333332996        0.0000000000000000     
  0.11250000000000000       0.11250000000000306        0.0000000000000000     
  0.11666666666666667       0.11666666666666324        0.0000000000000000     
  0.12083333333333333       0.12083333333333671        0.0000000000000000     
  0.12500000000000000       0.12499999999999650        0.0000000000000000     
  0.12916666666666665       0.12916666666667020        0.0000000000000000     
  0.13333333333333333       0.13333333333332978        0.0000000000000000     
  0.13750000000000001       0.13750000000000531        0.0000000000000000     
  0.14166666666666666       0.14166666666666303        0.0000000000000000     
  0.14583333333333331       0.14583333333333831        0.0000000000000000     
  0.14999999999999999       0.14999999999999628        0.0000000000000000     
  0.15416666666666667       0.15416666666667195        0.0000000000000000     
  0.15833333333333333       0.15833333333332950        0.0000000000000000     
  0.16249999999999998       0.16250000000000553        0.0000000000000000     
  0.16666666666666666       0.16666666666666274        0.0000000000000000     
  0.17083333333333334       0.17083333333333947        0.0000000000000000     
  0.17499999999999999       0.17499999999999599        0.0000000000000000     
  0.17916666666666667       0.17916666666667341        0.0000000000000000     
  0.18333333333333335       0.18333333333332924        0.0000000000000000     
  0.18750000000000000       0.18750000000000638        0.0000000000000000     
  0.19166666666666668       0.19166666666666249        0.0000000000000000     
  0.19583333333333336       0.19583333333333930        0.0000000000000000     
  0.20000000000000001       0.19999999999999571        0.0000000000000000     
  0.20833333333333334       0.20833333333333967        0.0000000000000000     
  0.21041666666666670       0.21041666666666234        0.0000000000000000     
  0.21250000000000002       0.21250000000000654        0.0000000000000000     
  0.21458333333333335       0.21458333333332880        0.0000000000000000     
  0.21666666666666667       0.21666666666667339        0.0000000000000000     
  0.22500000000000001       0.22500000000000087        0.0000000000000000     
  0.23333333333333334       0.23333333333334011        0.0000000000000000     
  0.23749999999999999       0.23749999999999497        0.0000000000000000     
  0.24166666666666667       0.24166666666667355        0.0000000000000000     
  0.24583333333333335       0.24583333333332766        0.0000000000000000     
  0.25000000000000000       0.25000000000000705        0.0000000000000000     
  0.25416666666666665       0.25416666666666088        0.0000000000000000     
  0.25833333333333336       0.25833333333334052        0.0000000000000000     
  0.26250000000000007       0.26249999999999452        0.0000000000000000     
  0.26666666666666672       0.26666666666667399        0.0000000000000000     
  0.27083333333333337       0.27083333333333093        0.0000000000000000     
  0.27500000000000002       0.27500000000000741        0.0000000000000000     
  0.27916666666666667       0.27916666666666395        0.0000000000000000     
  0.28333333333333338       0.28333333333334088        0.0000000000000000     
  0.28750000000000009       0.28749999999999537        0.0000000000000000     
  0.29166666666666674       0.29166666666667435        0.0000000000000000     
  0.29583333333333339       0.29583333333332806        0.0000000000000000     
  0.30000000000000004       0.30000000000000776        0.0000000000000000     
  0.30416666666666670       0.30416666666666220        0.0000000000000000     
  0.30833333333333335       0.30833333333334118        0.0000000000000000     
  0.31250000000000000       0.31249999999999561        0.0000000000000000     
  0.31666666666666671       0.31666666666667465        0.0000000000000000     
  0.32083333333333341       0.32083333333332953        0.0000000000000000     
  0.32500000000000007       0.32500000000000812        0.0000000000000000     
  0.32916666666666672       0.32916666666666272        0.0000000000000000     
  0.33333333333333337       0.33333333333334153        0.0000000000000000     
  0.33750000000000002       0.33749999999999913        0.0000000000000000     
  0.34166666666666667       0.34166666666667489        0.0000000000000000     
  0.34583333333333333       0.34583333333333172        0.0000000000000000     
  0.34999999999999998       0.35000000000000836        0.0000000000000000     
  0.35416666666666663       0.35416666666666513        0.0000000000000000     
  0.35833333333333328       0.35833333333334172        0.0000000000000000     
  0.36249999999999993       0.36249999999999777        0.0000000000000000     
  0.36666666666666664       0.36666666666667519        0.0000000000000000     
  0.37083333333333335       0.37083333333333307        0.0000000000000000     
  0.37500000000000000       0.37500000000000860        0.0000000000000000     
  0.37916666666666665       0.37916666666666721        0.0000000000000000     
  0.38333333333333330       0.38333333333334207        0.0000000000000000     
  0.38749999999999996       0.38749999999999968        0.0000000000000000     
  0.39166666666666666       0.39166666666667543        0.0000000000000000     
  0.39583333333333337       0.39583333333333293        0.0000000000000000     
  0.40000000000000002       0.40000000000000890        0.0000000000000000     
  0.40416666666666667       0.40416666666666867        0.0000000000000000     
  0.40833333333333333       0.40833333333334226        0.0000000000000000     
  0.41249999999999998       0.41250000000000259        0.0000000000000000     
  0.41666666666666669       0.41666666666667562        0.0000000000000000     
  0.42083333333333339       0.42083333333333750        0.0000000000000000     
  0.42500000000000004       0.42500000000000904        0.0000000000000000     
  0.42916666666666670       0.42916666666666953        0.0000000000000000     
  0.43333333333333335       0.43333333333334240        0.0000000000000000     
  0.43750000000000000       0.43750000000000233        0.0000000000000000     
  0.44166666666666665       0.44166666666667581        0.0000000000000000     
  0.44583333333333330       0.44583333333333797        0.0000000000000000     
  0.45000000000000001       0.45000000000000923        0.0000000000000000     
  0.45416666666666672       0.45416666666666705        0.0000000000000000     
  0.45833333333333337       0.45833333333334270        0.0000000000000000     
  0.46250000000000002       0.46250000000000113        0.0000000000000000     
  0.46666666666666667       0.46666666666667606        0.0000000000000000     
  0.47083333333333333       0.47083333333333394        0.0000000000000000     
  0.47499999999999998       0.47500000000000947        0.0000000000000000     
  0.47916666666666663       0.47916666666666580        0.0000000000000000     
  0.48333333333333334       0.48333333333334283        0.0000000000000000     
  0.48750000000000004       0.48750000000000260        0.0000000000000000     
  0.49166666666666670       0.49166666666667630        0.0000000000000000     
  0.49583333333333335       0.49583333333333474        0.0000000000000000     
  0.50000000000000000       0.50000000000000966        0.0000000000000000     
  0.50416666666666665       0.50416666666666754        0.0000000000000000     
  0.50833333333333330       0.50833333333334307        0.0000000000000000     
  0.51249999999999996       0.51249999999999896        0.0000000000000000     
  0.51666666666666661       0.51666666666667638        0.0000000000000000     
  0.52083333333333326       0.52083333333333603        0.0000000000000000     
  0.52499999999999991       0.52500000000000979        0.0000000000000000     
  0.52916666666666656       0.52916666666666667        0.0000000000000000     
  0.53333333333333333       0.53333333333334332        0.0000000000000000     
  0.53750000000000009       0.53750000000000331        0.0000000000000000     
  0.54166666666666674       0.54166666666667684        0.0000000000000000     
  0.54583333333333339       0.54583333333333406        0.0000000000000000     
  0.55000000000000004       0.55000000000001026        0.0000000000000000     
  0.55416666666666670       0.55416666666667069        0.0000000000000000     
  0.55833333333333335       0.55833333333334356        0.0000000000000000     
  0.56250000000000000       0.56250000000000167        0.0000000000000000     
  0.56666666666666665       0.56666666666667698        0.0000000000000000     
  0.57083333333333330       0.57083333333333452        0.0000000000000000     
  0.57499999999999996       0.57500000000001039        0.0000000000000000     
  0.57916666666666661       0.57916666666666627        0.0000000000000000     
  0.58333333333333326       0.58333333333334370        0.0000000000000000     
  0.58749999999999991       0.58750000000000524        0.0000000000000000     
  0.59166666666666656       0.59166666666667700        0.0000000000000000     
  0.59583333333333321       0.59583333333333777        0.0000000000000000     
  0.59999999999999998       0.60000000000001052        0.0000000000000000     
  0.60416666666666674       0.60416666666667462        0.0000000000000000     
  0.60833333333333339       0.60833333333334405        0.0000000000000000     
  0.61250000000000004       0.61250000000000704        0.0000000000000000     
  0.61666666666666670       0.61666666666667724        0.0000000000000000     
  0.62083333333333335       0.62083333333333379        0.0000000000000000     
  0.62500000000000000       0.62500000000001077        0.0000000000000000     
  0.62916666666666665       0.62916666666666687        0.0000000000000000     
  0.63333333333333330       0.63333333333334418        0.0000000000000000     
  0.63749999999999996       0.63750000000000773        0.0000000000000000     
  0.64166666666666661       0.64166666666667749        0.0000000000000000     
  0.64583333333333326       0.64583333333334247        0.0000000000000000     
  0.65000000000000002       0.65000000000001101        0.0000000000000000     
  0.65416666666666679       0.65416666666667067        0.0000000000000000     
  0.65833333333333344       0.65833333333334443        0.0000000000000000     
  0.66250000000000009       0.66250000000000209        0.0000000000000000     
  0.66666666666666674       0.66666666666667773        0.0000000000000000     
  0.67083333333333339       0.67083333333333184        0.0000000000000000     
  0.67500000000000004       0.67500000000001115        0.0000000000000000     
  0.67916666666666670       0.67916666666666348        0.0000000000000000     
  0.68333333333333335       0.68333333333334456        0.0000000000000000     
  0.68750000000000000       0.68750000000000178        0.0000000000000000     
  0.69166666666666665       0.69166666666667798        0.0000000000000000     
  0.69583333333333330       0.69583333333333042        0.0000000000000000     
  0.69999999999999996       0.70000000000001139        0.0000000000000000     
  0.70416666666666661       0.70416666666666727        0.0000000000000000     
  0.70833333333333326       0.70833333333334481        0.0000000000000000     
  0.71249999999999991       0.71250000000000013        0.0000000000000000     
  0.71666666666666667       0.71666666666667833        0.0000000000000000     
  0.72083333333333344       0.72083333333333122        0.0000000000000000     
  0.72500000000000009       0.72500000000001186        0.0000000000000000     
  0.72916666666666674       0.72916666666666408        0.0000000000000000     
  0.73333333333333339       0.73333333333334527        0.0000000000000000     
  0.73750000000000004       0.73750000000000349        0.0000000000000000     
  0.74166666666666670       0.74166666666667869        0.0000000000000000     
  0.74583333333333335       0.74583333333334245        0.0000000000000000     
  0.75000000000000000       0.75000000000001199        0.0000000000000000     
  0.75416666666666665       0.75416666666666621        0.0000000000000000     
  0.75833333333333330       0.75833333333334541        0.0000000000000000     
  0.76666666666666672       0.76666666666666883        0.0000000000000000     
  0.77500000000000013       0.77500000000000713        0.0000000000000000     
  0.77916666666666679       0.77916666666667023        0.0000000000000000     
  0.78333333333333344       0.78333333333334054        0.0000000000000000     
  0.79166666666666674       0.79166666666666463        0.0000000000000000     
  0.80000000000000004       0.80000000000000715        0.0000000000000000     
  0.80052083333333335       0.80052083333333912        0.0000000000000000     
  0.80104166666666665       0.80104166666667387        0.0000000000000000     
  0.80156249999999996       0.80156250000000562        0.0000000000000000     
  0.80208333333333337       0.80208333333334070        0.0000000000000000     
  0.80260416666666679       0.80260416666667223        0.0000000000000000     
  0.80312500000000009       0.80312500000000753        0.0000000000000000     
  0.80364583333333339       0.80364583333333894        0.0000000000000000     
  0.80416666666666670       0.80416666666667425        0.0000000000000000     
  0.80468750000000000       0.80468750000000522        0.0000000000000000     
  0.80520833333333330       0.80520833333334119        0.0000000000000000     
  0.80572916666666661       0.80572916666667149        0.0000000000000000     
  0.80625000000000002       0.80625000000000802        0.0000000000000000     
  0.80677083333333344       0.80677083333333843        0.0000000000000000     
  0.80729166666666674       0.80729166666667473        0.0000000000000000     
  0.80781250000000004       0.80781250000000482        0.0000000000000000     
  0.80833333333333335       0.80833333333334201        0.0000000000000000     
  0.80885416666666665       0.80885416666667109        0.0000000000000000     
  0.80937499999999996       0.80937500000000895        0.0000000000000000     
  0.80989583333333326       0.80989583333333726        0.0000000000000000     
  0.81041666666666667       0.81041666666667600        0.0000000000000000     
  0.81093750000000009       0.81093750000000353        0.0000000000000000     
  0.81145833333333339       0.81145833333334294        0.0000000000000000     
  0.81197916666666670       0.81197916666666969        0.0000000000000000     
  0.81250000000000000       0.81250000000000999        0.0000000000000000     
  0.81302083333333330       0.81302083333333586        0.0000000000000000     
  0.81354166666666661       0.81354166666667771        0.0000000000000000     
  0.81406249999999991       0.81406250000000147        0.0000000000000000     
  0.81458333333333333       0.81458333333334521        0.0000000000000000     
  0.81510416666666674       0.81510416666666741        0.0000000000000000     
  0.81562500000000004       0.81562500000001259        0.0000000000000000     
  0.81614583333333335       0.81614583333333290        0.0000000000000000     
  0.81666666666666665       0.81666666666668053        0.0000000000000000     
  0.81718749999999996       0.81718749999999873        0.0000000000000000     
  0.81770833333333326       0.81770833333334836        0.0000000000000000     
  0.81822916666666656       0.81822916666666412        0.0000000000000000     
  0.81874999999999998       0.81875000000001663        0.0000000000000000     
  0.81927083333333339       0.81927083333332951        0.0000000000000000     
  0.81979166666666670       0.81979166666668490        0.0000000000000000     
  0.82031250000000000       0.82031249999999434        0.0000000000000000     
  0.82083333333333330       0.82083333333335340        0.0000000000000000     
  0.82135416666666661       0.82135416666665895        0.0000000000000000     
  0.82187499999999991       0.82187500000002245        0.0000000000000000     
  0.82239583333333321       0.82239583333332333        0.0000000000000000     
  0.82291666666666663       0.82291666666669150        0.0000000000000000     
  0.82343750000000004       0.82343749999998717        0.0000000000000000     
  0.82395833333333335       0.82395833333336099        0.0000000000000000     
  0.82447916666666665       0.82447916666665055        0.0000000000000000     
  0.82499999999999996       0.82500000000003115        0.0000000000000000     
  0.82552083333333326       0.82552083333331350        0.0000000000000000     
  0.82604166666666656       0.82604166666670198        0.0000000000000000     
  0.82656249999999987       0.82656249999997577        0.0000000000000000     
  0.82708333333333328       0.82708333333337314        0.0000000000000000     
  0.82760416666666670       0.82760416666663761        0.0000000000000000     
  0.82812500000000000       0.82812500000004585        0.0000000000000000     
  0.82864583333333330       0.82864583333329811        0.0000000000000000     
  0.82916666666666661       0.82916666666671857        0.0000000000000000     
  0.82968749999999991       0.82968749999995772        0.0000000000000000     
  0.83020833333333333       0.83020833333339328        0.0000000000000000     
  0.83072916666666674       0.83072916666661623        0.0000000000000000     
  0.83125000000000004       0.83125000000006888        0.0000000000000000     
  0.83177083333333335       0.83177083333327284        0.0000000000000000     
  0.83229166666666665       0.83229166666674581        0.0000000000000000     
  0.83281249999999996       0.83281249999992846        0.0000000000000000     
  0.83333333333333337       0.83333333333342452        0.0000000000000000     
  0.83385416666666679       0.83385416666658141        0.0000000000000000     
  0.83437500000000009       0.83437500000010534        0.0000000000000000     
  0.83489583333333339       0.83489583333323258        0.0000000000000000     
  0.83541666666666670       0.83541666666678838        0.0000000000000000     
  0.83593750000000000       0.83593749999988154        0.0000000000000000     
  0.83645833333333341       0.83645833333347464        0.0000000000000000     
  0.83697916666666683       0.83697916666652772        0.0000000000000000     
  0.83750000000000013       0.83750000000016334        0.0000000000000000     
  0.83802083333333344       0.83802083333316968        0.0000000000000000     
  0.83854166666666674       0.83854166666685659        0.0000000000000000     
  0.83906250000000004       0.83906249999980786        0.0000000000000000     
  0.83958333333333346       0.83958333333355373        0.0000000000000000     
  0.84010416666666687       0.84010416666644194        0.0000000000000000     
  0.84062500000000018       0.84062500000025597        0.0000000000000000     
  0.84114583333333348       0.84114583333307025        0.0000000000000000     
  0.84166666666666679       0.84166666666696388        0.0000000000000000     
  0.84218750000000009       0.84218749999969222        0.0000000000000000     
  0.84270833333333339       0.84270833333367900        0.0000000000000000     
  0.84322916666666670       0.84322916666630665        0.0000000000000000     
  0.84375000000000011       0.84375000000040157        0.0000000000000000     
  0.84427083333333353       0.84427083333291220        0.0000000000000000     
  0.84479166666666683       0.84479166666713412        0.0000000000000000     
  0.84531250000000013       0.84531249999950808        0.0000000000000000     
  0.84583333333333344       0.84583333333387734        0.0000000000000000     
  0.84635416666666674       0.84635416666609209        0.0000000000000000     
  0.84687500000000004       0.84687500000063298        0.0000000000000000     
  0.84739583333333335       0.84739583333266244        0.0000000000000000     
  0.84791666666666676       0.84791666666740362        0.0000000000000000     
  0.84843750000000018       0.84843749999921714        0.0000000000000000     
  0.84895833333333348       0.84895833333419191        0.0000000000000000     
  0.84947916666666679       0.84947916666575263        0.0000000000000000     
  0.85000000000000009       0.85000000000099984        0.0000000000000000     
  0.85052083333333339       0.85052083333226614        0.0000000000000000     
  0.85104166666666670       0.85104166666783154        0.0000000000000000     
  0.85156250000000000       0.85156249999875455        0.0000000000000000     
  0.85208333333333341       0.85208333333469077        0.0000000000000000     
  0.85260416666666683       0.85260416666521377        0.0000000000000000     
  0.85312500000000013       0.85312500000158198        0.0000000000000000     
  0.85364583333333344       0.85364583333163779        0.0000000000000000     
  0.85416666666666674       0.85416666666851038        0.0000000000000000     
  0.85468750000000004       0.85468749999802174        0.0000000000000000     
  0.85520833333333335       0.85520833333548218        0.0000000000000000     
  0.85572916666666665       0.85572916666435883        0.0000000000000000     
  0.85625000000000007       0.85625000000250473        0.0000000000000000     
  0.85677083333333348       0.85677083333064130        0.0000000000000000     
  0.85729166666666679       0.85729166666958656        0.0000000000000000     
  0.85781250000000009       0.85781249999685971        0.0000000000000000     
  0.85833333333333339       0.85833333333673700        0.0000000000000000     
  0.85885416666666670       0.85885416666300374        0.0000000000000000     
  0.85937500000000000       0.85937500000396816        0.0000000000000000     
  0.85989583333333330       0.85989583332906105        0.0000000000000000     
  0.86041666666666672       0.86041666667129280        0.0000000000000000     
  0.86093750000000013       0.86093749999501723        0.0000000000000000     
  0.86145833333333344       0.86145833333872712        0.0000000000000000     
  0.86197916666666674       0.86197916666085506        0.0000000000000000     
  0.86250000000000004       0.86250000000628846        0.0000000000000000     
  0.86302083333333335       0.86302083332655521        0.0000000000000000     
  0.86354166666666665       0.86354166667399879        0.0000000000000000     
  0.86406249999999996       0.86406249999209495        0.0000000000000000     
  0.86458333333333337       0.86458333334188209        0.0000000000000000     
  0.86510416666666679       0.86510416665744738        0.0000000000000000     
  0.86562500000000009       0.86562500000996778        0.0000000000000000     
  0.86614583333333339       0.86614583332258155        0.0000000000000000     
  0.86666666666666670       0.86666666667828951        0.0000000000000000     
  0.86718750000000000       0.86718749998746070        0.0000000000000000     
  0.86770833333333330       0.86770833334688569        0.0000000000000000     
  0.86822916666666661       0.86822916665204330        0.0000000000000000     
  0.86875000000000002       0.86875000001580283        0.0000000000000000     
  0.86927083333333344       0.86927083331628041        0.0000000000000000     
  0.86979166666666674       0.86979166668509389        0.0000000000000000     
  0.87031250000000004       0.87031249998011329        0.0000000000000000     
  0.87083333333333335       0.87083333335482038        0.0000000000000000     
  0.87135416666666665       0.87135416664347531        0.0000000000000000     
  0.87187499999999996       0.87187500002505480        0.0000000000000000     
  0.87239583333333326       0.87239583330628900        0.0000000000000000     
  0.87291666666666667       0.87291666669588230        0.0000000000000000     
  0.87343750000000009       0.87343749996846276        0.0000000000000000     
  0.87395833333333339       0.87395833336740114        0.0000000000000000     
  0.87447916666666670       0.87447916662988956        0.0000000000000000     
  0.87500000000000000       0.87500000003972611        0.0000000000000000     
  0.87552083333333330       0.87552083329044661        0.0000000000000000     
  0.87604166666666661       0.87604166671299077        0.0000000000000000     
  0.87656249999999991       0.87656249994998814        0.0000000000000000     
  0.87708333333333333       0.87708333338735112        0.0000000000000000     
  0.87760416666666674       0.87760416660834639        0.0000000000000000     
  0.87812500000000004       0.87812500006298966        0.0000000000000000     
  0.87864583333333335       0.87864583326532464        0.0000000000000000     
  0.87916666666666665       0.87916666674011901        0.0000000000000000     
  0.87968749999999996       0.87968749992069317        0.0000000000000000     
  0.88020833333333326       0.88020833341898586        0.0000000000000000     
  0.88072916666666656       0.88072916657418510        0.0000000000000000     
  0.88124999999999998       0.88125000009987897        0.0000000000000000     
  0.88177083333333339       0.88177083322548910        0.0000000000000000     
  0.88229166666666670       0.88229166678313564        0.0000000000000000     
  0.88281250000000000       0.88281249987424071        0.0000000000000000     
  0.88333333333333330       0.88333333346914822        0.0000000000000000     
  0.88385416666666661       0.88385416652001658        0.0000000000000000     
  0.88437499999999991       0.88437500015837456        0.0000000000000000     
  0.88489583333333321       0.88489583316232190        0.0000000000000000     
  0.88541666666666663       0.88541666685134801        0.0000000000000000     
  0.88593750000000004       0.88593749980058056        0.0000000000000000     
  0.88645833333333335       0.88645833354869175        0.0000000000000000     
  0.88697916666666665       0.88697916643412011        0.0000000000000000     
  0.88749999999999996       0.88750000025113107        0.0000000000000000     
  0.88802083333333326       0.88802083306215707        0.0000000000000000     
  0.88854166666666656       0.88854166695951320        0.0000000000000000     
  0.88906249999999987       0.88906249968377704        0.0000000000000000     
  0.88958333333333328       0.88958333367482390        0.0000000000000000     
  0.89010416666666670       0.89010416629791445        0.0000000000000000     
  0.89062500000000000       0.89062500039821568        0.0000000000000000     
  0.89114583333333330       0.89114583290332561        0.0000000000000000     
  0.89166666666666661       0.89166666713102993        0.0000000000000000     
  0.89218749999999991       0.89218749949856135        0.0000000000000000     
  0.89270833333333321       0.89270833387483239        0.0000000000000000     
  0.89322916666666652       0.89322916608193181        0.0000000000000000     
  0.89374999999999993       0.89375000063144727        0.0000000000000000     
  0.89427083333333335       0.89427083265146579        0.0000000000000000     
  0.89479166666666665       0.89479166740300420        0.0000000000000000     
  0.89531249999999996       0.89531249920486511        0.0000000000000000     
  0.89583333333333326       0.89583333419198496        0.0000000000000000     
  0.89635416666666656       0.89635416573944893        0.0000000000000000     
  0.89687499999999998       0.89687500100128392        0.0000000000000000     
  0.89739583333333339       0.89739583225209230        0.0000000000000000     
  0.89791666666666670       0.89791666783427515        0.0000000000000000     
  0.89843750000000000       0.89843749873915013        0.0000000000000000     
  0.89895833333333330       0.89895833469489561        0.0000000000000000     
  0.89947916666666661       0.89947916519637305        0.0000000000000000     
  0.90000000000000002       0.90000000158773341        0.0000000000000000     
  0.90052083333333344       0.90052083161880481        0.0000000000000000     
  0.90104166666666674       0.90104166851814160        0.0000000000000000     
  0.90156250000000004       0.90156249800066590        0.0000000000000000     
  0.90208333333333335       0.90208333549236031        0.0000000000000000     
  0.90260416666666665       0.90260416433521673        0.0000000000000000     
  0.90312500000000007       0.90312500251766759        0.0000000000000000     
  0.90364583333333348       0.90364583061459969        0.0000000000000000     
  0.90416666666666679       0.90416666960254932        0.0000000000000000     
  0.90468750000000009       0.90468749682964955        0.0000000000000000     
  0.90520833333333339       0.90520833675690149        0.0000000000000000     
  0.90572916666666670       0.90572916296968042        0.0000000000000000     
  0.90625000000000011       0.90625000399226485        0.0000000000000000     
  0.90677083333333353       0.90677082902223083        0.0000000000000000     
  0.90729166666666683       0.90729167132209532        0.0000000000000000     
  0.90781250000000013       0.90781249497276884        0.0000000000000000     
  0.90833333333333344       0.90833333876208588        0.0000000000000000     
  0.90885416666666674       0.90885416080434878        0.0000000000000000     
  0.90937500000000004       0.90937500633053503        0.0000000000000000     
  0.90989583333333335       0.90989582649721013        0.0000000000000000     
  0.91041666666666676       0.91041667404878157        0.0000000000000000     
  0.91093750000000018       0.91093749202831076        0.0000000000000000     
  0.91145833333333348       0.91145834194170927        0.0000000000000000     
  0.91197916666666679       0.91197915737077928        0.0000000000000000     
  0.91250000000000009       0.91250001003833292        0.0000000000000000     
  0.91302083333333339       0.91302082249328176        0.0000000000000000     
  0.91354166666666670       0.91354167837249056        0.0000000000000000     
  0.91406250000000000       0.91406248735927964        0.0000000000000000     
  0.91458333333333341       0.91458334698364041        0.0000000000000000     
  0.91510416666666683       0.91510415192616423        0.0000000000000000     
  0.91562500000000013       0.91562501591779244        0.0000000000000000     
  0.91614583333333344       0.91614581614424817        0.0000000000000000     
  0.91666666666666674       0.91666668522860251        0.0000000000000000     
  0.91718750000000004       0.91718747995559191        0.0000000000000000     
  0.91770833333333335       0.91770835497863767        0.0000000000000000     
  0.91822916666666665       0.91822914329263072        0.0000000000000000     
  0.91875000000000007       0.91875002524085903        0.0000000000000000     
  0.91927083333333348       0.91927080607657718        0.0000000000000000     
  0.91979166666666679       0.91979169610034683        0.0000000000000000     
  0.92031250000000009       0.92031246821555490        0.0000000000000000     
  0.92083333333333339       0.92083336765631474        0.0000000000000000     
  0.92135416666666670       0.92135412960242768        0.0000000000000000     
  0.92187500000000000       0.92187504002445642        0.0000000000000000     
  0.92239583333333330       0.92239579011226025        0.0000000000000000     
  0.92291666666666672       0.92291671333968439        0.0000000000000000     
  0.92343750000000013       0.92343744959936558        0.0000000000000000     
  0.92395833333333344       0.92395838775932182        0.0000000000000000     
  0.92447916666666674       0.92447910789385601        0.0000000000000000     
  0.92500000000000004       0.92500006346682406        0.0000000000000000     
  0.92552083333333335       0.92552076479762324        0.0000000000000000     
  0.92604166666666665       0.92604174067612233        0.0000000000000000     
  0.92656249999999996       0.92656242007965117        0.0000000000000000     
  0.92708333333333337       0.92708341963668306        0.0000000000000000     
  0.92760416666666679       0.92760407347054818        0.0000000000000000     
  0.92812500000000009       0.92812510063941378        0.0000000000000000     
  0.92864583333333339       0.92864572465617390        0.0000000000000000     
  0.92916666666666670       0.92916678402354402        0.0000000000000000     
  0.92968750000000000       0.92968737327020601        0.0000000000000000     
  0.93020833333333330       0.93020847018465347        0.0000000000000000     
  0.93072916666666661       0.93072901888546955        0.0000000000000000     
  0.93125000000000002       0.93125015958403334        0.0000000000000000     
  0.93177083333333344       0.93177066100383144        0.0000000000000000     
  0.93229166666666674       0.93229185275960125        0.0000000000000000     
  0.93281250000000004       0.93281229904441321        0.0000000000000000     
  0.93333333333333335       0.93333355033862919        0.0000000000000000     
  0.93385416666666665       0.93385393232984526        0.0000000000000000     
  0.93437499999999996       0.93437525305258617        0.0000000000000000     
  0.93489583333333326       0.93489556007023633        0.0000000000000000     
  0.93541666666666667       0.93541696175444899        0.0000000000000000     
  0.93593750000000009       0.93593718134448689        0.0000000000000000     
  0.93645833333333339       0.93645867743888367        0.0000000000000000     
  0.93697916666666670       0.93697879507848925        0.0000000000000000     
  0.93750000000000000       0.93750040126578149        0.0000000000000000     
  0.93802083333333330       0.93802040001971476        0.0000000000000000     
  0.93854166666666661       0.93854213458770785        0.0000000000000000     
  0.93906249999999991       0.93906199470757312        0.0000000000000000     
  0.93958333333333333       0.93958387898190632        0.0000000000000000     
  0.94010416666666674       0.94010357743885220        0.0000000000000000     
  0.94062500000000004       0.94062563628761975        0.0000000000000000     
  0.94114583333333335       0.94114514622741396        0.0000000000000000     
  0.94166666666666665       0.94166740864961040        0.0000000000000000     
  0.94218749999999996       0.94218669875719974        0.0000000000000000     
  0.94270833333333326       0.94270919856891555        0.0000000000000000     
  0.94322916666666656       0.94322823232742281        0.0000000000000000     
  0.94374999999999998       0.94375100896202446        0.0000000000000000     
  0.94427083333333339       0.94426974378866357        0.0000000000000000     
  0.94479166666666670       0.94479284322989199        0.0000000000000000     
  0.94531250000000000       0.94531122946834334        0.0000000000000000     
  0.94583333333333330       0.94583470533841263        0.0000000000000000     
  0.94635416666666661       0.94635268508382331        0.0000000000000000     
  0.94687499999999991       0.94687659991226791        0.0000000000000000     
  0.94739583333333321       0.94739410564106330        0.0000000000000000     
  0.94791666666666663       0.94791853234435519        0.0000000000000000     
  0.94843750000000004       0.94843548531645172        0.0000000000000000     
  0.94895833333333335       0.94896050892340122        0.0000000000000000     
  0.94947916666666665       0.94947681731900235        0.0000000000000000     
  0.94999999999999996       0.95000253698276471        0.0000000000000000     
  0.95052083333333326       0.95051809372966112        0.0000000000000000     
  0.95104166666666656       0.95104462507397214        0.0000000000000000     
  0.95156249999999987       0.95155930531392052        0.0000000000000000     
  0.95208333333333328       0.95208678316906237        0.0000000000000000     
  0.95260416666666670       0.95260044130330468        0.0000000000000000     
  0.95312500000000000       0.95312902289655477        0.0000000000000000     
  0.95364583333333330       0.95364148914056013        0.0000000000000000     
  0.95416666666666661       0.95417135781661211        0.0000000000000000     
  0.95468749999999991       0.95468243418251675        0.0000000000000000     
  0.95520833333333321       0.95521380374190856        0.0000000000000000     
  0.95572916666666652       0.95572325935359115        0.0000000000000000     
  0.95624999999999993       0.95625637911180239        0.0000000000000000     
  0.95677083333333335       0.95676394474173210        0.0000000000000000     
  0.95729166666666665       0.95729910542865804        0.0000000000000000     
  0.95781249999999996       0.95780446712724676        0.0000000000000000     
  0.95833333333333326       0.95834200776665157        0.0000000000000000     
  0.95885416666666656       0.95884479943336187        0.0000000000000000     
  0.95937499999999987       0.95938511536509519        0.0000000000000000     
  0.95989583333333317       0.95988491008551391        0.0000000000000000     
  0.96041666666666659       0.96042846232031431        0.0000000000000000     
  0.96093750000000000       0.96092476226420986        0.0000000000000000     
  0.96145833333333330       0.96147208839246079        0.0000000000000000     
  0.96197916666666661       0.96196431303377838        0.0000000000000000     
  0.96249999999999991       0.96251603994634283        0.0000000000000000     
  0.96302083333333321       0.96300351232639614        0.0000000000000000     
  0.96354166666666663       0.96356037104854642        0.0000000000000000     
  0.96406250000000004       0.96404230175735051        0.0000000000000000     
  0.96458333333333335       0.96460514474678916        0.0000000000000000     
  0.96510416666666665       0.96508061324349592        0.0000000000000000     
  0.96562499999999996       0.96565043456180522        0.0000000000000000     
  0.96614583333333326       0.96611836739222778        0.0000000000000000     
  0.96666666666666667       0.96669632622704038        0.0000000000000000     
  0.96718750000000009       0.96715547162283644        0.0000000000000000     
  0.96770833333333339       0.96774291971733672        0.0000000000000000     
  0.96822916666666670       0.96819181797579934        0.0000000000000000     
  0.96875000000000000       0.96879033161460926        0.0000000000000000     
  0.96927083333333330       0.96922728055816842        0.0000000000000000     
  0.96979166666666672       0.96983869786648269        0.0000000000000000     
  0.97031250000000013       0.97026171256460392        0.0000000000000000     
  0.97083333333333344       0.97088817700318297        0.0000000000000000     
  0.97135416666666674       0.97129494280356332        0.0000000000000000     
  0.97187500000000004       0.97193895388878770        0.0000000000000000     
  0.97239583333333335       0.97232677164645143        0.0000000000000000     
  0.97291666666666676       0.97299124409560789        0.0000000000000000     
  0.97343750000000018       0.97335696630386825        0.0000000000000000     
  0.97395833333333348       0.97404529900520886        0.0000000000000000     
  0.97447916666666679       0.97438525531718301        0.0000000000000000     
  0.97500000000000009       0.97510141175677612        0.0000000000000000     
  0.97552083333333339       0.97541132213509596        0.0000000000000000     
  0.97604166666666670       0.97615992418357644        0.0000000000000000     
  0.97656250000000000       0.97643479762318164        0.0000000000000000     
  0.97708333333333341       0.97722123490165647        0.0000000000000000     
  0.97760416666666683       0.97745525132917210        0.0000000000000000     
  0.97812500000000013       0.97828580874216553        0.0000000000000000     
  0.97916666666666674       0.97899956198681004        0.0000000000000000     
  0.98020833333333335       0.98038198044764957        0.0000000000000000     
  0.98072916666666665       0.98054165089764167        0.0000000000000000     
  0.98098958333333330       0.98120829756654115        0.0000000000000000     
  0.98125000000000007       0.98099489657029137        0.0000000000000000     
  0.98151041666666683       0.98180796364795131        0.0000000000000000     
  0.98177083333333348       0.98142378113507145        0.0000000000000000     
  0.98203125000000013       0.98243604398516049        0.0000000000000000     
  0.98229166666666679       0.98181952394222005        0.0000000000000000     
  0.98255208333333344       0.98310278013326380        0.0000000000000000     
  0.98281250000000009       0.98217017946907104        0.0000000000000000     
  0.98307291666666674       0.98382210508490298        0.0000000000000000     
  0.98333333333333339       0.98245949658209286        0.0000000000000000     
  0.98359375000000004       0.98461297380171997        0.0000000000000000     
  0.98385416666666670       0.98266536663451765        0.0000000000000000     
  0.98411458333333335       0.98550117331885123        0.0000000000000000     
  0.98437500000000000       0.98275771220061359        0.0000000000000000     
  0.98463541666666665       0.98652178527844259        0.0000000000000000     
  0.98489583333333330       0.98269561483122281        0.0000000000000000     
  0.98515624999999996       0.98772253605186777        0.0000000000000000     
  0.98541666666666672       0.98242340754552382        0.0000000000000000     
  0.98593750000000013       0.98916982141369292        0.0000000000000000     
  0.98645833333333344       0.98296785646564788        0.0000000000000000     
  0.98750000000000004       0.99112713501586180        0.0000000000000000     
  0.98802083333333335       0.98410401032952788        0.0000000000000000     
  0.98854166666666665       0.99277131413667841        0.0000000000000000     
  0.98880208333333330       0.98386871635359230        0.0000000000000000     
  0.98906249999999996       0.99481666980480610        0.0000000000000000     
  0.98932291666666661       0.98261138065518105        0.0000000000000000     
  0.98958333333333337       0.99741152005038169        0.0000000000000000     
  0.99166666666666670       0.98368672188726425        0.0000000000000000     
  0.99270833333333330        1.0010007066196080        0.0000000000000000     
  0.99283854166666663       0.98153646011771167        0.0000000000000000     
  0.99296874999999996        1.0083729102964154        0.0000000000000000     
  0.99322916666666661       0.97526209581834666        0.0000000000000000     
  0.99348958333333326        1.0144459761945579        0.0000000000000000     
  0.99361979166666670       0.96505729780479133        0.0000000000000000     
  0.99375000000000002        1.0326792213127025        0.0000000000000000     
  0.99388020833333335       0.94082166661981392        0.0000000000000000     
  0.99401041666666679        1.0663265009302685        0.0000000000000000     
  0.99414062500000011       0.89557749313979174        0.0000000000000000     
  0.99427083333333344        1.1286073514263748        0.0000000000000000     
  0.99453125000000009       0.83784411537849179        0.0000000000000000     
  0.99479166666666674        1.1775480645874346        0.0000000000000000     
  0.99531250000000004       0.79795991722034687        0.0000000000000000     
  0.99583333333333335        1.2089478528408257        0.0000000000000000     
  0.99687499999999996       0.77541668201261682        0.0000000000000000     
  0.99739583333333326        1.2365413381150625        0.0000000000000000     
  0.99791666666666667       0.73967135451469779        0.0000000000000000     
  0.99804687500000000        1.3500220547005259        0.0000000000000000     
  0.99817708333333344       0.51845287810836149        0.0000000000000000     
  0.99830729166666676        1.6521468984099870        0.0000000000000000     
  0.99843750000000009       0.10728748778461816        0.0000000000000000     
  0.99895833333333339        1.9612817242281619        0.0000000000000000     
   1.0000000000000000        0.0000000000000000        0.0000000000000000     
