X My_beautiful_solution_real My_beautiful_solution_imag
   0.0000000000000000        0.0000000000000000        0.0000000000000000     
   8.3333333333333332E-003   4.5567280557277927        0.0000000000000000     
   1.6666666666666666E-002   2.1819926843069663E-002   0.0000000000000000     
   2.5000000000000001E-002   4.5350126137698457        0.0000000000000000     
   3.3333333333333333E-002   4.3431384242559545E-002   0.0000000000000000     
   4.1666666666666671E-002   4.5135046429979635        0.0000000000000000     
   5.0000000000000003E-002   6.4836363933327798E-002   0.0000000000000000     
   5.8333333333333334E-002   4.4922021612147338        0.0000000000000000     
   6.6666666666666666E-002   8.6036838621028205E-002   0.0000000000000000     
   7.5000000000000011E-002   4.4711032051608122        0.0000000000000000     
   8.3333333333333343E-002  0.10703476216391634        0.0000000000000000     
   9.1666666666666674E-002   4.4502058303340108        0.0000000000000000     
  0.10000000000000001       0.12783206975291930        0.0000000000000000     
  0.10833333333333334        4.4295081108100787        0.0000000000000000     
  0.11666666666666667       0.14843067808998484        0.0000000000000000     
  0.12500000000000000        4.4090081390652101        0.0000000000000000     
  0.13333333333333333       0.16883248556472666        0.0000000000000000     
  0.14166666666666666        4.3887040258002505        0.0000000000000000     
  0.14999999999999999       0.18903937242938215        0.0000000000000000     
  0.15833333333333333        4.3685938997665490        0.0000000000000000     
  0.16666666666666666       0.20905320097209815        0.0000000000000000     
  0.17499999999999999        4.3486759075935479        0.0000000000000000     
  0.18333333333333335       0.22887581568856216        0.0000000000000000     
  0.19166666666666668        4.3289482136179522        0.0000000000000000     
  0.20000000000000001       0.24850904345199118        0.0000000000000000     
  0.20833333333333334        4.3094089997145097        0.0000000000000000     
  0.21666666666666667       0.26795469368150060        0.0000000000000000     
  0.22500000000000001        4.2900564651285533        0.0000000000000000     
  0.23333333333333334       0.28721455850886091        0.0000000000000000     
  0.24166666666666667        4.2708888263099567        0.0000000000000000     
  0.25000000000000000       0.30629041294366266        0.0000000000000000     
  0.25833333333333336        4.2519043167487354        0.0000000000000000     
  0.26666666666666672       0.32518401503690303        0.0000000000000000     
  0.27500000000000002        4.2331011868123705        0.0000000000000000     
  0.28333333333333338       0.34389710604301110        0.0000000000000000     
  0.29166666666666674        4.2144777035844285        0.0000000000000000     
  0.30000000000000004       0.36243141058031958        0.0000000000000000     
  0.30833333333333335        4.1960321507049034        0.0000000000000000     
  0.31666666666666671       0.38078863679001490        0.0000000000000000     
  0.32500000000000007        4.1777628282120887        0.0000000000000000     
  0.33333333333333337       0.39897047649355161        0.0000000000000000     
  0.34166666666666667        4.1596680523858378        0.0000000000000000     
  0.34999999999999998       0.41697860534858283        0.0000000000000000     
  0.35833333333333328        4.1417461555923669        0.0000000000000000     
  0.36666666666666664       0.43481468300338205        0.0000000000000000     
  0.37500000000000000        4.1239954861306449        0.0000000000000000     
  0.38333333333333330       0.45248035324980074        0.0000000000000000     
  0.39166666666666666        4.1064144080801404        0.0000000000000000     
  0.40000000000000002       0.46997724417476622        0.0000000000000000     
  0.40833333333333333        4.0890013011500237        0.0000000000000000     
  0.41666666666666669       0.48730696831032266        0.0000000000000000     
  0.42500000000000004        4.0717545605298771        0.0000000000000000     
  0.43333333333333335       0.50447112278224326        0.0000000000000000     
  0.44166666666666665        4.0546725967417903        0.0000000000000000     
  0.45000000000000001       0.52147128945722965        0.0000000000000000     
  0.45833333333333337        4.0377538354938212        0.0000000000000000     
  0.46666666666666667       0.53830903508868899        0.0000000000000000     
  0.47499999999999998        4.0209967175349730        0.0000000000000000     
  0.48333333333333334       0.55498591146113785        0.0000000000000000     
  0.49166666666666670        4.0043996985114729        0.0000000000000000     
  0.50000000000000000       0.57150345553320581        0.0000000000000000     
  0.50833333333333330        3.9879612488244209        0.0000000000000000     
  0.51666666666666661       0.58786318957929318        0.0000000000000000     
  0.52499999999999991        3.9716798534888449        0.0000000000000000     
  0.53333333333333333       0.60406662132985800        0.0000000000000000     
  0.54166666666666674        3.9555540119940584        0.0000000000000000     
  0.55000000000000004       0.62011524411037300        0.0000000000000000     
  0.55833333333333335        3.9395822381654244        0.0000000000000000     
  0.56666666666666665       0.63601053697895271        0.0000000000000000     
  0.57499999999999996        3.9237630600272357        0.0000000000000000     
  0.58333333333333326       0.65175396486266357        0.0000000000000000     
  0.59166666666666656        3.9080950196673125        0.0000000000000000     
  0.59999999999999998       0.66734697869253456        0.0000000000000000     
  0.60833333333333339        3.8925766731023890        0.0000000000000000     
  0.61666666666666670       0.68279101553727450        0.0000000000000000     
  0.62500000000000000        3.8772065901451951        0.0000000000000000     
  0.63333333333333330       0.69808749873571629        0.0000000000000000     
  0.64166666666666661        3.8619833542725015        0.0000000000000000     
  0.65000000000000002       0.71323783802799168        0.0000000000000000     
  0.65833333333333344        3.8469055624947974        0.0000000000000000     
  0.66666666666666674       0.72824342968545486        0.0000000000000000     
  0.67500000000000004        3.8319718252267538        0.0000000000000000     
  0.68333333333333335       0.74310565663936379        0.0000000000000000     
  0.69166666666666665        3.8171807661592774        0.0000000000000000     
  0.69999999999999996       0.75782588860833400        0.0000000000000000     
  0.70833333333333326        3.8025310221326998        0.0000000000000000     
  0.71666666666666667       0.77240548222457217        0.0000000000000000     
  0.72500000000000009        3.7880212430110261        0.0000000000000000     
  0.73333333333333339       0.78684578115890524        0.0000000000000000     
  0.74166666666666670        3.7736500915576117        0.0000000000000000     
  0.75000000000000000       0.80114811624461346        0.0000000000000000     
  0.75833333333333330        3.7594162433119052        0.0000000000000000     
  0.76666666666666672       0.81531380560008349        0.0000000000000000     
  0.77500000000000013        3.7453183864673094        0.0000000000000000     
  0.78333333333333344       0.82934415475028578        0.0000000000000000     
  0.79166666666666674        3.7313552217503987        0.0000000000000000     
  0.80000000000000004       0.84324045674709402        0.0000000000000000     
  0.80833333333333335        3.6759585562089874        0.0000000000000000     
  0.81666666666666665       0.77367113665938880        0.0000000000000000     
  0.82499999999999996        3.5789271187118046        0.0000000000000000     
  0.83333333333333337       0.70397031401425536        0.0000000000000000     
  0.84166666666666679        3.4820265540710871        0.0000000000000000     
  0.85000000000000009       0.63413924519835274        0.0000000000000000     
  0.85833333333333339        3.3852556119163451        0.0000000000000000     
  0.86666666666666670       0.56417917459471500        0.0000000000000000     
  0.87500000000000000        3.2886130538232736        0.0000000000000000     
  0.88333333333333330       0.49409133469743260        0.0000000000000000     
  0.89166666666666661        3.1920976531996468        0.0000000000000000     
  0.90000000000000002       0.42387694622524319        0.0000000000000000     
  0.90833333333333344        3.0957081951720835        0.0000000000000000     
  0.91666666666666674       0.35353721823403345        0.0000000000000000     
  0.92500000000000004        2.9994434764743247        0.0000000000000000     
  0.93333333333333335       0.28307334822826768        0.0000000000000000     
  0.94166666666666665        2.9033023053361315        0.0000000000000000     
  0.94999999999999996       0.21248652227134909        0.0000000000000000     
  0.95833333333333326        2.8072835013736004        0.0000000000000000     
  0.96666666666666667       0.14177791509493010        0.0000000000000000     
  0.97500000000000009        2.7113858954802699        0.0000000000000000     
  0.98333333333333339        7.0948690207176812E-002   0.0000000000000000     
  0.99166666666666670        2.6156083297194477        0.0000000000000000     
   1.0000000000000000        0.0000000000000000        0.0000000000000000     
