X My_beautiful_solution_real My_beautiful_solution_imag
   0.0000000000000000        0.0000000000000000        0.0000000000000000     
   4.1666666666666666E-003  0.22710557624494221        0.0000000000000000     
   8.3333333333333332E-003   6.1827972280766681E-003   0.0000000000000000     
   1.2500000000000001E-002  0.23761019040480474        0.0000000000000000     
   1.6666666666666666E-002   1.2323904903756662E-002   0.0000000000000000     
   2.0833333333333336E-002  0.24815689626708692        0.0000000000000000     
   2.5000000000000001E-002   1.8422514847733096E-002   0.0000000000000000     
   2.9166666666666667E-002  0.25874650980703784        0.0000000000000000     
   3.3333333333333333E-002   2.4477803213613314E-002   0.0000000000000000     
   3.7500000000000006E-002  0.26937986281812198        0.0000000000000000     
   4.1666666666666671E-002   3.0488930184202175E-002   0.0000000000000000     
   4.5833333333333337E-002  0.28005780321866314        0.0000000000000000     
   5.0000000000000003E-002   3.6455039661897608E-002   0.0000000000000000     
   5.4166666666666669E-002  0.29078119536444125        0.0000000000000000     
   5.8333333333333334E-002   4.2375258953084201E-002   0.0000000000000000     
   6.2500000000000000E-002  0.30155092036733727        0.0000000000000000     
   6.6666666666666666E-002   4.8248698446408646E-002   0.0000000000000000     
   7.0833333333333331E-002  0.31236787642016628        0.0000000000000000     
   7.5000000000000011E-002   5.4074451284818227E-002   0.0000000000000000     
   7.9166666666666677E-002  0.32323297912779553        0.0000000000000000     
   8.3333333333333343E-002   5.9851593031241788E-002   0.0000000000000000     
   8.7500000000000008E-002  0.33414716184469651        0.0000000000000000     
   9.1666666666666674E-002   6.5579181327789365E-002   0.0000000000000000     
   9.5833333333333340E-002  0.34511137601902903        0.0000000000000000     
  0.10000000000000001        7.1256255548345457E-002   0.0000000000000000     
  0.10416666666666667       0.35612659154339765        0.0000000000000000     
  0.10833333333333334        7.6881836444427462E-002   0.0000000000000000     
  0.11250000000000000       0.36719379711241229        0.0000000000000000     
  0.11666666666666667        8.2454925784178901E-002   0.0000000000000000     
  0.12083333333333333       0.37831400058717529        0.0000000000000000     
  0.12500000000000000        8.7974505984364362E-002   0.0000000000000000     
  0.12916666666666665       0.38948822936683836        0.0000000000000000     
  0.13333333333333333        9.3439539735230032E-002   0.0000000000000000     
  0.13750000000000001       0.40071753076735828        0.0000000000000000     
  0.14166666666666666        9.8848969618092725E-002   0.0000000000000000     
  0.14583333333333331       0.41200297240759814        0.0000000000000000     
  0.14999999999999999       0.10420171771551438        0.0000000000000000     
  0.15416666666666667       0.42334564260291352        0.0000000000000000     
  0.15833333333333333       0.10949668521392109        0.0000000000000000     
  0.16249999999999998       0.43474665076636521        0.0000000000000000     
  0.16666666666666666       0.11473275199851696        0.0000000000000000     
  0.17083333333333334       0.44620712781771588        0.0000000000000000     
  0.17499999999999999       0.11990877624034682        0.0000000000000000     
  0.17916666666666667       0.45772822660034901        0.0000000000000000     
  0.18333333333333335       0.12502359397535220        0.0000000000000000     
  0.18750000000000000       0.46931112230627070        0.0000000000000000     
  0.19166666666666668       0.13007601867526827        0.0000000000000000     
  0.19583333333333336       0.48095701290935666        0.0000000000000000     
  0.20000000000000001       0.13506484081020206        0.0000000000000000     
  0.20416666666666666       0.49266711960699183        0.0000000000000000     
  0.20833333333333334       0.13998882740273028        0.0000000000000000     
  0.21250000000000002       0.50444268727026964        0.0000000000000000     
  0.21666666666666667       0.14484672157335429        0.0000000000000000     
  0.22083333333333333       0.51628498490292984        0.0000000000000000     
  0.22500000000000001       0.14963724207714182        0.0000000000000000     
  0.22916666666666669       0.52819530610918086        0.0000000000000000     
  0.23333333333333334       0.15435908283138799        0.0000000000000000     
  0.23749999999999999       0.54017496957059730        0.0000000000000000     
  0.24166666666666667       0.15901091243411800        0.0000000000000000     
  0.24583333333333335       0.55222531953225618        0.0000000000000000     
  0.25000000000000000       0.16359137367325713        0.0000000000000000     
  0.25416666666666665       0.56434772629831420        0.0000000000000000     
  0.25833333333333336       0.16809908302628446        0.0000000000000000     
  0.26250000000000007       0.57654358673716510        0.0000000000000000     
  0.26666666666666672       0.17253263015018808        0.0000000000000000     
  0.27083333333333337       0.58881432479641704        0.0000000000000000     
  0.27500000000000002       0.17689057736153202        0.0000000000000000     
  0.27916666666666667       0.60116139202783725        0.0000000000000000     
  0.28333333333333338       0.18117145910644444        0.0000000000000000     
  0.28750000000000009       0.61358626812246975        0.0000000000000000     
  0.29166666666666674       0.18537378142033059        0.0000000000000000     
  0.29583333333333339       0.62609046145614677        0.0000000000000000     
  0.30000000000000004       0.18949602137711258        0.0000000000000000     
  0.30416666666666670       0.63867550964554698        0.0000000000000000     
  0.30833333333333335       0.19353662652779216        0.0000000000000000     
  0.31250000000000000       0.65134298011506575        0.0000000000000000     
  0.31666666666666671       0.19749401432812927        0.0000000000000000     
  0.32083333333333341       0.66409447067463823        0.0000000000000000     
  0.32500000000000007       0.20136657155522614        0.0000000000000000     
  0.32916666666666672       0.67693161010880032        0.0000000000000000     
  0.33333333333333337       0.20515265371280147        0.0000000000000000     
  0.33750000000000002       0.68985605877714595        0.0000000000000000     
  0.34166666666666667       0.20885058442493529        0.0000000000000000     
  0.34583333333333333       0.70286950922641678        0.0000000000000000     
  0.34999999999999998       0.21245865481806139        0.0000000000000000     
  0.35416666666666663       0.71597368681449369        0.0000000000000000     
  0.35833333333333328       0.21597512289097887        0.0000000000000000     
  0.36249999999999993       0.72917035034644562        0.0000000000000000     
  0.36666666666666664       0.21939821287265177        0.0000000000000000     
  0.37083333333333335       0.74246129272293870        0.0000000000000000     
  0.37500000000000000       0.22272611456755789        0.0000000000000000     
  0.37916666666666665       0.75584834160117931        0.0000000000000000     
  0.38333333333333330       0.22595698268834824        0.0000000000000000     
  0.38749999999999996       0.76933336006872022        0.0000000000000000     
  0.39166666666666666       0.22908893617556866        0.0000000000000000     
  0.39583333333333337       0.78291824733028337        0.0000000000000000     
  0.40000000000000002       0.23212005750419412        0.0000000000000000     
  0.40416666666666667       0.79660493940792065        0.0000000000000000     
  0.40833333333333333       0.23504839197671976        0.0000000000000000     
  0.41249999999999998       0.81039540985473946        0.0000000000000000     
  0.41666666666666669       0.23787194700254810        0.0000000000000000     
  0.42083333333333339       0.82429167048246732        0.0000000000000000     
  0.42500000000000004       0.24058869136340630        0.0000000000000000     
  0.42916666666666670       0.83829577210312278        0.0000000000000000     
  0.43333333333333335       0.24319655446452365        0.0000000000000000     
  0.43750000000000000       0.85240980528506094        0.0000000000000000     
  0.44166666666666665       0.24569342557129228        0.0000000000000000     
  0.44583333333333330       0.86663590112367306        0.0000000000000000     
  0.45000000000000001       0.24807715303112995        0.0000000000000000     
  0.45416666666666672       0.88097623202702979        0.0000000000000000     
  0.45833333333333337       0.25034554348025839        0.0000000000000000     
  0.46250000000000002       0.89543301251676344        0.0000000000000000     
  0.46666666666666667       0.25249636103510453        0.0000000000000000     
  0.47083333333333333       0.91000850004445299        0.0000000000000000     
  0.47499999999999998       0.25452732646802606        0.0000000000000000     
  0.47916666666666663       0.92470499582386223        0.0000000000000000     
  0.48333333333333334       0.25643611636705865        0.0000000000000000     
  0.48750000000000004       0.93952484567928662        0.0000000000000000     
  0.49166666666666670       0.25822036227937373        0.0000000000000000     
  0.49583333333333335       0.95447044091036659        0.0000000000000000     
  0.50000000000000000       0.25987764983813150        0.0000000000000000     
  0.50416666666666665       0.96954421917366296        0.0000000000000000     
  0.50833333333333330       0.26140551787240823        0.0000000000000000     
  0.51249999999999996       0.98474866538128314        0.0000000000000000     
  0.51666666666666661       0.26280145749986811        0.0000000000000000     
  0.52083333333333326        1.0000863126170119        0.0000000000000000     
  0.52499999999999991       0.26406291120184627        0.0000000000000000     
  0.52916666666666656        1.0155597430701062        0.0000000000000000     
  0.53333333333333333       0.26518727188050195        0.0000000000000000     
  0.53750000000000009        1.0311715889872628        0.0000000000000000     
  0.54166666666666674       0.26617188189769320        0.0000000000000000     
  0.54583333333333339        1.0469245336430020        0.0000000000000000     
  0.55000000000000004       0.26701403209521951        0.0000000000000000     
  0.55416666666666670        1.0628213123288872        0.0000000000000000     
  0.55833333333333335       0.26771096079607376        0.0000000000000000     
  0.56250000000000000        1.0788647133618943        0.0000000000000000     
  0.56666666666666665       0.26825985278632830        0.0000000000000000     
  0.57083333333333330        1.0950575791123573        0.0000000000000000     
  0.57499999999999996       0.26865783827728834        0.0000000000000000     
  0.57916666666666661        1.1114028070518140        0.0000000000000000     
  0.58333333333333326       0.26890199184752323        0.0000000000000000     
  0.58749999999999991        1.1279033508212033        0.0000000000000000     
  0.59166666666666656       0.26898933136439013        0.0000000000000000     
  0.59583333333333321        1.1445622213197162        0.0000000000000000     
  0.59999999999999998       0.26891681688464958        0.0000000000000000     
  0.60416666666666674        1.1613824878148009        0.0000000000000000     
  0.60833333333333339       0.26868134953376949        0.0000000000000000     
  0.61250000000000004        1.1783672790736763        0.0000000000000000     
  0.61666666666666670       0.26827977036350231        0.0000000000000000     
  0.62083333333333335        1.1955197845167513        0.0000000000000000     
  0.62500000000000000       0.26770885918731879        0.0000000000000000     
  0.62916666666666665        1.2128432553934547        0.0000000000000000     
  0.63333333333333330       0.26696533339326162        0.0000000000000000     
  0.63749999999999996        1.2303410059808104        0.0000000000000000     
  0.64166666666666661       0.26604584673378895        0.0000000000000000     
  0.64583333333333326        1.2480164148052755        0.0000000000000000     
  0.65000000000000002       0.26494698809215617        0.0000000000000000     
  0.65416666666666679        1.2658729258882542        0.0000000000000000     
  0.65833333333333344       0.26366528022488434        0.0000000000000000     
  0.66250000000000009        1.2839140500157682        0.0000000000000000     
  0.66666666666666674       0.26219717847984891        0.0000000000000000     
  0.67083333333333339        1.3021433660327266        0.0000000000000000     
  0.67500000000000004       0.26053906948952094        0.0000000000000000     
  0.67916666666666670        1.3205645221622970        0.0000000000000000     
  0.68333333333333335       0.25868726983887241        0.0000000000000000     
  0.68750000000000000        1.3391812373508389        0.0000000000000000     
  0.69166666666666665       0.25663802470745994        0.0000000000000000     
  0.69583333333333330        1.3579973026389323        0.0000000000000000     
  0.69999999999999996       0.25438750648518416        0.0000000000000000     
  0.70416666666666661        1.3770165825589571        0.0000000000000000     
  0.70833333333333326       0.25193181336121412        0.0000000000000000     
  0.71249999999999991        1.3962430165597928        0.0000000000000000     
  0.71666666666666667       0.24926696788555794        0.0000000000000000     
  0.72083333333333344        1.4156806204591168        0.0000000000000000     
  0.72500000000000009       0.24638891550274786        0.0000000000000000     
  0.72916666666666674        1.4353334879238626        0.0000000000000000     
  0.73333333333333339       0.24329352305709928        0.0000000000000000     
  0.73750000000000004        1.4552057919793864        0.0000000000000000     
  0.74166666666666670       0.23997657726899568        0.0000000000000000     
  0.74583333333333335        1.4753017865478661        0.0000000000000000     
  0.75000000000000000       0.23643378318163238        0.0000000000000000     
  0.75416666666666665        1.4956258080165676        0.0000000000000000     
  0.75833333333333330       0.23266076257765111        0.0000000000000000     
  0.76249999999999996        1.5161822768364501        0.0000000000000000     
  0.76666666666666672       0.22865305236507966        0.0000000000000000     
  0.77083333333333348        1.5369756991518244        0.0000000000000000     
  0.77500000000000013       0.22440610293198165        0.0000000000000000     
  0.77916666666666679        1.5580106684615553        0.0000000000000000     
  0.78333333333333344       0.21991527646920972        0.0000000000000000     
  0.78750000000000009        1.5792918673124980        0.0000000000000000     
  0.79166666666666674       0.21517584526064623        0.0000000000000000     
  0.79583333333333339        1.6008240690257525        0.0000000000000000     
  0.80000000000000004       0.21018298994029677        0.0000000000000000     
  0.80416666666666670        1.6226121394563771        0.0000000000000000     
  0.80833333333333335       0.20493179771559708        0.0000000000000000     
  0.81250000000000000        1.6446610387872085        0.0000000000000000     
  0.81666666666666665       0.19941726055627812        0.0000000000000000     
  0.82083333333333330        1.6669758233574972        0.0000000000000000     
  0.82499999999999996       0.19363427334812047        0.0000000000000000     
  0.82916666666666661        1.6895616475269357        0.0000000000000000     
  0.83333333333333337       0.18757763201091859        0.0000000000000000     
  0.83750000000000013        1.7124237655758576        0.0000000000000000     
  0.84166666666666679       0.18124203157996027        0.0000000000000000     
  0.84583333333333344        1.7355675336422700        0.0000000000000000     
  0.85000000000000009       0.17462206425031301        0.0000000000000000     
  0.85416666666666674        1.7589984116964272        0.0000000000000000     
  0.85833333333333339       0.16771221738320141        0.0000000000000000     
  0.86250000000000004        1.7827219655536815        0.0000000000000000     
  0.86666666666666670       0.16050687147373258        0.0000000000000000     
  0.87083333333333335        1.8067438689263728        0.0000000000000000     
  0.87500000000000000       0.15300029807922685        0.0000000000000000     
  0.87916666666666665        1.8310699055154653        0.0000000000000000     
  0.88333333333333330       0.14518665770738731        0.0000000000000000     
  0.88749999999999996        1.8557059711427668        0.0000000000000000     
  0.89166666666666661       0.13705999766353033        0.0000000000000000     
  0.89583333333333326        1.8806580759244536        0.0000000000000000     
  0.90000000000000002       0.12861424985608305        0.0000000000000000     
  0.90416666666666679        1.9059323464867437        0.0000000000000000     
  0.90833333333333344       0.11984322855953902        0.0000000000000000     
  0.91250000000000009        1.9315350282245198        0.0000000000000000     
  0.91666666666666674       0.11074062813404603        0.0000000000000000     
  0.92083333333333339        1.9574724876037419        0.0000000000000000     
  0.92500000000000004       0.10130002070079054        0.0000000000000000     
  0.92916666666666670        1.9837512145084861        0.0000000000000000     
  0.93333333333333335        9.1514853772313165E-002   0.0000000000000000     
  0.93750000000000000        2.0103778246334882        0.0000000000000000     
  0.94166666666666665        8.1378447836889051E-002   0.0000000000000000     
  0.94583333333333330        2.0373590619230590        0.0000000000000000     
  0.94999999999999996        7.0883993896079120E-002   0.0000000000000000     
  0.95416666666666661        2.0647018010572955        0.0000000000000000     
  0.95833333333333326        6.0024550954545272E-002   0.0000000000000000     
  0.96249999999999991        2.0924130499864764        0.0000000000000000     
  0.96666666666666667        4.8793043461203979E-002   0.0000000000000000     
  0.97083333333333344        2.1204999525145869        0.0000000000000000     
  0.97500000000000009        3.7182258700775198E-002   0.0000000000000000     
  0.97916666666666674        2.1489697909329406        0.0000000000000000     
  0.98333333333333339        2.5184844134762734E-002   0.0000000000000000     
  0.98750000000000004        2.1778299887048411        0.0000000000000000     
  0.99166666666666670        1.2793304690892576E-002   0.0000000000000000     
  0.99583333333333335        2.2070881132022957        0.0000000000000000     
   1.0000000000000000        0.0000000000000000        0.0000000000000000     
