X My_beautiful_solution_real My_beautiful_solution_imag
   0.0000000000000000        0.0000000000000000        0.0000000000000000     
   1.6666666666666666E-002   12.945054675698190        0.0000000000000000     
   3.3333333333333333E-002   2.2679236200005139E-003   0.0000000000000000     
   5.0000000000000003E-002   13.009528065304046        0.0000000000000000     
   6.6666666666666666E-002   4.3863747546542525E-003   0.0000000000000000     
   8.3333333333333343E-002   13.074151286560205        0.0000000000000000     
  0.10000000000000001        6.3546342110024270E-003   0.0000000000000000     
  0.11666666666666667        13.138925060387766        0.0000000000000000     
  0.13333333333333333        8.1719793356616419E-003   0.0000000000000000     
  0.14999999999999999        13.203850111176573        0.0000000000000000     
  0.16666666666666666        9.8376839981725410E-003   0.0000000000000000     
  0.18333333333333335        13.268927166801880        0.0000000000000000     
  0.20000000000000001        1.1351018574268873E-002   0.0000000000000000     
  0.21666666666666667        13.334156958641167        0.0000000000000000     
  0.23333333333333334        1.2711249929068132E-002   0.0000000000000000     
  0.25000000000000000        13.399540221590941        0.0000000000000000     
  0.26666666666666672        1.3917641400177365E-002   0.0000000000000000     
  0.28333333333333338        13.465077694083726        0.0000000000000000     
  0.30000000000000004        1.4969452780727402E-002   0.0000000000000000     
  0.31666666666666671        13.530770118105011        0.0000000000000000     
  0.33333333333333337        1.5865940302309030E-002   0.0000000000000000     
  0.34999999999999998        13.596618239210398        0.0000000000000000     
  0.36666666666666664        1.6606356617842221E-002   0.0000000000000000     
  0.38333333333333330        13.662622806542753        0.0000000000000000     
  0.40000000000000002        1.7189950784354747E-002   0.0000000000000000     
  0.41666666666666669        13.728784572849479        0.0000000000000000     
  0.43333333333333335        1.7615968245685964E-002   0.0000000000000000     
  0.45000000000000001        13.795104294499836        0.0000000000000000     
  0.46666666666666667        1.7883650815093306E-002   0.0000000000000000     
  0.48333333333333334        13.861582731502413        0.0000000000000000     
  0.50000000000000000        1.7992236657788849E-002   0.0000000000000000     
  0.51666666666666661        13.928220647522597        0.0000000000000000     
  0.53333333333333333        1.7940960273384408E-002   0.0000000000000000     
  0.55000000000000004        13.995018809900188        0.0000000000000000     
  0.56666666666666665        1.7729052478259854E-002   0.0000000000000000     
  0.58333333333333326        14.061977989667056        0.0000000000000000     
  0.59999999999999998        1.7355740387830568E-002   0.0000000000000000     
  0.61666666666666670        14.129098961564942        0.0000000000000000     
  0.63333333333333330        1.6820247398752528E-002   0.0000000000000000     
  0.65000000000000002        14.196382504063275        0.0000000000000000     
  0.66666666666666674        1.6121793171016887E-002   0.0000000000000000     
  0.68333333333333335        14.263829399377125        0.0000000000000000     
  0.69999999999999996        1.5259593609982768E-002   0.0000000000000000     
  0.71666666666666667        14.331440433485222        0.0000000000000000     
  0.73333333333333339        1.4232860848300553E-002   0.0000000000000000     
  0.75000000000000000        14.399216396148077        0.0000000000000000     
  0.76666666666666672        1.3040803227768726E-002   0.0000000000000000     
  0.78333333333333344        14.467158080926154        0.0000000000000000     
  0.80000000000000004        1.1682625281090443E-002   0.0000000000000000     
  0.81666666666666665        14.535266285198166        0.0000000000000000     
  0.83333333333333337        1.0157527713540716E-002   0.0000000000000000     
  0.85000000000000009        14.603541810179442        0.0000000000000000     
  0.86666666666666670        8.4647073845616812E-003   0.0000000000000000     
  0.88333333333333330        14.671985460940398        0.0000000000000000     
  0.90000000000000002        6.6033572892456134E-003   0.0000000000000000     
  0.91666666666666674        14.740598046425081        0.0000000000000000     
  0.93333333333333335        4.5726665397541576E-003   0.0000000000000000     
  0.94999999999999996        14.809380379469795        0.0000000000000000     
  0.96666666666666667        2.3718203466225850E-003   0.0000000000000000     
  0.98333333333333339        14.878333276821850        0.0000000000000000     
   1.0000000000000000        0.0000000000000000        0.0000000000000000     
