X My_beautiful_solution_real My_beautiful_solution_imag
   0.0000000000000000        0.0000000000000000        0.0000000000000000     
   2.0833333333333333E-003   2.0841291167933425E-003   0.0000000000000000     
   4.1666666666666666E-003   4.1666512395236608E-003   0.0000000000000000     
   6.2500000000000003E-003   6.2508115096752900E-003   0.0000000000000000     
   8.3333333333333332E-003   8.3333018751049984E-003   0.0000000000000000     
   1.0416666666666668E-002   1.0417494518207591E-002   0.0000000000000000     
   1.2500000000000001E-002   1.2499951883100855E-002   0.0000000000000000     
   1.4583333333333334E-002   1.4584178166491806E-002   0.0000000000000000     
   1.6666666666666666E-002   1.6666601238942497E-002   0.0000000000000000     
   1.8750000000000003E-002   1.8750862479573086E-002   0.0000000000000000     
   2.0833333333333336E-002   2.0833249917099363E-002   0.0000000000000000     
   2.2916666666666669E-002   2.2917547483476658E-002   0.0000000000000000     
   2.5000000000000001E-002   2.4999897891041432E-002   0.0000000000000000     
   2.7083333333333334E-002   2.7084233205247055E-002   0.0000000000000000     
   2.9166666666666667E-002   2.9166545133200071E-002   0.0000000000000000     
   3.1250000000000000E-002   3.1250919672987314E-002   0.0000000000000000     
   3.3333333333333333E-002   3.3333191614927406E-002   0.0000000000000000     
   3.5416666666666666E-002   3.5417606915900686E-002   0.0000000000000000     
   3.7500000000000006E-002   3.7499837306454051E-002   0.0000000000000000     
   3.9583333333333338E-002   3.9584294964333744E-002   0.0000000000000000     
   4.1666666666666671E-002   4.1666482176845168E-002   0.0000000000000000     
   4.3750000000000004E-002   4.3750983849820846E-002   0.0000000000000000     
   4.5833333333333337E-002   4.5833126193954965E-002   0.0000000000000000     
   4.7916666666666670E-002   4.7917673605131120E-002   0.0000000000000000     
   5.0000000000000003E-002   4.9999769324379120E-002   0.0000000000000000     
   5.2083333333333336E-002   5.2084364264316452E-002   0.0000000000000000     
   5.4166666666666669E-002   5.4166411533405637E-002   0.0000000000000000     
   5.6250000000000001E-002   5.6251055862761676E-002   0.0000000000000000     
   5.8333333333333334E-002   5.8333052784963625E-002   0.0000000000000000     
   6.0416666666666667E-002   6.0417748437236997E-002   0.0000000000000000     
   6.2500000000000000E-002   6.2499693041570069E-002   0.0000000000000000     
   6.4583333333333326E-002   6.4584442025952107E-002   0.0000000000000000     
   6.6666666666666666E-002   6.6666332264274555E-002   0.0000000000000000     
   6.8750000000000006E-002   6.8751136668612475E-002   0.0000000000000000     
   7.0833333333333331E-002   7.0832970412601878E-002   0.0000000000000000     
   7.2916666666666671E-002   7.2917832406478061E-002   0.0000000000000000     
   7.5000000000000011E-002   7.4999607444492300E-002   0.0000000000000000     
   7.7083333333333337E-002   7.7084529282423861E-002   0.0000000000000000     
   7.9166666666666677E-002   7.9166243316239462E-002   0.0000000000000000     
   8.1250000000000017E-002   8.1251227341003651E-002   0.0000000000000000     
   8.3333333333333343E-002   8.3332877982426043E-002   0.0000000000000000     
   8.5416666666666669E-002   8.5417926628515287E-002   0.0000000000000000     
   8.7500000000000008E-002   8.7499511395856724E-002   0.0000000000000000     
   8.9583333333333348E-002   8.9584627193068714E-002   0.0000000000000000     
   9.1666666666666674E-002   9.1666143507488598E-002   0.0000000000000000     
   9.3750000000000000E-002   9.3751329084657720E-002   0.0000000000000000     
   9.5833333333333340E-002   9.5832774266358764E-002   0.0000000000000000     
   9.7916666666666680E-002   9.7918032355233262E-002   0.0000000000000000     
  0.10000000000000001        9.9999403619509292E-002   0.0000000000000000     
  0.10208333333333333       0.10208473705877985        0.0000000000000000     
  0.10416666666666667       0.10416603151190898        0.0000000000000000     
  0.10625000000000001       0.10625144325139559        0.0000000000000000     
  0.10833333333333334       0.10833265788637235        0.0000000000000000     
  0.11041666666666666       0.11041815099137459        0.0000000000000000     
  0.11250000000000000       0.11249928268347517        0.0000000000000000     
  0.11458333333333334       0.11458486033929295        0.0000000000000000     
  0.11666666666666667       0.11666590584146685        0.0000000000000000     
  0.11874999999999999       0.11875157135809819        0.0000000000000000     
  0.12083333333333333       0.12083252729617944        0.0000000000000000     
  0.12291666666666667       0.12291828411320273        0.0000000000000000     
  0.12500000000000000       0.12499914698093290        0.0000000000000000     
  0.12708333333333333       0.12708499867257922        0.0000000000000000     
  0.12916666666666665       0.12916576482643677        0.0000000000000000     
  0.13124999999999998       0.13125171510686093        0.0000000000000000     
  0.13333333333333333       0.13333238076068812        0.0000000000000000     
  0.13541666666666669       0.13541843348944679        0.0000000000000000     
  0.13750000000000001       0.13749899470886512        0.0000000000000000     
  0.13958333333333334       0.13958515389660939        0.0000000000000000     
  0.14166666666666666       0.14166560659321686        0.0000000000000000     
  0.14374999999999999       0.14375187640760673        0.0000000000000000     
  0.14583333333333331       0.14583221633294866        0.0000000000000000     
  0.14791666666666664       0.14791860110479985        0.0000000000000000     
  0.14999999999999999       0.14999882384410287        0.0000000000000000     
  0.15208333333333335       0.15208532807377417        0.0000000000000000     
  0.15416666666666667       0.15416542903943506        0.0000000000000000     
  0.15625000000000000       0.15625205740346518        0.0000000000000000     
  0.15833333333333333       0.15833203182828529        0.0000000000000000     
  0.16041666666666665       0.16041878918629035        0.0000000000000000     
  0.16249999999999998       0.16249863211644455        0.0000000000000000     
  0.16458333333333330       0.16458552351828518        0.0000000000000000     
  0.16666666666666666       0.16666522980601578        0.0000000000000000     
  0.16875000000000001       0.16875226049924449        0.0000000000000000     
  0.17083333333333334       0.17083182479526929        0.0000000000000000     
  0.17291666666666666       0.17291900023287030        0.0000000000000000     
  0.17499999999999999       0.17499841697849297        0.0000000000000000     
  0.17708333333333331       0.17708574282692396        0.0000000000000000     
  0.17916666666666667       0.17916500624583628        0.0000000000000000     
  0.18125000000000002       0.18125248839338556        0.0000000000000000     
  0.18333333333333335       0.18333159248314820        0.0000000000000000     
  0.18541666666666667       0.18541923704861912        0.0000000000000000     
  0.18750000000000000       0.18749817557180895        0.0000000000000000     
  0.18958333333333333       0.18958598891354381        0.0000000000000000     
  0.19166666666666668       0.19166475538855507        0.0000000000000000     
  0.19375000000000003       0.19375274411381280        0.0000000000000000     
  0.19583333333333336       0.19583133180529752        0.0000000000000000     
  0.19791666666666669       0.19791950277999831        0.0000000000000000     
  0.20000000000000001       0.19999790468893283        0.0000000000000000     
  0.20208333333333334       0.20208626504778396        0.0000000000000000     
  0.20416666666666666       0.20416447390114678        0.0000000000000000     
  0.20624999999999999       0.20625303105816564        0.0000000000000000     
  0.20833333333333334       0.20833103929821054        0.0000000000000000     
  0.21041666666666670       0.21041980095765861        0.0000000000000000     
  0.21250000000000002       0.21249760073076837        0.0000000000000000     
  0.21458333333333335       0.21458657489851379        0.0000000000000000     
  0.21666666666666667       0.21666415804361769        0.0000000000000000     
  0.21875000000000000       0.21875335303894256        0.0000000000000000     
  0.22083333333333333       0.22083071107547997        0.0000000000000000     
  0.22291666666666665       0.22292013554334997        0.0000000000000000     
  0.22500000000000001       0.22499725965876308        0.0000000000000000     
  0.22708333333333336       0.22708692258257740        0.0000000000000000     
  0.22916666666666669       0.22916380361931385        0.0000000000000000     
  0.23125000000000001       0.23125371433415387        0.0000000000000000     
  0.23333333333333334       0.23333034277616127        0.0000000000000000     
  0.23541666666666666       0.23542051098255870        0.0000000000000000     
  0.23749999999999999       0.23749687694124999        0.0000000000000000     
  0.23958333333333331       0.23958731271949310        0.0000000000000000     
  0.24166666666666667       0.24166340591916230        0.0000000000000000     
  0.24375000000000002       0.24375411974416311        0.0000000000000000     
  0.24583333333333335       0.24582992950683061        0.0000000000000000     
  0.24791666666666667       0.24792093226357287        0.0000000000000000     
  0.25000000000000000       0.24999644749323732        0.0000000000000000     
  0.25208333333333333       0.25208775049283061        0.0000000000000000     
  0.25416666666666665       0.25416295965910413        0.0000000000000000     
  0.25624999999999998       0.25625457465546608        0.0000000000000000     
  0.25833333333333336       0.25832946577656835        0.0000000000000000     
  0.26041666666666674       0.26042140498375910        0.0000000000000000     
  0.26250000000000007       0.26249596560884680        0.0000000000000000     
  0.26458333333333339       0.26458824171908313        0.0000000000000000     
  0.26666666666666672       0.26666245890988693        0.0000000000000000     
  0.26875000000000004       0.26875508511226048        0.0000000000000000     
  0.27083333333333337       0.27082894542400360        0.0000000000000000     
  0.27291666666666670       0.27292193542393367        0.0000000000000000     
  0.27500000000000002       0.27499542488550188        0.0000000000000000     
  0.27708333333333335       0.27708879292494809        0.0000000000000000     
  0.27916666666666667       0.27916189701828592        0.0000000000000000     
  0.28125000000000000       0.28125565789675194        0.0000000000000000     
  0.28333333333333338       0.28332836153545082        0.0000000000000000     
  0.28541666666666676       0.28542253063181200        0.0000000000000000     
  0.28750000000000009       0.28749481813886019        0.0000000000000000     
  0.28958333333333341       0.28958941143404471        0.0000000000000000     
  0.29166666666666674       0.29166126651870578        0.0000000000000000     
  0.29375000000000007       0.29375630061926405        0.0000000000000000     
  0.29583333333333339       0.29582770635305145        0.0000000000000000     
  0.29791666666666672       0.29792319851564730        0.0000000000000000     
  0.30000000000000004       0.29999413730735758        0.0000000000000000     
  0.30208333333333337       0.30209010546421960        0.0000000000000000     
  0.30416666666666670       0.30416055903398814        0.0000000000000000     
  0.30625000000000002       0.30625702181935599        0.0000000000000000     
  0.30833333333333335       0.30832697117169777        0.0000000000000000     
  0.31041666666666667       0.31042394794930472        0.0000000000000000     
  0.31250000000000000       0.31249337334509902        0.0000000000000000     
  0.31458333333333333       0.31459088423673143        0.0000000000000000     
  0.31666666666666671       0.31665976516410882        0.0000000000000000     
  0.31875000000000009       0.31875783107928124        0.0000000000000000     
  0.32083333333333341       0.32082614622337319        0.0000000000000000     
  0.32291666666666674       0.32292478889016579        0.0000000000000000     
  0.32500000000000007       0.32499251610166907        0.0000000000000000     
  0.32708333333333339       0.32709175809877422        0.0000000000000000     
  0.32916666666666672       0.32915887436128360        0.0000000000000000     
  0.33125000000000004       0.33125873915130499        0.0000000000000000     
  0.33333333333333337       0.33332522054736818        0.0000000000000000     
  0.33541666666666670       0.33542573251142549        0.0000000000000000     
  0.33750000000000002       0.33749155418726795        0.0000000000000000     
  0.33958333333333335       0.33959273866095141        0.0000000000000000     
  0.34166666666666667       0.34165787478982440        0.0000000000000000     
  0.34375000000000000       0.34375975810056386        0.0000000000000000     
  0.34583333333333333       0.34582418184465130        0.0000000000000000     
  0.34791666666666665       0.34792679135054388        0.0000000000000000     
  0.34999999999999998       0.34999047482138140        0.0000000000000000     
  0.35208333333333330       0.35209383895153973        0.0000000000000000     
  0.35416666666666663       0.35415675316888501        0.0000000000000000     
  0.35624999999999996       0.35626090146536610        0.0000000000000000     
  0.35833333333333328       0.35832301631445662        0.0000000000000000     
  0.36041666666666661       0.36042797947583050        0.0000000000000000     
  0.36249999999999993       0.36248926366297068        0.0000000000000000     
  0.36458333333333326       0.36459507358959620        0.0000000000000000     
  0.36666666666666664       0.36665549459600327        0.0000000000000000     
  0.36875000000000002       0.36876218443707698        0.0000000000000000     
  0.37083333333333335       0.37082170847092055        0.0000000000000000     
  0.37291666666666667       0.37292931267336221        0.0000000000000000     
  0.37500000000000000       0.37498790461993087        0.0000000000000000     
  0.37708333333333333       0.37709645897919097        0.0000000000000000     
  0.37916666666666665       0.37915408234909970        0.0000000000000000     
  0.38124999999999998       0.38126362406194980        0.0000000000000000     
  0.38333333333333330       0.38332024093732664        0.0000000000000000     
  0.38541666666666663       0.38543080865671925        0.0000000000000000     
  0.38749999999999996       0.38748637963528126        0.0000000000000000     
  0.38958333333333328       0.38959801352735562        0.0000000000000000     
  0.39166666666666666       0.39165249766429877        0.0000000000000000     
  0.39375000000000004       0.39376523946761971        0.0000000000000000     
  0.39583333333333337       0.39581859421523063        0.0000000000000000     
  0.39791666666666670       0.39793248730234559        0.0000000000000000     
  0.40000000000000002       0.39998466844725211        0.0000000000000000     
  0.40208333333333335       0.40209975788865787        0.0000000000000000     
  0.40416666666666667       0.40415071948662168        0.0000000000000000     
  0.40625000000000000       0.40626705211723790        0.0000000000000000     
  0.40833333333333333       0.40831674642539278        0.0000000000000000     
  0.41041666666666665       0.41043437091363372        0.0000000000000000     
  0.41249999999999998       0.41248274832007414        0.0000000000000000     
  0.41458333333333330       0.41460171523962619        0.0000000000000000     
  0.41666666666666669       0.41664872419023902        0.0000000000000000     
  0.41875000000000007       0.41876908609464941        0.0000000000000000     
  0.42083333333333339       0.42081467301707876        0.0000000000000000     
  0.42291666666666672       0.42293648451726251        0.0000000000000000     
  0.42500000000000004       0.42498059374190011        0.0000000000000000     
  0.42708333333333337       0.42710391158668243        0.0000000000000000     
  0.42916666666666670       0.42914648526456450        0.0000000000000000     
  0.43125000000000002       0.43127136842437552        0.0000000000000000     
  0.43333333333333335       0.43331234644186489        0.0000000000000000     
  0.43541666666666667       0.43543885619571104        0.0000000000000000     
  0.43750000000000000       0.43747817608583978        0.0000000000000000     
  0.43958333333333333       0.43960637611168046        0.0000000000000000     
  0.44166666666666665       0.44164397296202179        0.0000000000000000     
  0.44374999999999998       0.44377392943068256        0.0000000000000000     
  0.44583333333333330       0.44580973578761585        0.0000000000000000     
  0.44791666666666663       0.44794151746038119        0.0000000000000000     
  0.45000000000000001       0.44997546322960857        0.0000000000000000     
  0.45208333333333339       0.45210914155963189        0.0000000000000000     
  0.45416666666666672       0.45414115390280152        0.0000000000000000     
  0.45625000000000004       0.45627680314048602        0.0000000000000000     
  0.45833333333333337       0.45830680636776827        0.0000000000000000     
  0.46041666666666670       0.46044450367027501        0.0000000000000000     
  0.46250000000000002       0.46247241912873210        0.0000000000000000     
  0.46458333333333335       0.46461224467377288        0.0000000000000000     
  0.46666666666666667       0.46663799063135919        0.0000000000000000     
  0.46875000000000000       0.46878002773544541        0.0000000000000000     
  0.47083333333333333       0.47080351926046687        0.0000000000000000     
  0.47291666666666665       0.47294785450178861        0.0000000000000000     
  0.47499999999999998       0.47496900333764097        0.0000000000000000     
  0.47708333333333330       0.47711572668375468        0.0000000000000000     
  0.47916666666666663       0.47913444111876102        0.0000000000000000     
  0.48124999999999996       0.48128364605927410        0.0000000000000000     
  0.48333333333333334       0.48329983079142752        0.0000000000000000     
  0.48541666666666672       0.48545161447588187        0.0000000000000000     
  0.48750000000000004       0.48746517047228893        0.0000000000000000     
  0.48958333333333337       0.48961963385344209        0.0000000000000000     
  0.49166666666666670       0.49163045820426438        0.0000000000000000     
  0.49375000000000002       0.49378770618697487        0.0000000000000000     
  0.49583333333333335       0.49579569195365714        0.0000000000000000     
  0.49791666666666667       0.49795583354960243        0.0000000000000000     
  0.50000000000000000       0.49996086960715524        0.0000000000000000     
  0.50208333333333333       0.50212401809560625        0.0000000000000000     
  0.50416666666666665       0.50412598896871463        0.0000000000000000     
  0.50624999999999998       0.50629226206360212        0.0000000000000000     
  0.50833333333333330       0.50829104775632039        0.0000000000000000     
  0.51041666666666663       0.51046056777984494        0.0000000000000000     
  0.51249999999999996       0.51245604359862151        0.0000000000000000     
  0.51458333333333328       0.51462893766165652        0.0000000000000000     
  0.51666666666666661       0.51662097403143292        0.0000000000000000     
  0.51874999999999993       0.51879737422099348        0.0000000000000000     
  0.52083333333333326       0.52078583649410148        0.0000000000000000     
  0.52291666666666659       0.52296588006814915        0.0000000000000000     
  0.52499999999999991       0.52495062832573025        0.0000000000000000     
  0.52708333333333324       0.52713445791560454        0.0000000000000000     
  0.52916666666666656       0.52911534676125216        0.0000000000000000     
  0.53125000000000000       0.53130311058203261        0.0000000000000000     
  0.53333333333333333       0.53327998892735462        0.0000000000000000     
  0.53541666666666665       0.53547184099644884        0.0000000000000000     
  0.53750000000000009       0.53744455183823925        0.0000000000000000     
  0.53958333333333341       0.53964065220253177        0.0000000000000000     
  0.54166666666666674       0.54160903239122016        0.0000000000000000     
  0.54375000000000007       0.54380954736311649        0.0000000000000000     
  0.54583333333333339       0.54577342736214729        0.0000000000000000     
  0.54791666666666672       0.54797852976485839        0.0000000000000000     
  0.55000000000000004       0.54993773340065155        0.0000000000000000     
  0.55208333333333337       0.55214760282307740        0.0000000000000000     
  0.55416666666666670       0.55410194702520321        0.0000000000000000     
  0.55625000000000002       0.55631677008679492        0.0000000000000000     
  0.55833333333333335       0.55826606461797790        0.0000000000000000     
  0.56041666666666667       0.56048603524397178        0.0000000000000000     
  0.56250000000000000       0.56243008241952031        0.0000000000000000     
  0.56458333333333333       0.56465540212694443        0.0000000000000000     
  0.56666666666666665       0.56659399652319975        0.0000000000000000     
  0.56874999999999998       0.56882487471807708        0.0000000000000000     
  0.57083333333333330       0.57075780286944877        0.0000000000000000     
  0.57291666666666663       0.57299445715563790        0.0000000000000000     
  0.57499999999999996       0.57492149723977581        0.0000000000000000     
  0.57708333333333328       0.57716415373989860        0.0000000000000000     
  0.57916666666666661       0.57908507525054342        0.0000000000000000     
  0.58124999999999993       0.58133396893947686        0.0000000000000000     
  0.58333333333333326       0.58324853234650376        0.0000000000000000     
  0.58541666666666659       0.58550390739793001        0.0000000000000000     
  0.58749999999999991       0.58741186379407972        0.0000000000000000     
  0.58958333333333324       0.58967397394060017        0.0000000000000000     
  0.59166666666666656       0.59157506467438403        0.0000000000000000     
  0.59374999999999989       0.59384417358173291        0.0000000000000000     
  0.59583333333333321       0.59573812987596475        0.0000000000000000     
  0.59791666666666665       0.59801451153187180        0.0000000000000000     
  0.59999999999999998       0.59990105408726668        0.0000000000000000     
  0.60208333333333330       0.60218499320554175        0.0000000000000000     
  0.60416666666666674       0.60406383178879719        0.0000000000000000     
  0.60625000000000007       0.60635562422923761        0.0000000000000000     
  0.60833333333333339       0.60822645724498703        0.0000000000000000     
  0.61041666666666672       0.61052641044971878        0.0000000000000000     
  0.61250000000000004       0.61238892449572979        0.0000000000000000     
  0.61458333333333337       0.61469735794263403        0.0000000000000000     
  0.61666666666666670       0.61655122734759382        0.0000000000000000     
  0.61875000000000002       0.61886847302148340        0.0000000000000000     
  0.62083333333333335       0.62071335936468597        0.0000000000000000     
  0.62291666666666667       0.62303976224692470        0.0000000000000000     
  0.62500000000000000       0.62487531385916062        0.0000000000000000     
  0.62708333333333333       0.62721123243645471        0.0000000000000000     
  0.62916666666666665       0.62903708388135615        0.0000000000000000     
  0.63124999999999998       0.63138289067446418        0.0000000000000000     
  0.63333333333333330       0.63319866220954579        0.0000000000000000     
  0.63541666666666663       0.63555474432268100        0.0000000000000000     
  0.63749999999999996       0.63736004133928570        0.0000000000000000     
  0.63958333333333328       0.63972680103102897        0.0000000000000000     
  0.64166666666666661       0.64152121347234836        0.0000000000000000     
  0.64374999999999993       0.64389906874891345        0.0000000000000000     
  0.64583333333333326       0.64568217050522037        0.0000000000000000     
  0.64791666666666670       0.64807155573694430        0.0000000000000000     
  0.65000000000000002       0.64984290401715261        0.0000000000000000     
  0.65208333333333335       0.65224427057911660        0.0000000000000000     
  0.65416666666666679       0.65400340525773937        0.0000000000000000     
  0.65625000000000011       0.65641722219547083        0.0000000000000000     
  0.65833333333333344       0.65816366513401381        0.0000000000000000     
  0.66041666666666676       0.66059041985525158        0.0000000000000000     
  0.66250000000000009       0.66232367419703775        0.0000000000000000     
  0.66458333333333341       0.66476387319057495        0.0000000000000000     
  0.66666666666666674       0.66648342262796534        0.0000000000000000     
  0.66875000000000007       0.66893759221063542        0.0000000000000000     
  0.67083333333333339       0.67064290022356254        0.0000000000000000     
  0.67291666666666672       0.67311158731646992        0.0000000000000000     
  0.67500000000000004       0.67480209638115818        0.0000000000000000     
  0.67708333333333337       0.67728586931629309        0.0000000000000000     
  0.67916666666666670       0.67896100008300819        0.0000000000000000     
  0.68125000000000002       0.68146044944144024        0.0000000000000000     
  0.68333333333333335       0.68311959988004445        0.0000000000000000     
  0.68541666666666667       0.68563533936293197        0.0000000000000000     
  0.68750000000000000       0.68727788387499111        0.0000000000000000     
  0.68958333333333333       0.68981055120868628        0.0000000000000000     
  0.69166666666666665       0.69143583970481715        0.0000000000000000     
  0.69374999999999998       0.69398609758140462        0.0000000000000000     
  0.69583333333333330       0.69559345452250287        0.0000000000000000     
  0.69791666666666663       0.69816199157716152        0.0000000000000000     
  0.69999999999999996       0.69975071497809394        0.0000000000000000     
  0.70208333333333328       0.70233824680471524        0.0000000000000000     
  0.70416666666666661       0.70390760719901035        0.0000000000000000     
  0.70624999999999993       0.70651487740557972        0.0000000000000000     
  0.70833333333333326       0.70806411676958825        0.0000000000000000     
  0.71041666666666659       0.71069189807488431        0.0000000000000000     
  0.71249999999999991       0.71222022870981960        0.0000000000000000     
  0.71458333333333335       0.71486932408303849        0.0000000000000000     
  0.71666666666666667       0.71637592745325740        0.0000000000000000     
  0.71875000000000000       0.71904717129826246        0.0000000000000000     
  0.72083333333333344       0.72053119682405975        0.0000000000000000     
  0.72291666666666676       0.72322545620998646        0.0000000000000000     
  0.72500000000000009       0.72468602001313176        0.0000000000000000     
  0.72708333333333341       0.72740419595316630        0.0000000000000000     
  0.72916666666666674       0.72884037955333569        0.0000000000000000     
  0.73125000000000007       0.73158340833356161        0.0000000000000000     
  0.73333333333333339       0.73299425729372980        0.0000000000000000     
  0.73541666666666672       0.73576311185398902        0.0000000000000000     
  0.73750000000000004       0.73714763437279851        0.0000000000000000     
  0.73958333333333337       0.73994332574161570        0.0000000000000000     
  0.74166666666666670       0.74130049119063512        0.0000000000000000     
  0.74375000000000002       0.74412406997631519        0.0000000000000000     
  0.74583333333333335       0.74545280738003505        0.0000000000000000     
  0.74791666666666667       0.74830536532013103        0.0000000000000000     
  0.75000000000000000       0.74960456177645740        0.0000000000000000     
  0.75208333333333333       0.75248723334790135        0.0000000000000000     
  0.75416666666666665       0.75375573238681171        0.0000000000000000     
  0.75624999999999998       0.75666969647908022        0.0000000000000000     
  0.75833333333333330       0.75790629635702067        0.0000000000000000     
  0.76041666666666663       0.76085277801079632        0.0000000000000000     
  0.76249999999999996       0.76205622993831545        0.0000000000000000     
  0.76458333333333339       0.76503650215221219        0.0000000000000000     
  0.76666666666666672       0.76620550845220869        0.0000000000000000     
  0.76875000000000004       0.76922089406023564        0.0000000000000000     
  0.77083333333333348       0.77035410625409950        0.0000000000000000     
  0.77291666666666681       0.77340597987661741        0.0000000000000000     
  0.77500000000000013       0.77450199669545094        0.0000000000000000     
  0.77708333333333346       0.77759178676650609        0.0000000000000000     
  0.77916666666666679       0.77864915208448804        0.0000000000000000     
  0.78125000000000011       0.78177834295851079        0.0000000000000000     
  0.78333333333333344       0.78279554364535764        0.0000000000000000     
  0.78541666666666676       0.78596567778633664        0.0000000000000000     
  0.78750000000000009       0.78694114147568883        0.0000000000000000     
  0.78958333333333341       0.79015382173204640        0.0000000000000000     
  0.79166666666666674       0.79108591450249077        0.0000000000000000     
  0.79375000000000007       0.79434280647101430        0.0000000000000000     
  0.79583333333333339       0.79522983043632645        0.0000000000000000     
  0.79791666666666672       0.79853266491864427        0.0000000000000000     
  0.80000000000000004       0.79937285572369132        0.0000000000000000     
  0.80104166666666665       0.80169416828815310        0.0000000000000000     
  0.80208333333333337       0.80140608872823660        0.0000000000000000     
  0.80312500000000009       0.80382956346396306        0.0000000000000000     
  0.80416666666666670       0.80343532190878453        0.0000000000000000     
  0.80520833333333330       0.80596911506373015        0.0000000000000000     
  0.80625000000000002       0.80546023593425697        0.0000000000000000     
  0.80729166666666674       0.80811315492089297        0.0000000000000000     
  0.80833333333333335       0.80748048597936972        0.0000000000000000     
  0.80937499999999996       0.81026204136123547        0.0000000000000000     
  0.81041666666666667       0.80949569968926949        0.0000000000000000     
  0.81145833333333339       0.81241616131794092        0.0000000000000000     
  0.81250000000000000       0.81150547498167591        0.0000000000000000     
  0.81354166666666661       0.81457593261549999        0.0000000000000000     
  0.81458333333333333       0.81350937767355458        0.0000000000000000     
  0.81562500000000004       0.81674180643595706        0.0000000000000000     
  0.81666666666666665       0.81550693891831094        0.0000000000000000     
  0.81770833333333326       0.81891426998205386        0.0000000000000000     
  0.81874999999999998       0.81749765243838179        0.0000000000000000     
  0.81979166666666670       0.82109384935298613        0.0000000000000000     
  0.82083333333333330       0.81948097153688571        0.0000000000000000     
  0.82187499999999991       0.82328111264975534        0.0000000000000000     
  0.82291666666666663       0.82145630587069385        0.0000000000000000     
  0.82395833333333335       0.82547667332843544        0.0000000000000000     
  0.82499999999999996       0.82342301796587747        0.0000000000000000     
  0.82604166666666656       0.82768119382115102        0.0000000000000000     
  0.82708333333333328       0.82538041945495877        0.0000000000000000     
  0.82812500000000000       0.82989538944614627        0.0000000000000000     
  0.82916666666666661       0.82732776701375921        0.0000000000000000     
  0.83020833333333333       0.83212003263001355        0.0000000000000000     
  0.83125000000000004       0.82926425797386261        0.0000000000000000     
  0.83229166666666665       0.83435595746701352        0.0000000000000000     
  0.83333333333333337       0.83118902558478869        0.0000000000000000     
  0.83437500000000009       0.83660406464238912        0.0000000000000000     
  0.83541666666666670       0.83310113389792240        0.0000000000000000     
  0.83645833333333341       0.83886532674875181        0.0000000000000000     
  0.83750000000000013       0.83499957224198984        0.0000000000000000     
  0.83854166666666674       0.84114079402688557        0.0000000000000000     
  0.83958333333333346       0.83688324925748092        0.0000000000000000     
  0.84062500000000018       0.84343160056489397        0.0000000000000000     
  0.84166666666666679       0.83875098645479806        0.0000000000000000     
  0.84270833333333339       0.84573897099226070        0.0000000000000000     
  0.84375000000000011       0.84060151125811633        0.0000000000000000     
  0.84479166666666683       0.84806422770833390        0.0000000000000000     
  0.84583333333333344       0.84243344949388810        0.0000000000000000     
  0.84687500000000004       0.85040879868790897        0.0000000000000000     
  0.84791666666666676       0.84424531727965790        0.0000000000000000     
  0.84895833333333348       0.85277422590998320        0.0000000000000000     
  0.85000000000000009       0.84603551226531126        0.0000000000000000     
  0.85104166666666670       0.85516217445942155        0.0000000000000000     
  0.85208333333333341       0.84780230417505786        0.0000000000000000     
  0.85312500000000013       0.85757444235527480        0.0000000000000000     
  0.85416666666666674       0.84954382459432065        0.0000000000000000     
  0.85520833333333335       0.86001297116375142        0.0000000000000000     
  0.85625000000000007       0.85125805594124881        0.0000000000000000     
  0.85729166666666679       0.86247985745848776        0.0000000000000000     
  0.85833333333333339       0.85294281955775719        0.0000000000000000     
  0.85937500000000000       0.86497736519576496        0.0000000000000000     
  0.86041666666666672       0.85459576284979810        0.0000000000000000     
  0.86145833333333344       0.86750793907771706        0.0000000000000000     
  0.86250000000000004       0.85621434540096186        0.0000000000000000     
  0.86354166666666665       0.87007421898240711        0.0000000000000000     
  0.86458333333333337       0.85779582397743581        0.0000000000000000     
  0.86562500000000009       0.87267905554595160        0.0000000000000000     
  0.86666666666666670       0.85933723633581915        0.0000000000000000     
  0.86770833333333330       0.87532552698865418        0.0000000000000000     
  0.86875000000000002       0.86083538373820945        0.0000000000000000     
  0.86979166666666674       0.87801695728448503        0.0000000000000000     
  0.87083333333333335       0.86228681207136226        0.0000000000000000     
  0.87187499999999996       0.88075693578113723        0.0000000000000000     
  0.87291666666666667       0.86368779145847285        0.0000000000000000     
  0.87395833333333339       0.88354933838648397        0.0000000000000000     
  0.87500000000000000       0.86503429424323797        0.0000000000000000     
  0.87604166666666661       0.88639835044647008        0.0000000000000000     
  0.87708333333333333       0.86632197121624910        0.0000000000000000     
  0.87812500000000004       0.88930849144950197        0.0000000000000000     
  0.87916666666666665       0.86754612594338631        0.0000000000000000     
  0.88020833333333326       0.89228464170313981        0.0000000000000000     
  0.88124999999999998       0.86870168704469031        0.0000000000000000     
  0.88229166666666670       0.89533207114055635        0.0000000000000000     
  0.88333333333333330       0.86978317826007778        0.0000000000000000     
  0.88437499999999991       0.89845647042679577        0.0000000000000000     
  0.88541666666666663       0.87078468612521986        0.0000000000000000     
  0.88645833333333335       0.90166398454844532        0.0000000000000000     
  0.88749999999999996       0.87169982506677923        0.0000000000000000     
  0.88854166666666656       0.90496124908497588        0.0000000000000000     
  0.88958333333333328       0.87252169971098237        0.0000000000000000     
  0.89062500000000000       0.90835542937585556        0.0000000000000000     
  0.89166666666666661       0.87324286418304831        0.0000000000000000     
  0.89270833333333321       0.91185426281461712        0.0000000000000000     
  0.89374999999999993       0.87385527815723385        0.0000000000000000     
  0.89479166666666665       0.91546610451952837        0.0000000000000000     
  0.89583333333333326       0.87435025939807931        0.0000000000000000     
  0.89687499999999998       0.91919997665043907        0.0000000000000000     
  0.89791666666666670       0.87471843251272330        0.0000000000000000     
  0.89895833333333330       0.92306562166289996        0.0000000000000000     
  0.90000000000000002       0.87494967361179199        0.0000000000000000     
  0.90104166666666674       0.92707355981389539        0.0000000000000000     
  0.90208333333333335       0.87503305055222069        0.0000000000000000     
  0.90312500000000007       0.93123515125861600        0.0000000000000000     
  0.90416666666666679       0.87495675840928444        0.0000000000000000     
  0.90520833333333339       0.93556266310481029        0.0000000000000000     
  0.90625000000000011       0.87470804979695282        0.0000000000000000     
  0.90729166666666683       0.94006934182050672        0.0000000000000000     
  0.90833333333333344       0.87427315962528562        0.0000000000000000     
  0.90937500000000004       0.94476949142249456        0.0000000000000000     
  0.91041666666666676       0.87363722385073483        0.0000000000000000     
  0.91145833333333348       0.94967855790708755        0.0000000000000000     
  0.91250000000000009       0.87278419173977351        0.0000000000000000     
  0.91354166666666670       0.95481322042152295        0.0000000000000000     
  0.91458333333333341       0.87169673112798129        0.0000000000000000     
  0.91562500000000013       0.96019148971414658        0.0000000000000000     
  0.91666666666666674       0.87035612611536373        0.0000000000000000     
  0.91770833333333335       0.96583281444449565        0.0000000000000000     
  0.91875000000000007       0.86874216659404913        0.0000000000000000     
  0.91979166666666679       0.97175819598078284        0.0000000000000000     
  0.92083333333333339       0.86683302895628678        0.0000000000000000     
  0.92187500000000000       0.97799031236238354        0.0000000000000000     
  0.92291666666666672       0.86460514727861482        0.0000000000000000     
  0.92395833333333344       0.98455365215902912        0.0000000000000000     
  0.92500000000000004       0.86203307422185027        0.0000000000000000     
  0.92604166666666665       0.99147465901681975        0.0000000000000000     
  0.92708333333333337       0.85908933082585359        0.0000000000000000     
  0.92812500000000009       0.99878188774425281        0.0000000000000000     
  0.92916666666666670       0.85574424431246332        0.0000000000000000     
  0.93020833333333330        1.0065061728595817        0.0000000000000000     
  0.93125000000000002       0.85196577293922104        0.0000000000000000     
  0.93229166666666674        1.0146808105943643        0.0000000000000000     
  0.93333333333333335       0.84771931687006907        0.0000000000000000     
  0.93437499999999996        1.0233417554275088        0.0000000000000000     
  0.93541666666666667       0.84296751394666747        0.0000000000000000     
  0.93645833333333339        1.0325278323098468        0.0000000000000000     
  0.93750000000000000       0.83767001915485184        0.0000000000000000     
  0.93854166666666661        1.0422809658319572        0.0000000000000000     
  0.93958333333333333       0.83178326648451362        0.0000000000000000     
  0.94062500000000004        1.0526464276878655        0.0000000000000000     
  0.94166666666666665       0.82526021177725906        0.0000000000000000     
  0.94270833333333326        1.0636731038953493        0.0000000000000000     
  0.94374999999999998       0.81805005504397876        0.0000000000000000     
  0.94479166666666670        1.0754137833501063        0.0000000000000000     
  0.94583333333333330       0.81009794061328755        0.0000000000000000     
  0.94687499999999991        1.0879254694170184        0.0000000000000000     
  0.94791666666666663       0.80134463334092820        0.0000000000000000     
  0.94895833333333335        1.1012697163977023        0.0000000000000000     
  0.94999999999999996       0.79172616896893910        0.0000000000000000     
  0.95104166666666656        1.1155129928603842        0.0000000000000000     
  0.95208333333333328       0.78117347657079672        0.0000000000000000     
  0.95312500000000000        1.1307270739766699        0.0000000000000000     
  0.95416666666666661       0.76961197085398136        0.0000000000000000     
  0.95520833333333321        1.1469894651810388        0.0000000000000000     
  0.95624999999999993       0.75696111191349869        0.0000000000000000     
  0.95729166666666665        1.1643838596537206        0.0000000000000000     
  0.95833333333333326       0.74313392983775295        0.0000000000000000     
  0.95937499999999987        1.1830006323273214        0.0000000000000000     
  0.96041666666666659       0.72803651136072789        0.0000000000000000     
  0.96145833333333330        1.2029373733330819        0.0000000000000000     
  0.96249999999999991       0.71156744553037998        0.0000000000000000     
  0.96354166666666663        1.2242994640355258        0.0000000000000000     
  0.96458333333333335       0.69361722512126178        0.0000000000000000     
  0.96562499999999996        1.2472006990555513        0.0000000000000000     
  0.96666666666666667       0.67406760025814660        0.0000000000000000     
  0.96770833333333339        1.2717639579535458        0.0000000000000000     
  0.96875000000000000       0.65279088043537925        0.0000000000000000     
  0.96979166666666672        1.2981219305371829        0.0000000000000000     
  0.97083333333333344       0.62964918081203647        0.0000000000000000     
  0.97187500000000004        1.3264179000750895        0.0000000000000000     
  0.97291666666666676       0.60449360833409205        0.0000000000000000     
  0.97395833333333348        1.3568065890393906        0.0000000000000000     
  0.97500000000000009       0.57716338287961566        0.0000000000000000     
  0.97604166666666670        1.3894550723691923        0.0000000000000000     
  0.97708333333333341       0.54748488823945851        0.0000000000000000     
  0.97812500000000013        1.4245437636456133        0.0000000000000000     
  0.97916666666666674       0.51527064733176731        0.0000000000000000     
  0.98020833333333335        1.4622674799993927        0.0000000000000000     
  0.98125000000000007       0.48031821560144172        0.0000000000000000     
  0.98229166666666679        1.5028365920367222        0.0000000000000000     
  0.98333333333333339       0.44240898607270818        0.0000000000000000     
  0.98437500000000000        1.5464782655709326        0.0000000000000000     
  0.98541666666666672       0.40130689900154348        0.0000000000000000     
  0.98645833333333344        1.5934378024893623        0.0000000000000000     
  0.98750000000000004       0.35675704851153595        0.0000000000000000     
  0.98854166666666665        1.6439800886701179        0.0000000000000000     
  0.98958333333333337       0.30848417798874234        0.0000000000000000     
  0.99062500000000009        1.6983911574950521        0.0000000000000000     
  0.99166666666666670       0.25619105535445441        0.0000000000000000     
  0.99270833333333330        1.7569798781878889        0.0000000000000000     
  0.99375000000000002       0.19955671862579383        0.0000000000000000     
  0.99479166666666674        1.8200797789429002        0.0000000000000000     
  0.99583333333333335       0.13823458140837511        0.0000000000000000     
  0.99687499999999996        1.8880510156054851        0.0000000000000000     
  0.99791666666666667        7.1850387138559194E-002   0.0000000000000000     
  0.99895833333333339        1.9612824975247958        0.0000000000000000     
   1.0000000000000000        0.0000000000000000        0.0000000000000000     
