X My_beautiful_solution_real My_beautiful_solution_imag
   0.0000000000000000        0.0000000000000000        0.0000000000000000     
   2.0833333333333333E-003   1.9810961335938710        0.0000000000000000     
   4.1666666666666666E-003   3.7675362287046682E-002   0.0000000000000000     
   6.2500000000000003E-003   1.9441372599715541        0.0000000000000000     
   8.3333333333333332E-003   7.3931373019557128E-002   0.0000000000000000     
   1.0416666666666668E-002   1.9085707454811831        0.0000000000000000     
   1.2500000000000001E-002  0.10882150371613324        0.0000000000000000     
   1.4583333333333334E-002   1.8743441354951598        0.0000000000000000     
   1.6666666666666666E-002  0.14239721145202600        0.0000000000000000     
   1.8750000000000003E-002   1.8414069515196958        0.0000000000000000     
   2.0833333333333336E-002  0.17470801474966793        0.0000000000000000     
   2.2916666666666669E-002   1.8097106167475245        0.0000000000000000     
   2.5000000000000001E-002  0.20580156661016599        0.0000000000000000     
   2.7083333333333334E-002   1.7792083844152762        0.0000000000000000     
   2.9166666666666667E-002  0.23572372479346443        0.0000000000000000     
   3.1250000000000000E-002   1.7498552688598694        0.0000000000000000     
   3.3333333333333333E-002  0.26451861945082905        0.0000000000000000     
   3.5416666666666666E-002   1.7216079791722183        0.0000000000000000     
   3.7500000000000006E-002  0.29222871820939744        0.0000000000000000     
   3.9583333333333338E-002   1.6944248553504211        0.0000000000000000     
   4.1666666666666671E-002  0.31889488880478939        0.0000000000000000     
   4.3750000000000004E-002   1.6682658068582694        0.0000000000000000     
   4.5833333333333337E-002  0.34455645935414242        0.0000000000000000     
   4.7916666666666670E-002   1.6430922534984445        0.0000000000000000     
   5.0000000000000003E-002  0.36925127635847144        0.0000000000000000     
   5.2083333333333336E-002   1.6188670685132152        0.0000000000000000     
   5.4166666666666669E-002  0.39301576051989284        0.0000000000000000     
   5.6250000000000001E-002   1.5955545238287143        0.0000000000000000     
   5.8333333333333334E-002  0.41588496045603535        0.0000000000000000     
   6.0416666666666667E-002   1.5731202373620394        0.0000000000000000     
   6.2500000000000000E-002  0.43789260439085625        0.0000000000000000     
   6.4583333333333326E-002   1.5515311223134587        0.0000000000000000     
   6.6666666666666666E-002  0.45907114989810066        0.0000000000000000     
   6.8750000000000006E-002   1.5307553383689507        0.0000000000000000     
   7.0833333333333331E-002  0.47945183177076345        0.0000000000000000     
   7.2916666666666671E-002   1.5107622447410929        0.0000000000000000     
   7.5000000000000011E-002  0.49906470808715642        0.0000000000000000     
   7.7083333333333337E-002   1.4915223549790557        0.0000000000000000     
   7.9166666666666677E-002  0.51793870454151891        0.0000000000000000     
   8.1250000000000017E-002   1.4730072934810348        0.0000000000000000     
   8.3333333333333343E-002  0.53610165710455249        0.0000000000000000     
   8.5416666666666669E-002   1.4551897536450309        0.0000000000000000     
   8.7500000000000008E-002  0.55358035307679587        0.0000000000000000     
   8.9583333333333348E-002   1.4380434575961896        0.0000000000000000     
   9.1666666666666674E-002  0.57040057059538996        0.0000000000000000     
   9.3750000000000000E-002   1.4215431174313566        0.0000000000000000     
   9.5833333333333340E-002  0.58658711665249241        0.0000000000000000     
   9.7916666666666680E-002   1.4056643979236760        0.0000000000000000     
  0.10000000000000001       0.60216386368142139        0.0000000000000000     
  0.10208333333333333        1.3903838806322231        0.0000000000000000     
  0.10416666666666667       0.61715378476447946        0.0000000000000000     
  0.10625000000000001        1.3756790293637411        0.0000000000000000     
  0.10833333333333334       0.63157898751438624        0.0000000000000000     
  0.11041666666666666        1.3615281569355431        0.0000000000000000     
  0.11250000000000000       0.64546074667928910        0.0000000000000000     
  0.11458333333333334        1.3479103931905749        0.0000000000000000     
  0.11666666666666667       0.65881953551944039        0.0000000000000000     
  0.11874999999999999        1.3348056542174329        0.0000000000000000     
  0.12083333333333333       0.67167505600181099        0.0000000000000000     
  0.12291666666666667        1.3221946127299724        0.0000000000000000     
  0.12500000000000000       0.68404626785718026        0.0000000000000000     
  0.12708333333333333        1.3100586695628187        0.0000000000000000     
  0.12916666666666665       0.69595141654254911        0.0000000000000000     
  0.13124999999999998        1.2983799262407216        0.0000000000000000     
  0.13333333333333333       0.70740806015012125        0.0000000000000000     
  0.13541666666666669        1.2871411585813108        0.0000000000000000     
  0.13750000000000001       0.71843309530253685        0.0000000000000000     
  0.13958333333333334        1.2763257912923340        0.0000000000000000     
  0.14166666666666666       0.72904278207254902        0.0000000000000000     
  0.14374999999999999        1.2659178735258725        0.0000000000000000     
  0.14583333333333331       0.73925276796389594        0.0000000000000000     
  0.14791666666666664        1.2559020553535367        0.0000000000000000     
  0.14999999999999999       0.74907811098873855        0.0000000000000000     
  0.15208333333333335        1.2462635651278977        0.0000000000000000     
  0.15416666666666667       0.75853330187569545        0.0000000000000000     
  0.15625000000000000        1.2369881876967961        0.0000000000000000     
  0.15833333333333333       0.76763228544123152        0.0000000000000000     
  0.16041666666666665        1.2280622434383708        0.0000000000000000     
  0.16249999999999998       0.77638848115591574        0.0000000000000000     
  0.16458333333333330        1.2194725680859309        0.0000000000000000     
  0.16666666666666666       0.78481480293588435        0.0000000000000000     
  0.16875000000000001        1.2112064933128699        0.0000000000000000     
  0.17083333333333334       0.79292367818869558        0.0000000000000000     
  0.17291666666666666        1.2032518280490170        0.0000000000000000     
  0.17499999999999999       0.80072706614166533        0.0000000000000000     
  0.17708333333333331        1.1955968405008592        0.0000000000000000     
  0.17916666666666667       0.80823647547971622        0.0000000000000000     
  0.18125000000000002        1.1882302408491103        0.0000000000000000     
  0.18333333333333335       0.81546298131875394        0.0000000000000000     
  0.18541666666666667        1.1811411645981373        0.0000000000000000     
  0.18750000000000000       0.82241724153959761        0.0000000000000000     
  0.18958333333333333        1.1743191565526496        0.0000000000000000     
  0.19166666666666668       0.82910951250656539        0.0000000000000000     
  0.19375000000000003        1.1677541553980522        0.0000000000000000     
  0.19583333333333336       0.83554966419388366        0.0000000000000000     
  0.19791666666666669        1.1614364788616802        0.0000000000000000     
  0.20000000000000001       0.84174719474224113        0.0000000000000000     
  0.20208333333333334        1.1553568094330995        0.0000000000000000     
  0.20416666666666666       0.84771124446694823        0.0000000000000000     
  0.20624999999999999        1.1495061806223323        0.0000000000000000     
  0.20833333333333334       0.85345060933836603        0.0000000000000000     
  0.21041666666666670        1.1438759637357918        0.0000000000000000     
  0.21250000000000002       0.85897375395448206        0.0000000000000000     
  0.21458333333333335        1.1384578551504108        0.0000000000000000     
  0.21666666666666667       0.86428882402476903        0.0000000000000000     
  0.21875000000000000        1.1332438640671962        0.0000000000000000     
  0.22083333333333333       0.86940365838373734        0.0000000000000000     
  0.22291666666666665        1.1282263007261479        0.0000000000000000     
  0.22500000000000001       0.87432580055189746        0.0000000000000000     
  0.22708333333333336        1.1233977650651497        0.0000000000000000     
  0.22916666666666669       0.87906250986118273        0.0000000000000000     
  0.23125000000000001        1.1187511358061215        0.0000000000000000     
  0.23333333333333334       0.88362077216124502        0.0000000000000000     
  0.23541666666666666        1.1142795599523345        0.0000000000000000     
  0.23749999999999999       0.88800731012240708        0.0000000000000000     
  0.23958333333333331        1.1099764426814009        0.0000000000000000     
  0.24166666666666667       0.89222859315047021        0.0000000000000000     
  0.24375000000000002        1.1058354376190072        0.0000000000000000     
  0.24583333333333335       0.89629084692800209        0.0000000000000000     
  0.24791666666666667        1.1018504374790838        0.0000000000000000     
  0.25000000000000000       0.90020006259616869        0.0000000000000000     
  0.25208333333333333        1.0980155650565857        0.0000000000000000     
  0.25416666666666665       0.90396200559066120        0.0000000000000000     
  0.25624999999999998        1.0943251645596108        0.0000000000000000     
  0.25833333333333336       0.90758222414474587        0.0000000000000000     
  0.26041666666666674        1.0907737932680466        0.0000000000000000     
  0.26250000000000007       0.91106605747197200        0.0000000000000000     
  0.26458333333333339        1.0873562135064729        0.0000000000000000     
  0.26666666666666672       0.91441864364061554        0.0000000000000000     
  0.26875000000000004        1.0840673849194815        0.0000000000000000     
  0.27083333333333337       0.91764492715146551        0.0000000000000000     
  0.27291666666666670        1.0809024570379966        0.0000000000000000     
  0.27500000000000002       0.92074966623013188        0.0000000000000000     
  0.27708333333333335        1.0778567621256434        0.0000000000000000     
  0.27916666666666667       0.92373743984462642        0.0000000000000000     
  0.28125000000000000        1.0749258082946258        0.0000000000000000     
  0.28333333333333338       0.92661265445857244        0.0000000000000000     
  0.28541666666666676        1.0721052728809466        0.0000000000000000     
  0.28750000000000009       0.92937955052999621        0.0000000000000000     
  0.28958333333333341        1.0693909960692012        0.0000000000000000     
  0.29166666666666674       0.93204220876529009        0.0000000000000000     
  0.29375000000000007        1.0667789747575580        0.0000000000000000     
  0.29583333333333339       0.93460455613756777        0.0000000000000000     
  0.29791666666666672        1.0642653566538498        0.0000000000000000     
  0.30000000000000004       0.93707037167828933        0.0000000000000000     
  0.30208333333333337        1.0618464345940943        0.0000000000000000     
  0.30416666666666670       0.93944329205069754        0.0000000000000000     
  0.30625000000000002        1.0595186410750452        0.0000000000000000     
  0.30833333333333335       0.94172681691328430        0.0000000000000000     
  0.31041666666666667        1.0572785429927285        0.0000000000000000     
  0.31250000000000000       0.94392431408119748        0.0000000000000000     
  0.31458333333333333        1.0551228365791967        0.0000000000000000     
  0.31666666666666671       0.94603902449320387        0.0000000000000000     
  0.31875000000000009        1.0530483425300170        0.0000000000000000     
  0.32083333333333341       0.94807406699152652        0.0000000000000000     
  0.32291666666666674        1.0510520013153390        0.0000000000000000     
  0.32500000000000007       0.95003244292161482        0.0000000000000000     
  0.32708333333333339        1.0491308686675973        0.0000000000000000     
  0.32916666666666672       0.95191704055862225        0.0000000000000000     
  0.33125000000000004        1.0472821112392174        0.0000000000000000     
  0.33333333333333337       0.95373063936712810        0.0000000000000000     
  0.33541666666666670        1.0455030024238996        0.0000000000000000     
  0.33750000000000002       0.95547591410037858        0.0000000000000000     
  0.33958333333333335        1.0437909183353378        0.0000000000000000     
  0.34166666666666667       0.95715543874510067        0.0000000000000000     
  0.34375000000000000        1.0421433339374260        0.0000000000000000     
  0.34583333333333333       0.95877169031769649        0.0000000000000000     
  0.34791666666666665        1.0405578193202520        0.0000000000000000     
  0.34999999999999998       0.96032705251742811        0.0000000000000000     
  0.35208333333333330        1.0390320361163938        0.0000000000000000     
  0.35416666666666663       0.96182381924197258        0.0000000000000000     
  0.35624999999999996        1.0375637340522210        0.0000000000000000     
  0.35833333333333328       0.96326419797053509        0.0000000000000000     
  0.36041666666666661        1.0361507476291145        0.0000000000000000     
  0.36249999999999993       0.96465031301950932        0.0000000000000000     
  0.36458333333333326        1.0347909929297243        0.0000000000000000     
  0.36666666666666664       0.96598420867548818        0.0000000000000000     
  0.36875000000000002        1.0334824645445417        0.0000000000000000     
  0.37083333333333335       0.96726785221024025        0.0000000000000000     
  0.37291666666666667        1.0322232326142537        0.0000000000000000     
  0.37500000000000000       0.96850313678210720        0.0000000000000000     
  0.37708333333333333        1.0310114399835328        0.0000000000000000     
  0.37916666666666665       0.96969188422809349        0.0000000000000000     
  0.38124999999999998        1.0298452994620346        0.0000000000000000     
  0.38333333333333330       0.97083584775076748        0.0000000000000000     
  0.38541666666666663        1.0287230911886012        0.0000000000000000     
  0.38749999999999996       0.97193671450394326        0.0000000000000000     
  0.38958333333333328        1.0276431600947562        0.0000000000000000     
  0.39166666666666666       0.97299610808094783        0.0000000000000000     
  0.39375000000000004        1.0266039134637510        0.0000000000000000     
  0.39583333333333337       0.97401559090914702        0.0000000000000000     
  0.39791666666666670        1.0256038185815710        0.0000000000000000     
  0.40000000000000002       0.97499666655426442        0.0000000000000000     
  0.40208333333333335        1.0246414004764535        0.0000000000000000     
  0.40416666666666667       0.97594078193788769        0.0000000000000000     
  0.40625000000000000        1.0237152397435494        0.0000000000000000     
  0.40833333333333333       0.97684932947143466        0.0000000000000000     
  0.41041666666666665        1.0228239704515263        0.0000000000000000     
  0.41249999999999998       0.97772364910972454        0.0000000000000000     
  0.41458333333333330        1.0219662781280687        0.0000000000000000     
  0.41666666666666669       0.97856503032718900        0.0000000000000000     
  0.41875000000000007        1.0211408978212402        0.0000000000000000     
  0.42083333333333339       0.97937471401962728        0.0000000000000000     
  0.42291666666666672        1.0203466122338887        0.0000000000000000     
  0.42500000000000004       0.98015389433432010        0.0000000000000000     
  0.42708333333333337        1.0195822499283482        0.0000000000000000     
  0.42916666666666670       0.98090372043119534        0.0000000000000000     
  0.43125000000000002        1.0188466835987668        0.0000000000000000     
  0.43333333333333335       0.98162529817764665        0.0000000000000000     
  0.43541666666666667        1.0181388284085069        0.0000000000000000     
  0.43750000000000000       0.98231969177950140        0.0000000000000000     
  0.43958333333333333        1.0174576403902076        0.0000000000000000     
  0.44166666666666665       0.98298792535054524        0.0000000000000000     
  0.44374999999999998        1.0168021149060931        0.0000000000000000     
  0.44583333333333330       0.98363098442291674        0.0000000000000000     
  0.44791666666666663        1.0161712851663181        0.0000000000000000     
  0.45000000000000001       0.98424981740060413        0.0000000000000000     
  0.45208333333333339        1.0155642208031022        0.0000000000000000     
  0.45416666666666672       0.98484533695817900        0.0000000000000000     
  0.45625000000000004        1.0149800264986031        0.0000000000000000     
  0.45833333333333337       0.98541842138684022        0.0000000000000000     
  0.46041666666666670        1.0144178406644659        0.0000000000000000     
  0.46250000000000002       0.98596991588974248        0.0000000000000000     
  0.46458333333333335        1.0138768341711273        0.0000000000000000     
  0.46666666666666667       0.98650063382853270        0.0000000000000000     
  0.46875000000000000        1.0133562091249899        0.0000000000000000     
  0.47083333333333333       0.98701135792291850        0.0000000000000000     
  0.47291666666666665        1.0128551976916700        0.0000000000000000     
  0.47499999999999998       0.98750284140505040        0.0000000000000000     
  0.47708333333333330        1.0123730609635557        0.0000000000000000     
  0.47916666666666663       0.98797580913040994        0.0000000000000000     
  0.48124999999999996        1.0119090878700570        0.0000000000000000     
  0.48333333333333334       0.98843095864685337        0.0000000000000000     
  0.48541666666666672        1.0114625941288866        0.0000000000000000     
  0.48750000000000004       0.98886896122337342        0.0000000000000000     
  0.48958333333333337        1.0110329212368661        0.0000000000000000     
  0.49166666666666670       0.98929046284011180        0.0000000000000000     
  0.49375000000000002        1.0106194354987332        0.0000000000000000     
  0.49583333333333335       0.98969608514106799        0.0000000000000000     
  0.49791666666666667        1.0102215270925650        0.0000000000000000     
  0.50000000000000000       0.99008642635092214        0.0000000000000000     
  0.50208333333333333        1.0098386091703808        0.0000000000000000     
  0.50416666666666665       0.99046206215731425        0.0000000000000000     
  0.50624999999999998        1.0094701169926372        0.0000000000000000     
  0.50833333333333330       0.99082354655988769        0.0000000000000000     
  0.51041666666666663        1.0091155070953437        0.0000000000000000     
  0.51249999999999996       0.99117141268734466        0.0000000000000000     
  0.51458333333333328        1.0087742564885356        0.0000000000000000     
  0.51666666666666661       0.99150617358372217        0.0000000000000000     
  0.51874999999999993        1.0084458618849563        0.0000000000000000     
  0.52083333333333326       0.99182832296504508        0.0000000000000000     
  0.52291666666666659        1.0081298389577924        0.0000000000000000     
  0.52499999999999991       0.99213833594747447        0.0000000000000000     
  0.52708333333333324        1.0078257216263784        0.0000000000000000     
  0.52916666666666656       0.99243666974802414        0.0000000000000000     
  0.53125000000000000        1.0075330613687867        0.0000000000000000     
  0.53333333333333333       0.99272376435887866        0.0000000000000000     
  0.53541666666666665        1.0072514265603558        0.0000000000000000     
  0.53750000000000009       0.99300004319630786        0.0000000000000000     
  0.53958333333333341        1.0069804018371096        0.0000000000000000     
  0.54166666666666674       0.99326591372513462        0.0000000000000000     
  0.54375000000000007        1.0067195874831576        0.0000000000000000     
  0.54583333333333339       0.99352176805967674        0.0000000000000000     
  0.54791666666666672        1.0064685988411897        0.0000000000000000     
  0.55000000000000004       0.99376798354205087        0.0000000000000000     
  0.55208333333333337        1.0062270657451671        0.0000000000000000     
  0.55416666666666670       0.99400492329868684        0.0000000000000000     
  0.55625000000000002        1.0059946319743969        0.0000000000000000     
  0.55833333333333335       0.99423293677587965        0.0000000000000000     
  0.56041666666666667        1.0057709547281475        0.0000000000000000     
  0.56250000000000000       0.99445236025516182        0.0000000000000000     
  0.56458333333333333        1.0055557041201046        0.0000000000000000     
  0.56666666666666665       0.99466351734926539        0.0000000000000000     
  0.56874999999999998        1.0053485626918168        0.0000000000000000     
  0.57083333333333330       0.99486671947939309        0.0000000000000000     
  0.57291666666666663        1.0051492249445109        0.0000000000000000     
  0.57499999999999996       0.99506226633451433        0.0000000000000000     
  0.57708333333333328        1.0049573968885370        0.0000000000000000     
  0.57916666666666661       0.99525044631335435        0.0000000000000000     
  0.58124999999999993        1.0047727956097696        0.0000000000000000     
  0.58333333333333326       0.99543153694973618        0.0000000000000000     
  0.58541666666666659        1.0045951488523692        0.0000000000000000     
  0.58749999999999991       0.99560580532189402        0.0000000000000000     
  0.58958333333333324        1.0044241946172408        0.0000000000000000     
  0.59166666666666656       0.99577350844636969        0.0000000000000000     
  0.59374999999999989        1.0042596807756392        0.0000000000000000     
  0.59583333333333321       0.99593489365706878        0.0000000000000000     
  0.59791666666666665        1.0041013646973143        0.0000000000000000     
  0.59999999999999998       0.99609019897003714        0.0000000000000000     
  0.60208333333333330        1.0039490128926734        0.0000000000000000     
  0.60416666666666674       0.99623965343449294        0.0000000000000000     
  0.60625000000000007        1.0038024006684272        0.0000000000000000     
  0.60833333333333339       0.99638347747063771        0.0000000000000000     
  0.61041666666666672        1.0036613117962039        0.0000000000000000     
  0.61250000000000004       0.99652188319473678        0.0000000000000000     
  0.61458333333333337        1.0035255381936403        0.0000000000000000     
  0.61666666666666670       0.99665507473195847        0.0000000000000000     
  0.61875000000000002        1.0033948796175067        0.0000000000000000     
  0.62083333333333335       0.99678324851742062        0.0000000000000000     
  0.62291666666666667        1.0032691433683751        0.0000000000000000     
  0.62500000000000000       0.99690659358590139        0.0000000000000000     
  0.62708333333333333        1.0031481440064272        0.0000000000000000     
  0.62916666666666665       0.99702529185063393        0.0000000000000000     
  0.63124999999999998        1.0030317030779521        0.0000000000000000     
  0.63333333333333330       0.99713951837159709        0.0000000000000000     
  0.63541666666666663        1.0029196488521583        0.0000000000000000     
  0.63749999999999996       0.99724944161369977        0.0000000000000000     
  0.63958333333333328        1.0028118160679083        0.0000000000000000     
  0.64166666666666661       0.99735522369523777        0.0000000000000000     
  0.64374999999999993        1.0027080456899797        0.0000000000000000     
  0.64583333333333326       0.99745702062699204        0.0000000000000000     
  0.64791666666666670        1.0026081846745187        0.0000000000000000     
  0.65000000000000002       0.99755498254231756        0.0000000000000000     
  0.65208333333333335        1.0025120857433230        0.0000000000000000     
  0.65416666666666679       0.99764925391856496        0.0000000000000000     
  0.65625000000000011        1.0024196071666189        0.0000000000000000     
  0.65833333333333344       0.99773997379016022        0.0000000000000000     
  0.66041666666666676        1.0023306125540761        0.0000000000000000     
  0.66250000000000009       0.99782727595365805        0.0000000000000000     
  0.66458333333333341        1.0022449706535901        0.0000000000000000     
  0.66666666666666674       0.99791128916506711        0.0000000000000000     
  0.66875000000000007        1.0021625551577689        0.0000000000000000     
  0.67083333333333339       0.99799213732974612        0.0000000000000000     
  0.67291666666666672        1.0020832445176171        0.0000000000000000     
  0.67500000000000004       0.99806993968514135        0.0000000000000000     
  0.67708333333333337        1.0020069217632779        0.0000000000000000     
  0.67916666666666670       0.99814481097664309        0.0000000000000000     
  0.68125000000000002        1.0019334743315178        0.0000000000000000     
  0.68333333333333335       0.99821686162681511        0.0000000000000000     
  0.68541666666666667        1.0018627938997329        0.0000000000000000     
  0.68750000000000000       0.99828619789824935        0.0000000000000000     
  0.68958333333333333        1.0017947762261714        0.0000000000000000     
  0.69166666666666665       0.99835292205028625        0.0000000000000000     
  0.69374999999999998        1.0017293209962008        0.0000000000000000     
  0.69583333333333330       0.99841713248982811        0.0000000000000000     
  0.69791666666666663        1.0016663316743677        0.0000000000000000     
  0.69999999999999996       0.99847892391647552        0.0000000000000000     
  0.70208333333333328        1.0016057153620170        0.0000000000000000     
  0.70416666666666661       0.99853838746219115        0.0000000000000000     
  0.70624999999999993        1.0015473826602772        0.0000000000000000     
  0.70833333333333326       0.99859561082570458        0.0000000000000000     
  0.71041666666666659        1.0014912475382254        0.0000000000000000     
  0.71249999999999991       0.99865067840185384        0.0000000000000000     
  0.71458333333333335        1.0014372272059966        0.0000000000000000     
  0.71666666666666667       0.99870367140605332        0.0000000000000000     
  0.71875000000000000        1.0013852419926847        0.0000000000000000     
  0.72083333333333344       0.99875466799407164        0.0000000000000000     
  0.72291666666666676        1.0013352152288411        0.0000000000000000     
  0.72500000000000009       0.99880374337730038        0.0000000000000000     
  0.72708333333333341        1.0012870731334091        0.0000000000000000     
  0.72916666666666674       0.99885096993367650        0.0000000000000000     
  0.73125000000000007        1.0012407447048877        0.0000000000000000     
  0.73333333333333339       0.99889641731442858        0.0000000000000000     
  0.73541666666666672        1.0011961616166403        0.0000000000000000     
  0.73750000000000004       0.99894015254680024        0.0000000000000000     
  0.73958333333333337        1.0011532581161018        0.0000000000000000     
  0.74166666666666670       0.99898224013290415        0.0000000000000000     
  0.74375000000000002        1.0011119709278331        0.0000000000000000     
  0.74583333333333335       0.99902274214485187        0.0000000000000000     
  0.74791666666666667        1.0010722391601694        0.0000000000000000     
  0.75000000000000000       0.99906171831629997        0.0000000000000000     
  0.75208333333333333        1.0010340042154351        0.0000000000000000     
  0.75416666666666665       0.99909922613054669        0.0000000000000000     
  0.75624999999999998        1.0009972097035194        0.0000000000000000     
  0.75833333333333330       0.99913532090530988        0.0000000000000000     
  0.76041666666666663        1.0009618013587043        0.0000000000000000     
  0.76249999999999996       0.99917005587431262        0.0000000000000000     
  0.76458333333333339        1.0009277269596351        0.0000000000000000     
  0.76666666666666672       0.99920348226579270        0.0000000000000000     
  0.76875000000000004        1.0008949362523032        0.0000000000000000     
  0.77083333333333348       0.99923564937805620        0.0000000000000000     
  0.77291666666666681        1.0008633808759280        0.0000000000000000     
  0.77500000000000013       0.99926660465218364        0.0000000000000000     
  0.77708333333333346        1.0008330142916435        0.0000000000000000     
  0.77916666666666679       0.99929639374199897        0.0000000000000000     
  0.78125000000000011        1.0008037917138373        0.0000000000000000     
  0.78333333333333344       0.99932506058139992        0.0000000000000000     
  0.78541666666666676        1.0007756700441237        0.0000000000000000     
  0.78750000000000009       0.99935264744915364        0.0000000000000000     
  0.78958333333333341        1.0007486078077703        0.0000000000000000     
  0.79166666666666674       0.99937919503125094        0.0000000000000000     
  0.79375000000000007        1.0007225650925271        0.0000000000000000     
  0.79583333333333339       0.99940474248091060        0.0000000000000000     
  0.79791666666666672        1.0006975034897723        0.0000000000000000     
  0.80000000000000004       0.99942932747632474        0.0000000000000000     
  0.80208333333333337       0.99035576849955020        0.0000000000000000     
  0.80416666666666670       0.97862153660302109        0.0000000000000000     
  0.80625000000000002       0.96949737845819994        0.0000000000000000     
  0.80833333333333335       0.95781278346344711        0.0000000000000000     
  0.81041666666666667       0.94863993238328725        0.0000000000000000     
  0.81250000000000000       0.93700310430925482        0.0000000000000000     
  0.81458333333333333       0.92778339471257143        0.0000000000000000     
  0.81666666666666665       0.91619253402638079        0.0000000000000000     
  0.81874999999999998       0.90692773122356030        0.0000000000000000     
  0.82083333333333330       0.89538110618649625        0.0000000000000000     
  0.82291666666666663       0.88607290898302249        0.0000000000000000     
  0.82499999999999996       0.87456885309651988        0.0000000000000000     
  0.82708333333333328       0.86521889629844040        0.0000000000000000     
  0.82916666666666661       0.85375580584626587        0.0000000000000000     
  0.83125000000000004       0.84436566267124591        0.0000000000000000     
  0.83333333333333337       0.83294199435429472        0.0000000000000000     
  0.83541666666666670       0.82351317875185226        0.0000000000000000     
  0.83750000000000013       0.81212744741203968        0.0000000000000000     
  0.83958333333333346       0.80266141629636789        0.0000000000000000     
  0.84166666666666679       0.79131219272626907        0.0000000000000000     
  0.84375000000000011       0.78181034812493555        0.0000000000000000     
  0.84583333333333344       0.77049625695994661        0.0000000000000000     
  0.84791666666666676       0.76095994808165013        0.0000000000000000     
  0.85000000000000009       0.74967966577155842        0.0000000000000000     
  0.85208333333333341       0.74011019099598485        0.0000000000000000     
  0.85416666666666674       0.72886244385295273        0.0000000000000000     
  0.85625000000000007       0.71926105264566709        0.0000000000000000     
  0.85833333333333339       0.70804461496575666        0.0000000000000000     
  0.86041666666666672       0.69841250972095725        0.0000000000000000     
  0.86250000000000004       0.68722620197642070        0.0000000000000000     
  0.86458333333333337       0.67756453979026388        0.0000000000000000     
  0.86666666666666670       0.66640722688994347        0.0000000000000000     
  0.86875000000000002       0.65671712126706439        0.0000000000000000     
  0.87083333333333335       0.64558771088232392        0.0000000000000000     
  0.87291666666666667       0.63587023337807869        0.0000000000000000     
  0.87500000000000000       0.62476767433179436        0.0000000000000000     
  0.87708333333333333       0.61502385613261523        0.0000000000000000     
  0.87916666666666665       0.60394713684887269        0.0000000000000000     
  0.88124999999999998       0.59417797029309349        0.0000000000000000     
  0.88333333333333330       0.58312611730528696        0.0000000000000000     
  0.88541666666666663       0.57333255734667832        0.0000000000000000     
  0.88749999999999996       0.56230463386180574        0.0000000000000000     
  0.88958333333333328       0.55248759947797488        0.0000000000000000     
  0.89166666666666661       0.54148270399502407        0.0000000000000000     
  0.89374999999999993       0.53164307954275092        0.0000000000000000     
  0.89583333333333326       0.52066034452313725        0.0000000000000000     
  0.89791666666666670       0.51079898104264154        0.0000000000000000     
  0.90000000000000002       0.49983757163074488        0.0000000000000000     
  0.90208333333333335       0.48995528810083766        0.0000000000000000     
  0.90416666666666679       0.47901440089272196        0.0000000000000000     
  0.90625000000000011       0.46911198543866423        0.0000000000000000     
  0.90833333333333344       0.45819084729718795        0.0000000000000000     
  0.91041666666666676       0.44826905835303654        0.0000000000000000     
  0.91250000000000009       0.43736692526761084        0.0000000000000000     
  0.91458333333333341       0.42742649269478233        0.0000000000000000     
  0.91666666666666674       0.41654264868408114        0.0000000000000000     
  0.91875000000000007       0.40658427484777721        0.0000000000000000     
  0.92083333333333339       0.39571803090378171        0.0000000000000000     
  0.92291666666666672       0.38574239170885138        0.0000000000000000     
  0.92500000000000004       0.37489308478068745        0.0000000000000000     
  0.92708333333333337       0.36490083066848600        0.0000000000000000     
  0.92916666666666670       0.35406782268452308        0.0000000000000000     
  0.93125000000000002       0.34405957959219197        0.0000000000000000     
  0.93333333333333335       0.33324225651900602        0.0000000000000000     
  0.93541666666666667       0.32321862680263341        0.0000000000000000     
  0.93750000000000000       0.31241639773940255        0.0000000000000000     
  0.93958333333333333       0.30237796106239234        0.0000000000000000     
  0.94166666666666665       0.29159025736942257        0.0000000000000000     
  0.94374999999999998       0.28153757155740194        0.0000000000000000     
  0.94583333333333330       0.27076384601747716        0.0000000000000000     
  0.94791666666666663       0.26069744788099564        0.0000000000000000     
  0.94999999999999996       0.24993717389232484        0.0000000000000000     
  0.95208333333333328       0.23985758001855953        0.0000000000000000     
  0.95416666666666661       0.22911025081812755        0.0000000000000000     
  0.95624999999999993       0.21901795833276161        0.0000000000000000     
  0.95833333333333326       0.20828308624893946        0.0000000000000000     
  0.96041666666666659       0.19817857354933960        0.0000000000000000     
  0.96249999999999991       0.18745568928265025        0.0000000000000000     
  0.96458333333333335       0.17733941674342216        0.0000000000000000     
  0.96666666666666667       0.16662806867440244        0.0000000000000000     
  0.96875000000000000       0.15650047932636832        0.0000000000000000     
  0.97083333333333344       0.14580023284950536        0.0000000000000000     
  0.97291666666666676       0.13566175303309422        0.0000000000000000     
  0.97500000000000009       0.12497218991586002        0.0000000000000000     
  0.97708333333333341       0.11482322990989273        0.0000000000000000     
  0.97916666666666674       0.10414394767591562        0.0000000000000000     
  0.98125000000000007        9.3984902302696433E-002   0.0000000000000000     
  0.98333333333333339        8.3315513638178837E-002   0.0000000000000000     
  0.98541666666666672        7.3146762845790220E-002   0.0000000000000000     
  0.98750000000000004        6.2486895028286672E-002   0.0000000000000000     
  0.98958333333333337        5.2308804450951506E-002   0.0000000000000000     
  0.99166666666666670        4.1658098799663347E-002   0.0000000000000000     
  0.99375000000000002        3.1471020296991538E-002   0.0000000000000000     
  0.99583333333333335        2.0829131643775291E-002   0.0000000000000000     
  0.99791666666666667        1.0633403819698569E-002   0.0000000000000000     
   1.0000000000000000        0.0000000000000000        0.0000000000000000     
