X My_beautiful_solution_real My_beautiful_solution_imag
   0.0000000000000000        0.0000000000000000        0.0000000000000000     
   2.6041666666666666E-004   1.8572622585438758        0.0000000000000000     
   5.2083333333333333E-004  0.26492894029749209        0.0000000000000000     
   7.8125000000000004E-004   1.6301240734745552        0.0000000000000000     
   1.0416666666666667E-003  0.45966702764518635        0.0000000000000000     
   1.3020833333333335E-003   1.4631643760011244        0.0000000000000000     
   1.5625000000000001E-003  0.60281078015955436        0.0000000000000000     
   1.8229166666666667E-003   1.3404393459850903        0.0000000000000000     
   2.0833333333333333E-003  0.70802971376914048        0.0000000000000000     
   2.3437500000000003E-003   1.2502293538710760        0.0000000000000000     
   2.6041666666666670E-003  0.78537171295158703        0.0000000000000000     
   2.8645833333333336E-003   1.1839197943937041        0.0000000000000000     
   3.1250000000000002E-003  0.84222255369221599        0.0000000000000000     
   3.3854166666666668E-003   1.1351784346502529        0.0000000000000000     
   3.6458333333333334E-003  0.88401120833110414        0.0000000000000000     
   3.9062500000000000E-003   1.0993507173744161        0.0000000000000000     
   4.1666666666666666E-003  0.91472828540117512        0.0000000000000000     
   4.4270833333333332E-003   1.0730152738834338        0.0000000000000000     
   4.6875000000000007E-003  0.93730711288155666        0.0000000000000000     
   4.9479166666666673E-003   1.0536572003972817        0.0000000000000000     
   5.2083333333333339E-003  0.95390385642020414        0.0000000000000000     
   5.4687500000000005E-003   1.0394278972445339        0.0000000000000000     
   5.7291666666666671E-003  0.96610342242189196        0.0000000000000000     
   5.9895833333333337E-003   1.0289685367943502        0.0000000000000000     
   6.2500000000000003E-003  0.97507080872167751        0.0000000000000000     
   6.7708333333333336E-003   1.0229891278248091        0.0000000000000000     
   7.0312500000000002E-003  0.98019728565395881        0.0000000000000000     
   7.2916666666666668E-003   1.0168850909029643        0.0000000000000000     
   7.8125000000000000E-003  0.98426742737649853        0.0000000000000000     
   8.3333333333333332E-003   1.0144726905188806        0.0000000000000000     
   8.8541666666666664E-003  0.98650140677685805        0.0000000000000000     
   9.3750000000000014E-003   1.0124039360972827        0.0000000000000000     
   9.8958333333333346E-003  0.98841715624893911        0.0000000000000000     
   1.0416666666666668E-002   1.0106298753380831        0.0000000000000000     
   1.0937500000000001E-002  0.99006000758372936        0.0000000000000000     
   1.1458333333333334E-002   1.0091085291867605        0.0000000000000000     
   1.1979166666666667E-002  0.99146883506746664        0.0000000000000000     
   1.2500000000000001E-002   1.0078038984968891        0.0000000000000000     
   1.3020833333333334E-002  0.99267697535192345        0.0000000000000000     
   1.3541666666666667E-002   1.0066851121934088        0.0000000000000000     
   1.4062500000000000E-002  0.99371301628935205        0.0000000000000000     
   1.4583333333333334E-002   1.0057256967798589        0.0000000000000000     
   1.5104166666666667E-002  0.99460147339804927        0.0000000000000000     
   1.5625000000000000E-002   1.0049029499041624        0.0000000000000000     
   1.6145833333333331E-002  0.99536336996552699        0.0000000000000000     
   1.6666666666666666E-002   1.0041974031598575        0.0000000000000000     
   1.7187500000000001E-002  0.99601673451610850        0.0000000000000000     
   1.7708333333333333E-002   1.0035923614111675        0.0000000000000000     
   1.8229166666666668E-002  0.99657702741435650        0.0000000000000000     
   1.8750000000000003E-002   1.0030735077411410        0.0000000000000000     
   1.9270833333333334E-002  0.99705750669892601        0.0000000000000000     
   1.9791666666666669E-002   1.0026285646748447        0.0000000000000000     
   2.0312500000000004E-002  0.99746954180346248        0.0000000000000000     
   2.0833333333333336E-002   1.0022470036612450        0.0000000000000000     
   2.1354166666666667E-002  0.99782288258801388        0.0000000000000000     
   2.1875000000000002E-002   1.0019197959393416        0.0000000000000000     
   2.2395833333333337E-002  0.99812589004697150        0.0000000000000000     
   2.2916666666666669E-002   1.0016391988933728        0.0000000000000000     
   2.3437500000000000E-002  0.99838573415271525        0.0000000000000000     
   2.3958333333333335E-002   1.0013985728416754        0.0000000000000000     
   2.4479166666666670E-002  0.99860856351645944        0.0000000000000000     
   2.5000000000000001E-002   1.0011922239239401        0.0000000000000000     
   2.5520833333333333E-002  0.99879965088095679        0.0000000000000000     
   2.6041666666666668E-002   1.0010152693691432        0.0000000000000000     
   2.6562500000000003E-002  0.99896351788778714        0.0000000000000000     
   2.7083333333333334E-002   1.0008635219560382        0.0000000000000000     
   2.7604166666666666E-002  0.99910404207157100        0.0000000000000000     
   2.8125000000000001E-002   1.0007333909322249        0.0000000000000000     
   2.8645833333333336E-002  0.99922454861288357        0.0000000000000000     
   2.9166666666666667E-002   1.0006217970472817        0.0000000000000000     
   3.0208333333333334E-002  0.99930351398751205        0.0000000000000000     
   3.1250000000000000E-002   1.0005721286117488        0.0000000000000000     
   3.3333333333333333E-002  0.99933970267726835        0.0000000000000000     
   3.5416666666666666E-002   1.0005486910345480        0.0000000000000000     
   3.6458333333333336E-002  0.99937386561358033        0.0000000000000000     
   3.7500000000000006E-002   1.0005044275963955        0.0000000000000000     
   3.9583333333333338E-002  0.99940611619312214        0.0000000000000000     
   4.1666666666666671E-002   1.0004835405332586        0.0000000000000000     
   4.3750000000000004E-002  0.99942660603794709        0.0000000000000000     
   4.5833333333333337E-002   1.0004634403526824        0.0000000000000000     
   4.7916666666666670E-002  0.99944632396468880        0.0000000000000000     
   5.0000000000000003E-002   1.0004440974102797        0.0000000000000000     
   5.2083333333333336E-002  0.99946529905398485        0.0000000000000000     
   5.4166666666666669E-002   1.0004254831784642        0.0000000000000000     
   5.6250000000000001E-002  0.99948355929090316        0.0000000000000000     
   5.8333333333333334E-002   1.0004075702043744        0.0000000000000000     
   6.0416666666666667E-002  0.99950113160621468        0.0000000000000000     
   6.2500000000000000E-002   1.0003903320693857        0.0000000000000000     
   6.4583333333333326E-002  0.99951804191613214        0.0000000000000000     
   6.6666666666666666E-002   1.0003737433501476        0.0000000000000000     
   6.8750000000000006E-002  0.99953431516051494        0.0000000000000000     
   7.0833333333333331E-002   1.0003577795810916        0.0000000000000000     
   7.5000000000000011E-002  0.99954611640220559        0.0000000000000000     
   7.7083333333333337E-002   1.0003462027687187        0.0000000000000000     
   7.9166666666666677E-002  0.99956133199079222        0.0000000000000000     
   8.3333333333333343E-002   1.0003349546206264        0.0000000000000000     
   8.5416666666666669E-002  0.99957236622798984        0.0000000000000000     
   8.7500000000000008E-002   1.0003204521472320        0.0000000000000000     
   8.9583333333333348E-002  0.99958659290157270        0.0000000000000000     
   9.1666666666666674E-002   1.0003064960284562        0.0000000000000000     
   9.3750000000000000E-002  0.99960028361080033        0.0000000000000000     
   9.5833333333333340E-002   1.0002930656813691        0.0000000000000000     
   9.7916666666666680E-002  0.99961345854716577        0.0000000000000000     
  0.10000000000000001        1.0002801412984683        0.0000000000000000     
  0.10416666666666667       0.99962301291779909        0.0000000000000000     
  0.10833333333333334        1.0002738630018380        0.0000000000000000     
  0.11250000000000000       0.99962923123070002        0.0000000000000000     
  0.11666666666666667        1.0002677040995660        0.0000000000000000     
  0.12083333333333333       0.99963533128995730        0.0000000000000000     
  0.12500000000000000        1.0002616623211300        0.0000000000000000     
  0.12916666666666665       0.99964131534439615        0.0000000000000000     
  0.13333333333333333        1.0002557354391866        0.0000000000000000     
  0.13750000000000001       0.99964718560006660        0.0000000000000000     
  0.14166666666666666        1.0002499212687490        0.0000000000000000     
  0.14583333333333331       0.99965294422110862        0.0000000000000000     
  0.14999999999999999        1.0002442176663828        0.0000000000000000     
  0.15416666666666667       0.99965859333046159        0.0000000000000000     
  0.15833333333333333        1.0002386225294158        0.0000000000000000     
  0.16249999999999998       0.99966413501070717        0.0000000000000000     
  0.16666666666666666        1.0002331337951604        0.0000000000000000     
  0.17083333333333334       0.99966957130482914        0.0000000000000000     
  0.17499999999999999        1.0002277494401572        0.0000000000000000     
  0.17916666666666667       0.99967490421694893        0.0000000000000000     
  0.18333333333333335        1.0002224674794256        0.0000000000000000     
  0.18750000000000000       0.99968013571308389        0.0000000000000000     
  0.19166666666666668        1.0002172859657341        0.0000000000000000     
  0.19583333333333336       0.99968526772186561        0.0000000000000000     
  0.20000000000000001        1.0002122029888818        0.0000000000000000     
  0.20833333333333334       0.99968905257212948        0.0000000000000000     
  0.21041666666666670        1.0002059848777463        0.0000000000000000     
  0.21250000000000002       0.99969888329743439        0.0000000000000000     
  0.21458333333333335        1.0001963411076003        0.0000000000000000     
  0.21666666666666667       0.99970834366783379        0.0000000000000000     
  0.22500000000000001        1.0001904991590123        0.0000000000000000     
  0.23333333333333334       0.99971065247305901        0.0000000000000000     
  0.23749999999999999        1.0001870607671639        0.0000000000000000     
  0.24166666666666667       0.99971520414465864        0.0000000000000000     
  0.24583333333333335        1.0001825525828782        0.0000000000000000     
  0.25000000000000000       0.99971966925712608        0.0000000000000000     
  0.25416666666666665        1.0001781301307207        0.0000000000000000     
  0.25833333333333336       0.99972404945655480        0.0000000000000000     
  0.26250000000000007        1.0001737917803188        0.0000000000000000     
  0.26666666666666672       0.99972834635773755        0.0000000000000000     
  0.27083333333333337        1.0001695359323248        0.0000000000000000     
  0.27500000000000002       0.99973256154475565        0.0000000000000000     
  0.27916666666666667        1.0001653610178032        0.0000000000000000     
  0.28333333333333338       0.99973669657156827        0.0000000000000000     
  0.28750000000000009        1.0001612654976060        0.0000000000000000     
  0.29166666666666674       0.99974075296258147        0.0000000000000000     
  0.29583333333333339        1.0001572478619256        0.0000000000000000     
  0.30000000000000004       0.99974473221321203        0.0000000000000000     
  0.30416666666666670        1.0001533066296115        0.0000000000000000     
  0.30833333333333335       0.99974863579043882        0.0000000000000000     
  0.31250000000000000        1.0001494403477018        0.0000000000000000     
  0.31666666666666671       0.99975246513334248        0.0000000000000000     
  0.32083333333333341        1.0001456475908819        0.0000000000000000     
  0.32500000000000007       0.99975622165363776        0.0000000000000000     
  0.32916666666666672        1.0001419269609124        0.0000000000000000     
  0.33333333333333337       0.99975990673619120        0.0000000000000000     
  0.33750000000000002        1.0001382770861440        0.0000000000000000     
  0.34166666666666667       0.99976352173953487        0.0000000000000000     
  0.34583333333333333        1.0001346966210438        0.0000000000000000     
  0.34999999999999998       0.99976706799636461        0.0000000000000000     
  0.35416666666666663        1.0001311842456557        0.0000000000000000     
  0.35833333333333328       0.99977054681403332        0.0000000000000000     
  0.36249999999999993        1.0001277386650995        0.0000000000000000     
  0.36666666666666664       0.99977395947503078        0.0000000000000000     
  0.37083333333333335        1.0001243586091448        0.0000000000000000     
  0.37500000000000000       0.99977730723745883        0.0000000000000000     
  0.37916666666666665        1.0001210428317016        0.0000000000000000     
  0.38333333333333330       0.99978059133549324        0.0000000000000000     
  0.38749999999999996        1.0001177901104126        0.0000000000000000     
  0.39166666666666666       0.99978381297983909        0.0000000000000000     
  0.39583333333333337        1.0001145992461111        0.0000000000000000     
  0.40000000000000002       0.99978697335817956        0.0000000000000000     
  0.40416666666666667        1.0001114690624424        0.0000000000000000     
  0.40833333333333333       0.99979007363560890        0.0000000000000000     
  0.41249999999999998        1.0001083984054986        0.0000000000000000     
  0.41666666666666669       0.99979311495506640        0.0000000000000000     
  0.42083333333333339        1.0001053861432336        0.0000000000000000     
  0.42500000000000004       0.99979609843775585        0.0000000000000000     
  0.42916666666666670        1.0001024311651610        0.0000000000000000     
  0.43333333333333335       0.99979902518355901        0.0000000000000000     
  0.43750000000000000        1.0000995323819040        0.0000000000000000     
  0.44166666666666665       0.99980189627144112        0.0000000000000000     
  0.44583333333333330        1.0000966887247982        0.0000000000000000     
  0.45000000000000001       0.99980471275984906        0.0000000000000000     
  0.45416666666666672        1.0000938991455028        0.0000000000000000     
  0.45833333333333337       0.99980747568710060        0.0000000000000000     
  0.46250000000000002        1.0000911626156495        0.0000000000000000     
  0.46666666666666667       0.99981018607176819        0.0000000000000000     
  0.47083333333333333        1.0000884781263779        0.0000000000000000     
  0.47499999999999998       0.99981284491305411        0.0000000000000000     
  0.47916666666666663        1.0000858446880374        0.0000000000000000     
  0.48333333333333334       0.99981545319115883        0.0000000000000000     
  0.48750000000000004        1.0000832613297781        0.0000000000000000     
  0.49166666666666670       0.99981801186764263        0.0000000000000000     
  0.49583333333333335        1.0000807270992507        0.0000000000000000     
  0.50000000000000000       0.99982052188577886        0.0000000000000000     
  0.50416666666666665        1.0000782410621707        0.0000000000000000     
  0.50833333333333330       0.99982298417090365        0.0000000000000000     
  0.51249999999999996        1.0000758023020668        0.0000000000000000     
  0.51666666666666661       0.99982539963075534        0.0000000000000000     
  0.52083333333333326        1.0000734099198654        0.0000000000000000     
  0.52499999999999991       0.99982776915581040        0.0000000000000000     
  0.52916666666666656        1.0000710630335765        0.0000000000000000     
  0.53333333333333333       0.99983009361961095        0.0000000000000000     
  0.53750000000000009        1.0000687607780345        0.0000000000000000     
  0.54166666666666674       0.99983237387908619        0.0000000000000000     
  0.54583333333333339        1.0000665023044826        0.0000000000000000     
  0.55000000000000004       0.99983461077487013        0.0000000000000000     
  0.55416666666666670        1.0000642867803051        0.0000000000000000     
  0.55833333333333335       0.99983680513161000        0.0000000000000000     
  0.56250000000000000        1.0000621133887571        0.0000000000000000     
  0.56666666666666665       0.99983895775827047        0.0000000000000000     
  0.57083333333333330        1.0000599813285846        0.0000000000000000     
  0.57499999999999996       0.99984106944843265        0.0000000000000000     
  0.57916666666666661        1.0000578898138117        0.0000000000000000     
  0.58333333333333326       0.99984314098058591        0.0000000000000000     
  0.58749999999999991        1.0000558380733748        0.0000000000000000     
  0.59166666666666656       0.99984517311841503        0.0000000000000000     
  0.59583333333333321        1.0000538253508719        0.0000000000000000     
  0.59999999999999998       0.99984716661108197        0.0000000000000000     
  0.60416666666666674        1.0000518509043013        0.0000000000000000     
  0.60833333333333339       0.99984912219350119        0.0000000000000000     
  0.61250000000000004        1.0000499140057915        0.0000000000000000     
  0.61666666666666670       0.99985104058661212        0.0000000000000000     
  0.62083333333333335        1.0000480139412757        0.0000000000000000     
  0.62500000000000000       0.99985292249764390        0.0000000000000000     
  0.62916666666666665        1.0000461500102846        0.0000000000000000     
  0.63333333333333330       0.99985476862037603        0.0000000000000000     
  0.63749999999999996        1.0000443215256720        0.0000000000000000     
  0.64166666666666661       0.99985657963539476        0.0000000000000000     
  0.64583333333333326        1.0000425278133462        0.0000000000000000     
  0.65000000000000002       0.99985835621034347        0.0000000000000000     
  0.65416666666666679        1.0000407682120460        0.0000000000000000     
  0.65833333333333344       0.99986009900016837        0.0000000000000000     
  0.66250000000000009        1.0000390420730823        0.0000000000000000     
  0.66666666666666674       0.99986180864736174        0.0000000000000000     
  0.67083333333333339        1.0000373487600813        0.0000000000000000     
  0.67500000000000004       0.99986348578219664        0.0000000000000000     
  0.67916666666666670        1.0000356876488334        0.0000000000000000     
  0.68333333333333335       0.99986513102296048        0.0000000000000000     
  0.68750000000000000        1.0000340581269314        0.0000000000000000     
  0.69166666666666665       0.99986674497618333        0.0000000000000000     
  0.69583333333333330        1.0000324595936381        0.0000000000000000     
  0.69999999999999996       0.99986832823685956        0.0000000000000000     
  0.70416666666666661        1.0000308914596669        0.0000000000000000     
  0.70833333333333326       0.99986988138866983        0.0000000000000000     
  0.71249999999999991        1.0000293531468827        0.0000000000000000     
  0.71666666666666667       0.99987140500419425        0.0000000000000000     
  0.72083333333333344        1.0000278440881987        0.0000000000000000     
  0.72500000000000009       0.99987289964512405        0.0000000000000000     
  0.72916666666666674        1.0000263637272662        0.0000000000000000     
  0.73333333333333339       0.99987436586246925        0.0000000000000000     
  0.73750000000000004        1.0000249115183781        0.0000000000000000     
  0.74166666666666670       0.99987580419676136        0.0000000000000000     
  0.74583333333333335        1.0000234869261380        0.0000000000000000     
  0.75000000000000000       0.99987721517825223        0.0000000000000000     
  0.75416666666666665        1.0000220894253562        0.0000000000000000     
  0.75833333333333330       0.99987859932710976        0.0000000000000000     
  0.76666666666666672        1.0000210587702265        0.0000000000000000     
  0.77500000000000013       0.99987928149522665        0.0000000000000000     
  0.77916666666666679        1.0000200428502677        0.0000000000000000     
  0.78333333333333344       0.99988062634893726        0.0000000000000000     
  0.79166666666666674        1.0000190414548142        0.0000000000000000     
  0.80000000000000004       0.99988128915072116        0.0000000000000000     
  0.80052083333333335       0.99750576433551563        0.0000000000000000     
  0.80104166666666665       0.99468986615463006        0.0000000000000000     
  0.80156249999999996       0.99228177135244067        0.0000000000000000     
  0.80208333333333337       0.98949603428430888        0.0000000000000000     
  0.80260416666666679       0.98706000908340441        0.0000000000000000     
  0.80312500000000009       0.98430013668341987        0.0000000000000000     
  0.80364583333333339       0.98184015976363181        0.0000000000000000     
  0.80416666666666670       0.97910246761487940        0.0000000000000000     
  0.80468750000000000       0.97662195089387338        0.0000000000000000     
  0.80520833333333330       0.97390327942390598        0.0000000000000000     
  0.80572916666666661       0.97140514879234574        0.0000000000000000     
  0.80625000000000002       0.96870278850919356        0.0000000000000000     
  0.80677083333333344       0.96618955306518850        0.0000000000000000     
  0.80729166666666674       0.96350118044348387        0.0000000000000000     
  0.80781250000000004       0.96097499186461088        0.0000000000000000     
  0.80833333333333335       0.95829861436471808        0.0000000000000000     
  0.80885416666666665       0.95576131782250240        0.0000000000000000     
  0.80937499999999996       0.95309522674166858        0.0000000000000000     
  0.80989583333333326       0.95054840456331380        0.0000000000000000     
  0.81041666666666667       0.94789113460315666        0.0000000000000000     
  0.81093750000000009       0.94533614371366581        0.0000000000000000     
  0.81145833333333339       0.94268643830727272        0.0000000000000000     
  0.81197916666666670       0.94012444233794912        0.0000000000000000     
  0.81250000000000000       0.93748122391611544        0.0000000000000000     
  0.81302083333333330       0.93491322073921046        0.0000000000000000     
  0.81354166666666661       0.93227556523225663        0.0000000000000000     
  0.81406249999999991       0.92970241057331349        0.0000000000000000     
  0.81458333333333333       0.92706952554510336        0.0000000000000000     
  0.81510416666666674       0.92449195323172917        0.0000000000000000     
  0.81562500000000004       0.92186315912850025        0.0000000000000000     
  0.81614583333333335       0.91928179845470581        0.0000000000000000     
  0.81666666666666665       0.91665651252499414        0.0000000000000000     
  0.81718749999999996       0.91407190314198072        0.0000000000000000     
  0.81770833333333326       0.91144962564715437        0.0000000000000000     
  0.81822916666666656       0.90886223033291302        0.0000000000000000     
  0.81874999999999998       0.90624253272201238        0.0000000000000000     
  0.81927083333333339       0.90365274833190057        0.0000000000000000     
  0.81979166666666670       0.90103526310096593        0.0000000000000000     
  0.82031250000000000       0.89844342995837523        0.0000000000000000     
  0.82083333333333330       0.89582784195431386        0.0000000000000000     
  0.82135416666666661       0.89323425190363215        0.0000000000000000     
  0.82187499999999991       0.89062029086684691        0.0000000000000000     
  0.82239583333333321       0.88802519417928882        0.0000000000000000     
  0.82291666666666663       0.88541262834860956        0.0000000000000000     
  0.82343750000000004       0.88281623964430189        0.0000000000000000     
  0.82395833333333335       0.88020487027289229        0.0000000000000000     
  0.82447916666666665       0.87760737359936991        0.0000000000000000     
  0.82499999999999996       0.87499703025184117        0.0000000000000000     
  0.82552083333333326       0.87239858343910148        0.0000000000000000     
  0.82604166666666656       0.86978911995855246        0.0000000000000000     
  0.82656249999999987       0.86718985835374018        0.0000000000000000     
  0.82708333333333328       0.86458114940329078        0.0000000000000000     
  0.82760416666666670       0.86198118907337773        0.0000000000000000     
  0.82812500000000000       0.85937312717036418        0.0000000000000000     
  0.82864583333333330       0.85677256764860465        0.0000000000000000     
  0.82916666666666661       0.85416506062124575        0.0000000000000000     
  0.82968749999999991       0.85156398726240079        0.0000000000000000     
  0.83020833333333333       0.84895695606876798        0.0000000000000000     
  0.83072916666666674       0.84635544206882884        0.0000000000000000     
  0.83125000000000004       0.84374881892650189        0.0000000000000000     
  0.83177083333333335       0.84114692705470739        0.0000000000000000     
  0.83229166666666665       0.83854065383685705        0.0000000000000000     
  0.83281249999999996       0.83593843792097888        0.0000000000000000     
  0.83333333333333337       0.83333246478093137        0.0000000000000000     
  0.83385416666666679       0.83072997098098589        0.0000000000000000     
  0.83437500000000009       0.82812425517271759        0.0000000000000000     
  0.83489583333333339       0.82552152307323512        0.0000000000000000     
  0.83541666666666670       0.82291602793988505        0.0000000000000000     
  0.83593750000000000       0.82031309148658837        0.0000000000000000     
  0.83645833333333341       0.81770778559305657        0.0000000000000000     
  0.83697916666666683       0.81510467389610508        0.0000000000000000     
  0.83750000000000013       0.81249953028521826        0.0000000000000000     
  0.83802083333333344       0.80989626830803718        0.0000000000000000     
  0.83854166666666674       0.80729126386266392        0.0000000000000000     
  0.83906250000000004       0.80468787301264266        0.0000000000000000     
  0.83958333333333346       0.80208298790868182        0.0000000000000000     
  0.84010416666666687       0.79947948654373058        0.0000000000000000     
  0.84062500000000018       0.79687470378102243        0.0000000000000000     
  0.84114583333333348       0.79427110764397224        0.0000000000000000     
  0.84166666666666679       0.79166641264402449        0.0000000000000000     
  0.84218750000000009       0.78906273523514225        0.0000000000000000     
  0.84270833333333339       0.78645811549616762        0.0000000000000000     
  0.84322916666666670       0.78385436839260925        0.0000000000000000     
  0.84375000000000011       0.78124981319369557        0.0000000000000000     
  0.84427083333333353       0.77864600632345360        0.0000000000000000     
  0.84479166666666683       0.77604150647088332        0.0000000000000000     
  0.84531250000000013       0.77343764834771156        0.0000000000000000     
  0.84583333333333344       0.77083319595740818        0.0000000000000000     
  0.84635416666666674       0.76822929388227579        0.0000000000000000     
  0.84687500000000004       0.76562488219324898        0.0000000000000000     
  0.84739583333333335       0.76302094242710405        0.0000000000000000     
  0.84791666666666676       0.76041656564146409        0.0000000000000000     
  0.84843750000000018       0.75781259355338348        0.0000000000000000     
  0.84895833333333348       0.75520824669915054        0.0000000000000000     
  0.84947916666666679       0.75260424689338890        0.0000000000000000     
  0.85000000000000009       0.74999992570683993        0.0000000000000000     
  0.85052083333333339       0.74739590213177498        0.0000000000000000     
  0.85104166666666670       0.74479160295655267        0.0000000000000000     
  0.85156250000000000       0.74218755899811750        0.0000000000000000     
  0.85208333333333341       0.73958327869871210        0.0000000000000000     
  0.85260416666666683       0.73697921726051319        0.0000000000000000     
  0.85312500000000013       0.73437495314806966        0.0000000000000000     
  0.85364583333333344       0.73177087672009633        0.0000000000000000     
  0.85416666666666674       0.72916662648878494        0.0000000000000000     
  0.85468750000000004       0.72656253720632691        0.0000000000000000     
  0.85520833333333335       0.72395829887878338        0.0000000000000000     
  0.85572916666666665       0.72135419857295979        0.0000000000000000     
  0.85625000000000007       0.71874997045349387        0.0000000000000000     
  0.85677083333333348       0.71614586069458053        0.0000000000000000     
  0.85729166666666679       0.71354164132905384        0.0000000000000000     
  0.85781250000000009       0.71093752346364314        0.0000000000000000     
  0.85833333333333339       0.70833331160505830        0.0000000000000000     
  0.85885416666666670       0.70572918678791896        0.0000000000000000     
  0.85937500000000000       0.70312498136691415        0.0000000000000000     
  0.85989583333333330       0.70052085058831737        0.0000000000000000     
  0.86041666666666672       0.69791665068785980        0.0000000000000000     
  0.86093750000000013       0.69531251479701417        0.0000000000000000     
  0.86145833333333344       0.69270831963070356        0.0000000000000000     
  0.86197916666666674       0.69010417935584922        0.0000000000000000     
  0.86250000000000004       0.68749998824930758        0.0000000000000000     
  0.86302083333333335       0.68489584421494443        0.0000000000000000     
  0.86354166666666665       0.68229165658985858        0.0000000000000000     
  0.86406249999999996       0.67968750933152811        0.0000000000000000     
  0.86458333333333337       0.67708332469196408        0.0000000000000000     
  0.86510416666666679       0.67447917466891982        0.0000000000000000     
  0.86562500000000009       0.67187499258959127        0.0000000000000000     
  0.86614583333333339       0.66927084019566740        0.0000000000000000     
  0.86666666666666670       0.66666666031186939        0.0000000000000000     
  0.86718750000000000       0.66406250588479587        0.0000000000000000     
  0.86770833333333330       0.66145832788377579        0.0000000000000000     
  0.86822916666666661       0.65885417171317473        0.0000000000000000     
  0.86875000000000002       0.65624999532673067        0.0000000000000000     
  0.86927083333333344       0.65364583766096640        0.0000000000000000     
  0.86979166666666674       0.65104166265910346        0.0000000000000000     
  0.87031250000000004       0.64843750371116271        0.0000000000000000     
  0.87083333333333335       0.64583332989664699        0.0000000000000000     
  0.87135416666666665       0.64322916984917533        0.0000000000000000     
  0.87187499999999996       0.64062499705286902        0.0000000000000000     
  0.87239583333333326       0.63802083606249460        0.0000000000000000     
  0.87291666666666667       0.63541666413935360        0.0000000000000000     
  0.87343750000000009       0.63281250234039144        0.0000000000000000     
  0.87395833333333339       0.63020833116603525        0.0000000000000000     
  0.87447916666666670       0.62760416867367008        0.0000000000000000     
  0.87500000000000000       0.62499999814143359        0.0000000000000000     
  0.87552083333333330       0.62239583505443929        0.0000000000000000     
  0.87604166666666661       0.61979166507285288        0.0000000000000000     
  0.87656249999999991       0.61718750147593504        0.0000000000000000     
  0.87708333333333333       0.61458333196655801        0.0000000000000000     
  0.87760416666666674       0.61197916793235396        0.0000000000000000     
  0.87812500000000004       0.60937499882792134        0.0000000000000000     
  0.87864583333333335       0.60677083441872370        0.0000000000000000     
  0.87916666666666665       0.60416666566155064        0.0000000000000000     
  0.87968749999999996       0.60156250093077690        0.0000000000000000     
  0.88020833333333326       0.59895833247139607        0.0000000000000000     
  0.88072916666666656       0.59635416746485481        0.0000000000000000     
  0.88124999999999998       0.59374999926084560        0.0000000000000000     
  0.88177083333333339       0.59114583401781884        0.0000000000000000     
  0.88229166666666670       0.58854166603280456        0.0000000000000000     
  0.88281250000000000       0.58593750058698069        0.0000000000000000     
  0.88333333333333330       0.58333333278976485        0.0000000000000000     
  0.88385416666666661       0.58072916717003253        0.0000000000000000     
  0.88437499999999991       0.57812499953386287        0.0000000000000000     
  0.88489583333333321       0.57552083376499530        0.0000000000000000     
  0.88541666666666663       0.57291666626693039        0.0000000000000000     
  0.88593750000000004       0.57031250037017100        0.0000000000000000     
  0.88645833333333335       0.56770833299053891        0.0000000000000000     
  0.88697916666666665       0.56510416698410726        0.0000000000000000     
  0.88749999999999996       0.56249999970603670        0.0000000000000000     
  0.88802083333333326       0.55989583360555484        0.0000000000000000     
  0.88854166666666656       0.55729166641457817        0.0000000000000000     
  0.88906249999999987       0.55468750023344415        0.0000000000000000     
  0.88958333333333328       0.55208333311715474        0.0000000000000000     
  0.89010416666666670       0.54947916686685594        0.0000000000000000     
  0.89062500000000000       0.54687499981461529        0.0000000000000000     
  0.89114583333333330       0.54427083350500582        0.0000000000000000     
  0.89166666666666661       0.54166666650769024        0.0000000000000000     
  0.89218749999999991       0.53906250014721824        0.0000000000000000     
  0.89270833333333321       0.53645833319700331        0.0000000000000000     
  0.89322916666666652       0.53385416679291398        0.0000000000000000     
  0.89374999999999993       0.53124999988309007        0.0000000000000000     
  0.89427083333333335       0.52864583344159588        0.0000000000000000     
  0.89479166666666665       0.52604166656641027        0.0000000000000000     
  0.89531249999999996       0.52343750009284085        0.0000000000000000     
  0.89583333333333326       0.52083333324735859        0.0000000000000000     
  0.89635416666666656       0.51822916674628272        0.0000000000000000     
  0.89687499999999998       0.51562499992627175        0.0000000000000000     
  0.89739583333333339       0.51302083340160731        0.0000000000000000     
  0.89791666666666670       0.51041666660344076        0.0000000000000000     
  0.89843750000000000       0.50781250005854883        0.0000000000000000     
  0.89895833333333330       0.50520833327911385        0.0000000000000000     
  0.89947916666666661       0.50260416671687536        0.0000000000000000     
  0.90000000000000002       0.49999999995350380        0.0000000000000000     
  0.90052083333333344       0.49739583337638971        0.0000000000000000     
  0.90104166666666674       0.49479166662679364        0.0000000000000000     
  0.90156250000000004       0.49218750003692302        0.0000000000000000     
  0.90208333333333335       0.48958333329914044        0.0000000000000000     
  0.90260416666666665       0.48697916669833052        0.0000000000000000     
  0.90312500000000007       0.48437499997067746        0.0000000000000000     
  0.90364583333333348       0.48177083336048576        0.0000000000000000     
  0.90416666666666679       0.47916666664152091        0.0000000000000000     
  0.90468750000000009       0.47656250002328443        0.0000000000000000     
  0.90520833333333339       0.47395833331177001        0.0000000000000000     
  0.90572916666666670       0.47135416668663438        0.0000000000000000     
  0.90625000000000011       0.46874999998150790        0.0000000000000000     
  0.90677083333333353       0.46614583335045601        0.0000000000000000     
  0.90729166666666683       0.46354166665080843        0.0000000000000000     
  0.90781250000000013       0.46093750001468392        0.0000000000000000     
  0.90833333333333344       0.45833333331973425        0.0000000000000000     
  0.90885416666666674       0.45572916667925872        0.0000000000000000     
  0.90937500000000004       0.45312499998833827        0.0000000000000000     
  0.90989583333333335       0.45052083334413179        0.0000000000000000     
  0.91041666666666676       0.44791666665666607        0.0000000000000000     
  0.91093750000000018       0.44531250000925932        0.0000000000000000     
  0.91145833333333348       0.44270833332475679        0.0000000000000000     
  0.91197916666666679       0.44010416667460706        0.0000000000000000     
  0.91250000000000009       0.43749999999264538        0.0000000000000000     
  0.91302083333333339       0.43489583334014259        0.0000000000000000     
  0.91354166666666670       0.43229166666036001        0.0000000000000000     
  0.91406250000000000       0.42968750000583944        0.0000000000000000     
  0.91458333333333341       0.42708333332792503        0.0000000000000000     
  0.91510416666666683       0.42447916667167340        0.0000000000000000     
  0.91562500000000013       0.42187499999536160        0.0000000000000000     
  0.91614583333333344       0.41927083333762682        0.0000000000000000     
  0.91666666666666674       0.41666666666268926        0.0000000000000000     
  0.91718750000000004       0.41406250000368244        0.0000000000000000     
  0.91770833333333335       0.41145833332992265        0.0000000000000000     
  0.91822916666666665       0.40885416666982471        0.0000000000000000     
  0.91875000000000007       0.40624999999707478        0.0000000000000000     
  0.91927083333333348       0.40364583333604059        0.0000000000000000     
  0.91979166666666679       0.40104166666415769        0.0000000000000000     
  0.92031250000000009       0.39843750000232181        0.0000000000000000     
  0.92083333333333339       0.39583333333118198        0.0000000000000000     
  0.92135416666666670       0.39322916666865781        0.0000000000000000     
  0.92187500000000000       0.39062499999815553        0.0000000000000000     
  0.92239583333333330       0.38802083333504123        0.0000000000000000     
  0.92291666666666672       0.38541666666508440        0.0000000000000000     
  0.92343750000000013       0.38281250000146383        0.0000000000000000     
  0.92395833333333344       0.38020833333197607        0.0000000000000000     
  0.92447916666666674       0.37760416666792213        0.0000000000000000     
  0.92500000000000004       0.37499999999883615        0.0000000000000000     
  0.92552083333333335       0.37239583333441023        0.0000000000000000     
  0.92604166666666665       0.36979166666566865        0.0000000000000000     
  0.92656249999999996       0.36718750000092376        0.0000000000000000     
  0.92708333333333337       0.36458333333247717        0.0000000000000000     
  0.92760416666666679       0.36197916666745811        0.0000000000000000     
  0.92812500000000009       0.35937499999926564        0.0000000000000000     
  0.92864583333333339       0.35677083333401216        0.0000000000000000     
  0.92916666666666670       0.35416666666603697        0.0000000000000000     
  0.92968750000000000       0.35156250000058237        0.0000000000000000     
  0.93020833333333330       0.34895833333279380        0.0000000000000000     
  0.93072916666666661       0.34635416666716634        0.0000000000000000     
  0.93125000000000002       0.34374999999953698        0.0000000000000000     
  0.93177083333333344       0.34114583333376097        0.0000000000000000     
  0.93229166666666674       0.33854166666626928        0.0000000000000000     
  0.93281250000000004       0.33593750000036693        0.0000000000000000     
  0.93333333333333335       0.33333333333299259        0.0000000000000000     
  0.93385416666666665       0.33072916666698216        0.0000000000000000     
  0.93437499999999996       0.32812499999970801        0.0000000000000000     
  0.93489583333333326       0.32552083333360421        0.0000000000000000     
  0.93541666666666667       0.32291666666641611        0.0000000000000000     
  0.93593750000000009       0.32031250000023148        0.0000000000000000     
  0.93645833333333339       0.31770833333311799        0.0000000000000000     
  0.93697916666666670       0.31510416666686547        0.0000000000000000     
  0.93750000000000000       0.31249999999981576        0.0000000000000000     
  0.93802083333333330       0.30989583333350401        0.0000000000000000     
  0.93854166666666661       0.30729166666650892        0.0000000000000000     
  0.93906249999999991       0.30468750000014666        0.0000000000000000     
  0.93958333333333333       0.30208333333319787        0.0000000000000000     
  0.94010416666666674       0.29947916666679175        0.0000000000000000     
  0.94062500000000004       0.29687499999988343        0.0000000000000000     
  0.94114583333333335       0.29427083333344101        0.0000000000000000     
  0.94166666666666665       0.29166666666656699        0.0000000000000000     
  0.94218749999999996       0.28906250000009259        0.0000000000000000     
  0.94270833333333326       0.28645833333324822        0.0000000000000000     
  0.94322916666666656       0.28385416666674640        0.0000000000000000     
  0.94374999999999998       0.28124999999992678        0.0000000000000000     
  0.94427083333333339       0.27864583333340093        0.0000000000000000     
  0.94479166666666670       0.27604166666660368        0.0000000000000000     
  0.94531250000000000       0.27343750000005818        0.0000000000000000     
  0.94583333333333330       0.27083333333327952        0.0000000000000000     
  0.94635416666666661       0.26822916666671676        0.0000000000000000     
  0.94687499999999991       0.26562499999995420        0.0000000000000000     
  0.94739583333333321       0.26302083333337667        0.0000000000000000     
  0.94791666666666663       0.26041666666662727        0.0000000000000000     
  0.94843750000000004       0.25781250000003647        0.0000000000000000     
  0.94895833333333335       0.25520833333329934        0.0000000000000000     
  0.94947916666666665       0.25260416666669816        0.0000000000000000     
  0.94999999999999996       0.24999999999997105        0.0000000000000000     
  0.95052083333333326       0.24739583333336049        0.0000000000000000     
  0.95104166666666656       0.24479166666664209        0.0000000000000000     
  0.95156249999999987       0.24218750000002362        0.0000000000000000     
  0.95208333333333328       0.23958333333331203        0.0000000000000000     
  0.95260416666666670       0.23697916666668623        0.0000000000000000     
  0.95312500000000000       0.23437499999998135        0.0000000000000000     
  0.95364583333333330       0.23177083333335047        0.0000000000000000     
  0.95416666666666661       0.22916666666665100        0.0000000000000000     
  0.95468749999999991       0.22656250000001507        0.0000000000000000     
  0.95520833333333321       0.22395833333332019        0.0000000000000000     
  0.95572916666666652       0.22135416666667998        0.0000000000000000     
  0.95624999999999993       0.21874999999998854        0.0000000000000000     
  0.95677083333333335       0.21614583333334397        0.0000000000000000     
  0.95729166666666665       0.21354166666665644        0.0000000000000000     
  0.95781249999999996       0.21093750000000941        0.0000000000000000     
  0.95833333333333326       0.20833333333332493        0.0000000000000000     
  0.95885416666666656       0.20572916666667521        0.0000000000000000     
  0.95937499999999987       0.20312499999999303        0.0000000000000000     
  0.95989583333333317       0.20052083333334103        0.0000000000000000     
  0.96041666666666659       0.19791666666666052        0.0000000000000000     
  0.96093750000000000       0.19531250000000577        0.0000000000000000     
  0.96145833333333330       0.19270833333332785        0.0000000000000000     
  0.96197916666666661       0.19010416666667196        0.0000000000000000     
  0.96249999999999991       0.18749999999999542        0.0000000000000000     
  0.96302083333333321       0.18489583333333820        0.0000000000000000     
  0.96354166666666663       0.18229166666666272        0.0000000000000000     
  0.96406250000000004       0.17968750000000333        0.0000000000000000     
  0.96458333333333335       0.17708333333332971        0.0000000000000000     
  0.96510416666666665       0.17447916666666982        0.0000000000000000     
  0.96562499999999996       0.17187499999999720        0.0000000000000000     
  0.96614583333333326       0.16927083333333626        0.0000000000000000     
  0.96666666666666667       0.16666666666666397        0.0000000000000000     
  0.96718750000000009       0.16406250000000208        0.0000000000000000     
  0.96770833333333339       0.16145833333333079        0.0000000000000000     
  0.96822916666666670       0.15885416666666863        0.0000000000000000     
  0.96875000000000000       0.15624999999999803        0.0000000000000000     
  0.96927083333333330       0.15364583333333534        0.0000000000000000     
  0.96979166666666672       0.15104166666666471        0.0000000000000000     
  0.97031250000000013       0.14843750000000089        0.0000000000000000     
  0.97083333333333344       0.14583333333333140        0.0000000000000000     
  0.97135416666666674       0.14322916666666763        0.0000000000000000     
  0.97187500000000004       0.14062499999999856        0.0000000000000000     
  0.97239583333333335       0.13802083333333443        0.0000000000000000     
  0.97291666666666676       0.13541666666666508        0.0000000000000000     
  0.97343750000000018       0.13281250000000008        0.0000000000000000     
  0.97395833333333348       0.13020833333333157        0.0000000000000000     
  0.97447916666666679       0.12760416666666699        0.0000000000000000     
  0.97500000000000009       0.12499999999999872        0.0000000000000000     
  0.97552083333333339       0.12239583333333376        0.0000000000000000     
  0.97604166666666670       0.11979166666666592        0.0000000000000000     
  0.97656250000000000       0.11718750000000061        0.0000000000000000     
  0.97708333333333341       0.11458333333333244        0.0000000000000000     
  0.97760416666666683       0.11197916666666632        0.0000000000000000     
  0.97812500000000013       0.10937499999999893        0.0000000000000000     
  0.97916666666666674       0.10416666666666666        0.0000000000000000     
  0.98020833333333335        9.8958333333332898E-002   0.0000000000000000     
  0.98072916666666665        9.6354166666667088E-002   0.0000000000000000     
  0.98098958333333330        9.5052083333333162E-002   0.0000000000000000     
  0.98125000000000007        9.3749999999999944E-002   0.0000000000000000     
  0.98151041666666683        9.2447916666665630E-002   0.0000000000000000     
  0.98177083333333348        9.1145833333332787E-002   0.0000000000000000     
  0.98203125000000013        8.9843749999999167E-002   0.0000000000000000     
  0.98229166666666679        8.8541666666666227E-002   0.0000000000000000     
  0.98255208333333344        8.7239583333332690E-002   0.0000000000000000     
  0.98281250000000009        8.5937499999999653E-002   0.0000000000000000     
  0.98307291666666674        8.4635416666666213E-002   0.0000000000000000     
  0.98333333333333339        8.3333333333333093E-002   0.0000000000000000     
  0.98359375000000004        8.2031249999999750E-002   0.0000000000000000     
  0.98385416666666670        8.0729166666666574E-002   0.0000000000000000     
  0.98411458333333335        7.9427083333333245E-002   0.0000000000000000     
  0.98437500000000000        7.8125000000000028E-002   0.0000000000000000     
  0.98463541666666665        7.6822916666666727E-002   0.0000000000000000     
  0.98489583333333330        7.5520833333333523E-002   0.0000000000000000     
  0.98515624999999996        7.4218750000000208E-002   0.0000000000000000     
  0.98541666666666672        7.2916666666666408E-002   0.0000000000000000     
  0.98593750000000013        7.0312499999999375E-002   0.0000000000000000     
  0.98645833333333344        6.7708333333332801E-002   0.0000000000000000     
  0.98750000000000004        6.2499999999999792E-002   0.0000000000000000     
  0.98802083333333335        5.9895833333333266E-002   0.0000000000000000     
  0.98854166666666665        5.7291666666666741E-002   0.0000000000000000     
  0.98880208333333330        5.5989583333333481E-002   0.0000000000000000     
  0.98906249999999996        5.4687500000000229E-002   0.0000000000000000     
  0.98932291666666661        5.3385416666666963E-002   0.0000000000000000     
  0.98958333333333337        5.2083333333333148E-002   0.0000000000000000     
  0.99166666666666670        4.1666666666666505E-002   0.0000000000000000     
  0.99270833333333330        3.6458333333333502E-002   0.0000000000000000     
  0.99283854166666663        3.5807291666666845E-002   0.0000000000000000     
  0.99296874999999996        3.5156250000000236E-002   0.0000000000000000     
  0.99322916666666661        3.3854166666666970E-002   0.0000000000000000     
  0.99348958333333326        3.2552083333333696E-002   0.0000000000000000     
  0.99361979166666670        3.1901041666666519E-002   0.0000000000000000     
  0.99375000000000002        3.1249999999999886E-002   0.0000000000000000     
  0.99388020833333335        3.0598958333333266E-002   0.0000000000000000     
  0.99401041666666679        2.9947916666666068E-002   0.0000000000000000     
  0.99414062500000011        2.9296874999999448E-002   0.0000000000000000     
  0.99427083333333344        2.8645833333332798E-002   0.0000000000000000     
  0.99453125000000009        2.7343749999999566E-002   0.0000000000000000     
  0.99479166666666674        2.6041666666666286E-002   0.0000000000000000     
  0.99531250000000004        2.3437499999999792E-002   0.0000000000000000     
  0.99583333333333335        2.0833333333333256E-002   0.0000000000000000     
  0.99687499999999996        1.5625000000000212E-002   0.0000000000000000     
  0.99739583333333326        1.3020833333333709E-002   0.0000000000000000     
  0.99791666666666667        1.0416666666666623E-002   0.0000000000000000     
  0.99804687500000000        9.7656250000000121E-003   0.0000000000000000     
  0.99817708333333344        9.1145833333328222E-003   0.0000000000000000     
  0.99830729166666676        8.4635416666661977E-003   0.0000000000000000     
  0.99843750000000009        7.8124999999995568E-003   0.0000000000000000     
  0.99895833333333339        5.2083333333330451E-003   0.0000000000000000     
   1.0000000000000000        0.0000000000000000        0.0000000000000000     
