X My_beautiful_solution_real My_beautiful_solution_imag
   0.0000000000000000        0.0000000000000000        0.0000000000000000     
   5.2083333333333333E-004   5.2083333333338071E-004   0.0000000000000000     
   1.0416666666666667E-003   1.0416666666666632E-003   0.0000000000000000     
   1.5625000000000001E-003   1.5625000000000534E-003   0.0000000000000000     
   2.0833333333333333E-003   2.0833333333333259E-003   0.0000000000000000     
   2.6041666666666670E-003   2.6041666666667281E-003   0.0000000000000000     
   3.1250000000000002E-003   3.1249999999999841E-003   0.0000000000000000     
   3.6458333333333334E-003   3.6458333333334032E-003   0.0000000000000000     
   4.1666666666666666E-003   4.1666666666666432E-003   0.0000000000000000     
   4.6875000000000007E-003   4.6875000000000788E-003   0.0000000000000000     
   5.2083333333333339E-003   5.2083333333332992E-003   0.0000000000000000     
   5.7291666666666671E-003   5.7291666666667547E-003   0.0000000000000000     
   6.2500000000000003E-003   6.2499999999999544E-003   0.0000000000000000     
   6.7708333333333336E-003   6.7708333333334333E-003   0.0000000000000000     
   7.2916666666666668E-003   7.2916666666666147E-003   0.0000000000000000     
   7.8125000000000000E-003   7.8125000000001128E-003   0.0000000000000000     
   8.3333333333333332E-003   8.3333333333332586E-003   0.0000000000000000     
   8.8541666666666664E-003   8.8541666666667896E-003   0.0000000000000000     
   9.3750000000000014E-003   9.3749999999998973E-003   0.0000000000000000     
   9.8958333333333346E-003   9.8958333333334751E-003   0.0000000000000000     
   1.0416666666666668E-002   1.0416666666666555E-002   0.0000000000000000     
   1.0937500000000001E-002   1.0937500000000176E-002   0.0000000000000000     
   1.1458333333333334E-002   1.1458333333333201E-002   0.0000000000000000     
   1.1979166666666667E-002   1.1979166666666865E-002   0.0000000000000000     
   1.2500000000000001E-002   1.2499999999999836E-002   0.0000000000000000     
   1.3020833333333334E-002   1.3020833333333554E-002   0.0000000000000000     
   1.3541666666666667E-002   1.3541666666666476E-002   0.0000000000000000     
   1.4062500000000000E-002   1.4062500000000255E-002   0.0000000000000000     
   1.4583333333333334E-002   1.4583333333333099E-002   0.0000000000000000     
   1.5104166666666667E-002   1.5104166666666962E-002   0.0000000000000000     
   1.5625000000000000E-002   1.5624999999999724E-002   0.0000000000000000     
   1.6145833333333331E-002   1.6145833333333675E-002   0.0000000000000000     
   1.6666666666666666E-002   1.6666666666666337E-002   0.0000000000000000     
   1.7187500000000001E-002   1.7187500000000411E-002   0.0000000000000000     
   1.7708333333333333E-002   1.7708333333332944E-002   0.0000000000000000     
   1.8229166666666668E-002   1.8229166666667143E-002   0.0000000000000000     
   1.8750000000000003E-002   1.8749999999999548E-002   0.0000000000000000     
   1.9270833333333334E-002   1.9270833333333879E-002   0.0000000000000000     
   1.9791666666666669E-002   1.9791666666666135E-002   0.0000000000000000     
   2.0312500000000004E-002   2.0312500000000639E-002   0.0000000000000000     
   2.0833333333333336E-002   2.0833333333332704E-002   0.0000000000000000     
   2.1354166666666667E-002   2.1354166666667385E-002   0.0000000000000000     
   2.1875000000000002E-002   2.1874999999999263E-002   0.0000000000000000     
   2.2395833333333337E-002   2.2395833333334173E-002   0.0000000000000000     
   2.2916666666666669E-002   2.2916666666665815E-002   0.0000000000000000     
   2.3437500000000000E-002   2.3437500000000982E-002   0.0000000000000000     
   2.3958333333333335E-002   2.3958333333332318E-002   0.0000000000000000     
   2.4479166666666670E-002   2.4479166666667818E-002   0.0000000000000000     
   2.5000000000000001E-002   2.4999999999998811E-002   0.0000000000000000     
   2.5520833333333333E-002   2.5520833333334672E-002   0.0000000000000000     
   2.6041666666666668E-002   2.6041666666665277E-002   0.0000000000000000     
   2.6562500000000003E-002   2.6562500000001567E-002   0.0000000000000000     
   2.7083333333333334E-002   2.7083333333331704E-002   0.0000000000000000     
   2.7604166666666666E-002   2.7604166666668494E-002   0.0000000000000000     
   2.8125000000000001E-002   2.8124999999998079E-002   0.0000000000000000     
   2.8645833333333336E-002   2.8645833333335466E-002   0.0000000000000000     
   2.9166666666666667E-002   2.9166666666664426E-002   0.0000000000000000     
   3.0208333333333334E-002   3.0208333333335714E-002   0.0000000000000000     
   3.1250000000000000E-002   3.1249999999997578E-002   0.0000000000000000     
   3.3333333333333333E-002   3.3333333333335852E-002   0.0000000000000000     
   3.5416666666666666E-002   3.5416666666664175E-002   0.0000000000000000     
   3.6458333333333336E-002   3.6458333333336000E-002   0.0000000000000000     
   3.7500000000000006E-002   3.7499999999997320E-002   0.0000000000000000     
   3.9583333333333338E-002   3.9583333333336183E-002   0.0000000000000000     
   4.1666666666666671E-002   4.1666666666663875E-002   0.0000000000000000     
   4.3750000000000004E-002   4.3750000000002960E-002   0.0000000000000000     
   4.5833333333333337E-002   4.5833333333330430E-002   0.0000000000000000     
   4.7916666666666670E-002   4.7916666666669723E-002   0.0000000000000000     
   5.0000000000000003E-002   4.9999999999996991E-002   0.0000000000000000     
   5.2083333333333336E-002   5.2083333333336444E-002   0.0000000000000000     
   5.4166666666666669E-002   5.4166666666663532E-002   0.0000000000000000     
   5.6250000000000001E-002   5.6250000000003235E-002   0.0000000000000000     
   5.8333333333333334E-002   5.8333333333330066E-002   0.0000000000000000     
   6.0416666666666667E-002   6.0416666666670060E-002   0.0000000000000000     
   6.2500000000000000E-002   6.2499999999996600E-002   0.0000000000000000     
   6.4583333333333326E-002   6.4583333333336837E-002   0.0000000000000000     
   6.6666666666666666E-002   6.6666666666663141E-002   0.0000000000000000     
   6.8750000000000006E-002   6.8750000000004016E-002   0.0000000000000000     
   7.0833333333333331E-002   7.0833333333329668E-002   0.0000000000000000     
   7.5000000000000011E-002   7.5000000000003925E-002   0.0000000000000000     
   7.7083333333333337E-002   7.7083333333329743E-002   0.0000000000000000     
   7.9166666666666677E-002   7.9166666666670743E-002   0.0000000000000000     
   8.3333333333333343E-002   8.3333333333329540E-002   0.0000000000000000     
   8.5416666666666669E-002   8.5416666666671109E-002   0.0000000000000000     
   8.7500000000000008E-002   8.7499999999996053E-002   0.0000000000000000     
   8.9583333333333348E-002   8.9583333333337956E-002   0.0000000000000000     
   9.1666666666666674E-002   9.1666666666662566E-002   0.0000000000000000     
   9.3750000000000000E-002   9.3750000000004607E-002   0.0000000000000000     
   9.5833333333333340E-002   9.5833333333329052E-002   0.0000000000000000     
   9.7916666666666680E-002   9.7916666666671454E-002   0.0000000000000000     
  0.10000000000000001        9.9999999999995551E-002   0.0000000000000000     
  0.10416666666666667       0.10416666666667129        0.0000000000000000     
  0.10833333333333334       0.10833333333332881        0.0000000000000000     
  0.11250000000000000       0.11250000000000485        0.0000000000000000     
  0.11666666666666667       0.11666666666666205        0.0000000000000000     
  0.12083333333333333       0.12083333333333893        0.0000000000000000     
  0.12500000000000000       0.12499999999999528        0.0000000000000000     
  0.12916666666666665       0.12916666666667193        0.0000000000000000     
  0.13333333333333333       0.13333333333332853        0.0000000000000000     
  0.13750000000000001       0.13750000000000451        0.0000000000000000     
  0.14166666666666666       0.14166666666666175        0.0000000000000000     
  0.14583333333333331       0.14583333333333814        0.0000000000000000     
  0.14999999999999999       0.14999999999999497        0.0000000000000000     
  0.15416666666666667       0.15416666666667214        0.0000000000000000     
  0.15833333333333333       0.15833333333332822        0.0000000000000000     
  0.16249999999999998       0.16250000000000572        0.0000000000000000     
  0.16666666666666666       0.16666666666666144        0.0000000000000000     
  0.17083333333333334       0.17083333333333864        0.0000000000000000     
  0.17499999999999999       0.17499999999999466        0.0000000000000000     
  0.17916666666666667       0.17916666666667211        0.0000000000000000     
  0.18333333333333335       0.18333333333332791        0.0000000000000000     
  0.18750000000000000       0.18750000000000555        0.0000000000000000     
  0.19166666666666668       0.19166666666666113        0.0000000000000000     
  0.19583333333333336       0.19583333333333894        0.0000000000000000     
  0.20000000000000001       0.19999999999999438        0.0000000000000000     
  0.20833333333333334       0.20833333333333856        0.0000000000000000     
  0.21041666666666670       0.21041666666666095        0.0000000000000000     
  0.21250000000000002       0.21250000000000546        0.0000000000000000     
  0.21458333333333335       0.21458333333332738        0.0000000000000000     
  0.21666666666666667       0.21666666666667234        0.0000000000000000     
  0.22500000000000001       0.22499999999999609        0.0000000000000000     
  0.23333333333333334       0.23333333333333903        0.0000000000000000     
  0.23749999999999999       0.23749999999999208        0.0000000000000000     
  0.24166666666666667       0.24166666666667244        0.0000000000000000     
  0.24583333333333335       0.24583333333332499        0.0000000000000000     
  0.25000000000000000       0.25000000000000600        0.0000000000000000     
  0.25416666666666665       0.25416666666665783        0.0000000000000000     
  0.25833333333333336       0.25833333333333947        0.0000000000000000     
  0.26250000000000007       0.26249999999999152        0.0000000000000000     
  0.26666666666666672       0.26666666666667294        0.0000000000000000     
  0.27083333333333337       0.27083333333332510        0.0000000000000000     
  0.27500000000000002       0.27500000000000641        0.0000000000000000     
  0.27916666666666667       0.27916666666665807        0.0000000000000000     
  0.28333333333333338       0.28333333333333988        0.0000000000000000     
  0.28750000000000009       0.28749999999999054        0.0000000000000000     
  0.29166666666666674       0.29166666666667340        0.0000000000000000     
  0.29583333333333339       0.29583333333332423        0.0000000000000000     
  0.30000000000000004       0.30000000000000687        0.0000000000000000     
  0.30416666666666670       0.30416666666666237        0.0000000000000000     
  0.30833333333333335       0.30833333333334029        0.0000000000000000     
  0.31250000000000000       0.31249999999999573        0.0000000000000000     
  0.31666666666666671       0.31666666666667376        0.0000000000000000     
  0.32083333333333341       0.32083333333332864        0.0000000000000000     
  0.32500000000000007       0.32500000000000723        0.0000000000000000     
  0.32916666666666672       0.32916666666666083        0.0000000000000000     
  0.33333333333333337       0.33333333333334064        0.0000000000000000     
  0.33750000000000002       0.33749999999999630        0.0000000000000000     
  0.34166666666666667       0.34166666666667406        0.0000000000000000     
  0.34583333333333333       0.34583333333332988        0.0000000000000000     
  0.34999999999999998       0.35000000000000753        0.0000000000000000     
  0.35416666666666663       0.35416666666666236        0.0000000000000000     
  0.35833333333333328       0.35833333333334094        0.0000000000000000     
  0.36249999999999993       0.36249999999999599        0.0000000000000000     
  0.36666666666666664       0.36666666666667441        0.0000000000000000     
  0.37083333333333335       0.37083333333332874        0.0000000000000000     
  0.37500000000000000       0.37500000000000788        0.0000000000000000     
  0.37916666666666665       0.37916666666666082        0.0000000000000000     
  0.38333333333333330       0.38333333333334135        0.0000000000000000     
  0.38749999999999996       0.38749999999999507        0.0000000000000000     
  0.39166666666666666       0.39166666666667482        0.0000000000000000     
  0.39583333333333337       0.39583333333332626        0.0000000000000000     
  0.40000000000000002       0.40000000000000829        0.0000000000000000     
  0.40416666666666667       0.40416666666666429        0.0000000000000000     
  0.40833333333333333       0.40833333333334176        0.0000000000000000     
  0.41249999999999998       0.41250000000000009        0.0000000000000000     
  0.41666666666666669       0.41666666666667518        0.0000000000000000     
  0.42083333333333339       0.42083333333332906        0.0000000000000000     
  0.42500000000000004       0.42500000000000865        0.0000000000000000     
  0.42916666666666670       0.42916666666666325        0.0000000000000000     
  0.43333333333333335       0.43333333333334206        0.0000000000000000     
  0.43750000000000000       0.43749999999999611        0.0000000000000000     
  0.44166666666666665       0.44166666666667553        0.0000000000000000     
  0.44583333333333330       0.44583333333332981        0.0000000000000000     
  0.45000000000000001       0.45000000000000895        0.0000000000000000     
  0.45416666666666672       0.45416666666666283        0.0000000000000000     
  0.45833333333333337       0.45833333333334242        0.0000000000000000     
  0.46250000000000002       0.46249999999999308        0.0000000000000000     
  0.46666666666666667       0.46666666666667583        0.0000000000000000     
  0.47083333333333333       0.47083333333332411        0.0000000000000000     
  0.47499999999999998       0.47500000000000936        0.0000000000000000     
  0.47916666666666663       0.47916666666665586        0.0000000000000000     
  0.48333333333333334       0.48333333333334283        0.0000000000000000     
  0.48750000000000004       0.48749999999999094        0.0000000000000000     
  0.49166666666666670       0.49166666666667641        0.0000000000000000     
  0.49583333333333335       0.49583333333332713        0.0000000000000000     
  0.50000000000000000       0.50000000000000988        0.0000000000000000     
  0.50416666666666665       0.50416666666665633        0.0000000000000000     
  0.50833333333333330       0.50833333333334341        0.0000000000000000     
  0.51249999999999996       0.51249999999998763        0.0000000000000000     
  0.51666666666666661       0.51666666666667682        0.0000000000000000     
  0.52083333333333326       0.52083333333332682        0.0000000000000000     
  0.52499999999999991       0.52500000000001035        0.0000000000000000     
  0.52916666666666656       0.52916666666665546        0.0000000000000000     
  0.53333333333333333       0.53333333333334398        0.0000000000000000     
  0.53750000000000009       0.53749999999998854        0.0000000000000000     
  0.54166666666666674       0.54166666666667762        0.0000000000000000     
  0.54583333333333339       0.54583333333332129        0.0000000000000000     
  0.55000000000000004       0.55000000000001115        0.0000000000000000     
  0.55416666666666670       0.55416666666665604        0.0000000000000000     
  0.55833333333333335       0.55833333333334467        0.0000000000000000     
  0.56250000000000000       0.56249999999999101        0.0000000000000000     
  0.56666666666666665       0.56666666666667820        0.0000000000000000     
  0.57083333333333330       0.57083333333332242        0.0000000000000000     
  0.57499999999999996       0.57500000000001172        0.0000000000000000     
  0.57916666666666661       0.57916666666665595        0.0000000000000000     
  0.58333333333333326       0.58333333333334525        0.0000000000000000     
  0.58749999999999991       0.58749999999999125        0.0000000000000000     
  0.59166666666666656       0.59166666666667878        0.0000000000000000     
  0.59583333333333321       0.59583333333332389        0.0000000000000000     
  0.59999999999999998       0.60000000000001241        0.0000000000000000     
  0.60416666666666674       0.60416666666665930        0.0000000000000000     
  0.60833333333333339       0.60833333333334605        0.0000000000000000     
  0.61250000000000004       0.61249999999999349        0.0000000000000000     
  0.61666666666666670       0.61666666666667946        0.0000000000000000     
  0.62083333333333335       0.62083333333331847        0.0000000000000000     
  0.62500000000000000       0.62500000000001310        0.0000000000000000     
  0.62916666666666665       0.62916666666665355        0.0000000000000000     
  0.63333333333333330       0.63333333333334663        0.0000000000000000     
  0.63749999999999996       0.63749999999998985        0.0000000000000000     
  0.64166666666666661       0.64166666666668015        0.0000000000000000     
  0.64583333333333326       0.64583333333332349        0.0000000000000000     
  0.65000000000000002       0.65000000000001390        0.0000000000000000     
  0.65416666666666679       0.65416666666665790        0.0000000000000000     
  0.65833333333333344       0.65833333333334743        0.0000000000000000     
  0.66250000000000009       0.66249999999998954        0.0000000000000000     
  0.66666666666666674       0.66666666666668095        0.0000000000000000     
  0.67083333333333339       0.67083333333332873        0.0000000000000000     
  0.67500000000000004       0.67500000000001448        0.0000000000000000     
  0.67916666666666670       0.67916666666665992        0.0000000000000000     
  0.68333333333333335       0.68333333333334789        0.0000000000000000     
  0.68750000000000000       0.68749999999999045        0.0000000000000000     
  0.69166666666666665       0.69166666666668153        0.0000000000000000     
  0.69583333333333330       0.69583333333332165        0.0000000000000000     
  0.69999999999999996       0.70000000000001505        0.0000000000000000     
  0.70416666666666661       0.70416666666666483        0.0000000000000000     
  0.70833333333333326       0.70833333333334858        0.0000000000000000     
  0.71249999999999991       0.71249999999999591        0.0000000000000000     
  0.71666666666666667       0.71666666666668211        0.0000000000000000     
  0.72083333333333344       0.72083333333332422        0.0000000000000000     
  0.72500000000000009       0.72500000000001563        0.0000000000000000     
  0.72916666666666674       0.72916666666665597        0.0000000000000000     
  0.73333333333333339       0.73333333333334927        0.0000000000000000     
  0.73750000000000004       0.73749999999998983        0.0000000000000000     
  0.74166666666666670       0.74166666666668279        0.0000000000000000     
  0.74583333333333335       0.74583333333332513        0.0000000000000000     
  0.75000000000000000       0.75000000000001643        0.0000000000000000     
  0.75416666666666665       0.75416666666666321        0.0000000000000000     
  0.75833333333333330       0.75833333333334974        0.0000000000000000     
  0.76249999999999996       0.76250000000000107        0.0000000000000000     
  0.76666666666666672       0.76666666666668348        0.0000000000000000     
  0.77083333333333348       0.77083333333333270        0.0000000000000000     
  0.77500000000000013       0.77500000000001712        0.0000000000000000     
  0.77916666666666679       0.77916666666666079        0.0000000000000000     
  0.78333333333333344       0.78333333333335053        0.0000000000000000     
  0.78750000000000009       0.78749999999999598        0.0000000000000000     
  0.79166666666666674       0.79166666666668406        0.0000000000000000     
  0.79583333333333339       0.79583333333333017        0.0000000000000000     
  0.80000000000000004       0.80000000000001759        0.0000000000000000     
  0.80052083333333335       0.80052083333332869        0.0000000000000000     
  0.80104166666666665       0.80104166666668597        0.0000000000000000     
  0.80156249999999996       0.80156249999999329        0.0000000000000000     
  0.80208333333333337       0.80208333333335469        0.0000000000000000     
  0.80260416666666679       0.80260416666665801        0.0000000000000000     
  0.80312500000000009       0.80312500000002396        0.0000000000000000     
  0.80364583333333339       0.80364583333332196        0.0000000000000000     
  0.80416666666666670       0.80416666666669334        0.0000000000000000     
  0.80468750000000000       0.80468749999998535        0.0000000000000000     
  0.80520833333333330       0.80520833333336350        0.0000000000000000     
  0.80572916666666661       0.80572916666664829        0.0000000000000000     
  0.80625000000000002       0.80625000000003388        0.0000000000000000     
  0.80677083333333344       0.80677083333331101        0.0000000000000000     
  0.80729166666666674       0.80729166666670504        0.0000000000000000     
  0.80781250000000004       0.80781249999997284        0.0000000000000000     
  0.80833333333333335       0.80833333333337687        0.0000000000000000     
  0.80885416666666665       0.80885416666663390        0.0000000000000000     
  0.80937499999999996       0.80937500000004992        0.0000000000000000     
  0.80989583333333326       0.80989583333329362        0.0000000000000000     
  0.81041666666666667       0.81041666666672363        0.0000000000000000     
  0.81093750000000009       0.81093749999995257        0.0000000000000000     
  0.81145833333333339       0.81145833333339867        0.0000000000000000     
  0.81197916666666670       0.81197916666661041        0.0000000000000000     
  0.81250000000000000       0.81250000000007494        0.0000000000000000     
  0.81302083333333330       0.81302083333326658        0.0000000000000000     
  0.81354166666666661       0.81354166666675287        0.0000000000000000     
  0.81406249999999991       0.81406249999992075        0.0000000000000000     
  0.81458333333333333       0.81458333333343269        0.0000000000000000     
  0.81510416666666674       0.81510416666657337        0.0000000000000000     
  0.81562500000000004       0.81562500000011506        0.0000000000000000     
  0.81614583333333335       0.81614583333322355        0.0000000000000000     
  0.81666666666666665       0.81666666666679921        0.0000000000000000     
  0.81718749999999996       0.81718749999987095        0.0000000000000000     
  0.81770833333333326       0.81770833333348669        0.0000000000000000     
  0.81822916666666656       0.81822916666651491        0.0000000000000000     
  0.81874999999999998       0.81875000000017772        0.0000000000000000     
  0.81927083333333339       0.81927083333315565        0.0000000000000000     
  0.81979166666666670       0.81979166666687286        0.0000000000000000     
  0.82031250000000000       0.82031249999979128        0.0000000000000000     
  0.82083333333333330       0.82083333333357289        0.0000000000000000     
  0.82135416666666661       0.82135416666642225        0.0000000000000000     
  0.82187499999999991       0.82187500000027802        0.0000000000000000     
  0.82239583333333321       0.82239583333304711        0.0000000000000000     
  0.82291666666666663       0.82291666666698970        0.0000000000000000     
  0.82343750000000004       0.82343749999966509        0.0000000000000000     
  0.82395833333333335       0.82395833333370860        0.0000000000000000     
  0.82447916666666665       0.82447916666627530        0.0000000000000000     
  0.82499999999999996       0.82500000000043650        0.0000000000000000     
  0.82552083333333326       0.82552083333287629        0.0000000000000000     
  0.82604166666666656       0.82604166666717482        0.0000000000000000     
  0.82656249999999987       0.82656249999946585        0.0000000000000000     
  0.82708333333333328       0.82708333333392459        0.0000000000000000     
  0.82760416666666670       0.82760416666604253        0.0000000000000000     
  0.82812500000000000       0.82812500000068878        0.0000000000000000     
  0.82864583333333330       0.82864583333260433        0.0000000000000000     
  0.82916666666666661       0.82916666666746819        0.0000000000000000     
  0.82968749999999991       0.82968749999914837        0.0000000000000000     
  0.83020833333333333       0.83020833333426669        0.0000000000000000     
  0.83072916666666674       0.83072916666567276        0.0000000000000000     
  0.83125000000000004       0.83125000000108729        0.0000000000000000     
  0.83177083333333335       0.83177083333217339        0.0000000000000000     
  0.83229166666666665       0.83229166666793342        0.0000000000000000     
  0.83281249999999996       0.83281249999864615        0.0000000000000000     
  0.83333333333333337       0.83333333333480930        0.0000000000000000     
  0.83385416666666679       0.83385416666508683        0.0000000000000000     
  0.83437500000000009       0.83437500000172016        0.0000000000000000     
  0.83489583333333339       0.83489583333148998        0.0000000000000000     
  0.83541666666666670       0.83541666666867131        0.0000000000000000     
  0.83593750000000000       0.83593749999784894        0.0000000000000000     
  0.83645833333333341       0.83645833333566955        0.0000000000000000     
  0.83697916666666683       0.83697916666415739        0.0000000000000000     
  0.83750000000000013       0.83750000000272373        0.0000000000000000     
  0.83802083333333344       0.83802083333040578        0.0000000000000000     
  0.83854166666666674       0.83854166666984165        0.0000000000000000     
  0.83906250000000004       0.83906249999658511        0.0000000000000000     
  0.83958333333333346       0.83958333333703483        0.0000000000000000     
  0.84010416666666687       0.84010416666268384        0.0000000000000000     
  0.84062500000000018       0.84062500000431539        0.0000000000000000     
  0.84114583333333348       0.84114583332868775        0.0000000000000000     
  0.84166666666666679       0.84166666667169776        0.0000000000000000     
  0.84218750000000009       0.84218749999458098        0.0000000000000000     
  0.84270833333333339       0.84270833333919926        0.0000000000000000     
  0.84322916666666670       0.84322916666034620        0.0000000000000000     
  0.84375000000000011       0.84375000000683886        0.0000000000000000     
  0.84427083333333353       0.84427083332596242        0.0000000000000000     
  0.84479166666666683       0.84479166667464012        0.0000000000000000     
  0.84531250000000013       0.84531249999140345        0.0000000000000000     
  0.84583333333333344       0.84583333334263022        0.0000000000000000     
  0.84635416666666674       0.84635416665664087        0.0000000000000000     
  0.84687500000000004       0.84687500001084037        0.0000000000000000     
  0.84739583333333335       0.84739583332164070        0.0000000000000000     
  0.84791666666666676       0.84791666667930654        0.0000000000000000     
  0.84843750000000018       0.84843749998636420        0.0000000000000000     
  0.84895833333333348       0.84895833334807180        0.0000000000000000     
  0.84947916666666679       0.84947916665076451        0.0000000000000000     
  0.85000000000000009       0.85000000001718568        0.0000000000000000     
  0.85052083333333339       0.85052083331478912        0.0000000000000000     
  0.85104166666666670       0.85104166668670589        0.0000000000000000     
  0.85156250000000000       0.85156249997837408        0.0000000000000000     
  0.85208333333333341       0.85208333335670039        0.0000000000000000     
  0.85260416666666683       0.85260416664144734        0.0000000000000000     
  0.85312500000000013       0.85312500002724756        0.0000000000000000     
  0.85364583333333344       0.85364583330392352        0.0000000000000000     
  0.85416666666666674       0.85416666669843933        0.0000000000000000     
  0.85468750000000004       0.85468749996570348        0.0000000000000000     
  0.85520833333333335       0.85520833337038271        0.0000000000000000     
  0.85572916666666665       0.85572916662667209        0.0000000000000000     
  0.85625000000000007       0.85625000004320240        0.0000000000000000     
  0.85677083333333348       0.85677083328669423        0.0000000000000000     
  0.85729166666666679       0.85729166671704438        0.0000000000000000     
  0.85781250000000009       0.85781249994561248        0.0000000000000000     
  0.85833333333333339       0.85833333339207851        0.0000000000000000     
  0.85885416666666670       0.85885416660324376        0.0000000000000000     
  0.85937500000000000       0.85937500006850243        0.0000000000000000     
  0.85989583333333330       0.85989583325937369        0.0000000000000000     
  0.86041666666666672       0.86041666674654693        0.0000000000000000     
  0.86093750000000013       0.86093749991375401        0.0000000000000000     
  0.86145833333333344       0.86145833342648170        0.0000000000000000     
  0.86197916666666674       0.86197916656609286        0.0000000000000000     
  0.86250000000000004       0.86250000010862038        0.0000000000000000     
  0.86302083333333335       0.86302083321605194        0.0000000000000000     
  0.86354166666666665       0.86354166679332922        0.0000000000000000     
  0.86406249999999996       0.86406249986323558        0.0000000000000000     
  0.86458333333333337       0.86458333348103467        0.0000000000000000     
  0.86510416666666679       0.86510416650718291        0.0000000000000000     
  0.86562500000000009       0.86562500017223531        0.0000000000000000     
  0.86614583333333339       0.86614583314735627        0.0000000000000000     
  0.86666666666666670       0.86666666686751115        0.0000000000000000     
  0.86718750000000000       0.86718749978312892        0.0000000000000000     
  0.86770833333333330       0.86770833356753929        0.0000000000000000     
  0.86822916666666661       0.86822916641376924        0.0000000000000000     
  0.86875000000000002       0.86875000027310956        0.0000000000000000     
  0.86927083333333344       0.86927083303842534        0.0000000000000000     
  0.86979166666666674       0.86979166698514132        0.0000000000000000     
  0.87031250000000004       0.87031249965610324        0.0000000000000000     
  0.87083333333333335       0.87083333370470994        0.0000000000000000     
  0.87135416666666665       0.87135416626564377        0.0000000000000000     
  0.87187499999999996       0.87187500043306543        0.0000000000000000     
  0.87239583333333326       0.87239583286569433        0.0000000000000000     
  0.87291666666666667       0.87291666717166860        0.0000000000000000     
  0.87343750000000009       0.87343749945467941        0.0000000000000000     
  0.87395833333333339       0.87395833392222055        0.0000000000000000     
  0.87447916666666670       0.87447916603076059        0.0000000000000000     
  0.87500000000000000       0.87500000068670791        0.0000000000000000     
  0.87552083333333330       0.87552083259179414        0.0000000000000000     
  0.87604166666666661       0.87604166746744383        0.0000000000000000     
  0.87656249999999991       0.87656249913528084        0.0000000000000000     
  0.87708333333333333       0.87708333426712837        0.0000000000000000     
  0.87760416666666674       0.87760416565830635        0.0000000000000000     
  0.87812500000000004       0.87812500108890856        0.0000000000000000     
  0.87864583333333335       0.87864583215747072        0.0000000000000000     
  0.87916666666666665       0.87916666793645570        0.0000000000000000     
  0.87968749999999996       0.87968749862881102        0.0000000000000000     
  0.88020833333333326       0.88020833481404814        0.0000000000000000     
  0.88072916666666656       0.88072916506770538        0.0000000000000000     
  0.88124999999999998       0.88125000172667911        0.0000000000000000     
  0.88177083333333339       0.88177083146876378        0.0000000000000000     
  0.88229166666666670       0.88229166868016695        0.0000000000000000     
  0.88281250000000000       0.88281249782570170        0.0000000000000000     
  0.88333333333333330       0.88333333568130012        0.0000000000000000     
  0.88385416666666661       0.88385416413118867        0.0000000000000000     
  0.88437499999999991       0.88437500273799230        0.0000000000000000     
  0.88489583333333321       0.88489583037667952        0.0000000000000000     
  0.88541666666666663       0.88541666985947265        0.0000000000000000     
  0.88593750000000004       0.88593749655220844        0.0000000000000000     
  0.88645833333333335       0.88645833705650268        0.0000000000000000     
  0.88697916666666665       0.88697916264615284        0.0000000000000000     
  0.88749999999999996       0.88750000434163334        0.0000000000000000     
  0.88802083333333326       0.88802082864496079        0.0000000000000000     
  0.88854166666666656       0.88854167172949794        0.0000000000000000     
  0.88906249999999987       0.88906249453282915        0.0000000000000000     
  0.88958333333333328       0.88958333923716304        0.0000000000000000     
  0.89010416666666670       0.89010416029132977        0.0000000000000000     
  0.89062500000000000       0.89062500688452806        0.0000000000000000     
  0.89114583333333330       0.89114582589897262        0.0000000000000000     
  0.89166666666666661       0.89166667469479999        0.0000000000000000     
  0.89218749999999991       0.89218749133069819        0.0000000000000000     
  0.89270833333333321       0.89270834269503863        0.0000000000000000     
  0.89322916666666652       0.89322915655728441        0.0000000000000000     
  0.89374999999999993       0.89375001091680029        0.0000000000000000     
  0.89427083333333335       0.89427082154465576        0.0000000000000000     
  0.89479166666666665       0.89479167939688298        0.0000000000000000     
  0.89531249999999996       0.89531248625307491        0.0000000000000000     
  0.89583333333333326       0.89583334817819626        0.0000000000000000     
  0.89635416666666656       0.89635415063620394        0.0000000000000000     
  0.89687499999999998       0.89687501731077923        0.0000000000000000     
  0.89739583333333339       0.89739581464000906        0.0000000000000000     
  0.89791666666666670       0.89791668685298209        0.0000000000000000     
  0.89843750000000000       0.89843747820147979        0.0000000000000000     
  0.89895833333333330       0.89895835687284731        0.0000000000000000     
  0.89947916666666661       0.89947914124713846        0.0000000000000000     
  0.90000000000000002       0.90000002744972041        0.0000000000000000     
  0.90052083333333344       0.90052080369130272        0.0000000000000000     
  0.90104166666666674       0.90104169867612771        0.0000000000000000     
  0.90156250000000004       0.90156246543405627        0.0000000000000000     
  0.90208333333333335       0.90208337065996469        0.0000000000000000     
  0.90260416666666665       0.90260412635888665        0.0000000000000000     
  0.90312500000000007       0.90312504352704981        0.0000000000000000     
  0.90364583333333348       0.90364578632992654        0.0000000000000000     
  0.90416666666666679       0.90416671742410271        0.0000000000000000     
  0.90468750000000009       0.90468744518873878        0.0000000000000000     
  0.90520833333333339       0.90520839252221308        0.0000000000000000     
  0.90572916666666670       0.90572910275056862        0.0000000000000000     
  0.90625000000000011       0.90625006902089134        0.0000000000000000     
  0.90677083333333353       0.90677075879997182        0.0000000000000000     
  0.90729166666666683       0.90729174715278949        0.0000000000000000     
  0.90781250000000013       0.90781241308571459        0.0000000000000000     
  0.90833333333333344       0.90833342718920584        0.0000000000000000     
  0.90885416666666674       0.90885406531483148        0.0000000000000000     
  0.90937500000000004       0.90937510944650446        0.0000000000000000     
  0.90989583333333335       0.90989571514569045        0.0000000000000000     
  0.91041666666666676       0.91041679429360278        0.0000000000000000     
  0.91093750000000018       0.91093736217991117        0.0000000000000000     
  0.91145833333333348       0.91145848216069703        0.0000000000000000     
  0.91197916666666679       0.91197900595293757        0.0000000000000000     
  0.91250000000000009       0.91250017354944812        0.0000000000000000     
  0.91302083333333339       0.91302064592304444        0.0000000000000000     
  0.91354166666666670       0.91354186904484580        0.0000000000000000     
  0.91406250000000000       0.91406228145851853        0.0000000000000000     
  0.91458333333333341       0.91458356932905638        0.0000000000000000     
  0.91510416666666683       0.91510391182271322        0.0000000000000000     
  0.91562500000000013       0.91562527519756098        0.0000000000000000     
  0.91614583333333344       0.91614553615661309        0.0000000000000000     
  0.91666666666666674       0.91666698757798082        0.0000000000000000     
  0.91718750000000004       0.91718715345851121        0.0000000000000000     
  0.91770833333333335       0.91770870755202616        0.0000000000000000     
  0.91822916666666665       0.91822876256030472        0.0000000000000000     
  0.91875000000000007       0.91875043638109322        0.0000000000000000     
  0.91927083333333348       0.91927036209985358        0.0000000000000000     
  0.91979166666666679       0.91979217553611181        0.0000000000000000     
  0.92031250000000009       0.92031195048874903        0.0000000000000000     
  0.92083333333333339       0.92083392673235176        0.0000000000000000     
  0.92135416666666670       0.92135352587472841        0.0000000000000000     
  0.92187500000000000       0.92187569197001018        0.0000000000000000     
  0.92239583333333330       0.92239508609784493        0.0000000000000000     
  0.92291666666666672       0.92291747358154208        0.0000000000000000     
  0.92343750000000013       0.92343662863935738        0.0000000000000000     
  0.92395833333333344       0.92395927428685254        0.0000000000000000     
  0.92447916666666674       0.92447815056213067        0.0000000000000000     
  0.92500000000000004       0.92500109725765689        0.0000000000000000     
  0.92552083333333335       0.92551964844113477        0.0000000000000000     
  0.92604166666666665       0.92604294619253169        0.0000000000000000     
  0.92656249999999996       0.92656111828239862        0.0000000000000000     
  0.92708333333333337       0.92708482540443371        0.0000000000000000     
  0.92760416666666679       0.92760255542850345        0.0000000000000000     
  0.92812500000000009       0.92812673992275507        0.0000000000000000     
  0.92864583333333339       0.92864395444837455        0.0000000000000000     
  0.92916666666666670       0.92916869561233439        0.0000000000000000     
  0.92968750000000000       0.92968530900876822        0.0000000000000000     
  0.93020833333333330       0.93021069931223110        0.0000000000000000     
  0.93072916666666661       0.93072661172440918        0.0000000000000000     
  0.93125000000000002       0.93125275899755944        0.0000000000000000     
  0.93177083333333344       0.93176785398323692        0.0000000000000000     
  0.93229166666666674       0.93229488396819893        0.0000000000000000     
  0.93281250000000004       0.93280902574261870        0.0000000000000000     
  0.93333333333333335       0.93333708506885515        0.0000000000000000     
  0.93385416666666665       0.93385011529171535        0.0000000000000000     
  0.93437499999999996       0.93437937494567602        0.0000000000000000     
  0.93489583333333326       0.93489110897437155        0.0000000000000000     
  0.93541666666666667       0.93542176834549184        0.0000000000000000     
  0.93593750000000009       0.93593199086597412        0.0000000000000000     
  0.93645833333333339       0.93646428246476543        0.0000000000000000     
  0.93697916666666670       0.93697274239663098        0.0000000000000000     
  0.93750000000000000       0.93750693735650770        0.0000000000000000     
  0.93802083333333330       0.93801334191176045        0.0000000000000000     
  0.93854166666666661       0.93854975640478500        0.0000000000000000     
  0.93906249999999991       0.93905376415968300        0.0000000000000000     
  0.93958333333333333       0.93959276687804860        0.0000000000000000     
  0.94010416666666674       0.94009397969410080        0.0000000000000000     
  0.94062500000000004       0.94063600057438168        0.0000000000000000     
  0.94114583333333335       0.94113395417731738        0.0000000000000000     
  0.94166666666666665       0.94167949457392519        0.0000000000000000     
  0.94218749999999996       0.94217364756771560        0.0000000000000000     
  0.94270833333333326       0.94272329211629602        0.0000000000000000     
  0.94322916666666656       0.94321301317226580        0.0000000000000000     
  0.94374999999999998       0.94376744362375020        0.0000000000000000     
  0.94427083333333339       0.94425199654164294        0.0000000000000000     
  0.94479166666666670       0.94481200789431263        0.0000000000000000     
  0.94531250000000000       0.94529053418180709        0.0000000000000000     
  0.94583333333333330       0.94585705349309246        0.0000000000000000     
  0.94635416666666661       0.94632855205156552        0.0000000000000000     
  0.94687499999999991       0.94690266037472326        0.0000000000000000     
  0.94739583333333321       0.94736596381055904        0.0000000000000000     
  0.94791666666666663       0.94794892177529955        0.0000000000000000     
  0.94843750000000004       0.94840266877621493        0.0000000000000000     
  0.94895833333333335       0.94899594641859886        0.0000000000000000     
  0.94947916666666665       0.94943854954132689        0.0000000000000000     
  0.94999999999999996       0.95004386108877437        0.0000000000000000     
  0.95052083333333326       0.95047346919588438        0.0000000000000000     
  0.95104166666666656       0.95109281363041376        0.0000000000000000     
  0.95156249999999987       0.95150726808741393        0.0000000000000000     
  0.95208333333333328       0.95214297644693746        0.0000000000000000     
  0.95260416666666670       0.95253976004317042        0.0000000000000000     
  0.95312500000000000       0.95319455058012814        0.0000000000000000     
  0.95364583333333330       0.95357072796478892        0.0000000000000000     
  0.95416666666666661       0.95424777046732079        0.0000000000000000     
  0.95468749999999991       0.95459991869115324        0.0000000000000000     
  0.95520833333333321       0.95530290948882279        0.0000000000000000     
  0.95572916666666652       0.95562703700792295        0.0000000000000000     
  0.95624999999999993       0.95636028643682591        0.0000000000000000     
  0.95677083333333335       0.95665173866196518        0.0000000000000000     
  0.95729166666666665       0.95742027305888910        0.0000000000000000     
  0.95781249999999996       0.95767362221539976        0.0000000000000000     
  0.95833333333333326       0.95848330285448691        0.0000000000000000     
  0.95885416666666656       0.95869221954649897        0.0000000000000000     
  0.95937499999999987       0.95954988133277319        0.0000000000000000     
  0.95989583333333317       0.95970698477266436        0.0000000000000000     
  0.96041666666666659       0.96062059797429045        0.0000000000000000     
  0.96093750000000000       0.96071728133337753        0.0000000000000000     
  0.96145833333333330       0.96169614017966520        0.0000000000000000     
  0.96197916666666661       0.96172236692746182        0.0000000000000000     
  0.96249999999999991       0.96277730953536034        0.0000000000000000     
  0.96302083333333321       0.96272137594823981        0.0000000000000000     
  0.96354166666666663       0.96386504078136437        0.0000000000000000     
  0.96406250000000004       0.96371329900094660        0.0000000000000000     
  0.96458333333333335       0.96496042392966208        0.0000000000000000     
  0.96510416666666665       0.96469695901773189        0.0000000000000000     
  0.96562499999999996       0.96606473005684845        0.0000000000000000     
  0.96614583333333326       0.96567098340506796        0.0000000000000000     
  0.96666666666666667       0.96717944138122858        0.0000000000000000     
  0.96718750000000009       0.96663377156448793        0.0000000000000000     
  0.96770833333333339       0.96830628633608717        0.0000000000000000     
  0.96822916666666670       0.96758345701811499        0.0000000000000000     
  0.96875000000000000       0.96944728046908146        0.0000000000000000     
  0.96927083333333330       0.96851786324277400        0.0000000000000000     
  0.96979166666666672       0.97060477413552004        0.0000000000000000     
  0.97031250000000013       0.96943445216759117        0.0000000000000000     
  0.97083333333333344       0.97178150811410058        0.0000000000000000     
  0.97135416666666674       0.97033026411639989        0.0000000000000000     
  0.97187500000000004       0.97298067846111624        0.0000000000000000     
  0.97239583333333335       0.97120184777383800        0.0000000000000000     
  0.97291666666666676       0.97420601213774871        0.0000000000000000     
  0.97343750000000018       0.97204517851792971        0.0000000000000000     
  0.97395833333333348       0.97546185520000872        0.0000000000000000     
  0.97447916666666679       0.97285556318669297        0.0000000000000000     
  0.97500000000000009       0.97675327563812153        0.0000000000000000     
  0.97552083333333339       0.97362752902529182        0.0000000000000000     
  0.97604166666666670       0.97808618329882446        0.0000000000000000     
  0.97656250000000000       0.97435469418591902        0.0000000000000000     
  0.97708333333333341       0.97946746972825260        0.0000000000000000     
  0.97760416666666683       0.97502961671609312        0.0000000000000000     
  0.97812500000000013       0.98090517124447607        0.0000000000000000     
  0.97916666666666674       0.97627764695586183        0.0000000000000000     
  0.98020833333333335       0.98321046311439431        0.0000000000000000     
  0.98072916666666665       0.97748726612107439        0.0000000000000000     
  0.98098958333333330       0.98477086421234783        0.0000000000000000     
  0.98125000000000007       0.97683959786556529        0.0000000000000000     
  0.98151041666666683       0.98665461187720782        0.0000000000000000     
  0.98177083333333348       0.97577075815710046        0.0000000000000000     
  0.98203125000000013       0.98902960458165123        0.0000000000000000     
  0.98229166666666679       0.97412894113210280        0.0000000000000000     
  0.98255208333333344       0.99207290531733550        0.0000000000000000     
  0.98281250000000009       0.97170762444501591        0.0000000000000000     
  0.98307291666666674       0.99602539716668759        0.0000000000000000     
  0.98333333333333339       0.96822584741217832        0.0000000000000000     
  0.98359375000000004        1.0012147864383802        0.0000000000000000     
  0.98385416666666670       0.96330138066489523        0.0000000000000000     
  0.98411458333333335        1.0080868969887928        0.0000000000000000     
  0.98437500000000000       0.95641422514711183        0.0000000000000000     
  0.98463541666666665        1.0172482441814013        0.0000000000000000     
  0.98489583333333330       0.94685695479363019        0.0000000000000000     
  0.98515624999999996        1.0295239540853176        0.0000000000000000     
  0.98541666666666672       0.93366716086179802        0.0000000000000000     
  0.98593750000000013        1.0418200778159186        0.0000000000000000     
  0.98645833333333344       0.92611258790484141        0.0000000000000000     
  0.98697916666666674        1.0521445390179132        0.0000000000000000     
  0.98750000000000004       0.91713007211988162        0.0000000000000000     
  0.98802083333333335        1.0640109883985673        0.0000000000000000     
  0.98854166666666665       0.90648241435829979        0.0000000000000000     
  0.98880208333333330        1.0845141748472666        0.0000000000000000     
  0.98906249999999996       0.87742603970733102        0.0000000000000000     
  0.98932291666666661        1.1195332074413189        0.0000000000000000     
  0.98958333333333337       0.83770893872097985        0.0000000000000000     
  0.99062500000000009        1.1484455373051834        0.0000000000000000     
  0.99166666666666670       0.82766718499718261        0.0000000000000000     
  0.99270833333333330        1.1631286756228427        0.0000000000000000     
  0.99296874999999996       0.79419424330878063        0.0000000000000000     
  0.99322916666666661        1.2250753417155396        0.0000000000000000     
  0.99348958333333326       0.72306934796438282        0.0000000000000000     
  0.99375000000000002        1.3091621636105721        0.0000000000000000     
  0.99401041666666679       0.62612066604292915        0.0000000000000000     
  0.99427083333333344        1.4233692773017657        0.0000000000000000     
  0.99453125000000009       0.49404034395017193        0.0000000000000000     
  0.99479166666666674        1.5785531567386677        0.0000000000000000     
  0.99583333333333335       0.38921658100730316        0.0000000000000000     
  0.99687499999999996        1.6272418372458226        0.0000000000000000     
  0.99791666666666667       0.34286988799524604        0.0000000000000000     
  0.99817708333333344        1.7622091146086358        0.0000000000000000     
  0.99843750000000009       0.10728748778461905        0.0000000000000000     
  0.99895833333333339        1.9612817242281622        0.0000000000000000     
   1.0000000000000000        0.0000000000000000        0.0000000000000000     
