X My_beautiful_solution_real My_beautiful_solution_imag
   0.0000000000000000        0.0000000000000000        0.0000000000000000     
   1.6666666666666666E-002   14.894978800597430        0.0000000000000000     
   3.3333333333333333E-002   3.5705102997837489E-002   0.0000000000000000     
   5.0000000000000003E-002   14.859359287139341        0.0000000000000000     
   6.6666666666666666E-002   7.1239232084872026E-002   0.0000000000000000     
   8.3333333333333343E-002   14.823910337746481        0.0000000000000000     
  0.10000000000000001       0.10660320596979743        0.0000000000000000     
  0.11666666666666667        14.788631135672707        0.0000000000000000     
  0.13333333333333333       0.14179783944091842        0.0000000000000000     
  0.14999999999999999        14.753520868082862        0.0000000000000000     
  0.16666666666666666       0.17682394338492569        0.0000000000000000     
  0.18333333333333335        14.718578726034050        0.0000000000000000     
  0.20000000000000001       0.21168232480557825        0.0000000000000000     
  0.21666666666666667        14.683803904456992        0.0000000000000000     
  0.23333333333333334       0.24637378684229702        0.0000000000000000     
  0.25000000000000000        14.649195602137505        0.0000000000000000     
  0.26666666666666672       0.28089912878867079        0.0000000000000000     
  0.28333333333333338        14.614753021697993        0.0000000000000000     
  0.30000000000000004       0.31525914611086620        0.0000000000000000     
  0.31666666666666671        14.580475369579123        0.0000000000000000     
  0.33333333333333337       0.34945463046596337        0.0000000000000000     
  0.34999999999999998        14.546361856021521        0.0000000000000000     
  0.36666666666666664       0.38348636972019123        0.0000000000000000     
  0.38333333333333330        14.512411695047568        0.0000000000000000     
  0.40000000000000002       0.41735514796708162        0.0000000000000000     
  0.41666666666666669        14.478624104443297        0.0000000000000000     
  0.43333333333333335       0.45106174554552980        0.0000000000000000     
  0.45000000000000001        14.444998305740386        0.0000000000000000     
  0.46666666666666667       0.48460693905778224        0.0000000000000000     
  0.48333333333333334        14.411533524198207        0.0000000000000000     
  0.50000000000000000       0.51799150138732319        0.0000000000000000     
  0.51666666666666661        14.378228988785951        0.0000000000000000     
  0.53333333333333333       0.55121620171668562        0.0000000000000000     
  0.55000000000000004        14.345083932164931        0.0000000000000000     
  0.56666666666666665       0.58428180554516651        0.0000000000000000     
  0.58333333333333326        14.312097590670838        0.0000000000000000     
  0.59999999999999998       0.61718907470647522        0.0000000000000000     
  0.61666666666666670        14.279269204296178        0.0000000000000000     
  0.63333333333333330       0.64993876738627399        0.0000000000000000     
  0.65000000000000002        14.246598016672751        0.0000000000000000     
  0.66666666666666674       0.68253163813965867        0.0000000000000000     
  0.68333333333333335        14.214083275054211        0.0000000000000000     
  0.69999999999999996       0.71496843790853049        0.0000000000000000     
  0.71666666666666667        14.181724230298773        0.0000000000000000     
  0.73333333333333339       0.74724991403891172        0.0000000000000000     
  0.75000000000000000        14.149520136851876        0.0000000000000000     
  0.76666666666666672       0.77937681029815264        0.0000000000000000     
  0.78333333333333344        14.117470252729095        0.0000000000000000     
  0.80000000000000004       0.81134986689207356        0.0000000000000000     
  0.81666666666666665        14.002340386309454        0.0000000000000000     
  0.83333333333333337       0.67650339324039133        0.0000000000000000     
  0.85000000000000009        13.803929803558717        0.0000000000000000     
  0.86666666666666670       0.54150454857209018        0.0000000000000000     
  0.88333333333333330        13.605671226572468        0.0000000000000000     
  0.90000000000000002       0.40635406251589262        0.0000000000000000     
  0.91666666666666674        13.407563927470976        0.0000000000000000     
  0.93333333333333335       0.27105266120668869        0.0000000000000000     
  0.94999999999999996        13.209607181860015        0.0000000000000000     
  0.96666666666666667       0.13560106730227614        0.0000000000000000     
  0.98333333333333339        13.011800268814062        0.0000000000000000     
   1.0000000000000000        0.0000000000000000        0.0000000000000000     
