X My_beautiful_solution_real My_beautiful_solution_imag
   0.0000000000000000        0.0000000000000000        0.0000000000000000     
   1.0416666666666667E-003   1.9622252747252646        0.0000000000000000     
   2.0833333333333333E-003   7.3929994652129141E-002   0.0000000000000000     
   3.1250000000000002E-003   1.8910807115827915        0.0000000000000000     
   4.1666666666666666E-003  0.14239407189912431        0.0000000000000000     
   5.2083333333333339E-003   1.8251961286119789        0.0000000000000000     
   6.2500000000000003E-003  0.20579634719128836        0.0000000000000000     
   7.2916666666666668E-003   1.7641826360623762        0.0000000000000000     
   8.3333333333333332E-003  0.26451105823195725        0.0000000000000000     
   9.3750000000000014E-003   1.7076800962383107        0.0000000000000000     
   1.0416666666666668E-002  0.31888477394962211        0.0000000000000000     
   1.1458333333333334E-002   1.6553549977533364        0.0000000000000000     
   1.2500000000000001E-002  0.36923844015258783        0.0000000000000000     
   1.3541666666666667E-002   1.6068984869489125        0.0000000000000000     
   1.4583333333333334E-002  0.41586927394083234        0.0000000000000000     
   1.5625000000000000E-002   1.5620245448575563        0.0000000000000000     
   1.6666666666666666E-002  0.45905251805700403        0.0000000000000000     
   1.7708333333333333E-002   1.5204682989498430        0.0000000000000000     
   1.8750000000000003E-002  0.49904306553177358        0.0000000000000000     
   1.9791666666666669E-002   1.4819844597001826        0.0000000000000000     
   2.0833333333333336E-002  0.53607696421315787        0.0000000000000000     
   2.1875000000000002E-002   1.4463458727430578        0.0000000000000000     
   2.2916666666666669E-002  0.57037281006043827        0.0000000000000000     
   2.3958333333333335E-002   1.4133421780736970        0.0000000000000000     
   2.5000000000000001E-002  0.60213303742671465        0.0000000000000000     
   2.6041666666666668E-002   1.3827785683789915        0.0000000000000000     
   2.7083333333333334E-002  0.63154511394610979        0.0000000000000000     
   2.8125000000000001E-002   1.3544746391695890        0.0000000000000000     
   2.9166666666666667E-002  0.65878264707854861        0.0000000000000000     
   3.0208333333333334E-002   1.3282633239259709        0.0000000000000000     
   3.1250000000000000E-002  0.68400640884360053        0.0000000000000000     
   3.2291666666666663E-002   1.3039899079731028        0.0000000000000000     
   3.3333333333333333E-002  0.70736528479196492        0.0000000000000000     
   3.4375000000000003E-002   1.2815111152629812        0.0000000000000000     
   3.5416666666666666E-002  0.72899715281599042        0.0000000000000000     
   3.6458333333333336E-002   1.2606942626747120        0.0000000000000000     
   3.7500000000000006E-002  0.74902969698649158        0.0000000000000000     
   3.8541666666666669E-002   1.2414164768403060        0.0000000000000000     
   3.9583333333333338E-002  0.76758116121960218        0.0000000000000000     
   4.0625000000000008E-002   1.2235639688734339        0.0000000000000000     
   4.1666666666666671E-002  0.78476104722225826        0.0000000000000000     
   4.2708333333333334E-002   1.2070313627201716        0.0000000000000000     
   4.3750000000000004E-002  0.80067076083599453        0.0000000000000000     
   4.4791666666666674E-002   1.1917210731672356        0.0000000000000000     
   4.5833333333333337E-002  0.81540421059415757        0.0000000000000000     
   4.6875000000000000E-002   1.1775427298363825        0.0000000000000000     
   4.7916666666666670E-002  0.82904836202557575        0.0000000000000000     
   4.8958333333333340E-002   1.1644126437650173        0.0000000000000000     
   5.0000000000000003E-002  0.84168375097651249        0.0000000000000000     
   5.1041666666666666E-002   1.1522533134244763        0.0000000000000000     
   5.2083333333333336E-002  0.85338495898083155        0.0000000000000000     
   5.3125000000000006E-002   1.1409929672601948        0.0000000000000000     
   5.4166666666666669E-002  0.86422105348429235        0.0000000000000000     
   5.5208333333333331E-002   1.1305651400535675        0.0000000000000000     
   5.6250000000000001E-002  0.87425599552143962        0.0000000000000000     
   5.7291666666666671E-002   1.1209082806049473        0.0000000000000000     
   5.8333333333333334E-002  0.88354901725143031        0.0000000000000000     
   5.9374999999999997E-002   1.1119653884220839        0.0000000000000000     
   6.0416666666666667E-002  0.89215497158125079        0.0000000000000000     
   6.1458333333333337E-002   1.1036836772695249        0.0000000000000000     
   6.2500000000000000E-002  0.90012465593999280        0.0000000000000000     
   6.3541666666666663E-002   1.0960142635930590        0.0000000000000000     
   6.4583333333333326E-002  0.90750511211530471        0.0000000000000000     
   6.5624999999999989E-002   1.0889118779800824        0.0000000000000000     
   6.6666666666666666E-002  0.91433990392182674        0.0000000000000000     
   6.7708333333333343E-002   1.0823345979527703        0.0000000000000000     
   6.8750000000000006E-002  0.92066937434057472        0.0000000000000000     
   6.9791666666666669E-002   1.0762436005168317        0.0000000000000000     
   7.0833333333333331E-002  0.92653088364705893        0.0000000000000000     
   7.2916666666666671E-002   1.0719728732527147        0.0000000000000000     
   7.5000000000000011E-002  0.92929681688837085        0.0000000000000000     
   7.6041666666666674E-002   1.0679412107494877        0.0000000000000000     
   7.7083333333333337E-002  0.93452046752050111        0.0000000000000000     
   7.8125000000000000E-002   1.0629143695603260        0.0000000000000000     
   7.9166666666666677E-002  0.93935791437914440        0.0000000000000000     
   8.1250000000000017E-002   1.0593897797136336        0.0000000000000000     
   8.3333333333333343E-002  0.94164061229358764        0.0000000000000000     
   8.4375000000000006E-002   1.0560624876986264        0.0000000000000000     
   8.5416666666666669E-002  0.94595164056630476        0.0000000000000000     
   8.6458333333333331E-002   1.0519138843529816        0.0000000000000000     
   8.7500000000000008E-002  0.94994393860536286        0.0000000000000000     
   8.8541666666666685E-002   1.0480720025665731        0.0000000000000000     
   8.9583333333333348E-002  0.95364107131347753        0.0000000000000000     
   9.0625000000000011E-002   1.0445141652823122        0.0000000000000000     
   9.1666666666666674E-002  0.95706486135311963        0.0000000000000000     
   9.2708333333333337E-002   1.0412193720416516        0.0000000000000000     
   9.3750000000000000E-002  0.96023551795676909        0.0000000000000000     
   9.4791666666666663E-002   1.0381681750274647        0.0000000000000000     
   9.5833333333333340E-002  0.96317175621374940        0.0000000000000000     
   9.6875000000000017E-002   1.0353425642715313        0.0000000000000000     
   9.7916666666666680E-002  0.96589090753774764        0.0000000000000000     
   9.8958333333333343E-002   1.0327258613490655        0.0000000000000000     
  0.10000000000000001       0.96840902196705947        0.0000000000000000     
  0.10208333333333333        1.0308911496075814        0.0000000000000000     
  0.10416666666666667       0.96959727162107867        0.0000000000000000     
  0.10625000000000001        1.0297254974113248        0.0000000000000000     
  0.10833333333333334       0.97074075610520427        0.0000000000000000     
  0.11041666666666666        1.0286037590663588        0.0000000000000000     
  0.11250000000000000       0.97184116186674718        0.0000000000000000     
  0.11458333333333334        1.0275242801972697        0.0000000000000000     
  0.11666666666666667       0.97290011181915026        0.0000000000000000     
  0.11874999999999999        1.0264854687542633        0.0000000000000000     
  0.12083333333333333       0.97391916773550724        0.0000000000000000     
  0.12291666666666667        1.0254857926651588        0.0000000000000000     
  0.12500000000000000       0.97489983255191892        0.0000000000000000     
  0.12708333333333333        1.0245237775758411        0.0000000000000000     
  0.12916666666666665       0.97584355258406996        0.0000000000000000     
  0.13124999999999998        1.0235980046758388        0.0000000000000000     
  0.13333333333333333       0.97675171966030017        0.0000000000000000     
  0.13541666666666669        1.0227071086058146        0.0000000000000000     
  0.13750000000000001       0.97762567317431948        0.0000000000000000     
  0.13958333333333334        1.0218497754438893        0.0000000000000000     
  0.14166666666666666       0.97846670206058717        0.0000000000000000     
  0.14374999999999999        1.0210247407678177        0.0000000000000000     
  0.14583333333333331       0.97927604669527313        0.0000000000000000     
  0.14791666666666664        1.0202307877902099        0.0000000000000000     
  0.14999999999999999       0.98005490072560453        0.0000000000000000     
  0.15208333333333335        1.0194667455639443        0.0000000000000000     
  0.15416666666666667       0.98080441283029540        0.0000000000000000     
  0.15625000000000000        1.0187314872552218        0.0000000000000000     
  0.15833333333333333       0.98152568841365395        0.0000000000000000     
  0.16041666666666665        1.0180239284816872        0.0000000000000000     
  0.16249999999999998       0.98221979123586711        0.0000000000000000     
  0.16458333333333330        1.0173430257131451        0.0000000000000000     
  0.16666666666666666       0.98288774498186915        0.0000000000000000     
  0.16875000000000001        1.0166877747325218        0.0000000000000000     
  0.17083333333333334       0.98353053477110519        0.0000000000000000     
  0.17291666666666666        1.0160572091548083        0.0000000000000000     
  0.17499999999999999       0.98414910861041471        0.0000000000000000     
  0.17708333333333331        1.0154503990018207        0.0000000000000000     
  0.17916666666666667       0.98474437879218457        0.0000000000000000     
  0.18125000000000002        1.0148664493306396        0.0000000000000000     
  0.18333333333333335       0.98531722323982562        0.0000000000000000     
  0.18541666666666667        1.0143044989137011        0.0000000000000000     
  0.18750000000000000       0.98586848680256134        0.0000000000000000     
  0.18958333333333333        1.0137637189686397        0.0000000000000000     
  0.19166666666666668       0.98639898250144076        0.0000000000000000     
  0.19375000000000003        1.0132433119359829        0.0000000000000000     
  0.19583333333333336       0.98690949272840500        0.0000000000000000     
  0.19791666666666669        1.0127425103028778        0.0000000000000000     
  0.20000000000000001       0.98740077040018592        0.0000000000000000     
  0.20416666666666666        1.0123793325017216        0.0000000000000000     
  0.20833333333333334       0.98763941908268460        0.0000000000000000     
  0.21041666666666670        1.0120264652738804        0.0000000000000000     
  0.21250000000000002       0.98810319809107516        0.0000000000000000     
  0.21458333333333335        1.0115715061515420        0.0000000000000000     
  0.21666666666666667       0.98854950505894457        0.0000000000000000     
  0.22083333333333333        1.0112415730148663        0.0000000000000000     
  0.22500000000000001       0.98876630825597567        0.0000000000000000     
  0.22916666666666669        1.0110268411859611        0.0000000000000000     
  0.23333333333333334       0.98897898850689892        0.0000000000000000     
  0.23541666666666666        1.0107123710209678        0.0000000000000000     
  0.23749999999999999       0.98939230164504322        0.0000000000000000     
  0.23958333333333331        1.0103069180375905        0.0000000000000000     
  0.24166666666666667       0.98979004395361725        0.0000000000000000     
  0.24375000000000002        1.0099167397665798        0.0000000000000000     
  0.24583333333333335       0.99017280203563895        0.0000000000000000     
  0.24791666666666667        1.0095412607606047        0.0000000000000000     
  0.25000000000000000       0.99054114039490970        0.0000000000000000     
  0.25208333333333333        1.0091799272512729        0.0000000000000000     
  0.25416666666666665       0.99089560226856443        0.0000000000000000     
  0.25624999999999998        1.0088322063324258        0.0000000000000000     
  0.25833333333333336       0.99123671042825767        0.0000000000000000     
  0.26041666666666674        1.0084975851741889        0.0000000000000000     
  0.26250000000000007       0.99156496795115978        0.0000000000000000     
  0.26458333333333339        1.0081755702666153        0.0000000000000000     
  0.26666666666666672       0.99188085896191336        0.0000000000000000     
  0.26875000000000004        1.0078656866918809        0.0000000000000000     
  0.27083333333333337       0.99218484934663531        0.0000000000000000     
  0.27291666666666670        1.0075674774238255        0.0000000000000000     
  0.27500000000000002       0.99247738744002079        0.0000000000000000     
  0.27708333333333335        1.0072805026539300        0.0000000000000000     
  0.27916666666666667       0.99275890468656092        0.0000000000000000     
  0.28125000000000000        1.0070043391426646        0.0000000000000000     
  0.28333333333333338       0.99302981627685116        0.0000000000000000     
  0.28541666666666676        1.0067385795952926        0.0000000000000000     
  0.28750000000000009       0.99329052175992738        0.0000000000000000     
  0.28958333333333341        1.0064828320611821        0.0000000000000000     
  0.29166666666666674       0.99354140563253457        0.0000000000000000     
  0.29375000000000007        1.0062367193557267        0.0000000000000000     
  0.29583333333333339       0.99378283790619260        0.0000000000000000     
  0.29791666666666672        1.0059998785040716        0.0000000000000000     
  0.30000000000000004       0.99401517465290334        0.0000000000000000     
  0.30208333333333337        1.0057719602057946        0.0000000000000000     
  0.30416666666666670       0.99423875853029564        0.0000000000000000     
  0.30625000000000002        1.0055526283197309        0.0000000000000000     
  0.30833333333333335       0.99445391928698890        0.0000000000000000     
  0.31041666666666667        1.0053415593682360        0.0000000000000000     
  0.31250000000000000       0.99466097424891398        0.0000000000000000     
  0.31458333333333333        1.0051384420601031        0.0000000000000000     
  0.31666666666666671       0.99486022878732006        0.0000000000000000     
  0.31875000000000009        1.0049429768314597        0.0000000000000000     
  0.32083333333333341       0.99505197676914203        0.0000000000000000     
  0.32291666666666674        1.0047548754039684        0.0000000000000000     
  0.32500000000000007       0.99523650099040639        0.0000000000000000     
  0.32708333333333339        1.0045738603596541        0.0000000000000000     
  0.32916666666666672       0.99541407359330802        0.0000000000000000     
  0.33125000000000004        1.0043996647317681        0.0000000000000000     
  0.33333333333333337       0.99558495646757339        0.0000000000000000     
  0.33541666666666670        1.0042320316110549        0.0000000000000000     
  0.33750000000000002       0.99574940163670433        0.0000000000000000     
  0.33958333333333335        1.0040707137668516        0.0000000000000000     
  0.34166666666666667       0.99590765162967088        0.0000000000000000     
  0.34375000000000000        1.0039154732824684        0.0000000000000000     
  0.34583333333333333       0.99605993983859908        0.0000000000000000     
  0.34791666666666665        1.0037660812042968        0.0000000000000000     
  0.34999999999999998       0.99620649086298607        0.0000000000000000     
  0.35208333333333330        1.0036223172041445        0.0000000000000000     
  0.35416666666666663       0.99634752084094802        0.0000000000000000     
  0.35624999999999996        1.0034839692542898        0.0000000000000000     
  0.35833333333333328       0.99648323776798453        0.0000000000000000     
  0.36041666666666661        1.0033508333147716        0.0000000000000000     
  0.36249999999999993       0.99661384180373924        0.0000000000000000     
  0.36458333333333326        1.0032227130324702        0.0000000000000000     
  0.36666666666666664       0.99673952556720180        0.0000000000000000     
  0.36875000000000002        1.0030994194515117        0.0000000000000000     
  0.37083333333333335       0.99686047442078607        0.0000000000000000     
  0.37291666666666667        1.0029807707346052        0.0000000000000000     
  0.37500000000000000       0.99697686674371122        0.0000000000000000     
  0.37708333333333333        1.0028665918948432        0.0000000000000000     
  0.37916666666666665       0.99708887419508008        0.0000000000000000     
  0.38124999999999998        1.0027567145376366        0.0000000000000000     
  0.38333333333333330       0.99719666196704637        0.0000000000000000     
  0.38541666666666663        1.0026509766123621        0.0000000000000000     
  0.38749999999999996       0.99730038902844675        0.0000000000000000     
  0.38958333333333328        1.0025492221733652        0.0000000000000000     
  0.39166666666666666       0.99740020835925369        0.0000000000000000     
  0.39375000000000004        1.0024513011499605        0.0000000000000000     
  0.39583333333333337       0.99749626717619277        0.0000000000000000     
  0.39791666666666670        1.0023570691251023        0.0000000000000000     
  0.40000000000000002       0.99758870714986458        0.0000000000000000     
  0.40208333333333335        1.0022663871224027        0.0000000000000000     
  0.40416666666666667       0.99767766461368446        0.0000000000000000     
  0.40625000000000000        1.0021791214011591        0.0000000000000000     
  0.40833333333333333       0.99776327076495208        0.0000000000000000     
  0.41041666666666665        1.0020951432591081        0.0000000000000000     
  0.41249999999999998       0.99784565185834306        0.0000000000000000     
  0.41458333333333330        1.0020143288426118        0.0000000000000000     
  0.41666666666666669       0.99792492939211674        0.0000000000000000     
  0.41875000000000007        1.0019365589639964        0.0000000000000000     
  0.42083333333333339       0.99800122028730287        0.0000000000000000     
  0.42291666666666672        1.0018617189257721        0.0000000000000000     
  0.42500000000000004       0.99807463706014232        0.0000000000000000     
  0.42708333333333337        1.0017896983514640        0.0000000000000000     
  0.42916666666666670       0.99814528798802760        0.0000000000000000     
  0.43125000000000002        1.0017203910228407        0.0000000000000000     
  0.43333333333333335       0.99821327726919684        0.0000000000000000     
  0.43541666666666667        1.0016536947232471        0.0000000000000000     
  0.43750000000000000       0.99827870517640516        0.0000000000000000     
  0.43958333333333333        1.0015895110868569        0.0000000000000000     
  0.44166666666666665       0.99834166820481363        0.0000000000000000     
  0.44374999999999998        1.0015277454536002        0.0000000000000000     
  0.44583333333333330       0.99840225921429915        0.0000000000000000     
  0.44791666666666663        1.0014683067295564        0.0000000000000000     
  0.45000000000000001       0.99846056756641166        0.0000000000000000     
  0.45208333333333339        1.0014111072526055        0.0000000000000000     
  0.45416666666666672       0.99851667925616483        0.0000000000000000     
  0.45625000000000004        1.0013560626631315        0.0000000000000000     
  0.45833333333333337       0.99857067703886448        0.0000000000000000     
  0.46041666666666670        1.0013030917796262        0.0000000000000000     
  0.46250000000000002       0.99862264055215944        0.0000000000000000     
  0.46458333333333335        1.0012521164789452        0.0000000000000000     
  0.46666666666666667       0.99867264643349285        0.0000000000000000     
  0.46875000000000000        1.0012030615810930        0.0000000000000000     
  0.47083333333333333       0.99872076843313029        0.0000000000000000     
  0.47291666666666665        1.0011558547383421        0.0000000000000000     
  0.47499999999999998       0.99876707752292859        0.0000000000000000     
  0.47708333333333330        1.0011104263285411        0.0000000000000000     
  0.47916666666666663       0.99881164200100658        0.0000000000000000     
  0.48124999999999996        1.0010667093524233        0.0000000000000000     
  0.48333333333333334       0.99885452759247562        0.0000000000000000     
  0.48541666666666672        1.0010246393348037        0.0000000000000000     
  0.48750000000000004       0.99889579754637059        0.0000000000000000     
  0.48958333333333337        1.0009841542294737        0.0000000000000000     
  0.49166666666666670       0.99893551272893366        0.0000000000000000     
  0.49375000000000002        1.0009451943277212        0.0000000000000000     
  0.49583333333333335       0.99897373171337944        0.0000000000000000     
  0.49791666666666667        1.0009077021702377        0.0000000000000000     
  0.50000000000000000       0.99901051086628323        0.0000000000000000     
  0.50208333333333333        1.0008716224623979        0.0000000000000000     
  0.50416666666666665       0.99904590443070995        0.0000000000000000     
  0.50624999999999998        1.0008369019926979        0.0000000000000000     
  0.50833333333333330       0.99907996460621540        0.0000000000000000     
  0.51041666666666663        1.0008034895542868        0.0000000000000000     
  0.51249999999999996       0.99911274162582975        0.0000000000000000     
  0.51458333333333328        1.0007713358694348        0.0000000000000000     
  0.51666666666666661       0.99914428383014553        0.0000000000000000     
  0.51874999999999993        1.0007403935168646        0.0000000000000000     
  0.52083333333333326       0.99917463773860926        0.0000000000000000     
  0.52291666666666659        1.0007106168618092        0.0000000000000000     
  0.52499999999999991       0.99920384811813123        0.0000000000000000     
  0.52708333333333324        1.0006819619887153        0.0000000000000000     
  0.52916666666666656       0.99923195804910891        0.0000000000000000     
  0.53125000000000000        1.0006543866364566        0.0000000000000000     
  0.53333333333333333       0.99925900898896358        0.0000000000000000     
  0.53541666666666665        1.0006278501360248        0.0000000000000000     
  0.53750000000000009       0.99928504083328185        0.0000000000000000     
  0.53958333333333341        1.0006023133505515        0.0000000000000000     
  0.54166666666666674       0.99931009197465637        0.0000000000000000     
  0.54375000000000007        1.0005777386175707        0.0000000000000000     
  0.54583333333333339       0.99933419935930723        0.0000000000000000     
  0.54791666666666672        1.0005540896934835        0.0000000000000000     
  0.55000000000000004       0.99935739854157368        0.0000000000000000     
  0.55208333333333337        1.0005313317001070        0.0000000000000000     
  0.55416666666666670       0.99937972373634765        0.0000000000000000     
  0.55625000000000002        1.0005094310732205        0.0000000000000000     
  0.55833333333333335       0.99940120786953701        0.0000000000000000     
  0.56041666666666667        1.0004883555130850        0.0000000000000000     
  0.56250000000000000       0.99942188262662479        0.0000000000000000     
  0.56458333333333333        1.0004680739367988        0.0000000000000000     
  0.56666666666666665       0.99944177849940152        0.0000000000000000     
  0.56874999999999998        1.0004485564324419        0.0000000000000000     
  0.57083333333333330       0.99946092483093307        0.0000000000000000     
  0.57291666666666663        1.0004297742149797        0.0000000000000000     
  0.57499999999999996       0.99947934985883902        0.0000000000000000     
  0.57708333333333328        1.0004116995838004        0.0000000000000000     
  0.57916666666666661       0.99949708075693622        0.0000000000000000     
  0.58124999999999993        1.0003943058818632        0.0000000000000000     
  0.58333333333333326       0.99951414367531832        0.0000000000000000     
  0.58541666666666659        1.0003775674563840        0.0000000000000000     
  0.58749999999999991       0.99953056377892013        0.0000000000000000     
  0.58958333333333324        1.0003614596209962        0.0000000000000000     
  0.59166666666666656       0.99954636528463325        0.0000000000000000     
  0.59374999999999989        1.0003459586193542        0.0000000000000000     
  0.59583333333333321       0.99956157149702074        0.0000000000000000     
  0.59791666666666665        1.0003310415900861        0.0000000000000000     
  0.59999999999999998       0.99957620484268939        0.0000000000000000     
  0.60208333333333330        1.0003166865330824        0.0000000000000000     
  0.60416666666666674       0.99959028690336249        0.0000000000000000     
  0.60625000000000007        1.0003028722770495        0.0000000000000000     
  0.60833333333333339       0.99960383844771172        0.0000000000000000     
  0.61041666666666672        1.0002895784482835        0.0000000000000000     
  0.61250000000000004       0.99961687946198519        0.0000000000000000     
  0.61458333333333337        1.0002767854406200        0.0000000000000000     
  0.61666666666666670       0.99962942917948705        0.0000000000000000     
  0.61875000000000002        1.0002644743865241        0.0000000000000000     
  0.62083333333333335       0.99964150610893920        0.0000000000000000     
  0.62291666666666667        1.0002526271292624        0.0000000000000000     
  0.62500000000000000       0.99965312806178219        0.0000000000000000     
  0.62708333333333333        1.0002412261961247        0.0000000000000000     
  0.62916666666666665       0.99966431217844165        0.0000000000000000     
  0.63124999999999998        1.0002302547726558        0.0000000000000000     
  0.63333333333333330       0.99967507495360874        0.0000000000000000     
  0.63541666666666663        1.0002196966778349        0.0000000000000000     
  0.63749999999999996       0.99968543226056716        0.0000000000000000     
  0.63958333333333328        1.0002095363402663        0.0000000000000000     
  0.64166666666666661       0.99969539937460261        0.0000000000000000     
  0.64374999999999993        1.0001997587751497        0.0000000000000000     
  0.64583333333333326       0.99970499099553201        0.0000000000000000     
  0.64791666666666670        1.0001903495622251        0.0000000000000000     
  0.65000000000000002       0.99971422126938392        0.0000000000000000     
  0.65208333333333335        1.0001812948244850        0.0000000000000000     
  0.65416666666666679       0.99972310380925922        0.0000000000000000     
  0.65625000000000011        1.0001725812077127        0.0000000000000000     
  0.65833333333333344       0.99973165171541034        0.0000000000000000     
  0.66041666666666676        1.0001641958607921        0.0000000000000000     
  0.66250000000000009       0.99973987759456218        0.0000000000000000     
  0.66458333333333341        1.0001561264167440        0.0000000000000000     
  0.66666666666666674       0.99974779357850208        0.0000000000000000     
  0.66875000000000007        1.0001483609744986        0.0000000000000000     
  0.67083333333333339       0.99975541134197599        0.0000000000000000     
  0.67291666666666672        1.0001408880813245        0.0000000000000000     
  0.67500000000000004       0.99976274211990313        0.0000000000000000     
  0.67708333333333337        1.0001336967159753        0.0000000000000000     
  0.67916666666666670       0.99976979672394906        0.0000000000000000     
  0.68125000000000002        1.0001267762723844        0.0000000000000000     
  0.68333333333333335       0.99977658555846749        0.0000000000000000     
  0.68541666666666667        1.0001201165440698        0.0000000000000000     
  0.68750000000000000       0.99978311863584823        0.0000000000000000     
  0.68958333333333333        1.0001137077090503        0.0000000000000000     
  0.69166666666666665       0.99978940559128193        0.0000000000000000     
  0.69374999999999998        1.0001075403153681        0.0000000000000000     
  0.69583333333333330       0.99979545569696948        0.0000000000000000     
  0.69791666666666663        1.0001016052671583        0.0000000000000000     
  0.69999999999999996       0.99980127787580053        0.0000000000000000     
  0.70208333333333328        1.0000958938112197        0.0000000000000000     
  0.70416666666666661       0.99980688071450907        0.0000000000000000     
  0.70624999999999993        1.0000903975241171        0.0000000000000000     
  0.70833333333333326       0.99981227247633975        0.0000000000000000     
  0.71041666666666659        1.0000851082997559        0.0000000000000000     
  0.71249999999999991       0.99981746111323522        0.0000000000000000     
  0.71458333333333335        1.0000800183374130        0.0000000000000000     
  0.71666666666666667       0.99982245427756211        0.0000000000000000     
  0.71875000000000000        1.0000751201302505        0.0000000000000000     
  0.72083333333333344       0.99982725933339767        0.0000000000000000     
  0.72291666666666676        1.0000704064542425        0.0000000000000000     
  0.72500000000000009       0.99983188336739159        0.0000000000000000     
  0.72708333333333341        1.0000658703575005        0.0000000000000000     
  0.72916666666666674       0.99983633319921639        0.0000000000000000     
  0.73125000000000007        1.0000615051500532        0.0000000000000000     
  0.73333333333333339       0.99984061539162528        0.0000000000000000     
  0.73541666666666672        1.0000573043939536        0.0000000000000000     
  0.73750000000000004       0.99984473626013215        0.0000000000000000     
  0.73958333333333337        1.0000532618937856        0.0000000000000000     
  0.74166666666666670       0.99984870188232522        0.0000000000000000     
  0.74375000000000002        1.0000493716875416        0.0000000000000000     
  0.74583333333333335       0.99985251810683007        0.0000000000000000     
  0.74791666666666667        1.0000456280378291        0.0000000000000000     
  0.75000000000000000       0.99985619056193609        0.0000000000000000     
  0.75208333333333333        1.0000420254233928        0.0000000000000000     
  0.75416666666666665       0.99985972466389716        0.0000000000000000     
  0.75624999999999998        1.0000385585309790        0.0000000000000000     
  0.75833333333333330       0.99986312562491919        0.0000000000000000     
  0.76041666666666663        1.0000352222475026        0.0000000000000000     
  0.76249999999999996       0.99986639846084790        0.0000000000000000     
  0.76458333333333339        1.0000320116525108        0.0000000000000000     
  0.76666666666666672       0.99986954799856587        0.0000000000000000     
  0.76875000000000004        1.0000289220109173        0.0000000000000000     
  0.77083333333333348       0.99987257888311143        0.0000000000000000     
  0.77291666666666681        1.0000259487660104        0.0000000000000000     
  0.77500000000000013       0.99987549558452948        0.0000000000000000     
  0.77708333333333346        1.0000230875327669        0.0000000000000000     
  0.77916666666666679       0.99987830240446396        0.0000000000000000     
  0.78125000000000011        1.0000203340913412        0.0000000000000000     
  0.78333333333333344       0.99988100348250286        0.0000000000000000     
  0.78541666666666676        1.0000176843808715        0.0000000000000000     
  0.78750000000000009       0.99988360280228161        0.0000000000000000     
  0.78958333333333341        1.0000151344934798        0.0000000000000000     
  0.79166666666666674       0.99988610419735990        0.0000000000000000     
  0.79375000000000007        1.0000126806685146        0.0000000000000000     
  0.79583333333333339       0.99988851135687473        0.0000000000000000     
  0.79791666666666672        1.0000103192869936        0.0000000000000000     
  0.80000000000000004       0.99989082783098138        0.0000000000000000     
  0.80052083333333335       0.99749693113546090        0.0000000000000000     
  0.80104166666666665       0.99469804605175471        0.0000000000000000     
  0.80156249999999996       0.99227419644000481        0.0000000000000000     
  0.80208333333333337       0.98950304895668917        0.0000000000000000     
  0.80260416666666679       0.98705351321576251        0.0000000000000000     
  0.80312500000000009       0.98430615211709316        0.0000000000000000     
  0.80364583333333339       0.98183458923106415        0.0000000000000000     
  0.80416666666666670       0.97910762615120339        0.0000000000000000     
  0.80468750000000000       0.97661717388257929        0.0000000000000000     
  0.80520833333333330       0.97390770312774078        0.0000000000000000     
  0.80572916666666661       0.97140105226537554        0.0000000000000000     
  0.80625000000000002       0.96870658205728288        0.0000000000000000     
  0.80677083333333344       0.96618604008768372        0.0000000000000000     
  0.80729166666666674       0.96350443360139026        0.0000000000000000     
  0.80781250000000004       0.96097197931006406        0.0000000000000000     
  0.80833333333333335       0.95830140411091769        0.0000000000000000     
  0.80885416666666665       0.95575873440576142        0.0000000000000000     
  0.80937499999999996       0.95309761908906798        0.0000000000000000     
  0.80989583333333326       0.95054618915378231        0.0000000000000000     
  0.81041666666666667       0.94789318616113738        0.0000000000000000     
  0.81093750000000009       0.94533424388878828        0.0000000000000000     
  0.81145833333333339       0.94268819762122025        0.0000000000000000     
  0.81197916666666670       0.94012281314275381        0.0000000000000000     
  0.81250000000000000       0.93748273261613591        0.0000000000000000     
  0.81302083333333330       0.93491182362255210        0.0000000000000000     
  0.81354166666666661       0.93227685901825419        0.0000000000000000     
  0.81406249999999991       0.92970121247565007        0.0000000000000000     
  0.81458333333333333       0.92707063503153908        0.0000000000000000     
  0.81510416666666674       0.92449092580284431        0.0000000000000000     
  0.81562500000000004       0.92186411056881079        0.0000000000000000     
  0.81614583333333335       0.91928091738286466        0.0000000000000000     
  0.81666666666666665       0.91665732843281855        0.0000000000000000     
  0.81718749999999996       0.91407114757864993        0.0000000000000000     
  0.81770833333333326       0.91145032532906922        0.0000000000000000     
  0.81822916666666656       0.90886158239943116        0.0000000000000000     
  0.81874999999999998       0.90624313273437529        0.0000000000000000     
  0.81927083333333339       0.90365219269641639        0.0000000000000000     
  0.81979166666666670       0.90103577764168574        0.0000000000000000     
  0.82031250000000000       0.89844295347305714        0.0000000000000000     
  0.82083333333333330       0.89582828319880881        0.0000000000000000     
  0.82135416666666661       0.89323384329355449        0.0000000000000000     
  0.82187499999999991       0.89062066925614991        0.0000000000000000     
  0.82239583333333321       0.88802484377563717        0.0000000000000000     
  0.82291666666666663       0.88541295283643018        0.0000000000000000     
  0.82343750000000004       0.88281593915558243        0.0000000000000000     
  0.82395833333333335       0.88020514853748721        0.0000000000000000     
  0.82447916666666665       0.87760711591521012        0.0000000000000000     
  0.82499999999999996       0.87499726887769824        0.0000000000000000     
  0.82552083333333326       0.87239836246199909        0.0000000000000000     
  0.82604166666666656       0.86978932459220237        0.0000000000000000     
  0.82656249999999987       0.86718966885478266        0.0000000000000000     
  0.82708333333333328       0.86458132488691819        0.0000000000000000     
  0.82760416666666670       0.86198102656850961        0.0000000000000000     
  0.82812500000000000       0.85937327765638338        0.0000000000000000     
  0.82864583333333330       0.85677242829252331        0.0000000000000000     
  0.82916666666666661       0.85416518967056110        0.0000000000000000     
  0.82968749999999991       0.85156386775756565        0.0000000000000000     
  0.83020833333333333       0.84895706673503391        0.0000000000000000     
  0.83072916666666674       0.84635533958743381        0.0000000000000000     
  0.83125000000000004       0.84374891382838035        0.0000000000000000     
  0.83177083333333335       0.84114683917176725        0.0000000000000000     
  0.83229166666666665       0.83854073521998218        0.0000000000000000     
  0.83281249999999996       0.83593836255694598        0.0000000000000000     
  0.83333333333333337       0.83333253457104661        0.0000000000000000     
  0.83385416666666679       0.83072990635254329        0.0000000000000000     
  0.83437500000000009       0.82812431502124451        0.0000000000000000     
  0.83489583333333339       0.82552146765110168        0.0000000000000000     
  0.83541666666666670       0.82291607926300114        0.0000000000000000     
  0.83593750000000000       0.82031304395932669        0.0000000000000000     
  0.83645833333333341       0.81770782960520472        0.0000000000000000     
  0.83697916666666683       0.81510463313909276        0.0000000000000000     
  0.83750000000000013       0.81249956802784462        0.0000000000000000     
  0.83802083333333344       0.80989623335685390        0.0000000000000000     
  0.83854166666666674       0.80729129622886042        0.0000000000000000     
  0.83906250000000004       0.80468784304024887        0.0000000000000000     
  0.83958333333333346       0.80208301566431950        0.0000000000000000     
  0.84010416666666687       0.79947946084089827        0.0000000000000000     
  0.84062500000000018       0.79687472758287459        0.0000000000000000     
  0.84114583333333348       0.79427108560250370        0.0000000000000000     
  0.84166666666666679       0.79166643305530759        0.0000000000000000     
  0.84218750000000009       0.78906271633347624        0.0000000000000000     
  0.84270833333333339       0.78645813299986655        0.0000000000000000     
  0.84322916666666670       0.78385435218348165        0.0000000000000000     
  0.84375000000000011       0.78124982820399691        0.0000000000000000     
  0.84427083333333353       0.77864599242331356        0.0000000000000000     
  0.84479166666666683       0.77604151934297005        0.0000000000000000     
  0.84531250000000013       0.77343763642764385        0.0000000000000000     
  0.84583333333333344       0.77083320699586855        0.0000000000000000     
  0.84635416666666674       0.76822928366021981        0.0000000000000000     
  0.84687500000000004       0.76562489165928260        0.0000000000000000     
  0.84739583333333335       0.76302093366117785        0.0000000000000000     
  0.84791666666666676       0.76041657375906313        0.0000000000000000     
  0.84843750000000018       0.75781258603616175        0.0000000000000000     
  0.84895833333333348       0.75520825366039923        0.0000000000000000     
  0.84947916666666679       0.75260424044699425        0.0000000000000000     
  0.85000000000000009       0.74999993167645973        0.0000000000000000     
  0.85052083333333339       0.74739589660366901        0.0000000000000000     
  0.85104166666666670       0.74479160807580125        0.0000000000000000     
  0.85156250000000000       0.74218755425748917        0.0000000000000000     
  0.85208333333333341       0.73958328308872501        0.0000000000000000     
  0.85260416666666683       0.73697921319518633        0.0000000000000000     
  0.85312500000000013       0.73437495691272570        0.0000000000000000     
  0.85364583333333344       0.73177087323387491        0.0000000000000000     
  0.85416666666666674       0.72916662971716661        0.0000000000000000     
  0.85468750000000004       0.72656253421671713        0.0000000000000000     
  0.85520833333333335       0.72395830164728225        0.0000000000000000     
  0.85572916666666665       0.72135419600921979        0.0000000000000000     
  0.85625000000000007       0.71874997282762054        0.0000000000000000     
  0.85677083333333348       0.71614585849604506        0.0000000000000000     
  0.85729166666666679       0.71354164336498715        0.0000000000000000     
  0.85781250000000009       0.71093752157828882        0.0000000000000000     
  0.85833333333333339       0.70833331335097294        0.0000000000000000     
  0.85885416666666670       0.70572918517113292        0.0000000000000000     
  0.85937500000000000       0.70312498286412317        0.0000000000000000     
  0.85989583333333330       0.70052084920184254        0.0000000000000000     
  0.86041666666666672       0.69791665197179176        0.0000000000000000     
  0.86093750000000013       0.69531251360804236        0.0000000000000000     
  0.86145833333333344       0.69270832073174005        0.0000000000000000     
  0.86197916666666674       0.69010417833624638        0.0000000000000000     
  0.86250000000000004       0.68749998919350130        0.0000000000000000     
  0.86302083333333335       0.68489584334058418        0.0000000000000000     
  0.86354166666666665       0.68229165739955144        0.0000000000000000     
  0.86406249999999996       0.67968750858172045        0.0000000000000000     
  0.86458333333333337       0.67708332538631699        0.0000000000000000     
  0.86510416666666679       0.67447917402592172        0.0000000000000000     
  0.86562500000000009       0.67187499318503408        0.0000000000000000     
  0.86614583333333339       0.66927083964426404        0.0000000000000000     
  0.86666666666666670       0.66666666082249149        0.0000000000000000     
  0.86718750000000000       0.66406250541194112        0.0000000000000000     
  0.86770833333333330       0.66145832832166018        0.0000000000000000     
  0.86822916666666661       0.65885417130767820        0.0000000000000000     
  0.86875000000000002       0.65624999570223841        0.0000000000000000     
  0.86927083333333344       0.65364583731323278        0.0000000000000000     
  0.86979166666666674       0.65104166298112043        0.0000000000000000     
  0.87031250000000004       0.64843750341296391        0.0000000000000000     
  0.87083333333333335       0.64583333017279243        0.0000000000000000     
  0.87135416666666665       0.64322916959345489        0.0000000000000000     
  0.87187499999999996       0.64062499728967781        0.0000000000000000     
  0.87239583333333326       0.63802083584320168        0.0000000000000000     
  0.87291666666666667       0.63541666434242905        0.0000000000000000     
  0.87343750000000009       0.63281250215233742        0.0000000000000000     
  0.87395833333333339       0.63020833134018261        0.0000000000000000     
  0.87447916666666670       0.62760416851240464        0.0000000000000000     
  0.87500000000000000       0.62499999829077357        0.0000000000000000     
  0.87552083333333330       0.62239583491614636        0.0000000000000000     
  0.87604166666666661       0.61979166520091966        0.0000000000000000     
  0.87656249999999991       0.61718750135734213        0.0000000000000000     
  0.87708333333333333       0.61458333207638183        0.0000000000000000     
  0.87760416666666674       0.61197916783065487        0.0000000000000000     
  0.87812500000000004       0.60937499892210056        0.0000000000000000     
  0.87864583333333335       0.60677083433151191        0.0000000000000000     
  0.87916666666666665       0.60416666574231415        0.0000000000000000     
  0.87968749999999996       0.60156250085598850        0.0000000000000000     
  0.88020833333333326       0.59895833254065556        0.0000000000000000     
  0.88072916666666656       0.59635416740072011        0.0000000000000000     
  0.88124999999999998       0.59374999932023875        0.0000000000000000     
  0.88177083333333339       0.59114583396282039        0.0000000000000000     
  0.88229166666666670       0.58854166608373704        0.0000000000000000     
  0.88281250000000000       0.58593750053981697        0.0000000000000000     
  0.88333333333333330       0.58333333283344202        0.0000000000000000     
  0.88385416666666661       0.58072916712958744        0.0000000000000000     
  0.88437499999999991       0.57812499957131824        0.0000000000000000     
  0.88489583333333321       0.57552083373031149        0.0000000000000000     
  0.88541666666666663       0.57291666629905036        0.0000000000000000     
  0.88593750000000004       0.57031250034042813        0.0000000000000000     
  0.88645833333333335       0.56770833301808354        0.0000000000000000     
  0.88697916666666665       0.56510416695860144        0.0000000000000000     
  0.88749999999999996       0.56249999972965781        0.0000000000000000     
  0.88802083333333326       0.55989583358368256        0.0000000000000000     
  0.88854166666666656       0.55729166643483474        0.0000000000000000     
  0.88906249999999987       0.55468750021468749        0.0000000000000000     
  0.88958333333333328       0.55208333313452573        0.0000000000000000     
  0.89010416666666670       0.54947916685077125        0.0000000000000000     
  0.89062500000000000       0.54687499982951193        0.0000000000000000     
  0.89114583333333330       0.54427083349121264        0.0000000000000000     
  0.89166666666666661       0.54166666652046502        0.0000000000000000     
  0.89218749999999991       0.53906250013539025        0.0000000000000000     
  0.89270833333333321       0.53645833320795844        0.0000000000000000     
  0.89322916666666652       0.53385416678277087        0.0000000000000000     
  0.89374999999999993       0.53124999989248467        0.0000000000000000     
  0.89427083333333335       0.52864583343289806        0.0000000000000000     
  0.89479166666666665       0.52604166657446694        0.0000000000000000     
  0.89531249999999996       0.52343750008538237        0.0000000000000000     
  0.89583333333333326       0.52083333325426739        0.0000000000000000     
  0.89635416666666656       0.51822916673988617        0.0000000000000000     
  0.89687499999999998       0.51562499993219713        0.0000000000000000     
  0.89739583333333339       0.51302083339612203        0.0000000000000000     
  0.89791666666666670       0.51041666660852203        0.0000000000000000     
  0.89843750000000000       0.50781250005384504        0.0000000000000000     
  0.89895833333333330       0.50520833328347192        0.0000000000000000     
  0.89947916666666661       0.50260416671284169        0.0000000000000000     
  0.90000000000000002       0.49999999995724126        0.0000000000000000     
  0.90052083333333344       0.49739583337292848        0.0000000000000000     
  0.90104166666666674       0.49479166662999868        0.0000000000000000     
  0.90156250000000004       0.49218750003395478        0.0000000000000000     
  0.90208333333333335       0.48958333330188891        0.0000000000000000     
  0.90260416666666665       0.48697916669578500        0.0000000000000000     
  0.90312500000000007       0.48437499997303424        0.0000000000000000     
  0.90364583333333348       0.48177083335830279        0.0000000000000000     
  0.90416666666666679       0.47916666664354207        0.0000000000000000     
  0.90468750000000009       0.47656250002141282        0.0000000000000000     
  0.90520833333333339       0.47395833331350296        0.0000000000000000     
  0.90572916666666670       0.47135416668502955        0.0000000000000000     
  0.90625000000000011       0.46874999998299410        0.0000000000000000     
  0.90677083333333353       0.46614583334907950        0.0000000000000000     
  0.90729166666666683       0.46354166665208285        0.0000000000000000     
  0.90781250000000013       0.46093750001350325        0.0000000000000000     
  0.90833333333333344       0.45833333332082732        0.0000000000000000     
  0.90885416666666674       0.45572916667824631        0.0000000000000000     
  0.90937500000000004       0.45312499998927558        0.0000000000000000     
  0.90989583333333335       0.45052083334326376        0.0000000000000000     
  0.91041666666666676       0.44791666665746971        0.0000000000000000     
  0.91093750000000018       0.44531250000851497        0.0000000000000000     
  0.91145833333333348       0.44270833332544607        0.0000000000000000     
  0.91197916666666679       0.44010416667396868        0.0000000000000000     
  0.91250000000000009       0.43749999999323641        0.0000000000000000     
  0.91302083333333339       0.43489583333959531        0.0000000000000000     
  0.91354166666666670       0.43229166666086710        0.0000000000000000     
  0.91406250000000000       0.42968750000537015        0.0000000000000000     
  0.91458333333333341       0.42708333332835957        0.0000000000000000     
  0.91510416666666683       0.42447916667127095        0.0000000000000000     
  0.91562500000000013       0.42187499999573397        0.0000000000000000     
  0.91614583333333344       0.41927083333728199        0.0000000000000000     
  0.91666666666666674       0.41666666666300850        0.0000000000000000     
  0.91718750000000004       0.41406250000338662        0.0000000000000000     
  0.91770833333333335       0.41145833333019644        0.0000000000000000     
  0.91822916666666665       0.40885416666957097        0.0000000000000000     
  0.91875000000000007       0.40624999999730949        0.0000000000000000     
  0.91927083333333348       0.40364583333582316        0.0000000000000000     
  0.91979166666666679       0.40104166666435881        0.0000000000000000     
  0.92031250000000009       0.39843750000213540        0.0000000000000000     
  0.92083333333333339       0.39583333333135445        0.0000000000000000     
  0.92135416666666670       0.39322916666849822        0.0000000000000000     
  0.92187500000000000       0.39062499999830319        0.0000000000000000     
  0.92239583333333330       0.38802083333490439        0.0000000000000000     
  0.92291666666666672       0.38541666666521118        0.0000000000000000     
  0.92343750000000013       0.38281250000134648        0.0000000000000000     
  0.92395833333333344       0.38020833333208492        0.0000000000000000     
  0.92447916666666674       0.37760416666782143        0.0000000000000000     
  0.92500000000000004       0.37499999999892947        0.0000000000000000     
  0.92552083333333335       0.37239583333432386        0.0000000000000000     
  0.92604166666666665       0.36979166666574892        0.0000000000000000     
  0.92656249999999996       0.36718750000084965        0.0000000000000000     
  0.92708333333333337       0.36458333333254589        0.0000000000000000     
  0.92760416666666679       0.36197916666739455        0.0000000000000000     
  0.92812500000000009       0.35937499999932426        0.0000000000000000     
  0.92864583333333339       0.35677083333395776        0.0000000000000000     
  0.92916666666666670       0.35416666666608737        0.0000000000000000     
  0.92968750000000000       0.35156250000053579        0.0000000000000000     
  0.93020833333333330       0.34895833333283671        0.0000000000000000     
  0.93072916666666661       0.34635416666712648        0.0000000000000000     
  0.93125000000000002       0.34374999999957384        0.0000000000000000     
  0.93177083333333344       0.34114583333372689        0.0000000000000000     
  0.93229166666666674       0.33854166666630070        0.0000000000000000     
  0.93281250000000004       0.33593750000033756        0.0000000000000000     
  0.93333333333333335       0.33333333333301984        0.0000000000000000     
  0.93385416666666665       0.33072916666695679        0.0000000000000000     
  0.93437499999999996       0.32812499999973149        0.0000000000000000     
  0.93489583333333326       0.32552083333358245        0.0000000000000000     
  0.93541666666666667       0.32291666666643615        0.0000000000000000     
  0.93593750000000009       0.32031250000021289        0.0000000000000000     
  0.93645833333333339       0.31770833333313536        0.0000000000000000     
  0.93697916666666670       0.31510416666684937        0.0000000000000000     
  0.93750000000000000       0.31249999999983052        0.0000000000000000     
  0.93802083333333330       0.30989583333349008        0.0000000000000000     
  0.93854166666666661       0.30729166666652152        0.0000000000000000     
  0.93906249999999991       0.30468750000013478        0.0000000000000000     
  0.93958333333333333       0.30208333333320875        0.0000000000000000     
  0.94010416666666674       0.29947916666678148        0.0000000000000000     
  0.94062500000000004       0.29687499999989292        0.0000000000000000     
  0.94114583333333335       0.29427083333343207        0.0000000000000000     
  0.94166666666666665       0.29166666666657520        0.0000000000000000     
  0.94218749999999996       0.28906250000008477        0.0000000000000000     
  0.94270833333333326       0.28645833333325532        0.0000000000000000     
  0.94322916666666656       0.28385416666673968        0.0000000000000000     
  0.94374999999999998       0.28124999999993294        0.0000000000000000     
  0.94427083333333339       0.27864583333339515        0.0000000000000000     
  0.94479166666666670       0.27604166666660879        0.0000000000000000     
  0.94531250000000000       0.27343750000005329        0.0000000000000000     
  0.94583333333333330       0.27083333333328397        0.0000000000000000     
  0.94635416666666661       0.26822916666671276        0.0000000000000000     
  0.94687499999999991       0.26562499999995809        0.0000000000000000     
  0.94739583333333321       0.26302083333337317        0.0000000000000000     
  0.94791666666666663       0.26041666666663055        0.0000000000000000     
  0.94843750000000004       0.25781250000003331        0.0000000000000000     
  0.94895833333333335       0.25520833333330223        0.0000000000000000     
  0.94947916666666665       0.25260416666669544        0.0000000000000000     
  0.94999999999999996       0.24999999999997344        0.0000000000000000     
  0.95052083333333326       0.24739583333335877        0.0000000000000000     
  0.95104166666666656       0.24479166666664420        0.0000000000000000     
  0.95156249999999987       0.24218750000002215        0.0000000000000000     
  0.95208333333333328       0.23958333333331389        0.0000000000000000     
  0.95260416666666670       0.23697916666668492        0.0000000000000000     
  0.95312500000000000       0.23437499999998307        0.0000000000000000     
  0.95364583333333330       0.23177083333334936        0.0000000000000000     
  0.95416666666666661       0.22916666666665236        0.0000000000000000     
  0.95468749999999991       0.22656250000001399        0.0000000000000000     
  0.95520833333333321       0.22395833333332144        0.0000000000000000     
  0.95572916666666652       0.22135416666667909        0.0000000000000000     
  0.95624999999999993       0.21874999999998956        0.0000000000000000     
  0.95677083333333335       0.21614583333334350        0.0000000000000000     
  0.95729166666666665       0.21354166666665739        0.0000000000000000     
  0.95781249999999996       0.21093750000000905        0.0000000000000000     
  0.95833333333333326       0.20833333333332571        0.0000000000000000     
  0.95885416666666656       0.20572916666667482        0.0000000000000000     
  0.95937499999999987       0.20312499999999387        0.0000000000000000     
  0.95989583333333317       0.20052083333334067        0.0000000000000000     
  0.96041666666666659       0.19791666666666122        0.0000000000000000     
  0.96093750000000000       0.19531250000000558        0.0000000000000000     
  0.96145833333333330       0.19270833333332849        0.0000000000000000     
  0.96197916666666661       0.19010416666667176        0.0000000000000000     
  0.96249999999999991       0.18749999999999611        0.0000000000000000     
  0.96302083333333321       0.18489583333333809        0.0000000000000000     
  0.96354166666666663       0.18229166666666313        0.0000000000000000     
  0.96406250000000004       0.17968750000000336        0.0000000000000000     
  0.96458333333333335       0.17708333333333012        0.0000000000000000     
  0.96510416666666665       0.17447916666666988        0.0000000000000000     
  0.96562499999999996       0.17187499999999747        0.0000000000000000     
  0.96614583333333326       0.16927083333333642        0.0000000000000000     
  0.96666666666666667       0.16666666666666435        0.0000000000000000     
  0.96718750000000009       0.16406250000000183        0.0000000000000000     
  0.96770833333333339       0.16145833333333115        0.0000000000000000     
  0.96822916666666670       0.15885416666666846        0.0000000000000000     
  0.96875000000000000       0.15624999999999842        0.0000000000000000     
  0.96927083333333330       0.15364583333333520        0.0000000000000000     
  0.96979166666666672       0.15104166666666496        0.0000000000000000     
  0.97031250000000013       0.14843750000000075        0.0000000000000000     
  0.97083333333333344       0.14583333333333165        0.0000000000000000     
  0.97135416666666674       0.14322916666666760        0.0000000000000000     
  0.97187500000000004       0.14062499999999883        0.0000000000000000     
  0.97239583333333335       0.13802083333333440        0.0000000000000000     
  0.97291666666666676       0.13541666666666538        0.0000000000000000     
  0.97343750000000018       0.13281250000000003        0.0000000000000000     
  0.97395833333333348       0.13020833333333193        0.0000000000000000     
  0.97447916666666679       0.12760416666666691        0.0000000000000000     
  0.97500000000000009       0.12499999999999901        0.0000000000000000     
  0.97552083333333339       0.12239583333333365        0.0000000000000000     
  0.97604166666666670       0.11979166666666612        0.0000000000000000     
  0.97656250000000000       0.11718750000000054        0.0000000000000000     
  0.97708333333333341       0.11458333333333261        0.0000000000000000     
  0.97760416666666683       0.11197916666666628        0.0000000000000000     
  0.97812500000000013       0.10937499999999906        0.0000000000000000     
  0.97916666666666674       0.10416666666666659        0.0000000000000000     
  0.98020833333333335        9.8958333333333065E-002   0.0000000000000000     
  0.98072916666666665        9.6354166666667032E-002   0.0000000000000000     
  0.98125000000000007        9.3749999999999556E-002   0.0000000000000000     
  0.98177083333333348        9.1145833333332871E-002   0.0000000000000000     
  0.98229166666666679        8.8541666666666047E-002   0.0000000000000000     
  0.98281250000000009        8.5937499999999778E-002   0.0000000000000000     
  0.98333333333333339        8.3333333333332968E-002   0.0000000000000000     
  0.98385416666666670        8.0729166666666560E-002   0.0000000000000000     
  0.98437500000000000        7.8124999999999931E-002   0.0000000000000000     
  0.98489583333333330        7.5520833333333509E-002   0.0000000000000000     
  0.98541666666666672        7.2916666666666310E-002   0.0000000000000000     
  0.98645833333333344        6.7708333333332885E-002   0.0000000000000000     
  0.98697916666666674        6.5104166666666213E-002   0.0000000000000000     
  0.98750000000000004        6.2499999999999833E-002   0.0000000000000000     
  0.98854166666666665        5.7291666666666644E-002   0.0000000000000000     
  0.98906249999999996        5.4687500000000284E-002   0.0000000000000000     
  0.98958333333333337        5.2083333333333086E-002   0.0000000000000000     
  0.99062500000000009        4.6874999999999563E-002   0.0000000000000000     
  0.99166666666666670        4.1666666666666435E-002   0.0000000000000000     
  0.99270833333333330        3.6458333333333544E-002   0.0000000000000000     
  0.99322916666666661        3.3854166666666845E-002   0.0000000000000000     
  0.99375000000000002        3.1249999999999948E-002   0.0000000000000000     
  0.99427083333333344        2.8645833333332722E-002   0.0000000000000000     
  0.99479166666666674        2.6041666666666342E-002   0.0000000000000000     
  0.99583333333333335        2.0833333333333176E-002   0.0000000000000000     
  0.99687499999999996        1.5625000000000441E-002   0.0000000000000000     
  0.99791666666666667        1.0416666666666564E-002   0.0000000000000000     
  0.99843750000000009        7.8124999999995498E-003   0.0000000000000000     
  0.99895833333333339        5.2083333333329766E-003   0.0000000000000000     
   1.0000000000000000        0.0000000000000000        0.0000000000000000     
