X My_beautiful_solution_real My_beautiful_solution_imag
   0.0000000000000000        0.0000000000000000        0.0000000000000000     
   8.3333333333333332E-003   2.5821996666343132        0.0000000000000000     
   1.6666666666666666E-002   4.2823859932058653E-003   0.0000000000000000     
   2.5000000000000001E-002   2.6113102015318113        0.0000000000000000     
   3.3333333333333333E-002   8.4453101632953661E-003   0.0000000000000000     
   4.1666666666666671E-002   2.6405407730486865        0.0000000000000000     
   5.0000000000000003E-002   1.2487620152085177E-002   0.0000000000000000     
   5.8333333333333334E-002   2.6698925390877513        0.0000000000000000     
   6.6666666666666666E-002   1.6408152485460667E-002   0.0000000000000000     
   7.5000000000000011E-002   2.6993666687212277        0.0000000000000000     
   8.3333333333333343E-002   2.0205732466149238E-002   0.0000000000000000     
   9.1666666666666674E-002   2.7289643422985046        0.0000000000000000     
  0.10000000000000001        2.3879174065458860E-002   0.0000000000000000     
  0.10833333333333334        2.7586867515549045        0.0000000000000000     
  0.11666666666666667        2.7427279813972520E-002   0.0000000000000000     
  0.12500000000000000        2.7885350997215279        0.0000000000000000     
  0.13333333333333333        3.0848840691188154E-002   0.0000000000000000     
  0.14166666666666666        2.8185106016361363        0.0000000000000000     
  0.14999999999999999        3.4142636014093959E-002   0.0000000000000000     
  0.15833333333333333        2.8486144838551151        0.0000000000000000     
  0.16666666666666666        3.7307433324669022E-002   0.0000000000000000     
  0.17499999999999999        2.8788479847665118        0.0000000000000000     
  0.18333333333333335        4.0341988276298375E-002   0.0000000000000000     
  0.19166666666666668        2.9092123547041830        0.0000000000000000     
  0.20000000000000001        4.3245044519093820E-002   0.0000000000000000     
  0.20833333333333334        2.9397088560630009        0.0000000000000000     
  0.21666666666666667        4.6015333584105658E-002   0.0000000000000000     
  0.22500000000000001        2.9703387634152114        0.0000000000000000     
  0.23333333333333334        4.8651574766420479E-002   0.0000000000000000     
  0.24166666666666667        3.0011033636279052        0.0000000000000000     
  0.25000000000000000        5.1152475007129647E-002   0.0000000000000000     
  0.25833333333333336        3.0320039559816014        0.0000000000000000     
  0.26666666666666672        5.3516728774160013E-002   0.0000000000000000     
  0.27500000000000002        3.0630418522900023        0.0000000000000000     
  0.28333333333333338        5.5743017941952896E-002   0.0000000000000000     
  0.29166666666666674        3.0942183770208929        0.0000000000000000     
  0.30000000000000004        5.7830011669988517E-002   0.0000000000000000     
  0.30833333333333335        3.1255348674181977        0.0000000000000000     
  0.31666666666666671        5.9776366280127675E-002   0.0000000000000000     
  0.32500000000000007        3.1569926736252243        0.0000000000000000     
  0.33333333333333337        6.1580725132784848E-002   0.0000000000000000     
  0.34166666666666667        3.1885931588090966        0.0000000000000000     
  0.34999999999999998        6.3241718501890906E-002   0.0000000000000000     
  0.35833333333333328        3.2203376992863815        0.0000000000000000     
  0.36666666666666664        6.4757963448663830E-002   0.0000000000000000     
  0.37500000000000000        3.2522276846499421        0.0000000000000000     
  0.38333333333333330        6.6128063694154152E-002   0.0000000000000000     
  0.39166666666666666        3.2842645178969887        0.0000000000000000     
  0.40000000000000002        6.7350609490558891E-002   0.0000000000000000     
  0.40833333333333333        3.3164496155583931        0.0000000000000000     
  0.41666666666666669        6.8424177491301280E-002   0.0000000000000000     
  0.42500000000000004        3.3487844078292328        0.0000000000000000     
  0.43333333333333335        6.9347330619855041E-002   0.0000000000000000     
  0.44166666666666665        3.3812703387005953        0.0000000000000000     
  0.45000000000000001        7.0118617937295541E-002   0.0000000000000000     
  0.45833333333333337        3.4139088660926675        0.0000000000000000     
  0.46666666666666667        7.0736574508588168E-002   0.0000000000000000     
  0.47499999999999998        3.4467014619890861        0.0000000000000000     
  0.48333333333333334        7.1199721267569530E-002   0.0000000000000000     
  0.49166666666666670        3.4796496125726177        0.0000000000000000     
  0.50000000000000000        7.1506564880643983E-002   0.0000000000000000     
  0.50833333333333330        3.5127548183620991        0.0000000000000000     
  0.51666666666666661        7.1655597609147900E-002   0.0000000000000000     
  0.52499999999999991        3.5460185943507545        0.0000000000000000     
  0.53333333333333333        7.1645297170401426E-002   0.0000000000000000     
  0.54166666666666674        3.5794424701457954        0.0000000000000000     
  0.55000000000000004        7.1474126597410981E-002   0.0000000000000000     
  0.55833333333333335        3.6130279901094111        0.0000000000000000     
  0.56666666666666665        7.1140534097219432E-002   0.0000000000000000     
  0.57499999999999996        3.6467767135010720        0.0000000000000000     
  0.58333333333333326        7.0642952907893047E-002   0.0000000000000000     
  0.59166666666666656        3.6806902146212739        0.0000000000000000     
  0.59999999999999998        6.9979801154125998E-002   0.0000000000000000     
  0.60833333333333339        3.7147700829565924        0.0000000000000000     
  0.61666666666666670        6.9149481701454366E-002   0.0000000000000000     
  0.62500000000000000        3.7490179233261700        0.0000000000000000     
  0.63333333333333330        6.8150382009060484E-002   0.0000000000000000     
  0.64166666666666661        3.7834353560296501        0.0000000000000000     
  0.65000000000000002        6.6980873981160885E-002   0.0000000000000000     
  0.65833333333333344        3.8180240169964721        0.0000000000000000     
  0.66666666666666674        6.5639313816959935E-002   0.0000000000000000     
  0.67500000000000004        3.8527855579366523        0.0000000000000000     
  0.68333333333333335        6.4124041859153172E-002   0.0000000000000000     
  0.69166666666666665        3.8877216464930253        0.0000000000000000     
  0.69999999999999996        6.2433382440973441E-002   0.0000000000000000     
  0.70833333333333326        3.9228339663949070        0.0000000000000000     
  0.71666666666666667        6.0565643731758614E-002   0.0000000000000000     
  0.72500000000000009        3.9581242176132823        0.0000000000000000     
  0.73333333333333339        5.8519117581032162E-002   0.0000000000000000     
  0.74166666666666670        3.9935941165174733        0.0000000000000000     
  0.75000000000000000        5.6292079361075845E-002   0.0000000000000000     
  0.75833333333333330        4.0292453960333292        0.0000000000000000     
  0.76666666666666672        5.3882787807987782E-002   0.0000000000000000     
  0.77500000000000013        4.0650798058029256        0.0000000000000000     
  0.78333333333333344        5.1289484861206415E-002   0.0000000000000000     
  0.79166666666666674        4.1010991123458176        0.0000000000000000     
  0.80000000000000004        4.8510395501483443E-002   0.0000000000000000     
  0.80833333333333335        4.1373050992218383        0.0000000000000000     
  0.81666666666666665        4.5543727587298188E-002   0.0000000000000000     
  0.82499999999999996        4.1736995671954880        0.0000000000000000     
  0.83333333333333337        4.2387671689690758E-002   0.0000000000000000     
  0.84166666666666679        4.2102843344018774        0.0000000000000000     
  0.85000000000000009        3.9040400925504808E-002   0.0000000000000000     
  0.85833333333333339        4.2470612365143001        0.0000000000000000     
  0.86666666666666670        3.5500070789017506E-002   0.0000000000000000     
  0.87500000000000000        4.2840321269134076        0.0000000000000000     
  0.88333333333333330        3.1764818981949959E-002   0.0000000000000000     
  0.89166666666666661        4.3211988768580127        0.0000000000000000     
  0.90000000000000002        2.7832765241834697E-002   0.0000000000000000     
  0.90833333333333344        4.3585633756575568        0.0000000000000000     
  0.91666666666666674        2.3702011168730368E-002   0.0000000000000000     
  0.92500000000000004        4.3961275308462229        0.0000000000000000     
  0.93333333333333335        1.9370640050260554E-002   0.0000000000000000     
  0.94166666666666665        4.4338932683587409        0.0000000000000000     
  0.94999999999999996        1.4836716684969621E-002   0.0000000000000000     
  0.95833333333333326        4.4718625327078803        0.0000000000000000     
  0.96666666666666667        1.0098287203971346E-002   0.0000000000000000     
  0.97500000000000009        4.5100372871636631        0.0000000000000000     
  0.98333333333333339        5.1533788908799940E-003   0.0000000000000000     
  0.99166666666666670        4.5484195139342862        0.0000000000000000     
   1.0000000000000000        0.0000000000000000        0.0000000000000000     
