X My_beautiful_solution_real My_beautiful_solution_imag
   0.0000000000000000        0.0000000000000000        0.0000000000000000     
   1.0416666666666667E-003   1.0416666666666545E-003   0.0000000000000000     
   2.0833333333333333E-003   2.0833333333333346E-003   0.0000000000000000     
   3.1250000000000002E-003   3.1249999999999893E-003   0.0000000000000000     
   4.1666666666666666E-003   4.1666666666666683E-003   0.0000000000000000     
   5.2083333333333339E-003   5.2083333333333304E-003   0.0000000000000000     
   6.2500000000000003E-003   6.2500000000000021E-003   0.0000000000000000     
   7.2916666666666668E-003   7.2916666666666616E-003   0.0000000000000000     
   8.3333333333333332E-003   8.3333333333333367E-003   0.0000000000000000     
   9.3750000000000014E-003   9.3749999999999858E-003   0.0000000000000000     
   1.0416666666666668E-002   1.0416666666666673E-002   0.0000000000000000     
   1.1458333333333334E-002   1.1458333333333319E-002   0.0000000000000000     
   1.2500000000000001E-002   1.2500000000000004E-002   0.0000000000000000     
   1.3541666666666667E-002   1.3541666666666650E-002   0.0000000000000000     
   1.4583333333333334E-002   1.4583333333333339E-002   0.0000000000000000     
   1.5625000000000000E-002   1.5624999999999984E-002   0.0000000000000000     
   1.6666666666666666E-002   1.6666666666666673E-002   0.0000000000000000     
   1.7708333333333333E-002   1.7708333333333298E-002   0.0000000000000000     
   1.8750000000000003E-002   1.8750000000000013E-002   0.0000000000000000     
   1.9791666666666669E-002   1.9791666666666635E-002   0.0000000000000000     
   2.0833333333333336E-002   2.0833333333333346E-002   0.0000000000000000     
   2.1875000000000002E-002   2.1874999999999967E-002   0.0000000000000000     
   2.2916666666666669E-002   2.2916666666666682E-002   0.0000000000000000     
   2.3958333333333335E-002   2.3958333333333304E-002   0.0000000000000000     
   2.5000000000000001E-002   2.5000000000000012E-002   0.0000000000000000     
   2.6041666666666668E-002   2.6041666666666633E-002   0.0000000000000000     
   2.7083333333333334E-002   2.7083333333333348E-002   0.0000000000000000     
   2.8125000000000001E-002   2.8124999999999969E-002   0.0000000000000000     
   2.9166666666666667E-002   2.9166666666666684E-002   0.0000000000000000     
   3.0208333333333334E-002   3.0208333333333306E-002   0.0000000000000000     
   3.1250000000000000E-002   3.1250000000000021E-002   0.0000000000000000     
   3.2291666666666663E-002   3.2291666666666635E-002   0.0000000000000000     
   3.3333333333333333E-002   3.3333333333333354E-002   0.0000000000000000     
   3.4375000000000003E-002   3.4374999999999920E-002   0.0000000000000000     
   3.5416666666666666E-002   3.5416666666666693E-002   0.0000000000000000     
   3.6458333333333336E-002   3.6458333333333259E-002   0.0000000000000000     
   3.7500000000000006E-002   3.7500000000000040E-002   0.0000000000000000     
   3.8541666666666669E-002   3.8541666666666557E-002   0.0000000000000000     
   3.9583333333333338E-002   3.9583333333333373E-002   0.0000000000000000     
   4.0625000000000008E-002   4.0624999999999904E-002   0.0000000000000000     
   4.1666666666666671E-002   4.1666666666666713E-002   0.0000000000000000     
   4.2708333333333334E-002   4.2708333333333230E-002   0.0000000000000000     
   4.3750000000000004E-002   4.3750000000000060E-002   0.0000000000000000     
   4.4791666666666674E-002   4.4791666666666556E-002   0.0000000000000000     
   4.5833333333333337E-002   4.5833333333333393E-002   0.0000000000000000     
   4.6875000000000000E-002   4.6874999999999868E-002   0.0000000000000000     
   4.7916666666666670E-002   4.7916666666666732E-002   0.0000000000000000     
   4.8958333333333340E-002   4.8958333333333201E-002   0.0000000000000000     
   5.0000000000000003E-002   5.0000000000000072E-002   0.0000000000000000     
   5.1041666666666666E-002   5.1041666666666555E-002   0.0000000000000000     
   5.2083333333333336E-002   5.2083333333333419E-002   0.0000000000000000     
   5.3125000000000006E-002   5.3124999999999881E-002   0.0000000000000000     
   5.4166666666666669E-002   5.4166666666666752E-002   0.0000000000000000     
   5.5208333333333331E-002   5.5208333333333186E-002   0.0000000000000000     
   5.6250000000000001E-002   5.6250000000000105E-002   0.0000000000000000     
   5.7291666666666671E-002   5.7291666666666512E-002   0.0000000000000000     
   5.8333333333333334E-002   5.8333333333333438E-002   0.0000000000000000     
   5.9374999999999997E-002   5.9374999999999838E-002   0.0000000000000000     
   6.0416666666666667E-002   6.0416666666666785E-002   0.0000000000000000     
   6.1458333333333337E-002   6.1458333333333164E-002   0.0000000000000000     
   6.2500000000000000E-002   6.2500000000000139E-002   0.0000000000000000     
   6.3541666666666663E-002   6.3541666666666496E-002   0.0000000000000000     
   6.4583333333333326E-002   6.4583333333333465E-002   0.0000000000000000     
   6.5624999999999989E-002   6.5624999999999808E-002   0.0000000000000000     
   6.6666666666666666E-002   6.6666666666666818E-002   0.0000000000000000     
   6.7708333333333343E-002   6.7708333333333162E-002   0.0000000000000000     
   6.8750000000000006E-002   6.8750000000000172E-002   0.0000000000000000     
   6.9791666666666669E-002   6.9791666666666474E-002   0.0000000000000000     
   7.0833333333333331E-002   7.0833333333333512E-002   0.0000000000000000     
   7.2916666666666671E-002   7.2916666666666435E-002   0.0000000000000000     
   7.5000000000000011E-002   7.5000000000000205E-002   0.0000000000000000     
   7.6041666666666674E-002   7.6041666666666452E-002   0.0000000000000000     
   7.7083333333333337E-002   7.7083333333333559E-002   0.0000000000000000     
   7.8125000000000000E-002   7.8124999999999764E-002   0.0000000000000000     
   7.9166666666666677E-002   7.9166666666666913E-002   0.0000000000000000     
   8.1250000000000017E-002   8.1249999999999864E-002   0.0000000000000000     
   8.3333333333333343E-002   8.3333333333333565E-002   0.0000000000000000     
   8.4375000000000006E-002   8.4374999999999784E-002   0.0000000000000000     
   8.5416666666666669E-002   8.5416666666666932E-002   0.0000000000000000     
   8.6458333333333331E-002   8.6458333333333082E-002   0.0000000000000000     
   8.7500000000000008E-002   8.7500000000000286E-002   0.0000000000000000     
   8.8541666666666685E-002   8.8541666666666421E-002   0.0000000000000000     
   8.9583333333333348E-002   8.9583333333333640E-002   0.0000000000000000     
   9.0625000000000011E-002   9.0624999999999734E-002   0.0000000000000000     
   9.1666666666666674E-002   9.1666666666666993E-002   0.0000000000000000     
   9.2708333333333337E-002   9.2708333333333004E-002   0.0000000000000000     
   9.3750000000000000E-002   9.3750000000000347E-002   0.0000000000000000     
   9.4791666666666663E-002   9.4791666666666330E-002   0.0000000000000000     
   9.5833333333333340E-002   9.5833333333333701E-002   0.0000000000000000     
   9.6875000000000017E-002   9.6874999999999642E-002   0.0000000000000000     
   9.7916666666666680E-002   9.7916666666667082E-002   0.0000000000000000     
   9.8958333333333343E-002   9.8958333333332926E-002   0.0000000000000000     
  0.10000000000000001       0.10000000000000042        0.0000000000000000     
  0.10208333333333333       0.10208333333333265        0.0000000000000000     
  0.10416666666666667       0.10416666666666712        0.0000000000000000     
  0.10625000000000001       0.10624999999999930        0.0000000000000000     
  0.10833333333333334       0.10833333333333381        0.0000000000000000     
  0.11041666666666666       0.11041666666666571        0.0000000000000000     
  0.11250000000000000       0.11250000000000052        0.0000000000000000     
  0.11458333333333334       0.11458333333333237        0.0000000000000000     
  0.11666666666666667       0.11666666666666721        0.0000000000000000     
  0.11874999999999999       0.11874999999999944        0.0000000000000000     
  0.12083333333333333       0.12083333333333390        0.0000000000000000     
  0.12291666666666667       0.12291666666666608        0.0000000000000000     
  0.12500000000000000       0.12500000000000058        0.0000000000000000     
  0.12708333333333333       0.12708333333333255        0.0000000000000000     
  0.12916666666666665       0.12916666666666726        0.0000000000000000     
  0.13124999999999998       0.13124999999999915        0.0000000000000000     
  0.13333333333333333       0.13333333333333397        0.0000000000000000     
  0.13541666666666669       0.13541666666666546        0.0000000000000000     
  0.13750000000000001       0.13750000000000070        0.0000000000000000     
  0.13958333333333334       0.13958333333333209        0.0000000000000000     
  0.14166666666666666       0.14166666666666738        0.0000000000000000     
  0.14374999999999999       0.14374999999999902        0.0000000000000000     
  0.14583333333333331       0.14583333333333406        0.0000000000000000     
  0.14791666666666664       0.14791666666666559        0.0000000000000000     
  0.14999999999999999       0.15000000000000077        0.0000000000000000     
  0.15208333333333335       0.15208333333333182        0.0000000000000000     
  0.15416666666666667       0.15416666666666748        0.0000000000000000     
  0.15625000000000000       0.15624999999999847        0.0000000000000000     
  0.15833333333333333       0.15833333333333421        0.0000000000000000     
  0.16041666666666665       0.16041666666666535        0.0000000000000000     
  0.16249999999999998       0.16250000000000089        0.0000000000000000     
  0.16458333333333330       0.16458333333333192        0.0000000000000000     
  0.16666666666666666       0.16666666666666763        0.0000000000000000     
  0.16875000000000001       0.16874999999999846        0.0000000000000000     
  0.17083333333333334       0.17083333333333436        0.0000000000000000     
  0.17291666666666666       0.17291666666666508        0.0000000000000000     
  0.17499999999999999       0.17500000000000107        0.0000000000000000     
  0.17708333333333331       0.17708333333333159        0.0000000000000000     
  0.17916666666666667       0.17916666666666778        0.0000000000000000     
  0.18125000000000002       0.18124999999999825        0.0000000000000000     
  0.18333333333333335       0.18333333333333454        0.0000000000000000     
  0.18541666666666667       0.18541666666666470        0.0000000000000000     
  0.18750000000000000       0.18750000000000125        0.0000000000000000     
  0.18958333333333333       0.18958333333333130        0.0000000000000000     
  0.19166666666666668       0.19166666666666801        0.0000000000000000     
  0.19375000000000003       0.19374999999999792        0.0000000000000000     
  0.19583333333333336       0.19583333333333475        0.0000000000000000     
  0.19791666666666669       0.19791666666666449        0.0000000000000000     
  0.20000000000000001       0.20000000000000145        0.0000000000000000     
  0.20416666666666666       0.20416666666666367        0.0000000000000000     
  0.20833333333333334       0.20833333333333481        0.0000000000000000     
  0.21041666666666670       0.21041666666666528        0.0000000000000000     
  0.21250000000000002       0.21250000000000155        0.0000000000000000     
  0.21458333333333335       0.21458333333333193        0.0000000000000000     
  0.21666666666666667       0.21666666666666828        0.0000000000000000     
  0.22083333333333333       0.22083333333333238        0.0000000000000000     
  0.22500000000000001       0.22500000000000162        0.0000000000000000     
  0.22916666666666669       0.22916666666666455        0.0000000000000000     
  0.23333333333333334       0.23333333333333497        0.0000000000000000     
  0.23541666666666666       0.23541666666666305        0.0000000000000000     
  0.23749999999999999       0.23750000000000177        0.0000000000000000     
  0.23958333333333331       0.23958333333332957        0.0000000000000000     
  0.24166666666666667       0.24166666666666847        0.0000000000000000     
  0.24375000000000002       0.24374999999999555        0.0000000000000000     
  0.24583333333333335       0.24583333333333532        0.0000000000000000     
  0.24791666666666667       0.24791666666666209        0.0000000000000000     
  0.25000000000000000       0.25000000000000205        0.0000000000000000     
  0.25208333333333333       0.25208333333332933        0.0000000000000000     
  0.25416666666666665       0.25416666666666882        0.0000000000000000     
  0.25624999999999998       0.25624999999999581        0.0000000000000000     
  0.25833333333333336       0.25833333333333575        0.0000000000000000     
  0.26041666666666674       0.26041666666666186        0.0000000000000000     
  0.26250000000000007       0.26250000000000256        0.0000000000000000     
  0.26458333333333339       0.26458333333332834        0.0000000000000000     
  0.26666666666666672       0.26666666666666933        0.0000000000000000     
  0.26875000000000004       0.26874999999999533        0.0000000000000000     
  0.27083333333333337       0.27083333333333615        0.0000000000000000     
  0.27291666666666670       0.27291666666666187        0.0000000000000000     
  0.27500000000000002       0.27500000000000296        0.0000000000000000     
  0.27708333333333335       0.27708333333332763        0.0000000000000000     
  0.27916666666666667       0.27916666666666973        0.0000000000000000     
  0.28125000000000000       0.28124999999999412        0.0000000000000000     
  0.28333333333333338       0.28333333333333660        0.0000000000000000     
  0.28541666666666676       0.28541666666666110        0.0000000000000000     
  0.28750000000000009       0.28750000000000347        0.0000000000000000     
  0.28958333333333341       0.28958333333332759        0.0000000000000000     
  0.29166666666666674       0.29166666666667040        0.0000000000000000     
  0.29375000000000007       0.29374999999999385        0.0000000000000000     
  0.29583333333333339       0.29583333333333722        0.0000000000000000     
  0.29791666666666672       0.29791666666666028        0.0000000000000000     
  0.30000000000000004       0.30000000000000404        0.0000000000000000     
  0.30208333333333337       0.30208333333332577        0.0000000000000000     
  0.30416666666666670       0.30416666666667097        0.0000000000000000     
  0.30625000000000002       0.30624999999999220        0.0000000000000000     
  0.30833333333333335       0.30833333333333784        0.0000000000000000     
  0.31041666666666667       0.31041666666665879        0.0000000000000000     
  0.31250000000000000       0.31250000000000472        0.0000000000000000     
  0.31458333333333333       0.31458333333332511        0.0000000000000000     
  0.31666666666666671       0.31666666666667165        0.0000000000000000     
  0.31875000000000009       0.31874999999999110        0.0000000000000000     
  0.32083333333333341       0.32083333333333863        0.0000000000000000     
  0.32291666666666674       0.32291666666665747        0.0000000000000000     
  0.32500000000000007       0.32500000000000556        0.0000000000000000     
  0.32708333333333339       0.32708333333332440        0.0000000000000000     
  0.32916666666666672       0.32916666666667249        0.0000000000000000     
  0.33125000000000004       0.33124999999999077        0.0000000000000000     
  0.33333333333333337       0.33333333333333942        0.0000000000000000     
  0.33541666666666670       0.33541666666665687        0.0000000000000000     
  0.33750000000000002       0.33750000000000635        0.0000000000000000     
  0.33958333333333335       0.33958333333332319        0.0000000000000000     
  0.34166666666666667       0.34166666666667334        0.0000000000000000     
  0.34375000000000000       0.34374999999998973        0.0000000000000000     
  0.34583333333333333       0.34583333333334032        0.0000000000000000     
  0.34791666666666665       0.34791666666665599        0.0000000000000000     
  0.34999999999999998       0.35000000000000731        0.0000000000000000     
  0.35208333333333330       0.35208333333332198        0.0000000000000000     
  0.35416666666666663       0.35416666666667429        0.0000000000000000     
  0.35624999999999996       0.35624999999998830        0.0000000000000000     
  0.35833333333333328       0.35833333333334128        0.0000000000000000     
  0.36041666666666661       0.36041666666665478        0.0000000000000000     
  0.36249999999999993       0.36250000000000837        0.0000000000000000     
  0.36458333333333326       0.36458333333332105        0.0000000000000000     
  0.36666666666666664       0.36666666666667547        0.0000000000000000     
  0.36875000000000002       0.36874999999998759        0.0000000000000000     
  0.37083333333333335       0.37083333333334262        0.0000000000000000     
  0.37291666666666667       0.37291666666665391        0.0000000000000000     
  0.37500000000000000       0.37500000000000966        0.0000000000000000     
  0.37708333333333333       0.37708333333332000        0.0000000000000000     
  0.37916666666666665       0.37916666666667675        0.0000000000000000     
  0.38124999999999998       0.38124999999998621        0.0000000000000000     
  0.38333333333333330       0.38333333333334391        0.0000000000000000     
  0.38541666666666663       0.38541666666665275        0.0000000000000000     
  0.38749999999999996       0.38750000000001106        0.0000000000000000     
  0.38958333333333328       0.38958333333331890        0.0000000000000000     
  0.39166666666666666       0.39166666666667826        0.0000000000000000     
  0.39375000000000004       0.39374999999998544        0.0000000000000000     
  0.39583333333333337       0.39583333333334542        0.0000000000000000     
  0.39791666666666670       0.39791666666665160        0.0000000000000000     
  0.40000000000000002       0.40000000000001262        0.0000000000000000     
  0.40208333333333335       0.40208333333331825        0.0000000000000000     
  0.40416666666666667       0.40416666666667983        0.0000000000000000     
  0.40625000000000000       0.40624999999998423        0.0000000000000000     
  0.40833333333333333       0.40833333333334704        0.0000000000000000     
  0.41041666666666665       0.41041666666665028        0.0000000000000000     
  0.41249999999999998       0.41250000000001430        0.0000000000000000     
  0.41458333333333330       0.41458333333331626        0.0000000000000000     
  0.41666666666666669       0.41666666666668151        0.0000000000000000     
  0.41875000000000007       0.41874999999998291        0.0000000000000000     
  0.42083333333333339       0.42083333333334894        0.0000000000000000     
  0.42291666666666672       0.42291666666664890        0.0000000000000000     
  0.42500000000000004       0.42500000000001620        0.0000000000000000     
  0.42708333333333337       0.42708333333331450        0.0000000000000000     
  0.42916666666666670       0.42916666666668352        0.0000000000000000     
  0.43125000000000002       0.43124999999998043        0.0000000000000000     
  0.43333333333333335       0.43333333333335089        0.0000000000000000     
  0.43541666666666667       0.43541666666664613        0.0000000000000000     
  0.43750000000000000       0.43750000000001832        0.0000000000000000     
  0.43958333333333333       0.43958333333331201        0.0000000000000000     
  0.44166666666666665       0.44166666666668575        0.0000000000000000     
  0.44374999999999998       0.44374999999997766        0.0000000000000000     
  0.44583333333333330       0.44583333333335323        0.0000000000000000     
  0.44791666666666663       0.44791666666664354        0.0000000000000000     
  0.45000000000000001       0.45000000000002066        0.0000000000000000     
  0.45208333333333339       0.45208333333330963        0.0000000000000000     
  0.45416666666666672       0.45416666666668826        0.0000000000000000     
  0.45625000000000004       0.45624999999997534        0.0000000000000000     
  0.45833333333333337       0.45833333333335585        0.0000000000000000     
  0.46041666666666670       0.46041666666664099        0.0000000000000000     
  0.46250000000000002       0.46250000000002345        0.0000000000000000     
  0.46458333333333335       0.46458333333330676        0.0000000000000000     
  0.46666666666666667       0.46666666666669104        0.0000000000000000     
  0.46875000000000000       0.46874999999997169        0.0000000000000000     
  0.47083333333333333       0.47083333333335869        0.0000000000000000     
  0.47291666666666665       0.47291666666663729        0.0000000000000000     
  0.47499999999999998       0.47500000000002651        0.0000000000000000     
  0.47708333333333330       0.47708333333330299        0.0000000000000000     
  0.47916666666666663       0.47916666666669416        0.0000000000000000     
  0.48124999999999996       0.48124999999996854        0.0000000000000000     
  0.48333333333333334       0.48333333333336198        0.0000000000000000     
  0.48541666666666672       0.48541666666663352        0.0000000000000000     
  0.48750000000000004       0.48750000000002991        0.0000000000000000     
  0.48958333333333337       0.48958333333329895        0.0000000000000000     
  0.49166666666666670       0.49166666666669784        0.0000000000000000     
  0.49375000000000002       0.49374999999996527        0.0000000000000000     
  0.49583333333333335       0.49583333333336571        0.0000000000000000     
  0.49791666666666667       0.49791666666663059        0.0000000000000000     
  0.50000000000000000       0.50000000000003375        0.0000000000000000     
  0.50208333333333333       0.50208333333329713        0.0000000000000000     
  0.50416666666666665       0.50416666666670185        0.0000000000000000     
  0.50624999999999998       0.50624999999996234        0.0000000000000000     
  0.50833333333333330       0.50833333333336983        0.0000000000000000     
  0.51041666666666663       0.51041666666662810        0.0000000000000000     
  0.51249999999999996       0.51250000000003804        0.0000000000000000     
  0.51458333333333328       0.51458333333329331        0.0000000000000000     
  0.51666666666666661       0.51666666666670613        0.0000000000000000     
  0.51874999999999993       0.51874999999995897        0.0000000000000000     
  0.52083333333333326       0.52083333333337434        0.0000000000000000     
  0.52291666666666659       0.52291666666662395        0.0000000000000000     
  0.52499999999999991       0.52500000000004254        0.0000000000000000     
  0.52708333333333324       0.52708333333328794        0.0000000000000000     
  0.52916666666666656       0.52916666666671086        0.0000000000000000     
  0.53125000000000000       0.53124999999995304        0.0000000000000000     
  0.53333333333333333       0.53333333333337940        0.0000000000000000     
  0.53541666666666665       0.53541666666661758        0.0000000000000000     
  0.53750000000000009       0.53750000000004805        0.0000000000000000     
  0.53958333333333341       0.53958333333328268        0.0000000000000000     
  0.54166666666666674       0.54166666666671670        0.0000000000000000     
  0.54375000000000007       0.54374999999994700        0.0000000000000000     
  0.54583333333333339       0.54583333333338524        0.0000000000000000     
  0.54791666666666672       0.54791666666661165        0.0000000000000000     
  0.55000000000000004       0.55000000000005389        0.0000000000000000     
  0.55208333333333337       0.55208333333327697        0.0000000000000000     
  0.55416666666666670       0.55416666666672276        0.0000000000000000     
  0.55625000000000002       0.55624999999994140        0.0000000000000000     
  0.55833333333333335       0.55833333333339152        0.0000000000000000     
  0.56041666666666667       0.56041666666660583        0.0000000000000000     
  0.56250000000000000       0.56250000000006062        0.0000000000000000     
  0.56458333333333333       0.56458333333327015        0.0000000000000000     
  0.56666666666666665       0.56666666666672960        0.0000000000000000     
  0.56874999999999998       0.56874999999993392        0.0000000000000000     
  0.57083333333333330       0.57083333333339881        0.0000000000000000     
  0.57291666666666663       0.57291666666659802        0.0000000000000000     
  0.57499999999999996       0.57500000000006801        0.0000000000000000     
  0.57708333333333328       0.57708333333326234        0.0000000000000000     
  0.57916666666666661       0.57916666666673733        0.0000000000000000     
  0.58124999999999993       0.58124999999992621        0.0000000000000000     
  0.58333333333333326       0.58333333333340676        0.0000000000000000     
  0.58541666666666659       0.58541666666658998        0.0000000000000000     
  0.58749999999999991       0.58750000000007629        0.0000000000000000     
  0.58958333333333324       0.58958333333325363        0.0000000000000000     
  0.59166666666666656       0.59166666666674606        0.0000000000000000     
  0.59374999999999989       0.59374999999991718        0.0000000000000000     
  0.59583333333333321       0.59583333333341582        0.0000000000000000     
  0.59791666666666665       0.59791666666658072        0.0000000000000000     
  0.59999999999999998       0.60000000000008591        0.0000000000000000     
  0.60208333333333330       0.60208333333324482        0.0000000000000000     
  0.60416666666666674       0.60416666666675600        0.0000000000000000     
  0.60625000000000007       0.60624999999990803        0.0000000000000000     
  0.60833333333333339       0.60833333333342632        0.0000000000000000     
  0.61041666666666672       0.61041666666657102        0.0000000000000000     
  0.61250000000000004       0.61250000000009652        0.0000000000000000     
  0.61458333333333337       0.61458333333323412        0.0000000000000000     
  0.61666666666666670       0.61666666666676695        0.0000000000000000     
  0.61875000000000002       0.61874999999989710        0.0000000000000000     
  0.62083333333333335       0.62083333333343749        0.0000000000000000     
  0.62291666666666667       0.62291666666655976        0.0000000000000000     
  0.62500000000000000       0.62500000000010836        0.0000000000000000     
  0.62708333333333333       0.62708333333322119        0.0000000000000000     
  0.62916666666666665       0.62916666666677912        0.0000000000000000     
  0.63124999999999998       0.63124999999988352        0.0000000000000000     
  0.63333333333333330       0.63333333333345032        0.0000000000000000     
  0.63541666666666663       0.63541666666654617        0.0000000000000000     
  0.63749999999999996       0.63750000000012153        0.0000000000000000     
  0.63958333333333328       0.63958333333320838        0.0000000000000000     
  0.64166666666666661       0.64166666666679306        0.0000000000000000     
  0.64374999999999993       0.64374999999987026        0.0000000000000000     
  0.64583333333333326       0.64583333333346449        0.0000000000000000     
  0.64791666666666670       0.64791666666653192        0.0000000000000000     
  0.65000000000000002       0.65000000000013658        0.0000000000000000     
  0.65208333333333335       0.65208333333319457        0.0000000000000000     
  0.65416666666666679       0.65416666666680856        0.0000000000000000     
  0.65625000000000011       0.65624999999985578        0.0000000000000000     
  0.65833333333333344       0.65833333333348087        0.0000000000000000     
  0.66041666666666676       0.66041666666651599        0.0000000000000000     
  0.66250000000000009       0.66250000000015330        0.0000000000000000     
  0.66458333333333341       0.66458333333317687        0.0000000000000000     
  0.66666666666666674       0.66666666666682595        0.0000000000000000     
  0.66875000000000007       0.66874999999983720        0.0000000000000000     
  0.67083333333333339       0.67083333333349882        0.0000000000000000     
  0.67291666666666672       0.67291666666649763        0.0000000000000000     
  0.67500000000000004       0.67500000000017191        0.0000000000000000     
  0.67708333333333337       0.67708333333315784        0.0000000000000000     
  0.67916666666666670       0.67916666666684544        0.0000000000000000     
  0.68125000000000002       0.68124999999981772        0.0000000000000000     
  0.68333333333333335       0.68333333333351898        0.0000000000000000     
  0.68541666666666667       0.68541666666647705        0.0000000000000000     
  0.68750000000000000       0.68750000000019285        0.0000000000000000     
  0.68958333333333333       0.68958333333313626        0.0000000000000000     
  0.69166666666666665       0.69166666666686716        0.0000000000000000     
  0.69374999999999998       0.69374999999979536        0.0000000000000000     
  0.69583333333333330       0.69583333333354169        0.0000000000000000     
  0.69791666666666663       0.69791666666645413        0.0000000000000000     
  0.69999999999999996       0.70000000000021645        0.0000000000000000     
  0.70208333333333328       0.70208333333311168        0.0000000000000000     
  0.70416666666666661       0.70416666666689165        0.0000000000000000     
  0.70624999999999993       0.70624999999976967        0.0000000000000000     
  0.70833333333333326       0.70833333333356707        0.0000000000000000     
  0.71041666666666659       0.71041666666642955        0.0000000000000000     
  0.71249999999999991       0.71250000000024294        0.0000000000000000     
  0.71458333333333335       0.71458333333308710        0.0000000000000000     
  0.71666666666666667       0.71666666666691914        0.0000000000000000     
  0.71875000000000000       0.71874999999974221        0.0000000000000000     
  0.72083333333333344       0.72083333333359589        0.0000000000000000     
  0.72291666666666676       0.72291666666639887        0.0000000000000000     
  0.72500000000000009       0.72500000000027287        0.0000000000000000     
  0.72708333333333341       0.72708333333305486        0.0000000000000000     
  0.72916666666666674       0.72916666666695018        0.0000000000000000     
  0.73125000000000007       0.73124999999971052        0.0000000000000000     
  0.73333333333333339       0.73333333333362793        0.0000000000000000     
  0.73541666666666672       0.73541666666636740        0.0000000000000000     
  0.73750000000000004       0.73750000000030613        0.0000000000000000     
  0.73958333333333337       0.73958333333302240        0.0000000000000000     
  0.74166666666666670       0.74166666666698478        0.0000000000000000     
  0.74375000000000002       0.74374999999967728        0.0000000000000000     
  0.74583333333333335       0.74583333333366375        0.0000000000000000     
  0.74791666666666667       0.74791666666633105        0.0000000000000000     
  0.75000000000000000       0.75000000000034328        0.0000000000000000     
  0.75208333333333333       0.75208333333298316        0.0000000000000000     
  0.75416666666666665       0.75416666666702337        0.0000000000000000     
  0.75624999999999998       0.75624999999963616        0.0000000000000000     
  0.75833333333333330       0.75833333333370390        0.0000000000000000     
  0.76041666666666663       0.76041666666628882        0.0000000000000000     
  0.76249999999999996       0.76250000000038509        0.0000000000000000     
  0.76458333333333339       0.76458333333294071        0.0000000000000000     
  0.76666666666666672       0.76666666666706695        0.0000000000000000     
  0.76875000000000004       0.76874999999959004        0.0000000000000000     
  0.77083333333333348       0.77083333333374937        0.0000000000000000     
  0.77291666666666681       0.77291666666624081        0.0000000000000000     
  0.77500000000000013       0.77500000000043245        0.0000000000000000     
  0.77708333333333346       0.77708333333289015        0.0000000000000000     
  0.77916666666666679       0.77916666666711598        0.0000000000000000     
  0.78125000000000011       0.78124999999953959        0.0000000000000000     
  0.78333333333333344       0.78333333333380017        0.0000000000000000     
  0.78541666666666676       0.78541666666618926        0.0000000000000000     
  0.78750000000000009       0.78750000000048526        0.0000000000000000     
  0.78958333333333341       0.78958333333283737        0.0000000000000000     
  0.79166666666666674       0.79166666666717089        0.0000000000000000     
  0.79375000000000007       0.79374999999948381        0.0000000000000000     
  0.79583333333333339       0.79583333333385742        0.0000000000000000     
  0.79791666666666672       0.79791666666613037        0.0000000000000000     
  0.80000000000000004       0.80000000000054450        0.0000000000000000     
  0.80052083333333335       0.80052083333274415        0.0000000000000000     
  0.80104166666666665       0.80104166666730159        0.0000000000000000     
  0.80156249999999996       0.80156249999931295        0.0000000000000000     
  0.80208333333333337       0.80208333333407389        0.0000000000000000     
  0.80260416666666679       0.80260416666586576        0.0000000000000000     
  0.80312500000000009       0.80312500000086373        0.0000000000000000     
  0.80364583333333339       0.80364583333239958        0.0000000000000000     
  0.80416666666666670       0.80416666666767389        0.0000000000000000     
  0.80468750000000000       0.80468749999891109        0.0000000000000000     
  0.80520833333333330       0.80520833333450847        0.0000000000000000     
  0.80572916666666661       0.80572916666539685        0.0000000000000000     
  0.80625000000000002       0.80625000000136993        0.0000000000000000     
  0.80677083333333344       0.80677083333185307        0.0000000000000000     
  0.80729166666666674       0.80729166666826435        0.0000000000000000     
  0.80781250000000004       0.80781249999827376        0.0000000000000000     
  0.80833333333333335       0.80833333333519664        0.0000000000000000     
  0.80885416666666665       0.80885416666465348        0.0000000000000000     
  0.80937499999999996       0.80937500000217322        0.0000000000000000     
  0.80989583333333326       0.80989583333098569        0.0000000000000000     
  0.81041666666666667       0.81041666666920076        0.0000000000000000     
  0.81093750000000009       0.81093749999726294        0.0000000000000000     
  0.81145833333333339       0.81145833333628858        0.0000000000000000     
  0.81197916666666670       0.81197916666347503        0.0000000000000000     
  0.81250000000000000       0.81250000000344591        0.0000000000000000     
  0.81302083333333330       0.81302083332961106        0.0000000000000000     
  0.81354166666666661       0.81354166667068517        0.0000000000000000     
  0.81406249999999991       0.81406249999565938        0.0000000000000000     
  0.81458333333333333       0.81458333333801947        0.0000000000000000     
  0.81510416666666674       0.81510416666160523        0.0000000000000000     
  0.81562500000000004       0.81562500000546490        0.0000000000000000     
  0.81614583333333335       0.81614583332743118        0.0000000000000000     
  0.81666666666666665       0.81666666667303900        0.0000000000000000     
  0.81718749999999996       0.81718749999311702        0.0000000000000000     
  0.81770833333333326       0.81770833334076432        0.0000000000000000     
  0.81822916666666656       0.81822916665864032        0.0000000000000000     
  0.81874999999999998       0.81875000000866549        0.0000000000000000     
  0.81927083333333339       0.81927083332397421        0.0000000000000000     
  0.81979166666666670       0.81979166667677161        0.0000000000000000     
  0.82031250000000000       0.82031249998908617        0.0000000000000000     
  0.82083333333333330       0.82083333334511743        0.0000000000000000     
  0.82135416666666661       0.82135416665394034        0.0000000000000000     
  0.82187499999999991       0.82187500001374136        0.0000000000000000     
  0.82239583333333321       0.82239583331849297        0.0000000000000000     
  0.82291666666666663       0.82291666668269070        0.0000000000000000     
  0.82343750000000004       0.82343749998269478        0.0000000000000000     
  0.82395833333333335       0.82395833335201885        0.0000000000000000     
  0.82447916666666665       0.82447916664648691        0.0000000000000000     
  0.82499999999999996       0.82500000002179008        0.0000000000000000     
  0.82552083333333326       0.82552083330980053        0.0000000000000000     
  0.82604166666666656       0.82604166669207646        0.0000000000000000     
  0.82656249999999987       0.82656249997255837        0.0000000000000000     
  0.82708333333333328       0.82708333336296436        0.0000000000000000     
  0.82760416666666670       0.82760416663466729        0.0000000000000000     
  0.82812500000000000       0.82812500003455303        0.0000000000000000     
  0.82864583333333330       0.82864583329601849        0.0000000000000000     
  0.82916666666666661       0.82916666670695993        0.0000000000000000     
  0.82968749999999991       0.82968749995648683        0.0000000000000000     
  0.83020833333333333       0.83020833338032018        0.0000000000000000     
  0.83072916666666674       0.83072916661592544        0.0000000000000000     
  0.83125000000000004       0.83125000005479222        0.0000000000000000     
  0.83177083333333335       0.83177083327416357        0.0000000000000000     
  0.83229166666666665       0.83229166673056021        0.0000000000000000     
  0.83281249999999996       0.83281249993100159        0.0000000000000000     
  0.83333333333333337       0.83333333340784099        0.0000000000000000     
  0.83385416666666679       0.83385416658620704        0.0000000000000000     
  0.83437500000000009       0.83437500008688448        0.0000000000000000     
  0.83489583333333339       0.83489583323950856        0.0000000000000000     
  0.83541666666666670       0.83541666676798376        0.0000000000000000     
  0.83593750000000000       0.83593749989058974        0.0000000000000000     
  0.83645833333333341       0.83645833345148046        0.0000000000000000     
  0.83697916666666683       0.83697916653908244        0.0000000000000000     
  0.83750000000000013       0.83750000013777293        0.0000000000000000     
  0.83802083333333344       0.83802083318455578        0.0000000000000000     
  0.83854166666666674       0.83854166682732501        0.0000000000000000     
  0.83906250000000004       0.83906249982650893        0.0000000000000000     
  0.83958333333333346       0.83958333352067971        0.0000000000000000     
  0.84010416666666687       0.84010416646435648        0.0000000000000000     
  0.84062500000000018       0.84062500021846676        0.0000000000000000     
  0.84114583333333348       0.84114583309741686        0.0000000000000000     
  0.84166666666666679       0.84166666692142411        0.0000000000000000     
  0.84218750000000009       0.84218749972489515        0.0000000000000000     
  0.84270833333333339       0.84270833363040887        0.0000000000000000     
  0.84322916666666670       0.84322916634586342        0.0000000000000000     
  0.84375000000000011       0.84375000034642367        0.0000000000000000     
  0.84427083333333353       0.84427083295924099        0.0000000000000000     
  0.84479166666666683       0.84479166707063613        0.0000000000000000     
  0.84531250000000013       0.84531249956376597        0.0000000000000000     
  0.84583333333333344       0.84583333380440706        0.0000000000000000     
  0.84635416666666674       0.84635416615796866        0.0000000000000000     
  0.84687500000000004       0.84687500054932485        0.0000000000000000     
  0.84739583333333335       0.84739583274013430        0.0000000000000000     
  0.84791666666666676       0.84791666730724136        0.0000000000000000     
  0.84843750000000018       0.84843749930826373        0.0000000000000000     
  0.84895833333333348       0.84895833408031629        0.0000000000000000     
  0.84947916666666679       0.84947916586002392        0.0000000000000000     
  0.85000000000000009       0.85000000087106609        0.0000000000000000     
  0.85052083333333339       0.85052083239269682        0.0000000000000000     
  0.85104166666666670       0.85104166768242784        0.0000000000000000     
  0.85156250000000000       0.85156249890311198        0.0000000000000000     
  0.85208333333333341       0.85208333451782503        0.0000000000000000     
  0.85260416666666683       0.85260416538757167        0.0000000000000000     
  0.85312500000000013       0.85312500138125136        0.0000000000000000     
  0.85364583333333344       0.85364583184176479        0.0000000000000000     
  0.85416666666666674       0.85416666827736099        0.0000000000000000     
  0.85468750000000004       0.85468749826066359        0.0000000000000000     
  0.85520833333333335       0.85520833521158457        0.0000000000000000     
  0.85572916666666665       0.85572916463840465        0.0000000000000000     
  0.85625000000000007       0.85625000219025205        0.0000000000000000     
  0.85677083333333348       0.85677083096815132        0.0000000000000000     
  0.85729166666666679       0.85729166922074740        0.0000000000000000     
  0.85781250000000009       0.85781249724193176        0.0000000000000000     
  0.85833333333333339       0.85833333631167885        0.0000000000000000     
  0.85885416666666670       0.85885416345044840        0.0000000000000000     
  0.85937500000000000       0.85937500347308593        0.0000000000000000     
  0.85989583333333330       0.85989582958286115        0.0000000000000000     
  0.86041666666666672       0.86041667071667605        0.0000000000000000     
  0.86093750000000013       0.86093749562652766        0.0000000000000000     
  0.86145833333333344       0.86145833805610017        0.0000000000000000     
  0.86197916666666674       0.86197916156670573        0.0000000000000000     
  0.86250000000000004       0.86250000550727768        0.0000000000000000     
  0.86302083333333335       0.86302082738620511        0.0000000000000000     
  0.86354166666666665       0.86354167308877217        0.0000000000000000     
  0.86406249999999996       0.86406249306497940        0.0000000000000000     
  0.86458333333333337       0.86458334082223098        0.0000000000000000     
  0.86510416666666679       0.86510415857965250        0.0000000000000000     
  0.86562500000000009       0.86562500873289738        0.0000000000000000     
  0.86614583333333339       0.86614582390296480        0.0000000000000000     
  0.86666666666666670       0.86666667685020804        0.0000000000000000     
  0.86718750000000000       0.86718748900312970        0.0000000000000000     
  0.86770833333333330       0.86770834520848839        0.0000000000000000     
  0.86822916666666661       0.86822915384307908        0.0000000000000000     
  0.86875000000000002       0.86875001384776651        0.0000000000000000     
  0.86927083333333344       0.86927081837958764        0.0000000000000000     
  0.86979166666666674       0.86979168281472086        0.0000000000000000     
  0.87031250000000004       0.87031248256225024        0.0000000000000000     
  0.87083333333333335       0.87083335216378110        0.0000000000000000     
  0.87135416666666665       0.87135414633228880        0.0000000000000000     
  0.87187499999999996       0.87187502195842037        0.0000000000000000     
  0.87239583333333326       0.87239580962116148        0.0000000000000000     
  0.87291666666666667       0.87291669227265511        0.0000000000000000     
  0.87343750000000009       0.87343747234893976        0.0000000000000000     
  0.87395833333333339       0.87395836319279674        0.0000000000000000     
  0.87447916666666670       0.87447913442241942        0.0000000000000000     
  0.87500000000000000       0.87500003481949362        0.0000000000000000     
  0.87552083333333330       0.87552079573291375        0.0000000000000000     
  0.87604166666666661       0.87604170727011321        0.0000000000000000     
  0.87656249999999991       0.87656245615368089        0.0000000000000000     
  0.87708333333333333       0.87708338068151992        0.0000000000000000     
  0.87760416666666674       0.87760411553692674        0.0000000000000000     
  0.87812500000000004       0.87812505521331241        0.0000000000000000     
  0.87864583333333335       0.87864577371030461        0.0000000000000000     
  0.87916666666666665       0.87916673105160015        0.0000000000000000     
  0.87968749999999996       0.87968743047284137        0.0000000000000000     
  0.88020833333333326       0.88020840841340908        0.0000000000000000     
  0.88072916666666656       0.88072908559017793        0.0000000000000000     
  0.88124999999999998       0.88125008755181444        0.0000000000000000     
  0.88177083333333339       0.88177073878902690        0.0000000000000000     
  0.88229166666666670       0.88229176876193183        0.0000000000000000     
  0.88281250000000000       0.88281238975070253        0.0000000000000000     
  0.88333333333333330       0.88333345238789818        0.0000000000000000     
  0.88385416666666661       0.88385403810358276        0.0000000000000000     
  0.88437499999999991       0.88437513883101593        0.0000000000000000     
  0.88489583333333321       0.88489568341431446        0.0000000000000000     
  0.88541666666666663       0.88541682855924964        0.0000000000000000     
  0.88593750000000004       0.88593732517755930        0.0000000000000000     
  0.88645833333333335       0.88645852211829790        0.0000000000000000     
  0.88697916666666665       0.88697896280403377        0.0000000000000000     
  0.88749999999999996       0.88750022014450602        0.0000000000000000     
  0.88802083333333326       0.88802059560656932        0.0000000000000000     
  0.88854166666666656       0.88854192337992655        0.0000000000000000     
  0.88906249999999987       0.88906222278384950        0.0000000000000000     
  0.88958333333333328       0.88958363268987384        0.0000000000000000     
  0.89010416666666670       0.89010384340144932        0.0000000000000000     
  0.89062500000000000       0.89062534908340341        0.0000000000000000     
  0.89114583333333330       0.89114545636972353        0.0000000000000000     
  0.89166666666666661       0.89166707373718568        0.0000000000000000     
  0.89218749999999991       0.89218706041802331        0.0000000000000000     
  0.89270833333333321       0.89270880802335295        0.0000000000000000     
  0.89322916666666652       0.89322865406463048        0.0000000000000000     
  0.89374999999999993       0.89375055354196420        0.0000000000000000     
  0.89427083333333335       0.89427023558169350        0.0000000000000000     
  0.89479166666666665       0.89479231215886867        0.0000000000000000     
  0.89531249999999996       0.89531180295434265        0.0000000000000000     
  0.89583333333333326       0.89583408604985670        0.0000000000000000     
  0.89635416666666656       0.89635335383301462        0.0000000000000000     
  0.89687499999999998       0.89687587775214517        0.0000000000000000     
  0.89739583333333339       0.89739488547785429        0.0000000000000000     
  0.89791666666666670       0.89791769022441215        0.0000000000000000     
  0.89843750000000000       0.89843639469388059        0.0000000000000000     
  0.89895833333333330       0.89895952691681169        0.0000000000000000     
  0.89947916666666661       0.89947787775538812        0.0000000000000000     
  0.90000000000000002       0.90000139185261008        0.0000000000000000     
  0.90052083333333344       0.90051933031778564        0.0000000000000000     
  0.90104166666666674       0.90104328972338921        0.0000000000000000     
  0.90156250000000004       0.90156074731478664        0.0000000000000000     
  0.90208333333333335       0.90208522600006080        0.0000000000000000     
  0.90260416666666665       0.90260212283853614        0.0000000000000000     
  0.90312500000000007       0.90312720706232308        0.0000000000000000     
  0.90364583333333348       0.90364344999980917        0.0000000000000000     
  0.90416666666666679       0.90416924034962354        0.0000000000000000     
  0.90468750000000009       0.90468472076499229        0.0000000000000000     
  0.90520833333333339       0.90521133453719305        0.0000000000000000     
  0.90572916666666670       0.90572592576599220        0.0000000000000000     
  0.90625000000000011       0.90625349974132674        0.0000000000000000     
  0.90677083333333353       0.90676705407855596        0.0000000000000000     
  0.90729166666666683       0.90729574775876443        0.0000000000000000     
  0.90781250000000013       0.90780809296377507        0.0000000000000000     
  0.90833333333333344       0.90833809234582918        0.0000000000000000     
  0.90885416666666674       0.90884902756665009        0.0000000000000000     
  0.90937500000000004       0.90938054954394454        0.0000000000000000     
  0.90989583333333335       0.90988984056458078        0.0000000000000000     
  0.91041666666666676       0.91042313805921260        0.0000000000000000     
  0.91093750000000018       0.91093051175746664        0.0000000000000000     
  0.91145833333333348       0.91146587970505355        0.0000000000000000     
  0.91197916666666679       0.91197101758971677        0.0000000000000000     
  0.91250000000000009       0.91250879991836953        0.0000000000000000     
  0.91302083333333339       0.91301133059286355        0.0000000000000000     
  0.91354166666666670       0.91355192836144916        0.0000000000000000     
  0.91406250000000000       0.91405141873558338        0.0000000000000000     
  0.91458333333333341       0.91459529962385888        0.0000000000000000     
  0.91510416666666683       0.91509124466574909        0.0000000000000000     
  0.91562500000000013       0.91563895404092388        0.0000000000000000     
  0.91614583333333344       0.91613076482657818        0.0000000000000000     
  0.91666666666666674       0.91668293864817063        0.0000000000000000     
  0.91718750000000004       0.91716992842596257        0.0000000000000000     
  0.91770833333333335       0.91772730829431459        0.0000000000000000     
  0.91822916666666665       0.91820867623459113        0.0000000000000000     
  0.91875000000000007       0.91877212693912891        0.0000000000000000     
  0.91927083333333348       0.91924693918442280        0.0000000000000000     
  0.91979166666666679       0.91981746916690366        0.0000000000000000     
  0.92031250000000009       0.92028463673435223        0.0000000000000000     
  0.92083333333333339       0.92086342195131177        0.0000000000000000     
  0.92135416666666670       0.92132167496438999        0.0000000000000000     
  0.92187500000000000       0.92191008671344010        0.0000000000000000     
  0.92239583333333330       0.92235794435326202        0.0000000000000000     
  0.92291666666666672       0.92295758172168463        0.0000000000000000     
  0.92343750000000013       0.92339331718684348        0.0000000000000000     
  0.92395833333333344       0.92400604489030203        0.0000000000000000     
  0.92447916666666674       0.92442764453609572        0.0000000000000000     
  0.92500000000000004       0.92505563704282900        0.0000000000000000     
  0.92552083333333335       0.92546075273300654        0.0000000000000000     
  0.92604166666666665       0.92610654571760176        0.0000000000000000     
  0.92656249999999996       0.92649243926113589        0.0000000000000000     
  0.92708333333333337       0.92715898960541698        0.0000000000000000     
  0.92760416666666679       0.92752246796353377        0.0000000000000000     
  0.92812500000000009       0.92821322372434711        0.0000000000000000     
  0.92864583333333339       0.92855056345462783        0.0000000000000000     
  0.92916666666666670       0.92926954545415308        0.0000000000000000     
  0.92968750000000000       0.92957640460386204        0.0000000000000000     
  0.93020833333333330       0.93032830157308988        0.0000000000000000     
  0.93072916666666661       0.93059961693687976        0.0000000000000000     
  0.93125000000000002       0.93138989646361314        0.0000000000000000     
  0.93177083333333344       0.93161976377445599        0.0000000000000000     
  0.93229166666666674       0.93245480168116079        0.0000000000000000     
  0.93281250000000004       0.93263633589948902        0.0000000000000000     
  0.93333333333333335       0.93352356711242046        0.0000000000000000     
  0.93385416666666665       0.93364873950755189        0.0000000000000000     
  0.93437499999999996       0.93459683398712989        0.0000000000000000     
  0.93489583333333326       0.93465628215588259        0.0000000000000000     
  0.93541666666666667       0.93567535005130054        0.0000000000000000     
  0.93593750000000009       0.93565815637832350        0.0000000000000000     
  0.93645833333333339       0.93675998726090026        0.0000000000000000     
  0.93697916666666670       0.93665342057849454        0.0000000000000000     
  0.93750000000000000       0.93785176241468082        0.0000000000000000     
  0.93802083333333330       0.93764097674909319        0.0000000000000000     
  0.93854166666666661       0.93895186121437257        0.0000000000000000     
  0.93906249999999991       0.93861954449008034        0.0000000000000000     
  0.93958333333333333       0.94006166632158172        0.0000000000000000     
  0.94010416666666674       0.93958763071097007        0.0000000000000000     
  0.94062500000000004       0.94118279007528582        0.0000000000000000     
  0.94114583333333335       0.94054349430028716        0.0000000000000000     
  0.94166666666666665       0.94231711264411500        0.0000000000000000     
  0.94218749999999996       0.94148510492618231        0.0000000000000000     
  0.94270833333333326       0.94346682651620695        0.0000000000000000     
  0.94322916666666656       0.94241009499331263        0.0000000000000000     
  0.94374999999999998       0.94463448837937825        0.0000000000000000     
  0.94427083333333339       0.94331570361916262        0.0000000000000000     
  0.94479166666666670       0.94582307961924028        0.0000000000000000     
  0.94531250000000000       0.94419871130412603        0.0000000000000000     
  0.94583333333333330       0.94703607686681424        0.0000000000000000     
  0.94635416666666661       0.94505536374947929        0.0000000000000000     
  0.94687499999999991       0.94827753426498174        0.0000000000000000     
  0.94739583333333321       0.94588128302056507        0.0000000000000000     
  0.94791666666666663       0.94955217940042058        0.0000000000000000     
  0.94843750000000004       0.94667136395306695        0.0000000000000000     
  0.94895833333333335       0.95086552517103584        0.0000000000000000     
  0.94947916666666665       0.94741965335107725        0.0000000000000000     
  0.94999999999999996       0.95222400023596832        0.0000000000000000     
  0.95052083333333326       0.94811920911845171        0.0000000000000000     
  0.95104166666666656       0.95363510113498240        0.0000000000000000     
  0.95156249999999987       0.94876193599012082        0.0000000000000000     
  0.95208333333333328       0.95510756967677934        0.0000000000000000     
  0.95260416666666670       0.94933839397632247        0.0000000000000000     
  0.95312500000000000       0.95665159979373215        0.0000000000000000     
  0.95364583333333330       0.94983757498702315        0.0000000000000000     
  0.95416666666666661       0.95827907875777318        0.0000000000000000     
  0.95468749999999991       0.95024664235086831        0.0000000000000000     
  0.95520833333333321       0.96000386846525798        0.0000000000000000     
  0.95572916666666652       0.95055062706497095        0.0000000000000000     
  0.95624999999999993       0.96184213344675606        0.0000000000000000     
  0.95677083333333335       0.95073207358800094        0.0000000000000000     
  0.95729166666666665       0.96381272336337342        0.0000000000000000     
  0.95781249999999996       0.95077062679507041        0.0000000000000000     
  0.95833333333333326       0.96593761904048681        0.0000000000000000     
  0.95885416666666656       0.95064255032067135        0.0000000000000000     
  0.95937499999999987       0.96824245259326180        0.0000000000000000     
  0.95989583333333317       0.95032016489235571        0.0000000000000000     
  0.96041666666666659       0.97075711395151509        0.0000000000000000     
  0.96093750000000000       0.94977119336461380        0.0000000000000000     
  0.96145833333333330       0.97351645813593768        0.0000000000000000     
  0.96197916666666661       0.94895799695470207        0.0000000000000000     
  0.96249999999999991       0.97656113002173794        0.0000000000000000     
  0.96302083333333321       0.94783668460769499        0.0000000000000000     
  0.96354166666666663       0.97993852610583254        0.0000000000000000     
  0.96406250000000004       0.94635607441594150        0.0000000000000000     
  0.96458333333333335       0.98370391603558538        0.0000000000000000     
  0.96510416666666665       0.94445648251731185        0.0000000000000000     
  0.96562499999999996       0.98792175043748853        0.0000000000000000     
  0.96614583333333326       0.94206831081431341        0.0000000000000000     
  0.96666666666666667       0.99266718599252868        0.0000000000000000     
  0.96718750000000009       0.93911040009570035        0.0000000000000000     
  0.96770833333333339       0.99802786384563091        0.0000000000000000     
  0.96822916666666670       0.93548810959099116        0.0000000000000000     
  0.96875000000000000        1.0041059834311374        0.0000000000000000     
  0.96927083333333330       0.93109107751501641        0.0000000000000000     
  0.96979166666666672        1.0110207207866131        0.0000000000000000     
  0.97031250000000013       0.92579060961090742        0.0000000000000000     
  0.97083333333333344        1.0189110485787929        0.0000000000000000     
  0.97135416666666674       0.91943663389744301        0.0000000000000000     
  0.97187500000000004        1.0279390245710927        0.0000000000000000     
  0.97239583333333335       0.91185414956188804        0.0000000000000000     
  0.97291666666666676        1.0382936263466458        0.0000000000000000     
  0.97343750000000018       0.90283908596954188        0.0000000000000000     
  0.97395833333333348        1.0501952230267915        0.0000000000000000     
  0.97447916666666679       0.89215347380301635        0.0000000000000000     
  0.97500000000000009        1.0639007897978536        0.0000000000000000     
  0.97552083333333339       0.87951981406743118        0.0000000000000000     
  0.97604166666666670        1.0797099886360046        0.0000000000000000     
  0.97656250000000000       0.86461451171697246        0.0000000000000000     
  0.97708333333333341        1.0979722591165011        0.0000000000000000     
  0.97760416666666683       0.84706021852478020        0.0000000000000000     
  0.97812500000000013        1.1190950870949847        0.0000000000000000     
  0.97916666666666674       0.83267735919602270        0.0000000000000000     
  0.98020833333333335        1.1324329481111501        0.0000000000000000     
  0.98072916666666665       0.81634684555052250        0.0000000000000000     
  0.98125000000000007        1.1587610256312428        0.0000000000000000     
  0.98177083333333348       0.79008255440708419        0.0000000000000000     
  0.98229166666666679        1.1892894919963437        0.0000000000000000     
  0.98281250000000009       0.75928240243101208        0.0000000000000000     
  0.98333333333333339        1.2247160842855365        0.0000000000000000     
  0.98385416666666670       0.72319292645372268        0.0000000000000000     
  0.98437500000000000        1.2658544424262934        0.0000000000000000     
  0.98489583333333330       0.68093550365835043        0.0000000000000000     
  0.98541666666666672        1.3136533621060376        0.0000000000000000     
  0.98645833333333344       0.64537060903500054        0.0000000000000000     
  0.98697916666666674        1.3553085062167833        0.0000000000000000     
  0.98750000000000004       0.58975334214970743        0.0000000000000000     
  0.98854166666666665        1.4018607874670543        0.0000000000000000     
  0.98906249999999996       0.54273286705582080        0.0000000000000000     
  0.98958333333333337        1.4715599253146476        0.0000000000000000     
  0.99062500000000009       0.48977819887097018        0.0000000000000000     
  0.99166666666666670        1.5121224779540960        0.0000000000000000     
  0.99270833333333330       0.45187578555177949        0.0000000000000000     
  0.99322916666666661        1.5772563272494127        0.0000000000000000     
  0.99375000000000002       0.36307840729085394        0.0000000000000000     
  0.99427083333333344        1.6753122038295580        0.0000000000000000     
  0.99479166666666674       0.25935764095609803        0.0000000000000000     
  0.99583333333333335        1.7600608608661801        0.0000000000000000     
  0.99687499999999996       0.20272665572850301        0.0000000000000000     
  0.99791666666666667        1.8231572789031090        0.0000000000000000     
  0.99843750000000009       0.10728748778462038        0.0000000000000000     
  0.99895833333333339        1.9612817242281513        0.0000000000000000     
   1.0000000000000000        0.0000000000000000        0.0000000000000000     
