X My_beautiful_solution_real My_beautiful_solution_imag
   0.0000000000000000        0.0000000000000000        0.0000000000000000     
   3.3333333333333333E-002   56.527611903830788        0.0000000000000000     
   6.6666666666666666E-002   6.7792458809310077E-002   0.0000000000000000     
  0.10000000000000001        56.459900747190730        0.0000000000000000     
  0.13333333333333333       0.13542241078418771        0.0000000000000000     
  0.16666666666666666        56.392351902493843        0.0000000000000000     
  0.20000000000000001       0.20289024547343099        0.0000000000000000     
  0.23333333333333334        56.324964980658514        0.0000000000000000     
  0.26666666666666672       0.27019635149209681        0.0000000000000000     
  0.30000000000000004        56.257739593535746        0.0000000000000000     
  0.33333333333333337       0.33734111652353543        0.0000000000000000     
  0.36666666666666664        56.190675353907110        0.0000000000000000     
  0.40000000000000002       0.40432492732192171        0.0000000000000000     
  0.43333333333333335        56.123771875482255        0.0000000000000000     
  0.46666666666666667       0.47114816971428392        0.0000000000000000     
  0.50000000000000000        56.057028772896885        0.0000000000000000     
  0.53333333333333333       0.53781122860277508        0.0000000000000000     
  0.56666666666666665        55.990445661710446        0.0000000000000000     
  0.59999999999999998       0.60431448796689091        0.0000000000000000     
  0.63333333333333330        55.924022158403929        0.0000000000000000     
  0.66666666666666674       0.67065833086568738        0.0000000000000000     
  0.69999999999999996        55.857757880377669        0.0000000000000000     
  0.73333333333333339       0.73684313943996849        0.0000000000000000     
  0.76666666666666672        55.791652445949190        0.0000000000000000     
  0.80000000000000004       0.80286929491449976        0.0000000000000000     
  0.83333333333333337        55.559138747720212        0.0000000000000000     
  0.86666666666666670       0.53540396412301328        0.0000000000000000     
  0.90000000000000002        55.160016406051575        0.0000000000000000     
  0.93333333333333335       0.26778073965468002        0.0000000000000000     
  0.96666666666666667        54.761051768700973        0.0000000000000000     
   1.0000000000000000        0.0000000000000000        0.0000000000000000     
