X My_beautiful_solution_real My_beautiful_solution_imag
   0.0000000000000000        0.0000000000000000        0.0000000000000000     
   4.1666666666666666E-003   2.2112139575172951        0.0000000000000000     
   8.3333333333333332E-003   2.1126248001757487E-002   0.0000000000000000     
   1.2500000000000001E-002   2.1902895526493120        0.0000000000000000     
   1.6666666666666666E-002   4.1850738173549541E-002   0.0000000000000000     
   2.0833333333333336E-002   2.1697630671606900        0.0000000000000000     
   2.5000000000000001E-002   6.2181110743490517E-002   0.0000000000000000     
   2.9166666666666667E-002   2.1496269338191247        0.0000000000000000     
   3.3333333333333333E-002   8.2124860645487144E-002   0.0000000000000000     
   3.7500000000000006E-002   2.1298737292983572        0.0000000000000000     
   4.1666666666666671E-002  0.10168934028229815        0.0000000000000000     
   4.5833333333333337E-002   2.1104961714415138        0.0000000000000000     
   5.0000000000000003E-002  0.12088176223604875        0.0000000000000000     
   5.4166666666666669E-002   2.0914871165764937        0.0000000000000000     
   5.8333333333333334E-002  0.13970920192719960        0.0000000000000000     
   6.2500000000000000E-002   2.0728395568823910        0.0000000000000000     
   6.6666666666666666E-002  0.15817860022294997        0.0000000000000000     
   7.0833333333333331E-002   2.0545466178060270        0.0000000000000000     
   7.5000000000000011E-002  0.17629676599603700        0.0000000000000000     
   7.9166666666666677E-002   2.0366015555275849        0.0000000000000000     
   8.3333333333333343E-002  0.19407037863487359        0.0000000000000000     
   8.7500000000000008E-002   2.0189977544744728        0.0000000000000000     
   9.1666666666666674E-002  0.21150599050595265        0.0000000000000000     
   9.5833333333333340E-002   2.0017287248824163        0.0000000000000000     
  0.10000000000000001       0.22861002936942215        0.0000000000000000     
  0.10416666666666667        1.9847881004029952        0.0000000000000000     
  0.10833333333333334       0.24538880074872396        0.0000000000000000     
  0.11250000000000000        1.9681696357566150        0.0000000000000000     
  0.11666666666666667       0.26184849025516893        0.0000000000000000     
  0.12083333333333333        1.9518672044301655        0.0000000000000000     
  0.12500000000000000       0.27799516586830597        0.0000000000000000     
  0.12916666666666665        1.9358747964184286        0.0000000000000000     
  0.13333333333333333       0.29383478017292525        0.0000000000000000     
  0.13750000000000001        1.9201865160084406        0.0000000000000000     
  0.14166666666666666       0.30937317255351904        0.0000000000000000     
  0.14583333333333331        1.9047965796060047        0.0000000000000000     
  0.14999999999999999       0.32461607134701442        0.0000000000000000     
  0.15416666666666667        1.8896993136035312        0.0000000000000000     
  0.15833333333333333       0.33956909595456058        0.0000000000000000     
  0.16249999999999998        1.8748891522884141        0.0000000000000000     
  0.16666666666666666       0.35423775891316445        0.0000000000000000     
  0.17083333333333334        1.8603606357911964        0.0000000000000000     
  0.17499999999999999       0.36862746792792245        0.0000000000000000     
  0.17916666666666667        1.8461084080727552        0.0000000000000000     
  0.18333333333333335       0.38274352786561178        0.0000000000000000     
  0.18750000000000000        1.8321272149497605        0.0000000000000000     
  0.19166666666666668       0.39659114271036477        0.0000000000000000     
  0.19583333333333336        1.8184119021576670        0.0000000000000000     
  0.20000000000000001       0.41017541748215419        0.0000000000000000     
  0.20416666666666666        1.8049574134505666        0.0000000000000000     
  0.20833333333333334       0.42350136011879541        0.0000000000000000     
  0.21250000000000002        1.7917587887372066        0.0000000000000000     
  0.21666666666666667       0.43657388332215580        0.0000000000000000     
  0.22083333333333333        1.7788111622523499        0.0000000000000000     
  0.22500000000000001       0.44939780636925980        0.0000000000000000     
  0.22916666666666669        1.7661097607630185        0.0000000000000000     
  0.23333333333333334       0.46197785688894510        0.0000000000000000     
  0.23749999999999999        1.7536499018088081        0.0000000000000000     
  0.24166666666666667       0.47431867260474009        0.0000000000000000     
  0.24583333333333335        1.7414269919756462        0.0000000000000000     
  0.25000000000000000       0.48642480304458952        0.0000000000000000     
  0.25416666666666665        1.7294365252024231        0.0000000000000000     
  0.25833333333333336       0.49830071121807179        0.0000000000000000     
  0.26250000000000007        1.7176740811197733        0.0000000000000000     
  0.26666666666666672       0.50995077526171884        0.0000000000000000     
  0.27083333333333337        1.7061353234204895        0.0000000000000000     
  0.27500000000000002       0.52137929005304484        0.0000000000000000     
  0.27916666666666667        1.6948159982609283        0.0000000000000000     
  0.28333333333333338       0.53259046879388439        0.0000000000000000     
  0.28750000000000009        1.6837119326927676        0.0000000000000000     
  0.29166666666666674       0.54358844456361921        0.0000000000000000     
  0.29583333333333339        1.6728190331246569        0.0000000000000000     
  0.30000000000000004       0.55437727184286478        0.0000000000000000     
  0.30416666666666670        1.6621332838130467        0.0000000000000000     
  0.30833333333333335       0.56496092800818509        0.0000000000000000     
  0.31250000000000000        1.6516507453817901        0.0000000000000000     
  0.31666666666666671       0.57534331479837875        0.0000000000000000     
  0.32083333333333341        1.6413675533698413        0.0000000000000000     
  0.32500000000000007       0.58552825975288325        0.0000000000000000     
  0.32916666666666672        1.6312799168066245        0.0000000000000000     
  0.33333333333333337       0.59551951762282340        0.0000000000000000     
  0.33750000000000002        1.6213841168144172        0.0000000000000000     
  0.34166666666666667       0.60532077175522736        0.0000000000000000     
  0.34583333333333333        1.6116765052374209        0.0000000000000000     
  0.34999999999999998       0.61493563545091712        0.0000000000000000     
  0.35416666666666663        1.6021535032967837        0.0000000000000000     
  0.35833333333333328       0.62436765329657851        0.0000000000000000     
  0.36249999999999993        1.5928116002713026        0.0000000000000000     
  0.36666666666666664       0.63362030247149637        0.0000000000000000     
  0.37083333333333335        1.5836473522031471        0.0000000000000000     
  0.37500000000000000       0.64269699402944225        0.0000000000000000     
  0.37916666666666665        1.5746573806282371        0.0000000000000000     
  0.38333333333333330       0.65160107415618262        0.0000000000000000     
  0.38749999999999996        1.5658383713307322        0.0000000000000000     
  0.39166666666666666       0.66033582540307301        0.0000000000000000     
  0.39583333333333337        1.5571870731212329        0.0000000000000000     
  0.40000000000000002       0.66890446789719582        0.0000000000000000     
  0.40416666666666667        1.5487002966381975        0.0000000000000000     
  0.40833333333333333       0.67731016052847925        0.0000000000000000     
  0.41249999999999998        1.5403749131721860        0.0000000000000000     
  0.41666666666666669       0.68555600211424705        0.0000000000000000     
  0.42083333333333339        1.5322078535123920        0.0000000000000000     
  0.42500000000000004       0.69364503254161791        0.0000000000000000     
  0.42916666666666670        1.5241961068152228        0.0000000000000000     
  0.43333333333333335       0.70158023388818103        0.0000000000000000     
  0.43750000000000000        1.5163367194942541        0.0000000000000000     
  0.44166666666666665       0.70936453152136003        0.0000000000000000     
  0.44583333333333330        1.5086267941314593        0.0000000000000000     
  0.45000000000000001       0.71700079517687054        0.0000000000000000     
  0.45416666666666672        1.5010634884089562        0.0000000000000000     
  0.45833333333333337       0.72449184001666767        0.0000000000000000     
  0.46250000000000002        1.4936440140612650        0.0000000000000000     
  0.46666666666666667       0.73184042766677526        0.0000000000000000     
  0.47083333333333333        1.4863656358472941        0.0000000000000000     
  0.47499999999999998       0.73904926723537900        0.0000000000000000     
  0.47916666666666663        1.4792256705420870        0.0000000000000000     
  0.48333333333333334       0.74612101631155758        0.0000000000000000     
  0.48750000000000004        1.4722214859475262        0.0000000000000000     
  0.49166666666666670       0.75305828194502245        0.0000000000000000     
  0.49583333333333335        1.4653504999220286        0.0000000000000000     
  0.50000000000000000       0.75986362160722298        0.0000000000000000     
  0.50416666666666665        1.4586101794285748        0.0000000000000000     
  0.50833333333333330       0.76653954413417857        0.0000000000000000     
  0.51249999999999996        1.4519980396009196        0.0000000000000000     
  0.51666666666666661       0.77308851065137651        0.0000000000000000     
  0.52083333333333326        1.4455116428275190        0.0000000000000000     
  0.52499999999999991       0.77951293548108502        0.0000000000000000     
  0.52916666666666656        1.4391485978528635        0.0000000000000000     
  0.53333333333333333       0.78581518703240782        0.0000000000000000     
  0.53750000000000009        1.4329065588959822        0.0000000000000000     
  0.54166666666666674       0.79199758867441628        0.0000000000000000     
  0.54583333333333339        1.4267832247855794        0.0000000000000000     
  0.55000000000000004       0.79806241959267576        0.0000000000000000     
  0.55416666666666670        1.4207763381117604        0.0000000000000000     
  0.55833333333333335       0.80401191562948238        0.0000000000000000     
  0.56250000000000000        1.4148836843937818        0.0000000000000000     
  0.56666666666666665       0.80984827010812210        0.0000000000000000     
  0.57083333333333330        1.4091030912636562        0.0000000000000000     
  0.57499999999999996       0.81557363464145516        0.0000000000000000     
  0.57916666666666661        1.4034324276653580        0.0000000000000000     
  0.58333333333333326       0.82119011992512314        0.0000000000000000     
  0.58749999999999991        1.3978696030691200        0.0000000000000000     
  0.59166666666666656       0.82669979651567072        0.0000000000000000     
  0.59583333333333321        1.3924125667007754        0.0000000000000000     
  0.59999999999999998       0.83210469559387257        0.0000000000000000     
  0.60416666666666674        1.3870593067857304        0.0000000000000000     
  0.60833333333333339       0.83740680971353976        0.0000000000000000     
  0.61250000000000004        1.3818078498073310        0.0000000000000000     
  0.61666666666666670       0.84260809353609201        0.0000000000000000     
  0.62083333333333335        1.3766562597792598        0.0000000000000000     
  0.62500000000000000       0.84771046455115417        0.0000000000000000     
  0.62916666666666665        1.3716026375318577        0.0000000000000000     
  0.63333333333333330       0.85271580378345380        0.0000000000000000     
  0.63749999999999996        1.3666451200119700        0.0000000000000000     
  0.64166666666666661       0.85762595648627393        0.0000000000000000     
  0.64583333333333326        1.3617818795961243        0.0000000000000000     
  0.65000000000000002       0.86244273282171846        0.0000000000000000     
  0.65416666666666679        1.3570111234167461        0.0000000000000000     
  0.65833333333333344       0.86716790852804015        0.0000000000000000     
  0.66250000000000009        1.3523310927012528        0.0000000000000000     
  0.66666666666666674       0.87180322557428092        0.0000000000000000     
  0.67083333333333339        1.3477400621236035        0.0000000000000000     
  0.67500000000000004       0.87635039280245919        0.0000000000000000     
  0.67916666666666670        1.3432363391683069        0.0000000000000000     
  0.68333333333333335       0.88081108655754681        0.0000000000000000     
  0.68750000000000000        1.3388182635064196        0.0000000000000000     
  0.69166666666666665       0.88518695130546610        0.0000000000000000     
  0.69583333333333330        1.3344842063834772        0.0000000000000000     
  0.69999999999999996       0.88947960023933237        0.0000000000000000     
  0.70416666666666661        1.3302325700190383        0.0000000000000000     
  0.70833333333333326       0.89369061587417020        0.0000000000000000     
  0.71249999999999991        1.3260617870176625        0.0000000000000000     
  0.71666666666666667       0.89782155063031821        0.0000000000000000     
  0.72083333333333344        1.3219703197910233        0.0000000000000000     
  0.72500000000000009       0.90187392740573880        0.0000000000000000     
  0.72916666666666674        1.3179566599911667        0.0000000000000000     
  0.73333333333333339       0.90584924013744661        0.0000000000000000     
  0.73750000000000004        1.3140193279543486        0.0000000000000000     
  0.74166666666666670       0.90974895435225767        0.0000000000000000     
  0.74583333333333335        1.3101568721556034        0.0000000000000000     
  0.75000000000000000       0.91357450770706672        0.0000000000000000     
  0.75416666666666665        1.3063678686736122        0.0000000000000000     
  0.75833333333333330       0.91732731051884919        0.0000000000000000     
  0.76249999999999996        1.3026509206657566        0.0000000000000000     
  0.76666666666666672       0.92100874628458396        0.0000000000000000     
  0.77083333333333348        1.2990046578531913        0.0000000000000000     
  0.77500000000000013       0.92462017219129022        0.0000000000000000     
  0.77916666666666679        1.2954277360156499        0.0000000000000000     
  0.78333333333333344       0.92816291961636377        0.0000000000000000     
  0.78750000000000009        1.2919188364959093        0.0000000000000000     
  0.79166666666666674       0.93163829461839764        0.0000000000000000     
  0.79583333333333339        1.2884766657136477        0.0000000000000000     
  0.80000000000000004       0.93504757841867070        0.0000000000000000     
  0.80416666666666670        1.2643661436481815        0.0000000000000000     
  0.80833333333333335       0.89672631205674458        0.0000000000000000     
  0.81250000000000000        1.2193860391000668        0.0000000000000000     
  0.81666666666666665       0.85834142622170240        0.0000000000000000     
  0.82083333333333330        1.1744689461957183        0.0000000000000000     
  0.82499999999999996       0.81989413076497863        0.0000000000000000     
  0.82916666666666661        1.1296136666427703        0.0000000000000000     
  0.83333333333333337       0.78138561253026506        0.0000000000000000     
  0.83750000000000013        1.0848190249368079        0.0000000000000000     
  0.84166666666666679       0.74281703579104896        0.0000000000000000     
  0.84583333333333344        1.0400838679279811        0.0000000000000000     
  0.85000000000000009       0.70418954267983069        0.0000000000000000     
  0.85416666666666674       0.99540706439588278        0.0000000000000000     
  0.85833333333333339       0.66550425360917753        0.0000000000000000     
  0.86250000000000004       0.95078750463253159        0.0000000000000000     
  0.86666666666666670       0.62676226768477228        0.0000000000000000     
  0.87083333333333335       0.90622410003324294        0.0000000000000000     
  0.87500000000000000       0.58796466311060713        0.0000000000000000     
  0.87916666666666665       0.86171578269534077        0.0000000000000000     
  0.88333333333333330       0.54911249758646985        0.0000000000000000     
  0.88749999999999996       0.81726150502444739        0.0000000000000000     
  0.89166666666666661       0.51020680869787316        0.0000000000000000     
  0.89583333333333326       0.77286023934829018        0.0000000000000000     
  0.90000000000000002       0.47124861429856690        0.0000000000000000     
  0.90416666666666679       0.72851097753783800        0.0000000000000000     
  0.90833333333333344       0.43223891288577815        0.0000000000000000     
  0.91250000000000009       0.68421273063564025        0.0000000000000000     
  0.91666666666666674       0.39317868396831412        0.0000000000000000     
  0.92083333333333339       0.63996452849126184        0.0000000000000000     
  0.92500000000000004       0.35406888842766299        0.0000000000000000     
  0.92916666666666670       0.59576541940360639        0.0000000000000000     
  0.93333333333333335       0.31491046887223156        0.0000000000000000     
  0.93750000000000000       0.55161446977007755        0.0000000000000000     
  0.94166666666666665       0.27570434998484378        0.0000000000000000     
  0.94583333333333330       0.50751076374240389        0.0000000000000000     
  0.94999999999999996       0.23645143886363171        0.0000000000000000     
  0.95416666666666661       0.46345340288899695        0.0000000000000000     
  0.95833333333333326       0.19715262535644318        0.0000000000000000     
  0.96249999999999991       0.41944150586374040        0.0000000000000000     
  0.96666666666666667       0.15780878238889043        0.0000000000000000     
  0.97083333333333344       0.37547420808107113        0.0000000000000000     
  0.97500000000000009       0.11842076628616131        0.0000000000000000     
  0.97916666666666674       0.33155066139725548        0.0000000000000000     
  0.98333333333333339        7.8989417088709074E-002   0.0000000000000000     
  0.98750000000000004       0.28767003379770317        0.0000000000000000     
  0.99166666666666670        3.9515558861937410E-002   0.0000000000000000     
  0.99583333333333335       0.24383150909024984        0.0000000000000000     
   1.0000000000000000        0.0000000000000000        0.0000000000000000     
