X My_beautiful_solution_real My_beautiful_solution_imag
   0.0000000000000000        0.0000000000000000        0.0000000000000000     
   2.0833333333333333E-003   1.9808843609928357        0.0000000000000000     
   4.1666666666666666E-003   3.7671334915870110E-002   0.0000000000000000     
   6.2500000000000003E-003   1.9439294381514349        0.0000000000000000     
   8.3333333333333332E-003   7.3923470001174066E-002   0.0000000000000000     
   1.0416666666666668E-002   1.9083667256034103        0.0000000000000000     
   1.2500000000000001E-002  0.10880987105858587        0.0000000000000000     
   1.4583333333333334E-002   1.8741437743283902        0.0000000000000000     
   1.6666666666666666E-002  0.14238198966276600        0.0000000000000000     
   1.8750000000000003E-002   1.8412101112285688        0.0000000000000000     
   2.0833333333333336E-002  0.17468933904278131        0.0000000000000000     
   2.2916666666666669E-002   1.8095171646893777        0.0000000000000000     
   2.5000000000000001E-002  0.20577956710579109        0.0000000000000000     
   2.7083333333333334E-002   1.7790181929445237        0.0000000000000000     
   2.9166666666666667E-002  0.23569852670969724        0.0000000000000000     
   3.1250000000000000E-002   1.7496682151397411        0.0000000000000000     
   3.3333333333333333E-002  0.26449034328839854        0.0000000000000000     
   3.5416666666666666E-002   1.7214239449936000        0.0000000000000000     
   3.7500000000000006E-002  0.29219747992938494        0.0000000000000000     
   3.9583333333333338E-002   1.6942437269575130        0.0000000000000000     
   4.1666666666666671E-002  0.31886079999965045        0.0000000000000000     
   4.3750000000000004E-002   1.6680874747808185        0.0000000000000000     
   4.5833333333333337E-002  0.34451962741228759        0.0000000000000000     
   4.7916666666666670E-002   1.6429166123902919        0.0000000000000000     
   5.0000000000000003E-002  0.36921180462264586        0.0000000000000000     
   5.2083333333333336E-002   1.6186940169969295        0.0000000000000000     
   5.4166666666666669E-002  0.39297374843958943        0.0000000000000000     
   5.6250000000000001E-002   1.5953839643460757        0.0000000000000000     
   5.8333333333333334E-002  0.41584050373416598        0.0000000000000000     
   6.0416666666666667E-002   1.5729520760301603        0.0000000000000000     
   6.2500000000000000E-002  0.43784579512489807        0.0000000000000000     
   6.4583333333333326E-002   1.5513652687863200        0.0000000000000000     
   6.6666666666666666E-002  0.45902207671592349        0.0000000000000000     
   6.8750000000000006E-002   1.5305917057041596        0.0000000000000000     
   7.0833333333333331E-002  0.47940057996134167        0.0000000000000000     
   7.2916666666666671E-002   1.5106007492716493        0.0000000000000000     
   7.5000000000000011E-002  0.49901135972635524        0.0000000000000000     
   7.7083333333333337E-002   1.4913629161899649        0.0000000000000000     
   7.9166666666666677E-002  0.51788333861314340        0.0000000000000000     
   8.1250000000000017E-002   1.4728498338905642        0.0000000000000000     
   8.3333333333333343E-002  0.53604434961683423        0.0000000000000000     
   8.5416666666666669E-002   1.4550341986904285        0.0000000000000000     
   8.7500000000000008E-002  0.55352117717449367        0.0000000000000000     
   8.9583333333333348E-002   1.4378897355237230        0.0000000000000000     
   9.1666666666666674E-002  0.57033959666766465        0.0000000000000000     
   9.3750000000000000E-002   1.4213911591904849        0.0000000000000000     
   9.5833333333333340E-002  0.58652441243671993        0.0000000000000000     
   9.7916666666666680E-002   1.4055141370652149        0.0000000000000000     
  0.10000000000000001       0.60209949436309373        0.0000000000000000     
  0.10208333333333333        1.3902352532103417        0.0000000000000000     
  0.10416666666666667       0.61708781307334237        0.0000000000000000     
  0.10625000000000001        1.3755319738416505        0.0000000000000000     
  0.10833333333333334       0.63151147381695538        0.0000000000000000     
  0.11041666666666666        1.3613826140947469        0.0000000000000000     
  0.11250000000000000       0.64539174906787977        0.0000000000000000     
  0.11458333333333334        1.3477663060435228        0.0000000000000000     
  0.11666666666666667       0.65874910989784463        0.0000000000000000     
  0.11874999999999999        1.3346629679234783        0.0000000000000000     
  0.12083333333333333       0.67160325616774563        0.0000000000000000     
  0.12291666666666667        1.3220532745144942        0.0000000000000000     
  0.12500000000000000       0.68397314558162992        0.0000000000000000     
  0.12708333333333333        1.3099186286393834        0.0000000000000000     
  0.12916666666666665       0.69587702164611998        0.0000000000000000     
  0.13124999999999998        1.2982411337361830        0.0000000000000000     
  0.13333333333333333       0.70733244057651723        0.0000000000000000     
  0.13541666666666669        1.2870035674637332        0.0000000000000000     
  0.13750000000000001       0.71835629718926941        0.0000000000000000     
  0.13958333333333334        1.2761893563016180        0.0000000000000000     
  0.14166666666666666       0.72896484981898146        0.0000000000000000     
  0.14374999999999999        1.2657825511070200        0.0000000000000000     
  0.14583333333333331       0.73917374429672533        0.0000000000000000     
  0.14791666666666664        1.2557678035924025        0.0000000000000000     
  0.14999999999999999       0.74899803702501078        0.0000000000000000     
  0.15208333333333335        1.2461303436893794        0.0000000000000000     
  0.15416666666666667       0.75845221718344558        0.0000000000000000     
  0.15625000000000000        1.2368559577653353        0.0000000000000000     
  0.15833333333333333       0.76755022809783968        0.0000000000000000     
  0.16041666666666665        1.2279309676607244        0.0000000000000000     
  0.16249999999999998       0.77630548780426578        0.0000000000000000     
  0.16458333333333330        1.2193422105160689        0.0000000000000000     
  0.16666666666666666       0.78473090883840457        0.0000000000000000     
  0.16875000000000001        1.2110770193589659        0.0000000000000000     
  0.17083333333333334       0.79283891727936640        0.0000000000000000     
  0.17291666666666666        1.2031232044224291        0.0000000000000000     
  0.17499999999999999       0.80064147107606476        0.0000000000000000     
  0.17708333333333331        1.1954690351670305        0.0000000000000000     
  0.17916666666666667       0.80815007768318270        0.0000000000000000     
  0.18125000000000002        1.1881032229803328        0.0000000000000000     
  0.18333333333333335       0.81537581103273238        0.0000000000000000     
  0.18541666666666667        1.1810149045280804        0.0000000000000000     
  0.18750000000000000       0.82232932786624102        0.0000000000000000     
  0.18958333333333333        1.1741936257326095        0.0000000000000000     
  0.19166666666666668       0.82902088345165525        0.0000000000000000     
  0.19375000000000003        1.1676293263548430        0.0000000000000000     
  0.19583333333333336       0.83546034670813429        0.0000000000000000     
  0.19791666666666669        1.1613123251571245        0.0000000000000000     
  0.20000000000000001       0.84165721476104705        0.0000000000000000     
  0.20208333333333334        1.1552333056250270        0.0000000000000000     
  0.20416666666666666       0.84762062694863449        0.0000000000000000     
  0.20624999999999999        1.1493833022270610        0.0000000000000000     
  0.20833333333333334       0.85335937830099728        0.0000000000000000     
  0.21041666666666670        1.1437536871920191        0.0000000000000000     
  0.21250000000000002       0.85888193251128619        0.0000000000000000     
  0.21458333333333335        1.1383361577844613        0.0000000000000000     
  0.21666666666666667       0.86419643441822458        0.0000000000000000     
  0.21875000000000000        1.1331227240595867        0.0000000000000000     
  0.22083333333333333       0.86931072201837711        0.0000000000000000     
  0.22291666666666665        1.1281056970794054        0.0000000000000000     
  0.22500000000000001       0.87423233802587674        0.0000000000000000     
  0.22708333333333336        1.1232776775728404        0.0000000000000000     
  0.22916666666666669       0.87896854099665933        0.0000000000000000     
  0.23125000000000001        1.1186315450230575        0.0000000000000000     
  0.23333333333333334       0.88352631603361131        0.0000000000000000     
  0.23541666666666666        1.1141604471658888        0.0000000000000000     
  0.23749999999999999       0.88791238508842518        0.0000000000000000     
  0.23958333333333331        1.1098577898839082        0.0000000000000000     
  0.24166666666666667       0.89213321687534375        0.0000000000000000     
  0.24375000000000002        1.1057172274812102        0.0000000000000000     
  0.24583333333333335       0.89619503641143028        0.0000000000000000     
  0.24791666666666667        1.1017326533245748        0.0000000000000000     
  0.25000000000000000       0.90010383419741757        0.0000000000000000     
  0.25208333333333333        1.0978981908372112        0.0000000000000000     
  0.25416666666666665       0.90386537505269060        0.0000000000000000     
  0.25624999999999998        1.0942081848318004        0.0000000000000000     
  0.25833333333333336       0.90748520661742793        0.0000000000000000     
  0.26041666666666674        1.0906571931700404        0.0000000000000000     
  0.26250000000000007       0.91096866753443506        0.0000000000000000     
  0.26458333333333339        1.0872399787363998        0.0000000000000000     
  0.26666666666666672       0.91432089532274496        0.0000000000000000     
  0.26875000000000004        1.0839515017142671        0.0000000000000000     
  0.27083333333333337       0.91754683395459635        0.0000000000000000     
  0.27291666666666670        1.0807869121530689        0.0000000000000000     
  0.27500000000000002       0.92065124114696062        0.0000000000000000     
  0.27708333333333335        1.0777415428153920        0.0000000000000000     
  0.27916666666666667       0.92363869537837284        0.0000000000000000     
  0.28125000000000000        1.0748109022936105        0.0000000000000000     
  0.28333333333333338       0.92651360264142002        0.0000000000000000     
  0.28541666666666676        1.0719906683858067        0.0000000000000000     
  0.28750000000000009       0.92928020294083757        0.0000000000000000     
  0.28958333333333341        1.0692766817212416        0.0000000000000000     
  0.29166666666666674       0.93194257654680412        0.0000000000000000     
  0.29375000000000007        1.0666649396260066        0.0000000000000000     
  0.29583333333333339       0.93450465001265237        0.0000000000000000     
  0.29791666666666672        1.0641515902197305        0.0000000000000000     
  0.30000000000000004       0.93697020196587733        0.0000000000000000     
  0.30208333333333337        1.0617329267347133        0.0000000000000000     
  0.30416666666666670       0.93934286868097394        0.0000000000000000     
  0.30625000000000002        1.0594053820490636        0.0000000000000000     
  0.30833333333333335       0.94162614944233269        0.0000000000000000     
  0.31041666666666667        1.0571655234257962        0.0000000000000000     
  0.31250000000000000       0.94382341170509254        0.0000000000000000     
  0.31458333333333333        1.0550100474501254        0.0000000000000000     
  0.31666666666666671       0.94593789606157475        0.0000000000000000     
  0.31875000000000009        1.0529357751574790        0.0000000000000000     
  0.32083333333333341       0.94797272102060925        0.0000000000000000     
  0.32291666666666674        1.0509396473450474        0.0000000000000000     
  0.32500000000000007       0.94993088760681088        0.0000000000000000     
  0.32708333333333339        1.0490187200600101        0.0000000000000000     
  0.32916666666666672       0.95181528378658631        0.0000000000000000     
  0.33125000000000004        1.0471701602576629        0.0000000000000000     
  0.33333333333333337       0.95362868872739914        0.0000000000000000     
  0.33541666666666670        1.0453912416231719        0.0000000000000000     
  0.33750000000000002       0.95537377689657388        0.0000000000000000     
  0.33958333333333335        1.0436793405507168        0.0000000000000000     
  0.34166666666666667       0.95705312200568593        0.0000000000000000     
  0.34375000000000000        1.0420319322741074        0.0000000000000000     
  0.34583333333333333       0.95866920080635332        0.0000000000000000     
  0.34791666666666665        1.0404465871431836        0.0000000000000000     
  0.34999999999999998       0.96022439674302806        0.0000000000000000     
  0.35208333333333330        1.0389209670404864        0.0000000000000000     
  0.35416666666666663       0.96172100346817790        0.0000000000000000     
  0.35624999999999996        1.0374528219329306        0.0000000000000000     
  0.35833333333333328       0.96316122822503536        0.0000000000000000     
  0.36041666666666661        1.0360399865533847        0.0000000000000000     
  0.36249999999999993       0.96454719510291176        0.0000000000000000     
  0.36458333333333326        1.0346803772072586        0.0000000000000000     
  0.36666666666666664       0.96588094816987236        0.0000000000000000     
  0.36875000000000002        1.0333719886994106        0.0000000000000000     
  0.37083333333333335       0.96716445448739130        0.0000000000000000     
  0.37291666666666667        1.0321128913768378        0.0000000000000000     
  0.37500000000000000       0.96839960701143768        0.0000000000000000     
  0.37708333333333333        1.0309012282827255        0.0000000000000000     
  0.37916666666666665       0.96958822738426742        0.0000000000000000     
  0.38124999999999998        1.0297352124177785        0.0000000000000000     
  0.38333333333333330       0.97073206862103811        0.0000000000000000     
  0.38541666666666663        1.0286131241046865        0.0000000000000000     
  0.38749999999999996       0.97183281769521190        0.0000000000000000     
  0.38958333333333328        1.0275333084518914        0.0000000000000000     
  0.39166666666666666       0.97289209802655918        0.0000000000000000     
  0.39375000000000004        1.0264941729129018        0.0000000000000000     
  0.39583333333333337       0.97391147187542815        0.0000000000000000     
  0.39791666666666670        1.0254941849375445        0.0000000000000000     
  0.40000000000000002       0.97489244264681540        0.0000000000000000     
  0.40208333333333335        1.0245318697117289        0.0000000000000000     
  0.40416666666666667       0.97583645710763767        0.0000000000000000     
  0.40625000000000000        1.0236058079823325        0.0000000000000000     
  0.40833333333333333       0.97674490752046905        0.0000000000000000     
  0.41041666666666665        1.0227146339640418        0.0000000000000000     
  0.41249999999999998       0.97761913369689180        0.0000000000000000     
  0.41458333333333330        1.0218570333250472        0.0000000000000000     
  0.41666666666666669       0.97846042497349672        0.0000000000000000     
  0.41875000000000007        1.0210317412486314        0.0000000000000000     
  0.42083333333333339       0.97927002211343572        0.0000000000000000     
  0.42291666666666672        1.0202375405677722        0.0000000000000000     
  0.42500000000000004       0.98004911913633908        0.0000000000000000     
  0.42708333333333337        1.0194732599700256        0.0000000000000000     
  0.42916666666666670       0.98079886507929348        0.0000000000000000     
  0.43125000000000002        1.0187377722700433        0.0000000000000000     
  0.43333333333333335       0.98152036569147871        0.0000000000000000     
  0.43541666666666667        1.0180299927471534        0.0000000000000000     
  0.43750000000000000       0.98221468506496212        0.0000000000000000     
  0.43958333333333333        1.0173488775455901        0.0000000000000000     
  0.44166666666666665       0.98288284720405550        0.0000000000000000     
  0.44374999999999998        1.0166934221349733        0.0000000000000000     
  0.44583333333333330       0.98352583753554657        0.0000000000000000     
  0.44791666666666663        1.0160626598288036        0.0000000000000000     
  0.45000000000000001       0.98414460436204254        0.0000000000000000     
  0.45208333333333339        1.0154556603587577        0.0000000000000000     
  0.45416666666666672       0.98474006026055361        0.0000000000000000     
  0.45625000000000004        1.0148715285026884        0.0000000000000000     
  0.45833333333333337       0.98531308342839141        0.0000000000000000     
  0.46041666666666670        1.0143094027643509        0.0000000000000000     
  0.46250000000000002       0.98586451897836191        0.0000000000000000     
  0.46458333333333335        1.0137684541028107        0.0000000000000000     
  0.46666666666666667       0.98639518018516592        0.0000000000000000     
  0.46875000000000000        1.0132478847097655        0.0000000000000000     
  0.47083333333333333       0.98690584968484107        0.0000000000000000     
  0.47291666666666665        1.0127469268329043        0.0000000000000000     
  0.47499999999999998       0.98739728062902044        0.0000000000000000     
  0.47708333333333330        1.0122648416436082        0.0000000000000000     
  0.47916666666666663       0.98787019779570018        0.0000000000000000     
  0.48124999999999996        1.0118009181472931        0.0000000000000000     
  0.48333333333333334       0.98832529865817087        0.0000000000000000     
  0.48541666666666672        1.0113544721348224        0.0000000000000000     
  0.48750000000000004       0.98876325441366975        0.0000000000000000     
  0.48958333333333337        1.0109248451734043        0.0000000000000000     
  0.49166666666666670       0.98918471097328420        0.0000000000000000     
  0.49375000000000002        1.0105114036355267        0.0000000000000000     
  0.49583333333333335       0.98959028991456299        0.0000000000000000     
  0.49791666666666667        1.0101135377644466        0.0000000000000000     
  0.50000000000000000       0.98998058939823730        0.0000000000000000     
  0.50208333333333333        1.0097306607749157        0.0000000000000000     
  0.50416666666666665       0.99035618505040868        0.0000000000000000     
  0.50624999999999998        1.0093622079877607        0.0000000000000000     
  0.50833333333333330       0.99071763081149922        0.0000000000000000     
  0.51041666666666663        1.0090076359970872        0.0000000000000000     
  0.51249999999999996       0.99106545975322191        0.0000000000000000     
  0.51458333333333328        1.0086664218688364        0.0000000000000000     
  0.51666666666666661       0.99140018486477066        0.0000000000000000     
  0.51874999999999993        1.0083380623695524        0.0000000000000000     
  0.52083333333333326       0.99172229980939397        0.0000000000000000     
  0.52291666666666659        1.0080220732241891        0.0000000000000000     
  0.52499999999999991       0.99203227965246443        0.0000000000000000     
  0.52708333333333324        1.0077179884019103        0.0000000000000000     
  0.52916666666666656       0.99233058156212106        0.0000000000000000     
  0.53125000000000000        1.0074253594287290        0.0000000000000000     
  0.53333333333333333       0.99261764548351472        0.0000000000000000     
  0.53541666666666665        1.0071437547261231        0.0000000000000000     
  0.53750000000000009       0.99289389478765322        0.0000000000000000     
  0.53958333333333341        1.0068727589745177        0.0000000000000000     
  0.54166666666666674       0.99315973689580284        0.0000000000000000     
  0.54375000000000007        1.0066119725007545        0.0000000000000000     
  0.54583333333333339       0.99341556388036578        0.0000000000000000     
  0.54791666666666672        1.0063610106886394        0.0000000000000000     
  0.55000000000000004       0.99366175304312210        0.0000000000000000     
  0.55208333333333337        1.0061195034117081        0.0000000000000000     
  0.55416666666666670       0.99389866747168465        0.0000000000000000     
  0.55625000000000002        1.0058870944873319        0.0000000000000000     
  0.55833333333333335       0.99412665657499344        0.0000000000000000     
  0.56041666666666667        1.0056634411514407        0.0000000000000000     
  0.56250000000000000       0.99434605659863406        0.0000000000000000     
  0.56458333333333333        1.0054482135529710        0.0000000000000000     
  0.56666666666666665       0.99455719112074503        0.0000000000000000     
  0.56874999999999998        1.0052410942674108        0.0000000000000000     
  0.57083333333333330       0.99476037152923935        0.0000000000000000     
  0.57291666666666663        1.0050417778286524        0.0000000000000000     
  0.57499999999999996       0.99495589748105073        0.0000000000000000     
  0.57708333333333328        1.0048499702784581        0.0000000000000000     
  0.57916666666666661       0.99514405734407585        0.0000000000000000     
  0.58124999999999993        1.0046653887329549        0.0000000000000000     
  0.58333333333333326       0.99532512862246969        0.0000000000000000     
  0.58541666666666659        1.0044877609654053        0.0000000000000000     
  0.58749999999999991       0.99549937836591684        0.0000000000000000     
  0.58958333333333324        1.0043168250047165        0.0000000000000000     
  0.59166666666666656       0.99566706356348511        0.0000000000000000     
  0.59374999999999989        1.0041523287490997        0.0000000000000000     
  0.59583333333333321       0.99582843152264067        0.0000000000000000     
  0.59791666666666665        1.0039940295942384        0.0000000000000000     
  0.59999999999999998       0.99598372023398674        0.0000000000000000     
  0.60208333333333330        1.0038416940754993        0.0000000000000000     
  0.60416666666666674       0.99613315872225638        0.0000000000000000     
  0.60625000000000007        1.0036950975236145        0.0000000000000000     
  0.60833333333333339       0.99627696738408900        0.0000000000000000     
  0.61041666666666672        1.0035540237333229        0.0000000000000000     
  0.61250000000000004       0.99641535831307582        0.0000000000000000     
  0.61458333333333337        1.0034182646445069        0.0000000000000000     
  0.61666666666666670       0.99654853561256418        0.0000000000000000     
  0.61875000000000002        1.0032876200353404        0.0000000000000000     
  0.62083333333333335       0.99667669569667383        0.0000000000000000     
  0.62291666666666667        1.0031618972269971        0.0000000000000000     
  0.62500000000000000       0.99680002757997643        0.0000000000000000     
  0.62708333333333333        1.0030409107994780        0.0000000000000000     
  0.62916666666666665       0.99691871315625835        0.0000000000000000     
  0.63124999999999998        1.0029244823181527        0.0000000000000000     
  0.63333333333333330       0.99703292746678562        0.0000000000000000     
  0.63541666666666663        1.0028124400705798        0.0000000000000000     
  0.63749999999999996       0.99714283895845834        0.0000000000000000     
  0.63958333333333328        1.0027046188132998        0.0000000000000000     
  0.64166666666666661       0.99724860973224316        0.0000000000000000     
  0.64374999999999993        1.0026008595280800        0.0000000000000000     
  0.64583333333333326       0.99735039578224305        0.0000000000000000     
  0.64791666666666670        1.0025010091874300        0.0000000000000000     
  0.65000000000000002       0.99744834722576514        0.0000000000000000     
  0.65208333333333335        1.0024049205288885        0.0000000000000000     
  0.65416666666666679       0.99754260852471521        0.0000000000000000     
  0.65625000000000011        1.0023124518378397        0.0000000000000000     
  0.65833333333333344       0.99763331869865723        0.0000000000000000     
  0.66041666666666676        1.0022234667385210        0.0000000000000000     
  0.66250000000000009       0.99772061152984359        0.0000000000000000     
  0.66458333333333341        1.0021378339928755        0.0000000000000000     
  0.66666666666666674       0.99780461576051915        0.0000000000000000     
  0.66875000000000007        1.0020554273070008        0.0000000000000000     
  0.67083333333333339       0.99788545528279782        0.0000000000000000     
  0.67291666666666672        1.0019761251448904        0.0000000000000000     
  0.67500000000000004       0.99796324932137948        0.0000000000000000     
  0.67708333333333337        1.0018998105491943        0.0000000000000000     
  0.67916666666666670       0.99803811260938879        0.0000000000000000     
  0.68125000000000002        1.0018263709687254        0.0000000000000000     
  0.68333333333333335       0.99811015555758531        0.0000000000000000     
  0.68541666666666667        1.0017556980924447        0.0000000000000000     
  0.68750000000000000       0.99817948441720228        0.0000000000000000     
  0.68958333333333333        1.0016876876897463        0.0000000000000000     
  0.69166666666666665       0.99824620143664866        0.0000000000000000     
  0.69374999999999998        1.0016222394567273        0.0000000000000000     
  0.69583333333333330       0.99831040501230783        0.0000000000000000     
  0.69791666666666663        1.0015592568682399        0.0000000000000000     
  0.69999999999999996       0.99837218983365694        0.0000000000000000     
  0.70208333333333328        1.0014986470355713        0.0000000000000000     
  0.70416666666666661       0.99843164702291687        0.0000000000000000     
  0.70624999999999993        1.0014403205694014        0.0000000000000000     
  0.70833333333333326       0.99848886426944261        0.0000000000000000     
  0.71041666666666659        1.0013841914480082        0.0000000000000000     
  0.71249999999999991       0.99854392595905073        0.0000000000000000     
  0.71458333333333335        1.0013301768903733        0.0000000000000000     
  0.71666666666666667       0.99859691329847400        0.0000000000000000     
  0.71875000000000000        1.0012781972341083        0.0000000000000000     
  0.72083333333333344       0.99864790443512630        0.0000000000000000     
  0.72291666666666676        1.0012281758179633        0.0000000000000000     
  0.72500000000000009       0.99869697457235951        0.0000000000000000     
  0.72708333333333341        1.0011800388687602        0.0000000000000000     
  0.72916666666666674       0.99874419608037357        0.0000000000000000     
  0.73125000000000007        1.0011337153925952        0.0000000000000000     
  0.73333333333333339       0.99878963860295134        0.0000000000000000     
  0.73541666666666672        1.0010891370701298        0.0000000000000000     
  0.73750000000000004       0.99883336916017185        0.0000000000000000     
  0.73958333333333337        1.0010462381558329        0.0000000000000000     
  0.74166666666666670       0.99887545224725249        0.0000000000000000     
  0.74375000000000002        1.0010049553810287        0.0000000000000000     
  0.74583333333333335       0.99891594992966959        0.0000000000000000     
  0.74791666666666667        1.0009652278605592        0.0000000000000000     
  0.75000000000000000       0.99895492193469426        0.0000000000000000     
  0.75208333333333333        1.0009269970030150        0.0000000000000000     
  0.75416666666666665       0.99899242573948011        0.0000000000000000     
  0.75624999999999998        1.0008902064243088        0.0000000000000000     
  0.75833333333333330       0.99902851665583181        0.0000000000000000     
  0.76041666666666663        1.0008548018645280        0.0000000000000000     
  0.76249999999999996       0.99906324791178158        0.0000000000000000     
  0.76458333333333339        1.0008207311078989        0.0000000000000000     
  0.76666666666666672       0.99909667073009134        0.0000000000000000     
  0.76875000000000004        1.0007879439057845        0.0000000000000000     
  0.77083333333333348       0.99912883440379707        0.0000000000000000     
  0.77291666666666681        1.0007563919025779        0.0000000000000000     
  0.77500000000000013       0.99915978636890879        0.0000000000000000     
  0.77708333333333346        1.0007260285643782        0.0000000000000000     
  0.77916666666666679       0.99918957227436900        0.0000000000000000     
  0.78125000000000011        1.0006968091103685        0.0000000000000000     
  0.78333333333333344       0.99921823604938009        0.0000000000000000     
  0.78541666666666676        1.0006686904467677        0.0000000000000000     
  0.78750000000000009       0.99924581996818940        0.0000000000000000     
  0.78958333333333341        1.0006416311032738        0.0000000000000000     
  0.79166666666666674       0.99927236471243808        0.0000000000000000     
  0.79375000000000007        1.0006155911719150        0.0000000000000000     
  0.79583333333333339       0.99929790943116026        0.0000000000000000     
  0.79791666666666672        1.0005905322481607        0.0000000000000000     
  0.80000000000000004       0.99932249179851984        0.0000000000000000     
  0.80104166666666665       0.99544448348611070        0.0000000000000000     
  0.80208333333333337       0.98895594726764946        0.0000000000000000     
  0.80312500000000009       0.98497958311576583        0.0000000000000000     
  0.80416666666666670       0.97858569702226184        0.0000000000000000     
  0.80520833333333330       0.97451824884118077        0.0000000000000000     
  0.80625000000000002       0.96821201503951060        0.0000000000000000     
  0.80729166666666674       0.96406021700773159        0.0000000000000000     
  0.80833333333333335       0.95783515504040673        0.0000000000000000     
  0.80937499999999996       0.95360524345375641        0.0000000000000000     
  0.81041666666666667       0.94745535198743014        0.0000000000000000     
  0.81145833333333339       0.94315310206936243        0.0000000000000000     
  0.81250000000000000       0.93707282347141685        0.0000000000000000     
  0.81354166666666661       0.93270358346180149        0.0000000000000000     
  0.81458333333333333       0.92668777099591104        0.0000000000000000     
  0.81562500000000004       0.92225649371949647        0.0000000000000000     
  0.81666666666666665       0.91630038116655343        0.0000000000000000     
  0.81770833333333326       0.91181165326747537        0.0000000000000000     
  0.81874999999999998       0.90591082679254309        0.0000000000000000     
  0.81979166666666670       0.90136889580740431        0.0000000000000000     
  0.82083333333333330       0.89551926790665615        0.0000000000000000     
  0.82187499999999991       0.89092806733600016        0.0000000000000000     
  0.82291666666666663       0.88512585270985511        0.0000000000000000     
  0.82395833333333335       0.88048902523600892        0.0000000000000000     
  0.82499999999999996       0.87473071844605754        0.0000000000000000     
  0.82604166666666656       0.87005163743439939        0.0000000000000000     
  0.82708333333333328       0.86433399221223250        0.0000000000000000     
  0.82812500000000000       0.85961578162278396        0.0000000000000000     
  0.82916666666666661       0.85393579170860079        0.0000000000000000     
  0.83020833333333333       0.84918134453548932        0.0000000000000000     
  0.83125000000000004       0.84353622593337063        0.0000000000000000     
  0.83229166666666665       0.83874822128098814        0.0000000000000000     
  0.83333333333333337       0.83313539582611162        0.0000000000000000     
  0.83437500000000009       0.82831631472277234        0.0000000000000000     
  0.83541666666666670       0.82273339486355768        0.0000000000000000     
  0.83645833333333341       0.81788553490599392        0.0000000000000000     
  0.83750000000000013       0.81233030961136221        0.0000000000000000     
  0.83854166666666674       0.80745579852649985        0.0000000000000000     
  0.83958333333333346       0.80192622023506177        0.0000000000000000     
  0.84062500000000018       0.79702702843911899        0.0000000000000000     
  0.84166666666666679       0.79152120097325762        0.0000000000000000     
  0.84270833333333339       0.78659915320231089        0.0000000000000000     
  0.84375000000000011       0.78111532057581778        0.0000000000000000     
  0.84479166666666683       0.77617210665646641        0.0000000000000000     
  0.84583333333333344       0.77070864270967776        0.0000000000000000     
  0.84687500000000004       0.76574582753340670        0.0000000000000000     
  0.84791666666666676       0.76030122633464314        0.0000000000000000     
  0.84895833333333348       0.75532025909472944        0.0000000000000000     
  0.85000000000000009       0.74989312605140179        0.0000000000000000     
  0.85104166666666670       0.74489534879691766        0.0000000000000000     
  0.85208333333333341       0.73948439242381259        0.0000000000000000     
  0.85312500000000013       0.73447104798118501        0.0000000000000000     
  0.85416666666666674       0.72907507227736124        0.0000000000000000     
  0.85520833333333335       0.72404731158627456        0.0000000000000000     
  0.85625000000000007       0.71866520897555164        0.0000000000000000     
  0.85729166666666679       0.71362409788246861        0.0000000000000000     
  0.85833333333333339       0.70825484267586458        0.0000000000000000     
  0.85937500000000000       0.70320136822528578        0.0000000000000000     
  0.86041666666666672       0.69784401056678991        0.0000000000000000     
  0.86145833333333344       0.69277908682737233        0.0000000000000000     
  0.86250000000000004       0.68743274708733526        0.0000000000000000     
  0.86354166666666665       0.68235722054726722        0.0000000000000000     
  0.86458333333333337       0.67702108413030504        0.0000000000000000     
  0.86562500000000009       0.67193573869377565        0.0000000000000000     
  0.86666666666666670       0.66660905123055081        0.0000000000000000     
  0.86770833333333330       0.66151461284482227        0.0000000000000000     
  0.86875000000000002       0.65619667573930429        0.0000000000000000     
  0.86979166666666674       0.65109381667967381        0.0000000000000000     
  0.87083333333333335       0.64578398298561857        0.0000000000000000     
  0.87187499999999996       0.64067332582359238        0.0000000000000000     
  0.87291666666666667       0.63537099642587724        0.0000000000000000     
  0.87395833333333339       0.63025311770395009        0.0000000000000000     
  0.87500000000000000       0.62495773778224639        0.0000000000000000     
  0.87604166666666661       0.61983317141700023        0.0000000000000000     
  0.87708333333333333       0.61454422717089252        0.0000000000000000     
  0.87812500000000004       0.60941346760448267        0.0000000000000000     
  0.87916666666666665       0.60413048322071894        0.0000000000000000     
  0.88020833333333326       0.59899398833936968        0.0000000000000000     
  0.88124999999999998       0.59371652318332646        0.0000000000000000     
  0.88229166666666670       0.58857471702004160        0.0000000000000000     
  0.88333333333333330       0.58330236303484051        0.0000000000000000     
  0.88437499999999991       0.57815563827230132        0.0000000000000000     
  0.88541666666666663       0.57288801757021313        0.0000000000000000     
  0.88645833333333335       0.56773673785861656        0.0000000000000000     
  0.88749999999999996       0.56247350049055089        0.0000000000000000     
  0.88854166666666656       0.55731800259409503        0.0000000000000000     
  0.88958333333333328       0.55205882448398635        0.0000000000000000     
  0.89062500000000000       0.54689942026864835        0.0000000000000000     
  0.89166666666666661       0.54164400130057222        0.0000000000000000     
  0.89270833333333321       0.53648097957492713        0.0000000000000000     
  0.89374999999999993       0.53122904182163633        0.0000000000000000     
  0.89479166666666665       0.52606267004157403        0.0000000000000000     
  0.89583333333333326       0.52081395612400982        0.0000000000000000     
  0.89687499999999998       0.51564448197141965        0.0000000000000000     
  0.89791666666666670       0.51039875353950559        0.0000000000000000     
  0.89895833333333330       0.50522640638424166        0.0000000000000000     
  0.90000000000000002       0.49998344271000317        0.0000000000000000     
  0.90104166666666674       0.49480843496375776        0.0000000000000000     
  0.90208333333333335       0.48956803163845436        0.0000000000000000     
  0.90312500000000007       0.48439056000853931        0.0000000000000000     
  0.90416666666666679       0.47915252773612310        0.0000000000000000     
  0.90520833333333339       0.47397277438655416        0.0000000000000000     
  0.90625000000000011       0.46873693786633303        0.0000000000000000     
  0.90729166666666683       0.46355507149306546        0.0000000000000000     
  0.90833333333333344       0.45832126838497517        0.0000000000000000     
  0.90937500000000004       0.45313744521165195        0.0000000000000000     
  0.91041666666666676       0.44790552517802640        0.0000000000000000     
  0.91145833333333348       0.44271988987809768        0.0000000000000000     
  0.91250000000000009       0.43748971369629164        0.0000000000000000     
  0.91354166666666670       0.43230240024696787        0.0000000000000000     
  0.91458333333333341       0.42707383898757845        0.0000000000000000     
  0.91562500000000013       0.42188497146063775        0.0000000000000000     
  0.91666666666666674       0.41665790572649003        0.0000000000000000     
  0.91770833333333335       0.41146759902062896        0.0000000000000000     
  0.91875000000000007       0.40624191824202016        0.0000000000000000     
  0.91979166666666679       0.40105027876104710        0.0000000000000000     
  0.92083333333333339       0.39582588054310336        0.0000000000000000     
  0.92187500000000000       0.39063300682400326        0.0000000000000000     
  0.92291666666666672       0.38540979634227923        0.0000000000000000     
  0.92395833333333344       0.38021577963683162        0.0000000000000000     
  0.92500000000000004       0.37499366907760501        0.0000000000000000     
  0.92604166666666665       0.36979859389101066        0.0000000000000000     
  0.92708333333333337       0.36457750193295058        0.0000000000000000     
  0.92812500000000009       0.35938144652262705        0.0000000000000000     
  0.92916666666666670       0.35416129785678979        0.0000000000000000     
  0.93020833333333330       0.34896433469429666        0.0000000000000000     
  0.93125000000000002       0.34374505957960544        0.0000000000000000     
  0.93229166666666674       0.33854725577841033        0.0000000000000000     
  0.93333333333333335       0.33332878963000517        0.0000000000000000     
  0.93437499999999996       0.32813020734163123        0.0000000000000000     
  0.93541666666666667       0.32291249034964786        0.0000000000000000     
  0.93645833333333339       0.31771318713052515        0.0000000000000000     
  0.93750000000000000       0.31249616390706453        0.0000000000000000     
  0.93854166666666661       0.30729619305826539        0.0000000000000000     
  0.93958333333333333       0.30207981231045888        0.0000000000000000     
  0.94062500000000004       0.29687922319230886        0.0000000000000000     
  0.94166666666666665       0.29166343741956058        0.0000000000000000     
  0.94270833333333326       0.28646227574299588        0.0000000000000000     
  0.94374999999999998       0.28124704095660269        0.0000000000000000     
  0.94479166666666670       0.27604534905297978        0.0000000000000000     
  0.94583333333333330       0.27083062451648721        0.0000000000000000     
  0.94687499999999991       0.26562844158745041        0.0000000000000000     
  0.94791666666666663       0.26041418957619911        0.0000000000000000     
  0.94895833333333335       0.25521155192506895        0.0000000000000000     
  0.94999999999999996       0.24999773750352439        0.0000000000000000     
  0.95104166666666656       0.24479467874958491        0.0000000000000000     
  0.95208333333333328       0.23958126956512368        0.0000000000000000     
  0.95312500000000000       0.23437782084205916        0.0000000000000000     
  0.95416666666666661       0.22916478693400880        0.0000000000000000     
  0.95520833333333321       0.22396097707367674        0.0000000000000000     
  0.95624999999999993       0.21874829069646629        0.0000000000000000     
  0.95729166666666665       0.21354414639907696        0.0000000000000000     
  0.95833333333333326       0.20833178185846943        0.0000000000000000     
  0.95937499999999987       0.20312732785019019        0.0000000000000000     
  0.96041666666666659       0.19791526135161644        0.0000000000000000     
  0.96145833333333330       0.19271052053051549        0.0000000000000000     
  0.96249999999999991       0.18749873003862888        0.0000000000000000     
  0.96354166666666663       0.18229372360983750        0.0000000000000000     
  0.96458333333333335       0.17708218871844367        0.0000000000000000     
  0.96562499999999996       0.17187693631931916        0.0000000000000000     
  0.96666666666666667       0.16666563813093085        0.0000000000000000     
  0.96770833333333339       0.16146015794696736        0.0000000000000000     
  0.96875000000000000       0.15624907896125773        0.0000000000000000     
  0.96979166666666672       0.15104338783342941        0.0000000000000000     
  0.97083333333333344       0.14583251184393453        0.0000000000000000     
  0.97187500000000004       0.14062662536810056        0.0000000000000000     
  0.97291666666666676       0.13541593736656143        0.0000000000000000     
  0.97395833333333348       0.13020986998551981        0.0000000000000000     
  0.97500000000000009       0.12499935607329359        0.0000000000000000     
  0.97604166666666670       0.11979312116203503        0.0000000000000000     
  0.97708333333333341       0.11458276846805525        0.0000000000000000     
  0.97812500000000013       0.10937637841270612        0.0000000000000000     
  0.97916666666666674       0.10416617501751357        0.0000000000000000     
  0.98020833333333335        9.8959641288450431E-002   0.0000000000000000     
  0.98125000000000007        9.3749576153833600E-002   0.0000000000000000     
  0.98229166666666679        8.8542909373383286E-002   0.0000000000000000     
  0.98333333333333339        8.3332972277228481E-002   0.0000000000000000     
  0.98437500000000000        7.8126182282372156E-002   0.0000000000000000     
  0.98541666666666672        7.2916363758322389E-002   0.0000000000000000     
  0.98645833333333344        6.7709459658754897E-002   0.0000000000000000     
  0.98750000000000004        6.2499750940337655E-002   0.0000000000000000     
  0.98854166666666665        5.7292741172242541E-002   0.0000000000000000     
  0.98958333333333337        5.2083134141121125E-002   0.0000000000000000     
  0.99062500000000009        4.6876026516961683E-002   0.0000000000000000     
  0.99166666666666670        4.1666513655019929E-002   0.0000000000000000     
  0.99270833333333330        3.6459315409657356E-002   0.0000000000000000     
  0.99375000000000002        3.1249889754619065E-002   0.0000000000000000     
  0.99479166666666674        2.6042607588012277E-002   0.0000000000000000     
  0.99583333333333335        2.0833262692350307E-002   0.0000000000000000     
  0.99687499999999996        1.5625902809107712E-002   0.0000000000000000     
  0.99791666666666667        1.0416632701982223E-002   0.0000000000000000     
  0.99895833333333339        5.2092008479805467E-003   0.0000000000000000     
   1.0000000000000000        0.0000000000000000        0.0000000000000000     
