933.64197531 30.50560188
223.92021751 14.97563267
524.03871439 22.80146408
182.53389425 13.43214798
786.52455158 28.20945358
109.65171478 10.50962639
145.37262488 12.10287189
198.95399003 14.06402779
631.92598905 25.27813911
225.90180270 15.04414368
573.55215576 23.98741913
901.62235208 30.03987503
1.04862520 1.00908363
363.28588949 19.08459854
567.24076329 23.84205246
86.16076437 9.13912582
246.19777435 15.71584988
146.97011426 12.16663837
33.41742644 5.79850578
801.41699357 28.46072960
358.26645564 18.95959473
816.44910676 28.70969200
314.66285204 17.79642296
554.72273174 23.54889870
399.39962485 19.94235802
84.93864134 9.05968571
66.57187818 8.11722374
412.71203636 20.23923683
700.10299489 26.65031433
139.06996185 11.85239315
98.86211437 9.91980267
333.69305341 18.32078362
378.55369784 19.45705032
269.53159466 16.42615891
6.13789465 2.46491766
545.42586731 23.32686806
1003.53868283 31.46591759
689.65384303 26.44890022
9.43762682 3.09491444
93.67682097 9.61198425
153.44736629 12.41832256
827.81485089 28.89489174
451.14780546 21.04420662
12.49293438 3.58229113
34.96253912 5.94637966
73.19753086 8.44100761
40.64541118 6.43478346
652.01245390 25.69719696
378.55369784 19.45705032
746.29051574 27.50606346
1024.57665774 31.74155235
289.40855270 17.05042267
13.44444444 3.71038008
125.39964289 11.27602100
602.38552967 24.63702965
1024.57665774 31.74155235
8.25915104 2.87379169
2.83816249 1.68762112
491.29454680 21.95606422
576.72094617 24.05980682
439.99156814 20.81788254
797.68078890 28.39813423
693.12816420 26.51620865
26.89652716 5.09917212
431.71604938 20.64625359
812.67798429 28.64766312
58.22652382 7.64938498
10.69466764 3.30400062
113.84185086 10.72330284
137.51611972 11.79017258
212.21402484 14.55819035
195.24397370 13.92226410
269.53159466 16.42615891
728.35149564 27.18014717
303.05268331 17.46076012
0.31535139 0.54877329
204.58448539 14.27609730
812.67798429 28.64766312
317.01107414 17.86281586
64.43316289 8.00177193
225.90180270 15.04414368
312.32335940 17.72979164
482.54763773 21.72196198
35.74818963 6.01922464
386.30544959 19.64055824
554.72273174 23.54889870
721.23699375 27.04866409
43.21186953 6.63502884
394.13576640 19.82223892
824.01754006 28.83329773
448.34565196 20.98789406
210.29354580 14.48752403
476.76001226 21.57111168
256.67311456 16.04073524
5.81490500 2.40198660
509.02406010 22.41977501
202.69892415 14.20541477
635.25190957 25.34843826
459.60664268 21.21212578
1.49382716 1.20233035
