30.50560188 -30.55555556
14.97563267 14.96396396
22.80146408 22.89189189
13.43214798 -13.51051051
28.20945358 28.04504505
10.50962639 10.47147147
12.10287189 12.05705706
14.06402779 -14.10510511
25.27813911 25.13813814
15.04414368 -15.03003003
23.98741913 -23.94894895
30.03987503 30.02702703
1.00908363 1.02402402
19.08459854 19.06006006
23.84205246 23.81681682
9.13912582 9.28228228
15.71584988 15.69069069
12.16663837 12.12312312
5.79850578 -5.78078078
28.46072960 -28.30930931
18.95959473 -18.92792793
28.70969200 -28.57357357
17.79642296 -17.73873874
23.54889870 23.55255255
19.94235802 -19.98498498
9.05968571 9.21621622
8.11722374 -8.15915916
20.23923683 -20.31531532
26.65031433 -26.45945946
11.85239315 11.79279279
9.91980267 9.94294294
18.32078362 -18.26726727
19.45705032 -19.45645646
16.42615891 16.41741742
2.46491766 -2.47747748
23.32686806 -23.35435435
31.46591759 -31.67867868
26.44890022 26.26126126
3.09491444 3.07207207
9.61198425 9.67867868
12.41832256 12.38738739
28.89489174 28.77177177
21.04420662 21.24024024
3.58229113 3.53453453
5.94637966 5.91291291
8.44100761 -8.55555556
6.43478346 6.37537538
25.69719696 25.53453453
19.45705032 19.45645646
27.50606346 27.31831832
31.74155235 -32.00900901
17.05042267 17.01201201
3.71038008 -3.66666667
11.27602100 -11.19819820
24.63702965 24.54354354
31.74155235 32.00900901
2.87379169 2.87387387
1.68762112 1.68468468
21.95606422 -22.16516517
24.05980682 24.01501502
20.81788254 -20.97597598
28.39813423 28.24324324
26.51620865 -26.32732733
5.09917212 5.18618619
20.64625359 -20.77777778
28.64766312 -28.50750751
7.64938498 7.63063063
3.30400062 3.27027027
10.72330284 -10.66966967
11.79017258 -11.72672673
14.55819035 -14.56756757
13.92226410 -13.97297297
16.42615891 -16.41741742
27.18014717 26.98798799
17.46076012 -17.40840841
0.54877329 0.56156156
14.27609730 14.30330330
28.64766312 28.50750751
17.86281586 -17.80480480
8.00177193 8.02702703
15.04414368 15.03003003
17.72979164 -17.67267267
21.72196198 21.96696697
6.01922464 -5.97897898
19.64055824 19.65465465
23.54889870 -23.55255255
27.04866409 26.85585586
6.63502884 6.57357357
19.82223892 -19.85285285
28.83329773 -28.70570571
20.98789406 -21.17417417
14.48752403 -14.50150150
21.57111168 21.83483483
16.04073524 16.02102102
2.40198660 -2.41141141
22.41977501 -22.56156156
14.20541477 14.23723724
25.34843826 25.20420420
21.21212578 21.43843844
1.20233035 1.22222222
