-30.55555556 939.55847168
14.96396396 223.14938354
22.89189189 528.63116455
-13.51051051 180.76000977
28.04504505 777.65789795
10.47147147 108.65557861
12.05705706 143.54757690
-14.10510511 196.92218018
25.13813814 625.51470947
-15.03003003 224.96731567
-23.94894895 578.74114990
30.02702703 902.06896973
1.02402402 1.06514978
19.06006006 361.63040161
23.81681682 566.56445312
9.28228228 88.13444519
15.69069069 245.17904663
12.12312312 145.22106934
-5.78078078 33.14883423
-28.30930931 800.06268311
-18.92792793 363.63665771
-28.57357357 815.33978271
-17.73873874 325.71493530
23.55255255 555.45709229
-19.98498498 401.02786255
9.21621622 87.11433411
-8.15915916 67.22051239
-20.31531532 413.47915649
-26.45945946 700.86737061
11.79279279 137.04286194
9.94294294 99.00851440
-18.26726727 342.05624390
-19.45645646 381.87872314
16.41741742 268.68258667
-2.47747748 6.10424280
-23.35435435 547.76519775
-31.67867868 1018.16168213
26.26126126 680.41198730
3.07207207 9.28421497
9.67867868 94.50820923
12.38738739 152.11091614
28.77177177 821.14868164
21.24024024 460.31457520
3.53453453 12.14549446
5.91291291 34.47966003
-8.55555556 73.23999023
6.37537538 39.74272537
25.53453453 644.36425781
19.45645646 377.85256958
27.31831832 736.46691895
-32.00900901 1042.50683594
17.01201201 288.24560547
-3.66666667 13.75837898
-11.19819820 126.37087250
24.54354354 598.26397705
32.00900901 1046.35791016
2.87387387 8.24523354
1.68468468 2.82500720
-22.16516517 490.69192505
24.01501502 575.03948975
-20.97597598 439.55468750
28.24324324 789.28546143
-26.32732733 694.26892090
5.18618619 27.54843140
-20.77777778 431.56433105
-28.50750751 811.49249268
7.63063063 57.63354492
3.27027027 10.43994617
-10.66966967 113.33624268
-11.72672673 139.76940918
-14.56756757 210.47996521
-13.97297297 193.21099854
-16.41741742 274.65783691
26.98798799 718.47283936
-17.40840841 315.89840698
0.56156156 0.33172286
14.30330330 204.83772278
28.50750751 805.06030273
-17.80480480 327.71368408
8.02702703 64.61397552
15.03003003 225.06744385
-17.67267267 323.72668457
21.96696697 493.23416138
-5.97897898 35.37233734
19.65465465 386.23388672
-23.55255255 557.90203857
26.85585586 711.39715576
6.57357357 42.23088837
-19.85285285 396.15206909
-28.70570571 823.08361816
-21.17417417 447.69088745
-14.50150150 208.48776245
21.83483483 488.37359619
16.02102102 255.66046143
-2.41141141 5.78877401
-22.56156156 509.02563477
14.23723724 203.09106445
25.20420420 628.61785889
21.43843844 470.51992798
1.22222222 1.54640007
