939.55847168 933.64197531
223.14938354 223.92021751
528.63116455 524.03871439
180.76000977 182.53389425
777.65789795 786.52455158
108.65557861 109.65171478
143.54757690 145.37262488
196.92218018 198.95399003
625.51470947 631.92598905
224.96731567 225.90180270
578.74114990 573.55215576
902.06896973 901.62235208
1.06514978 1.04862520
361.63040161 363.28588949
566.56445312 567.24076329
88.13444519 86.16076437
245.17904663 246.19777435
145.22106934 146.97011426
33.14883423 33.41742644
800.06268311 801.41699357
363.63665771 358.26645564
815.33978271 816.44910676
325.71493530 314.66285204
555.45709229 554.72273174
401.02786255 399.39962485
87.11433411 84.93864134
67.22051239 66.57187818
413.47915649 412.71203636
700.86737061 700.10299489
137.04286194 139.06996185
99.00851440 98.86211437
342.05624390 333.69305341
381.87872314 378.55369784
268.68258667 269.53159466
6.10424280 6.13789465
547.76519775 545.42586731
1018.16168213 1003.53868283
680.41198730 689.65384303
9.28421497 9.43762682
94.50820923 93.67682097
152.11091614 153.44736629
821.14868164 827.81485089
460.31457520 451.14780546
12.14549446 12.49293438
34.47966003 34.96253912
73.23999023 73.19753086
39.74272537 40.64541118
644.36425781 652.01245390
377.85256958 378.55369784
736.46691895 746.29051574
1042.50683594 1024.57665774
288.24560547 289.40855270
13.75837898 13.44444444
126.37087250 125.39964289
598.26397705 602.38552967
1046.35791016 1024.57665774
8.24523354 8.25915104
2.82500720 2.83816249
490.69192505 491.29454680
575.03948975 576.72094617
439.55468750 439.99156814
789.28546143 797.68078890
694.26892090 693.12816420
27.54843140 26.89652716
431.56433105 431.71604938
811.49249268 812.67798429
57.63354492 58.22652382
10.43994617 10.69466764
113.33624268 113.84185086
139.76940918 137.51611972
210.47996521 212.21402484
193.21099854 195.24397370
274.65783691 269.53159466
718.47283936 728.35149564
315.89840698 303.05268331
0.33172286 0.31535139
204.83772278 204.58448539
805.06030273 812.67798429
327.71368408 317.01107414
64.61397552 64.43316289
225.06744385 225.90180270
323.72668457 312.32335940
493.23416138 482.54763773
35.37233734 35.74818963
386.23388672 386.30544959
557.90203857 554.72273174
711.39715576 721.23699375
42.23088837 43.21186953
396.15206909 394.13576640
823.08361816 824.01754006
447.69088745 448.34565196
208.48776245 210.29354580
488.37359619 476.76001226
255.66046143 256.67311456
5.78877401 5.81490500
509.02563477 509.02406010
203.09106445 202.69892415
628.61785889 635.25190957
470.51992798 459.60664268
1.54640007 1.49382716
