X My_beautiful_solution_real My_beautiful_solution_imag
   0.0000000000000000        0.0000000000000000        0.0000000000000000     
   1.8181818181818184E-002   1.3610664793004418E-003   0.0000000000000000     
   3.6363636363636369E-002   2.8122300872896161E-004   0.0000000000000000     
   5.4545454545454543E-002  -1.3029602943040867E-003   0.0000000000000000     
   7.2727272727272738E-002  -5.5044014087588043E-004   0.0000000000000000     
   9.0909090909090925E-002   1.1892285737037309E-003   0.0000000000000000     
  0.10909090909090909        7.9615807063880442E-004   0.0000000000000000     
  0.12727272727272729       -1.0247267132479740E-003   0.0000000000000000     
  0.14545454545454548       -1.0078866921332157E-003   0.0000000000000000     
  0.16363636363636366        8.1647757014567310E-004   0.0000000000000000     
  0.18181818181818185        1.1765869594075173E-003   0.0000000000000000     
  0.20000000000000001       -5.7337164564600219E-004   0.0000000000000000     
  0.21818181818181820       -1.2950567783037428E-003   0.0000000000000000     
  0.23636363636363639        3.0578753479742392E-004   0.0000000000000000     
  0.25454545454545457        1.3582384758000644E-003   0.0000000000000000     
  0.27272727272727276       -2.5148847014697035E-005   0.0000000000000000     
  0.29090909090909095       -1.3634347204590121E-003   0.0000000000000000     
  0.30909090909090908       -2.5656348675028940E-004   0.0000000000000000     
  0.32727272727272733        1.3104236759794007E-003   0.0000000000000000     
  0.34545454545454551        5.2732269981826257E-004   0.0000000000000000     
  0.36363636363636370       -1.2014684717558779E-003   0.0000000000000000     
  0.38181818181818189       -7.7556963239560294E-004   0.0000000000000000     
  0.40000000000000002        1.0412205861322346E-003   0.0000000000000000     
  0.41818181818181821        9.9070621127391595E-004   0.0000000000000000     
  0.43636363636363634       -8.3652126707757176E-004   0.0000000000000000     
  0.45454545454545459       -1.1635478991496144E-003   0.0000000000000000     
  0.47272727272727277        5.9610946796597125E-004   0.0000000000000000     
  0.49090909090909096        1.2867157977517270E-003   0.0000000000000000     
  0.50909090909090904       -3.3024876716550555E-004   0.0000000000000000     
  0.52727272727272723       -1.3549516652451793E-003   0.0000000000000000     
  0.54545454545454541        5.0289198858149131E-005   0.0000000000000000     
  0.56363636363636360        1.3653423992942069E-003   0.0000000000000000     
  0.58181818181818190        2.3181729874075600E-004   0.0000000000000000     
  0.59999999999999998       -1.3174444022317749E-003   0.0000000000000000     
  0.61818181818181817       -1.0834513184890063E-003   0.0000000000000000     
  0.63636363636363635       -6.5266247676423446E-005   0.0000000000000000     
  0.65454545454545454       -8.8882341454678870E-005   0.0000000000000000     
  0.67272727272727273       -1.1119469600687473E-003   0.0000000000000000     
  0.69090909090909092       -1.2997160664598992E-003   0.0000000000000000     
  0.70909090909090911       -3.1544822511479244E-004   0.0000000000000000     
  0.72727272727272729        7.5689906924907257E-005   0.0000000000000000     
  0.74545454545454548       -8.2776113083734540E-004   0.0000000000000000     
  0.76363636363636367       -1.4055699530621363E-003   0.0000000000000000     
  0.78181818181818186       -6.2150554183682438E-004   0.0000000000000000     
  0.80000000000000004        1.1830635379802850E-004   0.0000000000000000     
  0.81818181818181823        6.6525766048153274E-005   0.0000000000000000     
  0.83636363636363642       -1.0456082676420101E-004   0.0000000000000000     
  0.85454545454545461       -8.8130082034929859E-005   0.0000000000000000     
  0.87272727272727280        8.6351424647317134E-005   0.0000000000000000     
  0.89090909090909087        1.0597197867750436E-004   0.0000000000000000     
  0.90909090909090917       -6.4455537019575434E-005   0.0000000000000000     
  0.92727272727272725       -1.1928975582179311E-004   0.0000000000000000     
  0.94545454545454544        3.9807935632763432E-005   0.0000000000000000     
  0.96363636363636362        1.2751485547724014E-004   0.0000000000000000     
  0.98181818181818181       -1.3460867462089358E-005   0.0000000000000000     
   1.0000000000000000       -1.3029613450024291E-004   0.0000000000000000     
