X My_beautiful_solution_real My_beautiful_solution_imag
   0.0000000000000000        0.0000000000000000        0.0000000000000000     
   9.0909090909090922E-003  -2.0570269579287464E-004   0.0000000000000000     
   1.3636363636363637E-002  -2.9870087787289189E-004   0.0000000000000000     
   1.8181818181818184E-002  -3.6530967666007587E-004   0.0000000000000000     
   2.2727272727272728E-002  -3.9515663471056180E-004   0.0000000000000000     
   2.7272727272727275E-002  -3.8359392309116893E-004   0.0000000000000000     
   3.1818181818181822E-002  -3.3242211074161095E-004   0.0000000000000000     
   3.6363636363636369E-002  -2.4960977622186248E-004   0.0000000000000000     
   4.5454545454545456E-002  -4.3777004171782539E-005   0.0000000000000000     
   5.0000000000000003E-002   4.7190736004502584E-005   0.0000000000000000     
   5.4545454545454543E-002   1.1068491478074486E-004   0.0000000000000000     
   5.9090909090909097E-002   1.3681808966764327E-004   0.0000000000000000     
   6.3636363636363644E-002   1.2152074958973916E-004   0.0000000000000000     
   6.8181818181818191E-002   6.7175027416135124E-005   0.0000000000000000     
   7.2727272727272738E-002  -1.7756250608503551E-005   0.0000000000000000     
   8.1818181818181832E-002  -2.2366611004859222E-004   0.0000000000000000     
   8.6363636363636379E-002  -3.1257998990504271E-004   0.0000000000000000     
   9.0909090909090925E-002  -3.7294320295156672E-004   0.0000000000000000     
   9.5454545454545459E-002  -3.9535586704195609E-004   0.0000000000000000     
  0.10000000000000001       -3.7632783659913852E-004   0.0000000000000000     
  0.10454545454545455       -3.1882219517367189E-004   0.0000000000000000     
  0.10909090909090909       -2.3179383805459333E-004   0.0000000000000000     
  0.11818181818181819       -2.5859899936801245E-005   0.0000000000000000     
  0.12272727272727274        6.0977229922311939E-005   0.0000000000000000     
  0.12727272727272729        1.1819393754518158E-004   0.0000000000000000     
  0.13181818181818183        1.3688032100139707E-004   0.0000000000000000     
  0.13636363636363638        1.1412649870311279E-004   0.0000000000000000     
  0.14090909090909093        5.3475742076499993E-005   0.0000000000000000     
  0.14545454545454548       -3.5627289861879321E-005   0.0000000000000000     
  0.15454545454545457       -2.4153229174634153E-004   0.0000000000000000     
  0.15909090909090912       -3.2627031656185375E-004   0.0000000000000000     
  0.16363636363636366       -3.8032578909245765E-004   0.0000000000000000     
  0.16818181818181821       -3.9528108135745532E-004   0.0000000000000000     
  0.17272727272727276       -3.6880732486794209E-004   0.0000000000000000     
  0.17727272727272730       -3.0502706675832991E-004   0.0000000000000000     
  0.18181818181818185       -2.1387229837280068E-004   0.0000000000000000     
  0.19090909090909092       -8.0492401834613193E-006   0.0000000000000000     
  0.19545454545454546        7.4567864928428839E-005   0.0000000000000000     
  0.20000000000000001        1.2544818651543489E-004   0.0000000000000000     
  0.20454545454545456        1.3666853755120689E-004   0.0000000000000000     
  0.20909090909090911        1.0648166218152024E-004   0.0000000000000000     
  0.21363636363636365        3.9588321954946408E-005   0.0000000000000000     
  0.21818181818181820       -5.3594716313743451E-005   0.0000000000000000     
  0.22727272727272729       -2.5928284444146744E-004   0.0000000000000000     
  0.23181818181818184       -3.3975776119184723E-004   0.0000000000000000     
  0.23636363636363639       -3.8744983338364990E-004   0.0000000000000000     
  0.24090909090909093       -3.9493235466236325E-004   0.0000000000000000     
  0.24545454545454548       -3.6104013161586412E-004   0.0000000000000000     
  0.25454545454545457       -1.9768383699748761E-004   0.0000000000000000     
  0.26363636363636367        5.2278524116921240E-006   0.0000000000000000     
  0.26818181818181819        8.3174628327186383E-005   0.0000000000000000     
  0.27272727272727276        1.2804435803916443E-004   0.0000000000000000     
  0.27727272727272734        1.3284983609685285E-004   0.0000000000000000     
  0.28181818181818186        9.6842743696154659E-005   0.0000000000000000     
  0.29090909090909095       -6.7956428835642857E-005   0.0000000000000000     
  0.30000000000000004       -2.6816874226196727E-004   0.0000000000000000     
  0.30454545454545456       -3.4361698032803109E-004   0.0000000000000000     
  0.30909090909090908       -3.8568140839273176E-004   0.0000000000000000     
  0.31363636363636366       -3.8781166827597878E-004   0.0000000000000000     
  0.31818181818181823       -3.4967603158173846E-004   0.0000000000000000     
  0.32727272727272733       -1.8337139294797593E-004   0.0000000000000000     
  0.33636363636363642        1.4217582049742167E-005   0.0000000000000000     
  0.34090909090909094        8.7195936345621665E-005   0.0000000000000000     
  0.34545454545454551        1.2647103818521705E-004   0.0000000000000000     
  0.35000000000000009        1.2592688893392872E-004   0.0000000000000000     
  0.35454545454545461        8.5648224618451637E-005   0.0000000000000000     
  0.36363636363636370       -8.2225040058668113E-005   0.0000000000000000     
  0.37272727272727280       -2.7726571787848204E-004   0.0000000000000000     
  0.37727272727272732       -3.4780190445959274E-004   0.0000000000000000     
  0.37954545454545463       -3.7075344472601841E-004   0.0000000000000000     
  0.38181818181818189       -3.8411594301635823E-004   0.0000000000000000     
  0.38636363636363646       -3.8055293770313436E-004   0.0000000000000000     
  0.39090909090909098       -3.3785438008126232E-004   0.0000000000000000     
  0.40000000000000002       -1.6820685488678781E-004   0.0000000000000000     
  0.40454545454545454       -5.7613282460427551E-005   0.0000000000000000     
  0.40909090909090912        6.1951947335577622E-005   0.0000000000000000     
  0.41363636363636369        1.7186989405482386E-004   0.0000000000000000     
  0.41818181818181821        2.5502391176731708E-004   0.0000000000000000     
  0.42045454545454547        2.8223834081404477E-004   0.0000000000000000     
  0.42272727272727273        2.9824696407649995E-004   0.0000000000000000     
  0.42727272727272725        2.9480826948151786E-004   0.0000000000000000     
  0.43636363636363634        1.6065199634126615E-004   0.0000000000000000     
  0.44090909090909092        5.0825505149495796E-005   0.0000000000000000     
  0.44545454545454544       -6.6915636941630317E-005   0.0000000000000000     
  0.45000000000000001       -1.7423654012822855E-004   0.0000000000000000     
  0.45454545454545459       -2.5442497537435930E-004   0.0000000000000000     
  0.45681818181818185       -2.8016284696908111E-004   0.0000000000000000     
  0.45909090909090911       -2.9477731682451619E-004   0.0000000000000000     
  0.46363636363636368       -2.8900981590384070E-004   0.0000000000000000     
  0.47272727272727277       -1.5304554366526221E-004   0.0000000000000000     
  0.47727272727272729       -4.4021404992884522E-005   0.0000000000000000     
  0.48181818181818187        7.1857836281880483E-005   0.0000000000000000     
  0.48636363636363644        1.7654722933218797E-004   0.0000000000000000     
  0.49090909090909096        2.5374432922568244E-004   0.0000000000000000     
  0.49545454545454548        2.9142784676312031E-004   0.0000000000000000     
  0.50000000000000000        2.8372962805028369E-004   0.0000000000000000     
  0.50909090909090904        1.4647139413122518E-004   0.0000000000000000     
  0.51363636363636356        3.8285509911725173E-005   0.0000000000000000     
  0.51818181818181808       -7.5862271677292303E-005   0.0000000000000000     
  0.52272727272727271       -1.7819662622821586E-004   0.0000000000000000     
  0.52727272727272723       -2.5278184018739746E-004   0.0000000000000000     
  0.53181818181818175       -2.8800335253858567E-004   0.0000000000000000     
  0.53636363636363638       -2.7837639783602372E-004   0.0000000000000000     
  0.54545454545454541       -1.3985953751500277E-004   0.0000000000000000     
  0.54999999999999993       -3.2539758743119123E-005   0.0000000000000000     
  0.55454545454545445        7.9847177355456462E-005   0.0000000000000000     
  0.55909090909090908        1.7980014880953813E-004   0.0000000000000000     
  0.56363636363636360        2.5175427587841693E-004   0.0000000000000000     
  0.56818181818181812        2.8450471574069971E-004   0.0000000000000000     
  0.57272727272727275        2.7295150337787921E-004   0.0000000000000000     
  0.57727272727272738        2.1889372848613923E-004   0.0000000000000000     
  0.58181818181818190        1.3074937757453337E-004   0.0000000000000000     
  0.59090909090909094       -8.9474171059103288E-005   0.0000000000000000     
  0.59545454545454546       -1.8725971046674943E-004   0.0000000000000000     
  0.59772727272727266       -2.2597082848215187E-004   0.0000000000000000     
  0.59999999999999998       -2.5571014908130603E-004   0.0000000000000000     
  0.60454545454545450       -2.8416624556422540E-004   0.0000000000000000     
  0.60909090909090913       -2.6837139708542731E-004   0.0000000000000000     
  0.61363636363636365       -2.1078520953274812E-004   0.0000000000000000     
  0.61818181818181817       -1.2037512100176153E-004   0.0000000000000000     
  0.62727272727272720        9.9556158337208017E-005   0.0000000000000000     
  0.63181818181818183        1.9482920359903551E-004   0.0000000000000000     
  0.63636363636363635        2.5976304953661324E-004   0.0000000000000000     
  0.64090909090909087        2.8424606576600716E-004   0.0000000000000000     
  0.64545454545454550        2.6446570726973011E-004   0.0000000000000000     
  0.65000000000000002        2.0350221165096430E-004   0.0000000000000000     
  0.65454545454545454        1.1084893827736965E-004   0.0000000000000000     
  0.66363636363636358       -1.0911579631605288E-004   0.0000000000000000     
  0.66818181818181821       -2.0217390226954707E-004   0.0000000000000000     
  0.67272727272727273       -2.6374907750316472E-004   0.0000000000000000     
  0.67727272727272725       -2.8425271065717121E-004   0.0000000000000000     
  0.68181818181818188       -2.6049193432955736E-004   0.0000000000000000     
  0.68636363636363640       -1.9616682487328172E-004   0.0000000000000000     
  0.69090909090909092       -1.0129421899093831E-004   0.0000000000000000     
  0.69999999999999996        1.1864734390684936E-004   0.0000000000000000     
  0.70454545454545459        2.0946655399947073E-004   0.0000000000000000     
  0.70909090909090911        2.6766720683189566E-004   0.0000000000000000     
  0.71136363636363642        2.8140429880476610E-004   0.0000000000000000     
  0.71363636363636362        2.8396869924972209E-004   0.0000000000000000     
  0.71590909090909094        2.7525859289511670E-004   0.0000000000000000     
  0.71818181818181825        2.5561980008516122E-004   0.0000000000000000     
  0.72727272727272729        9.1832300073978372E-005   0.0000000000000000     
  0.73636363636363633       -1.2502442534385839E-004   0.0000000000000000     
  0.74090909090909096       -2.1269154429503628E-004   0.0000000000000000     
  0.74545454545454548       -2.6723790394654688E-004   0.0000000000000000     
  0.74772727272727280       -2.7913714455450156E-004   0.0000000000000000     
  0.75000000000000000       -2.7995370723842776E-004   0.0000000000000000     
  0.75227272727272732       -2.6965517172962530E-004   0.0000000000000000     
  0.75454545454545463       -2.4865042432058420E-004   0.0000000000000000     
  0.76363636363636367       -8.2409685561721341E-005   0.0000000000000000     
  0.76818181818181819        2.6432025636288553E-005   0.0000000000000000     
  0.77272727272727271        1.3115768811311517E-004   0.0000000000000000     
  0.77727272727272734        2.1545920898763718E-004   0.0000000000000000     
  0.78181818181818186        2.6620898419484090E-004   0.0000000000000000     
  0.78409090909090917        2.7623352563804527E-004   0.0000000000000000     
  0.78636363636363638        2.7529067253635216E-004   0.0000000000000000     
  0.78863636363636369        2.6341785931029507E-004   0.0000000000000000     
  0.79090909090909101        2.4108647634128125E-004   0.0000000000000000     
  0.80000000000000004        7.2750323000377848E-005   0.0000000000000000     
  0.80909090909090908       -1.3762771850627707E-004   0.0000000000000000     
  0.81136363636363640       -1.8178197221223427E-004   0.0000000000000000     
  0.81363636363636371       -2.1871887383974193E-004   0.0000000000000000     
  0.81590909090909092       -2.4697190489695670E-004   0.0000000000000000     
  0.81818181818181823       -2.6541932558789538E-004   0.0000000000000000     
  0.82045454545454555       -2.7332871163282454E-004   0.0000000000000000     
  0.82272727272727275       -2.7038603396100703E-004   0.0000000000000000     
  0.82500000000000007       -2.5670812671475303E-004   0.0000000000000000     
  0.82727272727272738       -2.3283804854333984E-004   0.0000000000000000     
  0.82954545454545459       -1.9972352135894043E-004   0.0000000000000000     
  0.83181818181818190       -1.5867930260802794E-004   0.0000000000000000     
  0.83636363636363642       -5.9656339899268764E-005   0.0000000000000000     
  0.84545454545454546        1.4993964828294981E-004   0.0000000000000000     
  0.84772727272727277        1.9265692038386139E-004   0.0000000000000000     
  0.85000000000000009        2.2772506860390358E-004   0.0000000000000000     
  0.85227272727272729        2.5375177020962067E-004   0.0000000000000000     
  0.85454545454545461        2.6970367812790782E-004   0.0000000000000000     
  0.85681818181818192        2.7494744827976508E-004   0.0000000000000000     
  0.85909090909090913        2.6927488545780328E-004   0.0000000000000000     
  0.86136363636363644        2.5291120937206789E-004   0.0000000000000000     
  0.86363636363636376        2.2650611267453747E-004   0.0000000000000000     
  0.86818181818181828        1.4826988914146388E-004   0.0000000000000000     
  0.87272727272727280        4.6944777303407393E-005   0.0000000000000000     
  0.87727272727272732       -6.1690670611224281E-005   0.0000000000000000     
  0.88181818181818183       -1.6071952199132251E-004   0.0000000000000000     
  0.88409090909090904       -2.0164523823151015E-004   0.0000000000000000     
  0.88636363636363635       -2.3456496432015458E-004   0.0000000000000000     
  0.88863636363636367       -2.5817167706558938E-004   0.0000000000000000     
  0.89090909090909087       -2.7152811104360730E-004   0.0000000000000000     
  0.89318181818181819       -2.7410397116851577E-004   0.0000000000000000     
  0.89545454545454550       -2.6579698718105733E-004   0.0000000000000000     
  0.89772727272727271       -2.4693697411964374E-004   0.0000000000000000     
  0.90000000000000002       -2.1827273756060085E-004   0.0000000000000000     
  0.90454545454545454       -1.3656777218887714E-004   0.0000000000000000     
  0.90909090909090917       -3.3596195933528457E-005   0.0000000000000000     
  0.91363636363636369        7.4607048193650323E-005   0.0000000000000000     
  0.91818181818181821        1.7119233123323333E-004   0.0000000000000000     
  0.92045454545454541        2.1024830053132838E-004   0.0000000000000000     
  0.92272727272727273        2.4095670934054151E-004   0.0000000000000000     
  0.92500000000000004        2.6209833115866109E-004   0.0000000000000000     
  0.92727272727272725        2.7283377291323943E-004   0.0000000000000000     
  0.92954545454545445        2.7273680167304949E-004   0.0000000000000000     
  0.93181818181818177        2.6181126752054606E-004   0.0000000000000000     
  0.93409090909090908        2.4049095069072186E-004   0.0000000000000000     
  0.93636363636363629        2.0962233904545140E-004   0.0000000000000000     
  0.94090909090909092        1.2460473416345627E-004   0.0000000000000000     
  0.94545454545454544        2.0183426978649350E-005   0.0000000000000000     
  0.94999999999999996       -8.7380884452132227E-005   0.0000000000000000     
  0.95454545454545459       -1.8133806706675421E-004   0.0000000000000000     
  0.95681818181818179       -2.1844967060715762E-004   0.0000000000000000     
  0.95909090909090911       -2.4688809184567648E-004   0.0000000000000000     
  0.96136363636363642       -2.6552423037627941E-004   0.0000000000000000     
  0.96363636363636362       -2.7361816919002836E-004   0.0000000000000000     
  0.96590909090909083       -2.7084855185421913E-004   0.0000000000000000     
  0.96818181818181814       -2.5732534143720049E-004   0.0000000000000000     
  0.97045454545454546       -2.3358545460690596E-004   0.0000000000000000     
  0.97272727272727266       -2.0057144424397575E-004   0.0000000000000000     
  0.97727272727272729       -1.1240363118027287E-004   0.0000000000000000     
  0.98181818181818181       -6.7320963533507929E-006   0.0000000000000000     
  0.98636363636363633        9.9987774192043403E-005   0.0000000000000000     
  0.99090909090909096        1.9113734544368806E-004   0.0000000000000000     
  0.99318181818181817        2.2623367924037819E-004   0.0000000000000000     
  0.99545454545454548        2.5234777956688597E-004   0.0000000000000000     
  0.99772727272727280        2.6844282932867217E-004   0.0000000000000000     
   1.0000000000000000        2.7387980123696164E-004   0.0000000000000000     
