X My_beautiful_solution_real My_beautiful_solution_imag
   0.0000000000000000        0.0000000000000000        0.0000000000000000     
   1.8181818181818184E-002  -7.3160204539698395E-003   0.0000000000000000     
   3.6363636363636369E-002  -1.5116332047538899E-003   0.0000000000000000     
   4.5454545454545456E-002   3.5394817533387713E-003   0.0000000000000000     
   5.4545454545454543E-002   6.5451556755501865E-003   0.0000000000000000     
   7.2727272727272738E-002   2.4054589055073801E-003   0.0000000000000000     
   8.1818181818181832E-002  -2.3476108117345333E-003   0.0000000000000000     
   9.0909090909090925E-002  -5.7440131337933237E-003   0.0000000000000000     
  0.10909090909090909       -3.2881569999717842E-003   0.0000000000000000     
  0.11818181818181819        1.1448798680021364E-003   0.0000000000000000     
  0.12727272727272729        4.9162988985746049E-003   0.0000000000000000     
  0.14545454545454548        4.1556441438651039E-003   0.0000000000000000     
  0.16363636363636366       -4.0576613763682705E-003   0.0000000000000000     
  0.18181818181818185       -4.9940365060457412E-003   0.0000000000000000     
  0.20000000000000001        3.0257955613683142E-003   0.0000000000000000     
  0.21818181818181820        5.6192251683982999E-003   0.0000000000000000     
  0.22727272727272729        2.4196563638783832E-003   0.0000000000000000     
  0.23636363636363639       -2.1782144419838054E-003   0.0000000000000000     
  0.25454545454545457       -6.3827478863084201E-003   0.0000000000000000     
  0.26363636363636367       -3.5596409022422794E-003   0.0000000000000000     
  0.27272727272727276        1.3205569447954121E-003   0.0000000000000000     
  0.29090909090909095        7.1167441361675724E-003   0.0000000000000000     
  0.30000000000000004        4.6831586107634335E-003   0.0000000000000000     
  0.30909090909090908       -4.5679057676725716E-004   0.0000000000000000     
  0.32727272727272733       -7.8178184655457155E-003   0.0000000000000000     
  0.33636363636363642       -5.7850121182913342E-003   0.0000000000000000     
  0.34545454545454551       -4.0908889561825528E-004   0.0000000000000000     
  0.36363636363636370        8.4827277181790256E-003   0.0000000000000000     
  0.37272727272727280        6.8601042718494723E-003   0.0000000000000000     
  0.38181818181818189        1.2730759306991094E-003   0.0000000000000000     
  0.40000000000000002       -9.1083960367479861E-003   0.0000000000000000     
  0.40909090909090912       -7.9034617159663232E-003   0.0000000000000000     
  0.41818181818181821       -2.1311737411915002E-003   0.0000000000000000     
  0.42727272727272725        4.8727042031356501E-003   0.0000000000000000     
  0.43636363636363634        9.0606814514349442E-003   0.0000000000000000     
  0.44545454545454544        8.0125560877258705E-003   0.0000000000000000     
  0.45454545454545459        2.3340322176041185E-003   0.0000000000000000     
  0.46363636363636368       -4.6933120758614992E-003   0.0000000000000000     
  0.47272727272727277       -9.0084250927825772E-003   0.0000000000000000     
  0.48181818181818187       -8.1176340713346173E-003   0.0000000000000000     
  0.49090909090909096       -2.5357207328658071E-003   0.0000000000000000     
  0.50000000000000000        4.5115673706080583E-003   0.0000000000000000     
  0.50909090909090904        8.9516531549063503E-003   0.0000000000000000     
  0.51818181818181808        8.2186429952153060E-003   0.0000000000000000     
  0.52727272727272723        2.7361381882319044E-003   0.0000000000000000     
  0.53636363636363638       -4.3275611890504183E-003   0.0000000000000000     
  0.54545454545454541       -8.8903940954091019E-003   0.0000000000000000     
  0.55454545454545445       -8.3155322274544655E-003   0.0000000000000000     
  0.56363636363636360       -2.9351841220911922E-003   0.0000000000000000     
  0.57272727272727275        4.1413857664552283E-003   0.0000000000000000     
  0.58181818181818190        8.8246786211162425E-003   0.0000000000000000     
  0.59090909090909094        8.4082532011828474E-003   0.0000000000000000     
  0.59999999999999998        3.1327587603240652E-003   0.0000000000000000     
  0.61818181818181817       -9.8460833469405495E-003   0.0000000000000000     
  0.63636363636363635       -6.3260009168875963E-003   0.0000000000000000     
  0.65454545454545454        7.3801592068064893E-003   0.0000000000000000     
  0.67272727272727273        6.6920380708758321E-003   0.0000000000000000     
  0.69090909090909092       -7.1563013652614412E-003   0.0000000000000000     
  0.70909090909090911       -9.3295185558261370E-003   0.0000000000000000     
  0.71818181818181825       -3.2030413758879421E-003   0.0000000000000000     
  0.72727272727272729        4.4010270061657581E-003   0.0000000000000000     
  0.74545454545454548        9.4112440003095484E-003   0.0000000000000000     
  0.75454545454545463        3.9220242639614452E-003   0.0000000000000000     
  0.76363636363636367       -4.2071284330522036E-003   0.0000000000000000     
  0.78181818181818186       -1.2031168064037336E-002   0.0000000000000000     
  0.79090909090909101       -7.2045987954214349E-003   0.0000000000000000     
  0.80000000000000004        1.4120329136849325E-003   0.0000000000000000     
  0.80909090909090908        9.0259492823715759E-003   0.0000000000000000     
  0.81818181818181823        1.1423834509626158E-002   0.0000000000000000     
  0.82727272727272738        7.2199679773006292E-003   0.0000000000000000     
  0.83636363636363642       -1.1562660957216376E-003   0.0000000000000000     
  0.84545454545454546       -8.8643023122762839E-003   0.0000000000000000     
  0.85454545454545461       -1.1449722008239023E-002   0.0000000000000000     
  0.86363636363636376       -7.4184297454543222E-003   0.0000000000000000     
  0.87272727272727280        8.9991968575360245E-004   0.0000000000000000     
  0.88181818181818183        8.6982120061990693E-003   0.0000000000000000     
  0.89090909090909087        1.1469870198783424E-002   0.0000000000000000     
  0.90000000000000002        7.6131729382869738E-003   0.0000000000000000     
  0.90909090909090917       -6.4312218043934477E-004   0.0000000000000000     
  0.91818181818181821       -8.5277616188628932E-003   0.0000000000000000     
  0.92727272727272725       -1.1484268981741430E-002   0.0000000000000000     
  0.93636363636363629       -7.8040999384784565E-003   0.0000000000000000     
  0.94545454545454544        3.8600230255413738E-004   0.0000000000000000     
  0.95454545454545459        8.3530365905328356E-003   0.0000000000000000     
  0.96363636363636362        1.1492911139553467E-002   0.0000000000000000     
  0.97272727272727266        7.9911150416201674E-003   0.0000000000000000     
  0.98181818181818181       -1.2868893646662694E-004   0.0000000000000000     
  0.99090909090909096       -8.1741245041881284E-003   0.0000000000000000     
   1.0000000000000000       -1.1495792340236075E-002   0.0000000000000000     
