X My_beautiful_solution_real My_beautiful_solution_imag
   0.0000000000000000        0.0000000000000000        0.0000000000000000     
   4.5454545454545461E-003   9.2829268505371164E-005   0.0000000000000000     
   9.0909090909090922E-003   1.7120297476297625E-004   0.0000000000000000     
   1.3636363636363637E-002   2.2291660604061172E-004   0.0000000000000000     
   1.5909090909090911E-002   2.3601092083508273E-004   0.0000000000000000     
   1.8181818181818184E-002   2.3973481297819704E-004   0.0000000000000000     
   2.0454545454545454E-002   2.3394043150117079E-004   0.0000000000000000     
   2.2727272727272728E-002   2.1885783272195230E-004   0.0000000000000000     
   2.5000000000000001E-002   1.9508584624021455E-004   0.0000000000000000     
   2.7272727272727275E-002   1.6356829940008231E-004   0.0000000000000000     
   2.9545454545454548E-002   1.2555654418891699E-004   0.0000000000000000     
   3.1818181818181822E-002   8.2559774379566947E-005   0.0000000000000000     
   3.6363636363636369E-002  -1.1402160978761612E-005   0.0000000000000000     
   4.0909090909090909E-002  -1.0358852866924832E-004   0.0000000000000000     
   4.5454545454545456E-002  -1.7964388026489030E-004   0.0000000000000000     
   5.0000000000000003E-002  -2.2772472193051917E-004   0.0000000000000000     
   5.2272727272727276E-002  -2.3868023603066841E-004   0.0000000000000000     
   5.4545454545454543E-002  -2.4015934674143484E-004   0.0000000000000000     
   5.6818181818181823E-002  -2.3210332842224640E-004   0.0000000000000000     
   5.9090909090909097E-002  -2.1483203193538856E-004   0.0000000000000000     
   6.1363636363636370E-002  -1.8903118549736114E-004   0.0000000000000000     
   6.3636363636363644E-002  -1.5572516897597555E-004   0.0000000000000000     
   6.5909090909090917E-002  -1.1623634258462435E-004   0.0000000000000000     
   6.8181818181818191E-002  -7.2132544760544718E-005   0.0000000000000000     
   7.2727272727272738E-002   2.2782537432320163E-005   0.0000000000000000     
   7.7272727272727285E-002   1.1414987662001531E-004   0.0000000000000000     
   8.1818181818181832E-002   1.8774156515761434E-004   0.0000000000000000     
   8.6363636363636379E-002   2.3209775582557434E-004   0.0000000000000000     
   8.8636363636363652E-002   2.4089353805234964E-004   0.0000000000000000     
   9.0909090909090925E-002   2.4012504139938397E-004   0.0000000000000000     
   9.3181818181818199E-002   2.2982277775324163E-004   0.0000000000000000     
   9.5454545454545459E-002   2.1039578142593036E-004   0.0000000000000000     
   9.7727272727272732E-002   1.8261536912512235E-004   0.0000000000000000     
  0.10000000000000001        1.4758451610199014E-004   0.0000000000000000     
  0.10227272727272728        1.0669406434597576E-004   0.0000000000000000     
  0.10454545454545455        6.1567501507578699E-005   0.0000000000000000     
  0.10909090909090909       -3.4119386456138144E-005   0.0000000000000000     
  0.11363636363636365       -1.2449313425713017E-004   0.0000000000000000     
  0.11818181818181819       -1.9548055831940454E-004   0.0000000000000000     
  0.12045454545454547       -2.2003703224888165E-004   0.0000000000000000     
  0.12272727272727274       -2.3585730031200824E-004   0.0000000000000000     
  0.12500000000000000       -2.4231324497216904E-004   0.0000000000000000     
  0.12727272727272729       -2.3914854364113196E-004   0.0000000000000000     
  0.12954545454545457       -2.2648884554280659E-004   0.0000000000000000     
  0.13181818181818183       -2.0483678301895159E-004   0.0000000000000000     
  0.13409090909090909       -1.7505201534467250E-004   0.0000000000000000     
  0.13636363636363638       -1.3831709738095979E-004   0.0000000000000000     
  0.13863636363636367       -9.6090528192877928E-005   0.0000000000000000     
  0.14090909090909093       -5.0048843760241661E-005   0.0000000000000000     
  0.14545454545454548        4.6087379657633071E-005   0.0000000000000000     
  0.15000000000000002        1.3504678270189049E-004   0.0000000000000000     
  0.15454545454545457        2.0297642643489402E-004   0.0000000000000000     
  0.15681818181818186        2.2552724263453849E-004   0.0000000000000000     
  0.15909090909090912        2.3912387325919653E-004   0.0000000000000000     
  0.16136363636363638        2.4322648661321395E-004   0.0000000000000000     
  0.16363636363636366        2.3767219522949264E-004   0.0000000000000000     
  0.16590909090909095        2.2268152304654400E-004   0.0000000000000000     
  0.16818181818181821        1.9884964987081614E-004   0.0000000000000000     
  0.17045454545454547        1.6712278074841407E-004   0.0000000000000000     
  0.17272727272727276        1.2876057846116643E-004   0.0000000000000000     
  0.17500000000000004        8.5286150702549963E-005   0.0000000000000000     
  0.17727272727272730        3.8425577609800869E-005   0.0000000000000000     
  0.18181818181818185       -5.7959044416211145E-005   0.0000000000000000     
  0.18636363636363640       -1.4531816631850841E-004   0.0000000000000000     
  0.19090909090909092       -2.1004804818939351E-004   0.0000000000000000     
  0.19318181818181818       -2.3054607260586656E-004   0.0000000000000000     
  0.19545454545454546       -2.4189064711721062E-004   0.0000000000000000     
  0.19772727272727275       -2.4363135418513956E-004   0.0000000000000000     
  0.20000000000000001       -2.3569908191906403E-004   0.0000000000000000     
  0.20227272727272727       -2.1840876804922029E-004   0.0000000000000000     
  0.20454545454545456       -1.9244689584579637E-004   0.0000000000000000     
  0.20681818181818185       -1.5884423843787404E-004   0.0000000000000000     
  0.20909090909090911       -1.1893493367385019E-004   0.0000000000000000     
  0.21136363636363636       -7.4303514388211465E-005   0.0000000000000000     
  0.21363636363636365       -2.6721997150176070E-005   0.0000000000000000     
  0.21818181818181820        6.9709567453496565E-005   0.0000000000000000     
  0.22272727272727275        1.5528581661826153E-004   0.0000000000000000     
  0.22727272727272729        2.1668064300050627E-004   0.0000000000000000     
  0.22954545454545455        2.3508303217450140E-004   0.0000000000000000     
  0.23181818181818184        2.4415183897932814E-004   0.0000000000000000     
  0.23409090909090913        2.4352700146359834E-004   0.0000000000000000     
  0.23636363636363639        2.3323332776580889E-004   0.0000000000000000     
  0.23863636363636365        2.1367951114829777E-004   0.0000000000000000     
  0.24090909090909093        1.8564190350827705E-004   0.0000000000000000     
  0.24318181818181822        1.5023369161180965E-004   0.0000000000000000     
  0.24545454545454548        1.0886069985729568E-004   0.0000000000000000     
  0.25000000000000000        1.5011380950754446E-005   0.0000000000000000     
  0.25454545454545457       -8.1175540688766500E-005   0.0000000000000000     
  0.26363636363636367       -2.2446988086787916E-004   0.0000000000000000     
  0.26590909090909093       -2.4156874422159475E-004   0.0000000000000000     
  0.26818181818181819       -2.4907652075312247E-004   0.0000000000000000     
  0.27045454545454550       -2.4669512663217394E-004   0.0000000000000000     
  0.27272727272727276       -2.3451911116745830E-004   0.0000000000000000     
  0.27500000000000002       -2.1303190288300393E-004   0.0000000000000000     
  0.27727272727272734       -1.8308661578942707E-004   0.0000000000000000     
  0.27954545454545460       -1.4587217790535724E-004   0.0000000000000000     
  0.28181818181818186       -1.0286612683995411E-004   0.0000000000000000     
  0.29090909090909095        9.0778519327584263E-005   0.0000000000000000     
  0.30000000000000004        2.3196291239902271E-004   0.0000000000000000     
  0.30227272727272730        2.4773818549294317E-004   0.0000000000000000     
  0.30454545454545456        2.5367742431889356E-004   0.0000000000000000     
  0.30681818181818182        2.4954482123784773E-004   0.0000000000000000     
  0.30909090909090908        2.3550445440933602E-004   0.0000000000000000     
  0.31136363636363640        2.1211377333992180E-004   0.0000000000000000     
  0.31363636363636366        1.8030146627398061E-004   0.0000000000000000     
  0.31590909090909092        1.4133058816535835E-004   0.0000000000000000     
  0.31818181818181823        9.6748413172724999E-005   0.0000000000000000     
  0.32727272727272733       -1.0042184533961441E-004   0.0000000000000000     
  0.33636363636363642       -2.3955904204486621E-004   0.0000000000000000     
  0.33863636363636368       -2.5401773634861841E-004   0.0000000000000000     
  0.34090909090909094       -2.5839107721997311E-004   0.0000000000000000     
  0.34318181818181825       -2.5250542840422587E-004   0.0000000000000000     
  0.34545454545454551       -2.3659446983782182E-004   0.0000000000000000     
  0.34772727272727277       -2.1128991977357686E-004   0.0000000000000000     
  0.35000000000000009       -1.7759645345391274E-004   0.0000000000000000     
  0.35227272727272735       -1.3685181414464011E-004   0.0000000000000000     
  0.35454545454545461       -9.0673700254603290E-005   0.0000000000000000     
  0.36363636363636370        1.1010980479249144E-004   0.0000000000000000     
  0.36818181818181828        1.9259837743779365E-004   0.0000000000000000     
  0.37272727272727280        2.4509513953996159E-004   0.0000000000000000     
  0.37500000000000006        2.5726795007511996E-004   0.0000000000000000     
  0.37727272727272732        2.5922636282596349E-004   0.0000000000000000     
  0.37954545454545463        2.5089262225839928E-004   0.0000000000000000     
  0.38181818181818189        2.3259760573652815E-004   0.0000000000000000     
  0.38409090909090915        2.0506768658501182E-004   0.0000000000000000     
  0.38636363636363646        1.6939589463947993E-004   0.0000000000000000     
  0.38863636363636372        1.2699851930755217E-004   0.0000000000000000     
  0.39090909090909098        7.9558878144036951E-005   0.0000000000000000     
  0.39545454545454550       -2.2765357441754177E-005   0.0000000000000000     
  0.40000000000000002       -1.2154452532540269E-004   0.0000000000000000     
  0.40227272727272728       -1.6467598902175076E-004   0.0000000000000000     
  0.40454545454545454       -2.0126926536556428E-004   0.0000000000000000     
  0.40681818181818186       -2.2987147893766349E-004   0.0000000000000000     
  0.40909090909090912       -2.4934702622874067E-004   0.0000000000000000     
  0.41363636363636369       -2.5841830881397033E-004   0.0000000000000000     
  0.41590909090909095       -2.4765388385997509E-004   0.0000000000000000     
  0.41818181818181821       -2.2705677169469811E-004   0.0000000000000000     
  0.42045454545454547       -1.9744474653682036E-004   0.0000000000000000     
  0.42272727272727273       -1.5999350479187284E-004   0.0000000000000000     
  0.42499999999999999       -1.1618998597403811E-004   0.0000000000000000     
  0.42727272727272725       -6.7773336235907081E-005   0.0000000000000000     
  0.43181818181818177        3.5090429665508899E-005   0.0000000000000000     
  0.43636363636363634        1.3248984258324104E-004   0.0000000000000000     
  0.43863636363636360        1.7426588503967433E-004   0.0000000000000000     
  0.44090909090909092        2.0912298920818266E-004   0.0000000000000000     
  0.44545454545454544        2.5305640028957729E-004   0.0000000000000000     
  0.44772727272727275        2.6038840389272012E-004   0.0000000000000000     
  0.45000000000000001        2.5738211726186163E-004   0.0000000000000000     
  0.45227272727272727        2.4415690002766062E-004   0.0000000000000000     
  0.45454545454545459        2.2123783753236247E-004   0.0000000000000000     
  0.45681818181818185        1.8953489318610989E-004   0.0000000000000000     
  0.45909090909090911        1.5030677987712700E-004   0.0000000000000000     
  0.46136363636363642        1.0511098486159476E-004   0.0000000000000000     
  0.46363636363636368        5.5741932312181402E-005   0.0000000000000000     
  0.46818181818181825       -4.7584395693704796E-005   0.0000000000000000     
  0.47272727272727277       -1.4350078494807550E-004   0.0000000000000000     
  0.47500000000000003       -1.8386483848348750E-004   0.0000000000000000     
  0.47727272727272729       -2.1692884318549153E-004   0.0000000000000000     
  0.48181818181818187       -2.5643420402912296E-004   0.0000000000000000     
  0.48409090909090913       -2.6130706526047482E-004   0.0000000000000000     
  0.48636363636363644       -2.5580516233001353E-004   0.0000000000000000     
  0.48863636363636370       -2.4014693917949741E-004   0.0000000000000000     
  0.49090909090909096       -2.1495407962071977E-004   0.0000000000000000     
  0.49318181818181822       -1.8122682440960275E-004   0.0000000000000000     
  0.49545454545454548       -1.4030425834391812E-004   0.0000000000000000     
  0.49772727272727274       -9.3811144119632325E-005   0.0000000000000000     
  0.50000000000000000       -4.3593413819539908E-005   0.0000000000000000     
  0.50454545454545452        5.9978386249971610E-005   0.0000000000000000     
  0.50909090909090904        1.5421023018369990E-004   0.0000000000000000     
  0.51136363636363624        1.9307748936466695E-004   0.0000000000000000     
  0.51363636363636356        2.2427892667007104E-004   0.0000000000000000     
  0.51818181818181808        2.5927323596771024E-004   0.0000000000000000     
  0.52045454545454539        2.6167671687858885E-004   0.0000000000000000     
  0.52272727272727271        2.5369075722249780E-004   0.0000000000000000     
  0.52499999999999991        2.3563242629856001E-004   0.0000000000000000     
  0.52727272727272723        2.0821870022184763E-004   0.0000000000000000     
  0.52954545454545454        1.7253799557443507E-004   0.0000000000000000     
  0.53181818181818175        1.3000695562800615E-004   0.0000000000000000     
  0.53409090909090906        8.2314204869464680E-005   0.0000000000000000     
  0.53636363636363638        3.1353304962959666E-005   0.0000000000000000     
  0.54090909090909089       -7.2246361389142664E-005   0.0000000000000000     
  0.54545454545454541       -1.6459567759790719E-004   0.0000000000000000     
  0.54772727272727262       -2.0188448177659802E-004   0.0000000000000000     
  0.54999999999999993       -2.3115779703510316E-004   0.0000000000000000     
  0.55454545454545445       -2.6156753126006197E-004   0.0000000000000000     
  0.55681818181818177       -2.6149658210390978E-004   0.0000000000000000     
  0.55909090909090908       -2.5104334433361707E-004   0.0000000000000000     
  0.56136363636363629       -2.3062284643869796E-004   0.0000000000000000     
  0.56363636363636360       -2.0104585046079457E-004   0.0000000000000000     
  0.56590909090909092       -1.6348666202987524E-004   0.0000000000000000     
  0.56818181818181812       -1.1943650650447383E-004   0.0000000000000000     
  0.57045454545454544       -7.0644322339088374E-005   0.0000000000000000     
  0.57272727272727275       -1.9047322380036673E-005   0.0000000000000000     
  0.57727272727272738        8.4362545926179076E-005   0.0000000000000000     
  0.57954545454545459        1.3206969675433035E-004   0.0000000000000000     
  0.58181818181818190        1.7453323905095600E-004   0.0000000000000000     
  0.58636363636363642        2.3742319350493249E-004   0.0000000000000000     
  0.59090909090909094        2.6334112600900710E-004   0.0000000000000000     
  0.59318181818181825        2.6087406464356066E-004   0.0000000000000000     
  0.59545454545454546        2.4804943068851564E-004   0.0000000000000000     
  0.59772727272727266        2.2537640499059933E-004   0.0000000000000000     
  0.59999999999999998        1.9375518247648042E-004   0.0000000000000000     
  0.60227272727272729        1.4161345795284892E-004   0.0000000000000000     
  0.60454545454545450        5.8193658765752272E-005   0.0000000000000000     
  0.60681818181818181       -5.3192170145928435E-005   0.0000000000000000     
  0.60909090909090913       -1.8812163895979880E-004   0.0000000000000000     
  0.61136363636363633       -3.4123759663201234E-004   0.0000000000000000     
  0.61363636363636365       -5.0646082770518339E-004   0.0000000000000000     
  0.61818181818181817       -8.4679319945549084E-004   0.0000000000000000     
  0.62272727272727268       -1.1558858348430787E-003   0.0000000000000000     
  0.62727272727272720       -1.3856062008521053E-003   0.0000000000000000     
  0.62954545454545452       -1.4587100725103825E-003   0.0000000000000000     
  0.63181818181818183       -1.4995538240473601E-003   0.0000000000000000     
  0.63409090909090904       -1.5065158219673754E-003   0.0000000000000000     
  0.63636363636363635       -1.4793196516758092E-003   0.0000000000000000     
  0.63863636363636367       -1.4190450920626740E-003   0.0000000000000000     
  0.64090909090909087       -1.3280852446704832E-003   0.0000000000000000     
  0.64318181818181819       -1.2100515195617462E-003   0.0000000000000000     
  0.64545454545454550       -1.0696302502648874E-003   0.0000000000000000     
  0.64772727272727271       -9.1239663066456950E-004   0.0000000000000000     
  0.65000000000000002       -7.4459336116398120E-004   0.0000000000000000     
  0.65227272727272734       -5.7288279260662728E-004   0.0000000000000000     
  0.65454545454545454       -4.0408240867248225E-004   0.0000000000000000     
  0.65909090909090906       -1.0132819088194040E-004   0.0000000000000000     
  0.66363636363636358        1.1658043793728794E-004   0.0000000000000000     
  0.66590909090909089        1.8227140752264650E-004   0.0000000000000000     
  0.66818181818181821        2.1507004590819127E-004   0.0000000000000000     
  0.67045454545454541        2.1367413748892437E-004   0.0000000000000000     
  0.67272727272727273        1.7813910449626126E-004   0.0000000000000000     
  0.67500000000000004        1.0987580655014304E-004   0.0000000000000000     
  0.67727272727272725        1.1594524814967774E-005   0.0000000000000000     
  0.67954545454545456       -1.1280264522438244E-004   0.0000000000000000     
  0.68181818181818188       -2.5837671999978304E-004   0.0000000000000000     
  0.68409090909090908       -4.1934792202084919E-004   0.0000000000000000     
  0.68636363636363640       -5.8932515636581377E-004   0.0000000000000000     
  0.68863636363636371       -7.6155975851827529E-004   0.0000000000000000     
  0.69090909090909092       -9.2921343891244537E-004   0.0000000000000000     
  0.69545454545454544       -1.2249381691898475E-003   0.0000000000000000     
  0.69999999999999996       -1.4305376603241410E-003   0.0000000000000000     
  0.70227272727272727       -1.4886657809484072E-003   0.0000000000000000     
  0.70454545454545459       -1.5133444396705274E-003   0.0000000000000000     
  0.70681818181818179       -1.5035938112270089E-003   0.0000000000000000     
  0.70909090909090911       -1.4598010281679406E-003   0.0000000000000000     
  0.71022727272727271       -1.4256212170250589E-003   0.0000000000000000     
  0.71136363636363642       -1.3836662228048685E-003   0.0000000000000000     
  0.71250000000000002       -1.3343545609515776E-003   0.0000000000000000     
  0.71363636363636362       -1.2781781321899567E-003   0.0000000000000000     
  0.71477272727272734       -1.2156973156470551E-003   0.0000000000000000     
  0.71590909090909094       -1.1475353788784038E-003   0.0000000000000000     
  0.71704545454545454       -1.0743722605605363E-003   0.0000000000000000     
  0.71818181818181825       -9.9693778786970853E-004   0.0000000000000000     
  0.72727272727272729       -3.2217619362595856E-004   0.0000000000000000     
  0.73636363636363633        1.6534534400976125E-004   0.0000000000000000     
  0.73863636363636365        2.1877260061157976E-004   0.0000000000000000     
  0.74090909090909096        2.3785830660749989E-004   0.0000000000000000     
  0.74318181818181817        2.2184469565709910E-004   0.0000000000000000     
  0.74545454545454548        1.7136756165605141E-004   0.0000000000000000     
  0.74659090909090908        1.3377012212528673E-004   0.0000000000000000     
  0.74772727272727280        8.8392402702115960E-005   0.0000000000000000     
  0.74886363636363640        3.5687061687523957E-005   0.0000000000000000     
  0.75000000000000000       -2.3820147081162698E-005   0.0000000000000000     
  0.75113636363636371       -8.9535618804955277E-005   0.0000000000000000     
  0.75227272727272732       -1.6080381913446246E-004   0.0000000000000000     
  0.75340909090909092       -2.3691382334969848E-004   0.0000000000000000     
  0.75454545454545463       -3.1710640807776277E-004   0.0000000000000000     
  0.75909090909090915       -6.6209950606230489E-004   0.0000000000000000     
  0.76363636363636367       -1.0046137447717297E-003   0.0000000000000000     
  0.76590909090909087       -1.1579241377592177E-003   0.0000000000000000     
  0.76818181818181819       -1.2909166179022179E-003   0.0000000000000000     
  0.77045454545454550       -1.3983109390833704E-003   0.0000000000000000     
  0.77272727272727271       -1.4758431876826484E-003   0.0000000000000000     
  0.77500000000000002       -1.5204350742043249E-003   0.0000000000000000     
  0.77727272727272734       -1.5303161516620825E-003   0.0000000000000000     
  0.77954545454545454       -1.5050941082438158E-003   0.0000000000000000     
  0.78181818181818186       -1.4457703434022410E-003   0.0000000000000000     
  0.78295454545454546       -1.4039962509844902E-003   0.0000000000000000     
  0.78409090909090917       -1.3546626919359820E-003   0.0000000000000000     
  0.78522727272727277       -1.2982617854135254E-003   0.0000000000000000     
  0.78636363636363638       -1.2353561497867591E-003   0.0000000000000000     
  0.78750000000000009       -1.1665732903271304E-003   0.0000000000000000     
  0.78863636363636369       -1.0925993396278080E-003   0.0000000000000000     
  0.79090909090909101       -9.3209246656153521E-004   0.0000000000000000     
  0.79545454545454553       -5.8393530088026433E-004   0.0000000000000000     
  0.80000000000000004       -2.4547116472305153E-004   0.0000000000000000     
  0.80454545454545456        8.0905929471956065E-005   0.0000000000000000     
  0.80909090909090908        3.9468418799233434E-004   0.0000000000000000     
  0.81136363636363640        5.3118240593100902E-004   0.0000000000000000     
  0.81250000000000000        5.9182382924316307E-004   0.0000000000000000     
  0.81363636363636371        6.4656160705643326E-004   0.0000000000000000     
  0.81477272727272732        6.9484971127995007E-004   0.0000000000000000     
  0.81590909090909092        7.3620645152704816E-004   0.0000000000000000     
  0.81704545454545463        7.7021928014191785E-004   0.0000000000000000     
  0.81818181818181823        7.9654890750383294E-004   0.0000000000000000     
  0.81931818181818183        8.1493268655740336E-004   0.0000000000000000     
  0.82045454545454555        8.2518723280694127E-004   0.0000000000000000     
  0.82159090909090915        8.2721025363964671E-004   0.0000000000000000     
  0.82272727272727275        8.2098156872948010E-004   0.0000000000000000     
  0.82386363636363646        8.0656331134282180E-004   0.0000000000000000     
  0.82500000000000007        7.8409930853785793E-004   0.0000000000000000     
  0.82613636363636367        7.5381364644037919E-004   0.0000000000000000     
  0.82727272727272738        7.1600843490789005E-004   0.0000000000000000     
  0.82840909090909098        6.7106079388026861E-004   0.0000000000000000     
  0.82954545454545459        6.1941909147911591E-004   0.0000000000000000     
  0.83068181818181830        5.6159847138210670E-004   0.0000000000000000     
  0.83181818181818190        4.9817571408829924E-004   0.0000000000000000     
  0.83409090909090922        3.5712529226805944E-004   0.0000000000000000     
  0.83636363636363642        2.0189580230894463E-004   0.0000000000000000     
  0.84090909090909094       -1.2609973306095212E-004   0.0000000000000000     
  0.84545454545454546       -4.3445876186305461E-004   0.0000000000000000     
  0.84772727272727277       -5.6582479920655405E-004   0.0000000000000000     
  0.84886363636363638       -6.2336897879017945E-004   0.0000000000000000     
  0.85000000000000009       -6.7469483919851037E-004   0.0000000000000000     
  0.85113636363636369       -7.1929038738596503E-004   0.0000000000000000     
  0.85227272727272729       -7.5671076747767815E-004   0.0000000000000000     
  0.85340909090909101       -7.8658269835927414E-004   0.0000000000000000     
  0.85454545454545461       -8.0860819728389272E-004   0.0000000000000000     
  0.85568181818181821       -8.2256755235221438E-004   0.0000000000000000     
  0.85681818181818192       -8.2832151421393578E-004   0.0000000000000000     
  0.85795454545454553       -8.2581268512775606E-004   0.0000000000000000     
  0.85909090909090913       -8.1506609152351959E-004   0.0000000000000000     
  0.86022727272727284       -7.9618893435499645E-004   0.0000000000000000     
  0.86136363636363644       -7.6936951973364284E-004   0.0000000000000000     
  0.86250000000000004       -7.3487538051060074E-004   0.0000000000000000     
  0.86363636363636376       -6.9305060754483460E-004   0.0000000000000000     
  0.86590909090909096       -5.8917888771253422E-004   0.0000000000000000     
  0.86818181818181828       -4.6191479613917467E-004   0.0000000000000000     
  0.87045454545454559       -3.1631114276323239E-004   0.0000000000000000     
  0.87272727272727280       -1.5814887944442859E-004   0.0000000000000000     
  0.87727272727272732        1.7048875852281208E-004   0.0000000000000000     
  0.87954545454545463        3.2791612015557856E-004   0.0000000000000000     
  0.88181818181818183        4.7232411544215962E-004   0.0000000000000000     
  0.88409090909090904        5.9797926414663837E-004   0.0000000000000000     
  0.88522727272727275        6.5217262968359803E-004   0.0000000000000000     
  0.88636363636363635        6.9986034975735075E-004   0.0000000000000000     
  0.88749999999999996        7.4056672301886126E-004   0.0000000000000000     
  0.88863636363636367        7.7388568944586420E-004   0.0000000000000000     
  0.88977272727272727        7.9948488093072533E-004   0.0000000000000000     
  0.89090909090909087        8.1710893676622870E-004   0.0000000000000000     
  0.89204545454545459        8.2658205095612395E-004   0.0000000000000000     
  0.89318181818181819        8.2780972594018187E-004   0.0000000000000000     
  0.89431818181818179        8.2077971523974666E-004   0.0000000000000000     
  0.89545454545454550        8.0556214562054970E-004   0.0000000000000000     
  0.89659090909090911        7.8230881755419969E-004   0.0000000000000000     
  0.89772727272727271        7.5125169095645002E-004   0.0000000000000000     
  0.89886363636363642        7.1270057130755555E-004   0.0000000000000000     
  0.90000000000000002        6.6704001923645871E-004   0.0000000000000000     
  0.90227272727272734        5.5630934499829887E-004   0.0000000000000000     
  0.90454545454545454        4.2349132976300527E-004   0.0000000000000000     
  0.90681818181818186        2.7385929280776382E-004   0.0000000000000000     
  0.90909090909090917        1.1335412628915062E-004   0.0000000000000000     
  0.91363636363636369       -2.1464646020458899E-004   0.0000000000000000     
  0.91590909090909101       -3.6911916023750962E-004   0.0000000000000000     
  0.91818181818181821       -5.0893659547207853E-004   0.0000000000000000     
  0.91931818181818181       -5.7157876938822424E-004   0.0000000000000000     
  0.92045454545454541       -6.2851924921497441E-004   0.0000000000000000     
  0.92159090909090913       -6.7919003415408297E-004   0.0000000000000000     
  0.92272727272727273       -7.2308566576225071E-004   0.0000000000000000     
  0.92386363636363633       -7.5976827007233285E-004   0.0000000000000000     
  0.92500000000000004       -7.8887192553619219E-004   0.0000000000000000     
  0.92613636363636365       -8.1010631321752722E-004   0.0000000000000000     
  0.92727272727272725       -8.2325961282276303E-004   0.0000000000000000     
  0.92840909090909085       -8.2820061568105406E-004   0.0000000000000000     
  0.92954545454545445       -8.2488003359573931E-004   0.0000000000000000     
  0.93068181818181817       -8.1333099051099291E-004   0.0000000000000000     
  0.93181818181818177       -7.9366869208913522E-004   0.0000000000000000     
  0.93295454545454537       -7.6608927649466740E-004   0.0000000000000000     
  0.93409090909090908       -7.3086785784886763E-004   0.0000000000000000     
  0.93522727272727268       -6.8835578187217256E-004   0.0000000000000000     
  0.93636363636363629       -6.3897712109019754E-004   0.0000000000000000     
  0.93863636363636360       -5.2168277792986667E-004   0.0000000000000000     
  0.94090909090909092       -3.8367588425771966E-004   0.0000000000000000     
  0.94318181818181812       -2.3043577517373862E-004   0.0000000000000000     
  0.94545454545454544       -6.8046595361451876E-005   0.0000000000000000     
  0.94999999999999996        2.5835713656638951E-004   0.0000000000000000     
  0.95227272727272727        4.0941236920503135E-004   0.0000000000000000     
  0.95454545454545459        5.4421256193039184E-004   0.0000000000000000     
  0.95568181818181819        6.0380576763327683E-004   0.0000000000000000     
  0.95681818181818179        6.5737580389594187E-004   0.0000000000000000     
  0.95795454545454550        7.0438829124965354E-004   0.0000000000000000     
  0.95909090909090911        7.4437426402312781E-004   0.0000000000000000     
  0.96022727272727271        7.7693484843583153E-004   0.0000000000000000     
  0.96136363636363642        8.0174524150060887E-004   0.0000000000000000     
  0.96250000000000002        8.1855795104477638E-004   0.0000000000000000     
  0.96363636363636362        8.2720526452936805E-004   0.0000000000000000     
  0.96477272727272723        8.2760092203917196E-004   0.0000000000000000     
  0.96590909090909083        8.1974097675494701E-004   0.0000000000000000     
  0.96704545454545454        8.0370383432429391E-004   0.0000000000000000     
  0.96818181818181814        7.7964947073846111E-004   0.0000000000000000     
  0.96931818181818175        7.4781783651700303E-004   0.0000000000000000     
  0.97045454545454546        7.0852646311912358E-004   0.0000000000000000     
  0.97159090909090906        6.6216729545857651E-004   0.0000000000000000     
  0.97272727272727266        6.0920278211881859E-004   0.0000000000000000     
  0.97499999999999998        4.8565893203181352E-004   0.0000000000000000     
  0.97727272727272729        3.4283279855960559E-004   0.0000000000000000     
  0.98181818181818181        2.2700860700019011E-005   0.0000000000000000     
  0.98636363636363633       -3.0096610129808050E-004   0.0000000000000000     
  0.98863636363636365       -4.4808820670059308E-004   0.0000000000000000     
  0.99090909090909096       -5.7741971212994922E-004   0.0000000000000000     
  0.99204545454545456       -6.3376805712373136E-004   0.0000000000000000     
  0.99318181818181817       -6.8379434857235148E-004   0.0000000000000000     
  0.99431818181818188       -7.2699955707594211E-004   0.0000000000000000     
  0.99545454545454548       -7.6295269587440303E-004   0.0000000000000000     
  0.99659090909090908       -7.9129512008804543E-004   0.0000000000000000     
  0.99772727272727280       -8.1174410432314928E-004   0.0000000000000000     
  0.99886363636363640       -8.2409566295464610E-004   0.0000000000000000     
   1.0000000000000000       -8.2822658495264074E-004   0.0000000000000000     
