X My_beautiful_solution_real My_beautiful_solution_imag
   0.0000000000000000        0.0000000000000000        0.0000000000000000     
   9.0909090909090922E-003  -1.0365856784010467E-003   0.0000000000000000     
   1.8181818181818184E-002  -1.5488206244270342E-003   0.0000000000000000     
   2.7272727272727275E-002  -1.2406879487054897E-003   0.0000000000000000     
   3.6363636363636369E-002  -2.9025530727735949E-004   0.0000000000000000     
   4.5454545454545456E-002   7.5322911549129969E-004   0.0000000000000000     
   5.0000000000000003E-002   1.1094657673859055E-003   0.0000000000000000     
   5.4545454545454543E-002   1.2728092322858418E-003   0.0000000000000000     
   6.3636363636363644E-002   9.6822343240096252E-004   0.0000000000000000     
   7.2727272727272738E-002   2.9423605947309750E-005   0.0000000000000000     
   8.1818181818181832E-002  -1.0010645827754976E-003   0.0000000000000000     
   8.6363636363636379E-002  -1.3527817765025040E-003   0.0000000000000000     
   9.0909090909090925E-002  -1.5139659683381967E-003   0.0000000000000000     
  0.10000000000000001       -1.2128785307556093E-003   0.0000000000000000     
  0.10909090909090909       -2.8556198998889684E-004   0.0000000000000000     
  0.11818181818181819        7.3209409782947648E-004   0.0000000000000000     
  0.12272727272727274        1.0793478538736686E-003   0.0000000000000000     
  0.12727272727272729        1.2383984455912444E-003   0.0000000000000000     
  0.13636363636363638        9.4076141398547809E-004   0.0000000000000000     
  0.14545454545454548        2.4780458642284006E-005   0.0000000000000000     
  0.15454545454545457       -9.8020561755361095E-004   0.0000000000000000     
  0.16363636363636366       -1.4934225928390091E-003   0.0000000000000000     
  0.17272727272727276       -1.2182860701989017E-003   0.0000000000000000     
  0.18181818181818185       -3.1379546624191569E-004   0.0000000000000000     
  0.19090909090909092        6.9735060753113327E-004   0.0000000000000000     
  0.20000000000000001        1.2308181110832765E-003   0.0000000000000000     
  0.20909090909090911        9.7832001283273203E-004   0.0000000000000000     
  0.21818181818181820        8.5773146834783407E-005   0.0000000000000000     
  0.22727272727272729       -9.3102607563163426E-004   0.0000000000000000     
  0.23181818181818184       -1.2917256757162372E-003   0.0000000000000000     
  0.23636363636363639       -1.4714000539419710E-003   0.0000000000000000     
  0.24545454545454548       -1.2230705544492412E-003   0.0000000000000000     
  0.25454545454545457       -3.4262205461951350E-004   0.0000000000000000     
  0.26363636363636367        6.6114059301957285E-004   0.0000000000000000     
  0.26818181818181819        1.0174802861289292E-003   0.0000000000000000     
  0.27272727272727276        1.1952509582271527E-003   0.0000000000000000     
  0.28181818181818186        9.5105050429666893E-004   0.0000000000000000     
  0.29090909090909095        8.2560135376070348E-005   0.0000000000000000     
  0.30000000000000004       -9.0832581381116904E-004   0.0000000000000000     
  0.30454545454545456       -1.2603623566882303E-003   0.0000000000000000     
  0.30909090909090908       -1.4362576374510785E-003   0.0000000000000000     
  0.31818181818181823       -1.1961473335495630E-003   0.0000000000000000     
  0.32727272727272733       -3.3947676493508523E-004   0.0000000000000000     
  0.33636363636363642        6.3869031121296731E-004   0.0000000000000000     
  0.34090909090909094        9.8647977520751663E-004   0.0000000000000000     
  0.34545454545454551        1.1605276807202878E-003   0.0000000000000000     
  0.35454545454545461        9.2446928278157921E-004   0.0000000000000000     
  0.36363636363636370        7.9482066493394391E-005   0.0000000000000000     
  0.37272727272727280       -8.8612193620327541E-004   0.0000000000000000     
  0.37727272727272732       -1.2297197162028060E-003   0.0000000000000000     
  0.38181818181818189       -1.4019479683062745E-003   0.0000000000000000     
  0.39090909090909098       -1.1699038776399316E-003   0.0000000000000000     
  0.40000000000000002       -3.3646542658836824E-004   0.0000000000000000     
  0.40909090909090912        6.5407163729434164E-004   0.0000000000000000     
  0.41363636363636369        1.0351222342524290E-003   0.0000000000000000     
  0.41818181818181821        1.2549814943379517E-003   0.0000000000000000     
  0.42272727272727273        1.2794124869891918E-003   0.0000000000000000     
  0.42727272727272725        1.1046107684059240E-003   0.0000000000000000     
  0.43636363636363634        3.0150153418788357E-004   0.0000000000000000     
  0.44545454545454544       -6.7584326709511488E-004   0.0000000000000000     
  0.45000000000000001       -1.0446986676481390E-003   0.0000000000000000     
  0.45454545454545459       -1.2508714696684348E-003   0.0000000000000000     
  0.45909090909090911       -1.2622560256443209E-003   0.0000000000000000     
  0.46363636363636368       -1.0770795093947632E-003   0.0000000000000000     
  0.47272727272727277       -2.6665214742827183E-004   0.0000000000000000     
  0.48181818181818187        6.9787157176372889E-004   0.0000000000000000     
  0.48636363636363644        1.0546718615140650E-003   0.0000000000000000     
  0.49090909090909096        1.2472365067251788E-003   0.0000000000000000     
  0.49545454545454548        1.2455789497047972E-003   0.0000000000000000     
  0.50000000000000000        1.0499573085989877E-003   0.0000000000000000     
  0.50909090909090904        2.3190403104899720E-004   0.0000000000000000     
  0.51818181818181808       -7.2016491731111555E-004   0.0000000000000000     
  0.52272727272727271       -1.0650456035156601E-003   0.0000000000000000     
  0.52727272727272723       -1.2440752250051990E-003   0.0000000000000000     
  0.53181818181818175       -1.2293749254739185E-003   0.0000000000000000     
  0.53636363636363638       -1.0232338654242762E-003   0.0000000000000000     
  0.54545454545454541       -1.9724398825040056E-004   0.0000000000000000     
  0.55454545454545445        7.4273177040673683E-004   0.0000000000000000     
  0.55909090909090908        1.0758238334404556E-003   0.0000000000000000     
  0.56363636363636360        1.2413864239023882E-003   0.0000000000000000     
  0.56818181818181812        1.2136377989127613E-003   0.0000000000000000     
  0.57272727272727275        9.9689903071834745E-004   0.0000000000000000     
  0.58181818181818190        1.6265885568183893E-004   0.0000000000000000     
  0.59090909090909094       -7.6558070159395510E-004   0.0000000000000000     
  0.59545454545454546       -1.0870106446942227E-003   0.0000000000000000     
  0.59999999999999998       -1.2391690822514696E-003   0.0000000000000000     
  0.60909090909090913       -9.8442296895203708E-004   0.0000000000000000     
  0.61818181818181817       -1.6078590559780154E-004   0.0000000000000000     
  0.62727272727272720        7.5576817561952617E-004   0.0000000000000000     
  0.63636363636363635        1.2355692664966589E-003   0.0000000000000000     
  0.64545454545454550        1.0013437691643663E-003   0.0000000000000000     
  0.65454545454545454        1.8844891309311828E-004   0.0000000000000000     
  0.66363636363636358       -7.3334921381552724E-004   0.0000000000000000     
  0.67272727272727273       -1.2313501070883310E-003   0.0000000000000000     
  0.68181818181818188       -1.0177626340135892E-003   0.0000000000000000     
  0.69090909090909092       -2.1601745835025639E-004   0.0000000000000000     
  0.69999999999999996        7.1056265207706647E-004   0.0000000000000000     
  0.70909090909090911        1.2265137189298534E-003   0.0000000000000000     
  0.71363636363636362        1.2180826779551979E-003   0.0000000000000000     
  0.71818181818181825        1.0199693281827671E-003   0.0000000000000000     
  0.72727272727272729        2.1028999699815085E-004   0.0000000000000000     
  0.73636363636363633       -7.2091441024869148E-004   0.0000000000000000     
  0.74545454545454548       -1.2355075673627109E-003   0.0000000000000000     
  0.75000000000000000       -1.2242438968833925E-003   0.0000000000000000     
  0.75454545454545463       -1.0223384800800461E-003   0.0000000000000000     
  0.76363636363636367       -2.0459603002102349E-004   0.0000000000000000     
  0.77272727272727271        7.3138099355674394E-004   0.0000000000000000     
  0.78181818181818186        1.2446982038233176E-003   0.0000000000000000     
  0.78636363636363638        1.2306001097948823E-003   0.0000000000000000     
  0.79090909090909101        1.0248704670570131E-003   0.0000000000000000     
  0.80000000000000004        1.9893465050049822E-004   0.0000000000000000     
  0.80909090909090908       -7.4196406908795705E-004   0.0000000000000000     
  0.81363636363636371       -1.0757328659381628E-003   0.0000000000000000     
  0.81818181818181823       -1.2419863558608137E-003   0.0000000000000000     
  0.82272727272727275       -1.2148352077087491E-003   0.0000000000000000     
  0.82727272727272738       -9.9850745342199313E-004   0.0000000000000000     
  0.83181818181818190       -6.2669009030605165E-004   0.0000000000000000     
  0.83636363636363642       -1.5728327338596868E-004   0.0000000000000000     
  0.84545454545454546        7.8188330895214613E-004   0.0000000000000000     
  0.85000000000000009        1.1053941465201851E-003   0.0000000000000000     
  0.85454545454545461        1.2567707623000286E-003   0.0000000000000000     
  0.85909090909090913        1.2124404822041487E-003   0.0000000000000000     
  0.86363636363636376        9.7930650749335321E-004   0.0000000000000000     
  0.87272727272727280        1.2226953182611927E-004   0.0000000000000000     
  0.88181818181818183       -8.0542612645735233E-004   0.0000000000000000     
  0.88636363636363635       -1.1172557300560247E-003   0.0000000000000000     
  0.89090909090909087       -1.2551040019848957E-003   0.0000000000000000     
  0.89545454545454550       -1.1975049293398588E-003   0.0000000000000000     
  0.90000000000000002       -9.5342795670924456E-004   0.0000000000000000     
  0.90909090909090917       -8.7302226352045640E-005   0.0000000000000000     
  0.91818181818181821        8.2927483240536042E-004   0.0000000000000000     
  0.92272727272727273        1.1295416301173127E-003   0.0000000000000000     
  0.92727272727272725        1.2539139108466279E-003   0.0000000000000000     
  0.93181818181818177        1.1830241704114198E-003   0.0000000000000000     
  0.93636363636363629        9.2791150318449192E-004   0.0000000000000000     
  0.94545454545454544        5.2368076919482601E-005   0.0000000000000000     
  0.95454545454545459       -8.5343848416752528E-004   0.0000000000000000     
  0.95909090909090911       -1.1422565126997396E-003   0.0000000000000000     
  0.96363636363636362       -1.2532000369069340E-003   0.0000000000000000     
  0.96818181818181814       -1.1689927058495244E-003   0.0000000000000000     
  0.97272727272727266       -9.0274745616288066E-004   0.0000000000000000     
  0.98181818181818181       -1.7453816076282919E-005   0.0000000000000000     
  0.99090909090909096        8.7792625872677461E-004   0.0000000000000000     
  0.99545454545454548        1.1554052067199584E-003   0.0000000000000000     
   1.0000000000000000        1.2529621090474822E-003   0.0000000000000000     
