X My_beautiful_solution_real My_beautiful_solution_imag
   0.0000000000000000        0.0000000000000000        0.0000000000000000     
   9.0909090909090922E-003   2.0389434004080740E-003   0.0000000000000000     
   1.8181818181818184E-002   2.8995960815322063E-003   0.0000000000000000     
   2.7272727272727275E-002   2.0845930520281336E-003   0.0000000000000000     
   3.6363636363636369E-002   6.4918698054268527E-005   0.0000000000000000     
   4.5454545454545456E-002  -1.9922717043837322E-003   0.0000000000000000     
   5.0000000000000003E-002  -2.6355934778129163E-003   0.0000000000000000     
   5.4545454545454543E-002  -2.8684952814227054E-003   0.0000000000000000     
   6.3636363636363644E-002  -2.0573887330141202E-003   0.0000000000000000     
   7.2727272727272738E-002  -5.7332040337329396E-005   0.0000000000000000     
   8.1818181818181832E-002   1.9758564259009870E-003   0.0000000000000000     
   8.6363636363636379E-002   2.6100771544282217E-003   0.0000000000000000     
   9.0909090909090925E-002   2.8378513668426393E-003   0.0000000000000000     
  0.10000000000000001        2.0305121088534427E-003   0.0000000000000000     
  0.10909090909090909        4.9754514299911589E-005   0.0000000000000000     
  0.11818181818181819       -1.9597558560444242E-003   0.0000000000000000     
  0.12272727272727274       -2.5849765564903448E-003   0.0000000000000000     
  0.12727272727272729       -2.8076594569190201E-003   0.0000000000000000     
  0.13636363636363638       -2.0039588987160969E-003   0.0000000000000000     
  0.14545454545454548       -4.2184913015840159E-005   0.0000000000000000     
  0.15454545454545457        1.9439674303624254E-003   0.0000000000000000     
  0.16363636363636366        2.8067149841188382E-003   0.0000000000000000     
  0.17272727272727276        2.0474821450892056E-003   0.0000000000000000     
  0.18181818181818185        1.0502410766743333E-004   0.0000000000000000     
  0.19090909090909092       -1.8981266058437467E-003   0.0000000000000000     
  0.20000000000000001       -2.8043636123614032E-003   0.0000000000000000     
  0.20909090909090911       -2.0899790669116555E-003   0.0000000000000000     
  0.21818181818181820       -1.6781065774756909E-004   0.0000000000000000     
  0.22727272727272729        1.8513343229983083E-003   0.0000000000000000     
  0.23181818181818184        2.5070728409503371E-003   0.0000000000000000     
  0.23636363636363639        2.7724048837081288E-003   0.0000000000000000     
  0.24545454545454548        2.0631209751795325E-003   0.0000000000000000     
  0.25454545454545457        1.6157430088335870E-004   0.0000000000000000     
  0.26363636363636367       -1.8333449992383030E-003   0.0000000000000000     
  0.26818181818181819       -2.4802295598837470E-003   0.0000000000000000     
  0.27272727272727276       -2.7408877355870960E-003   0.0000000000000000     
  0.28181818181818186       -2.0365914913154917E-003   0.0000000000000000     
  0.29090909090909095       -1.5536367910070148E-004   0.0000000000000000     
  0.30000000000000004        1.8156476853017200E-003   0.0000000000000000     
  0.30454545454545456        2.4537813225193141E-003   0.0000000000000000     
  0.30909090909090908        2.7098071480392335E-003   0.0000000000000000     
  0.31818181818181823        2.0103863897810237E-003   0.0000000000000000     
  0.32727272727272733        1.4917780318994672E-004   0.0000000000000000     
  0.33636363636363642       -1.7982395624122106E-003   0.0000000000000000     
  0.34090909090909094       -2.4277239162592296E-003   0.0000000000000000     
  0.34545454545454551       -2.6791581706395629E-003   0.0000000000000000     
  0.35454545454545461       -1.9845014967042837E-003   0.0000000000000000     
  0.36363636363636370       -1.4301568788288767E-004   0.0000000000000000     
  0.37272727272727280        1.7811178578549375E-003   0.0000000000000000     
  0.37727272727272732        2.4020531907561239E-003   0.0000000000000000     
  0.38181818181818189        2.6489359217087049E-003   0.0000000000000000     
  0.39090909090909098        1.9589326892152951E-003   0.0000000000000000     
  0.40000000000000002        1.3687635169585662E-004   0.0000000000000000     
  0.40909090909090912       -1.7642798445349191E-003   0.0000000000000000     
  0.41363636363636369       -2.3767650572520003E-003   0.0000000000000000     
  0.41818181818181821       -2.6191355875353393E-003   0.0000000000000000     
  0.42272727272727273       -2.4536490041028106E-003   0.0000000000000000     
  0.42727272727272725       -1.9060752138651920E-003   0.0000000000000000     
  0.43636363636363634       -6.3907008898356034E-005   0.0000000000000000     
  0.44545454545454544        1.8151925966493198E-003   0.0000000000000000     
  0.45000000000000001        2.4038984839882200E-003   0.0000000000000000     
  0.45454545454545459        2.6182644165682186E-003   0.0000000000000000     
  0.45909090909090911        2.4249088959448785E-003   0.0000000000000000     
  0.46363636363636368        1.8539416365361020E-003   0.0000000000000000     
  0.47272727272727277       -9.0380630010782200E-006   0.0000000000000000     
  0.48181818181818187       -1.8667947309659533E-003   0.0000000000000000     
  0.48636363636363644       -2.4319448743591906E-003   0.0000000000000000     
  0.49090909090909096       -2.6183876221167377E-003   0.0000000000000000     
  0.49545454545454548       -2.3970897308526781E-003   0.0000000000000000     
  0.50000000000000000       -1.8025121576980266E-003   0.0000000000000000     
  0.50909090909090904        8.1986567417660259E-005   0.0000000000000000     
  0.51818181818181808        1.9191058451809410E-003   0.0000000000000000     
  0.52272727272727271        2.4609148799521661E-003   0.0000000000000000     
  0.52727272727272723        2.6195052509724735E-003   0.0000000000000000     
  0.53181818181818175        2.3701809435356176E-003   0.0000000000000000     
  0.53636363636363638        1.7517672452266686E-003   0.0000000000000000     
  0.54545454545454541       -1.5496620907033852E-004   0.0000000000000000     
  0.55454545454545445       -1.9721458062501502E-003   0.0000000000000000     
  0.55909090909090908       -2.4908195031292731E-003   0.0000000000000000     
  0.56363636363636360       -2.6216177275936508E-003   0.0000000000000000     
  0.56818181818181812       -2.3441723144505210E-003   0.0000000000000000     
  0.57272727272727275       -1.7016876269855207E-003   0.0000000000000000     
  0.58181818181818190        2.2800470450344684E-004   0.0000000000000000     
  0.59090909090909094        2.0259347579342163E-003   0.0000000000000000     
  0.59545454545454546        2.5216701012060038E-003   0.0000000000000000     
  0.59999999999999998        2.6247258542663864E-003   0.0000000000000000     
  0.60909090909090913        1.4916292474096947E-003   0.0000000000000000     
  0.61818181818181817       -8.7689252866348147E-004   0.0000000000000000     
  0.62727272727272720       -3.1120877829496751E-003   0.0000000000000000     
  0.63636363636363635       -3.9222532619962412E-003   0.0000000000000000     
  0.64545454545454550       -2.8392001652441231E-003   0.0000000000000000     
  0.65454545454545454       -4.8881708388197798E-004   0.0000000000000000     
  0.66363636363636358        1.7706265122379643E-003   0.0000000000000000     
  0.67272727272727273        2.6334144274033516E-003   0.0000000000000000     
  0.68181818181818188        1.6009477338821501E-003   0.0000000000000000     
  0.69090909090909092       -7.3011849555491642E-004   0.0000000000000000     
  0.69999999999999996       -3.0126778607830786E-003   0.0000000000000000     
  0.70909090909090911       -3.9276557294586024E-003   0.0000000000000000     
  0.71363636363636362       -3.6542683557140142E-003   0.0000000000000000     
  0.71818181818181825       -2.9124555116912735E-003   0.0000000000000000     
  0.72727272727272729       -5.5375410815961326E-004   0.0000000000000000     
  0.73636363636363633        1.7515344491865949E-003   0.0000000000000000     
  0.74545454545454548        2.6712004914331271E-003   0.0000000000000000     
  0.75000000000000000        2.3919524981199517E-003   0.0000000000000000     
  0.75454545454545463        1.6396001825574307E-003   0.0000000000000000     
  0.76363636363636367       -7.4711208212207756E-004   0.0000000000000000     
  0.77272727272727271       -3.0754970111978278E-003   0.0000000000000000     
  0.78181818181818186       -3.9999977087297744E-003   0.0000000000000000     
  0.78636363636363638       -3.7148446180452774E-003   0.0000000000000000     
  0.79090909090909101       -2.9518329984690519E-003   0.0000000000000000     
  0.80000000000000004       -5.3672972410050135E-004   0.0000000000000000     
  0.80909090909090908        2.0018341153346087E-003   0.0000000000000000     
  0.81363636363636371        2.9023491025229192E-003   0.0000000000000000     
  0.81818181818181823        3.3509043921742133E-003   0.0000000000000000     
  0.82272727272727275        3.2776500434722362E-003   0.0000000000000000     
  0.82727272727272738        2.6939933723920976E-003   0.0000000000000000     
  0.83181818181818190        1.6908225812860233E-003   0.0000000000000000     
  0.83636363636363642        4.2435346339959645E-004   0.0000000000000000     
  0.84545454545454546       -2.1095370345832307E-003   0.0000000000000000     
  0.85000000000000009       -2.9823758394599146E-003   0.0000000000000000     
  0.85454545454545461       -3.3907930207723253E-003   0.0000000000000000     
  0.85909090909090913       -3.2711890254638258E-003   0.0000000000000000     
  0.86363636363636376       -2.6421888306251435E-003   0.0000000000000000     
  0.87272727272727280       -3.2988567812506910E-004   0.0000000000000000     
  0.88181818181818183        2.1730560339748711E-003   0.0000000000000000     
  0.88636363636363635        3.0143786325508527E-003   0.0000000000000000     
  0.89090909090909087        3.3862960676179447E-003   0.0000000000000000     
  0.89545454545454550        3.2308926007435911E-003   0.0000000000000000     
  0.90000000000000002        2.5723679754471700E-003   0.0000000000000000     
  0.90909090909090917        2.3554317835230805E-004   0.0000000000000000     
  0.91818181818181821       -2.2374003265926926E-003   0.0000000000000000     
  0.92272727272727273       -3.0475262402382556E-003   0.0000000000000000     
  0.92727272727272725       -3.3830851775759623E-003   0.0000000000000000     
  0.93181818181818177       -3.1918232192915757E-003   0.0000000000000000     
  0.93636363636363629       -2.5035240660231067E-003   0.0000000000000000     
  0.94545454545454544       -1.4129013425239002E-004   0.0000000000000000     
  0.95454545454545459        2.3025943494084152E-003   0.0000000000000000     
  0.95909090909090911        3.0818312514731849E-003   0.0000000000000000     
  0.96363636363636362        3.3811591311997766E-003   0.0000000000000000     
  0.96818181818181814        3.1539660431581847E-003   0.0000000000000000     
  0.97272727272727266        2.4356309564960280E-003   0.0000000000000000     
  0.98181818181818181        4.7090749970180527E-005   0.0000000000000000     
  0.99090909090909096       -2.3686628621082083E-003   0.0000000000000000     
  0.99545454545454548       -3.1173066947707620E-003   0.0000000000000000     
   1.0000000000000000       -3.3805171970066219E-003   0.0000000000000000     
