X My_beautiful_solution_real My_beautiful_solution_imag
   0.0000000000000000        0.0000000000000000        0.0000000000000000     
   2.2727272727272731E-003   4.6427621171343510E-005   0.0000000000000000     
   4.5454545454545461E-003   9.1011910553068004E-005   0.0000000000000000     
   6.8181818181818187E-003   1.3198272279071728E-004   0.0000000000000000     
   9.0909090909090922E-003   1.6771337965398850E-004   0.0000000000000000     
   1.3636363636363637E-002   2.1819617965857852E-004   0.0000000000000000     
   1.5909090909090911E-002   2.3094398685225074E-004   0.0000000000000000     
   1.7045454545454548E-002   2.3389406327459618E-004   0.0000000000000000     
   1.8181818181818184E-002   2.3451096626654128E-004   0.0000000000000000     
   1.9318181818181818E-002   2.3278854200934512E-004   0.0000000000000000     
   2.0454545454545454E-002   2.2874397227520200E-004   0.0000000000000000     
   2.1590909090909091E-002   2.2241760303317573E-004   0.0000000000000000     
   2.2727272727272728E-002   2.1387254198433300E-004   0.0000000000000000     
   2.3863636363636365E-002   2.0319402904079981E-004   0.0000000000000000     
   2.5000000000000001E-002   1.9048858602842844E-004   0.0000000000000000     
   2.6136363636363638E-002   1.7588295409508273E-004   0.0000000000000000     
   2.7272727272727275E-002   1.5952282942425689E-004   0.0000000000000000     
   2.8409090909090912E-002   1.4157140986571936E-004   0.0000000000000000     
   2.9545454545454548E-002   1.2220776698103770E-004   0.0000000000000000     
   3.0681818181818185E-002   1.0162505974338879E-004   0.0000000000000000     
   3.1818181818181822E-002   8.0028607710611109E-005   0.0000000000000000     
   3.4090909090909095E-002   3.4667014009017876E-005   0.0000000000000000     
   3.6363636363636369E-002  -1.2070976056674090E-005   0.0000000000000000     
   3.8636363636363635E-002  -5.8329708014032558E-005   0.0000000000000000     
   4.0909090909090909E-002  -1.0227255553990910E-004   0.0000000000000000     
   4.3181818181818182E-002  -1.4215484066616282E-004   0.0000000000000000     
   4.5454545454545456E-002  -1.7639310332826533E-004   0.0000000000000000     
   4.7727272727272729E-002  -2.0362797002410556E-004   0.0000000000000000     
   5.0000000000000003E-002  -2.2277812548704065E-004   0.0000000000000000     
   5.1136363636363640E-002  -2.2906752834650260E-004   0.0000000000000000     
   5.2272727272727276E-002  -2.3307190411539627E-004   0.0000000000000000     
   5.3409090909090906E-002  -2.3475130777323442E-004   0.0000000000000000     
   5.4545454545454543E-002  -2.3408898669304351E-004   0.0000000000000000     
   5.5681818181818180E-002  -2.3109154775455810E-004   0.0000000000000000     
   5.6818181818181823E-002  -2.2578889143833167E-004   0.0000000000000000     
   5.7954545454545460E-002  -2.1823391355819708E-004   0.0000000000000000     
   5.9090909090909097E-002  -2.0850197760739742E-004   0.0000000000000000     
   6.0227272727272733E-002  -1.9669016298191579E-004   0.0000000000000000     
   6.1363636363636370E-002  -1.8291629658023428E-004   0.0000000000000000     
   6.2500000000000000E-002  -1.6731777743964521E-004   0.0000000000000000     
   6.3636363636363644E-002  -1.5005020613377058E-004   0.0000000000000000     
   6.4772727272727287E-002  -1.3128583260352142E-004   0.0000000000000000     
   6.5909090909090917E-002  -1.1121183790491084E-004   0.0000000000000000     
   6.7045454545454547E-002  -9.0028467013877995E-005   0.0000000000000000     
   6.8181818181818191E-002  -6.7947031314035056E-005   0.0000000000000000     
   7.0454545454545464E-002  -2.1980043379540594E-005   0.0000000000000000     
   7.2727272727272738E-002   2.4859625766622785E-005   0.0000000000000000     
   7.5000000000000011E-002   7.0712284652567789E-005   0.0000000000000000     
   7.7272727272727285E-002   1.1375742941377185E-004   0.0000000000000000     
   7.9545454545454558E-002   1.5228602388328929E-004   0.0000000000000000     
   8.1818181818181832E-002   1.8476835404168131E-004   0.0000000000000000     
   8.4090909090909105E-002   2.0991476277813252E-004   0.0000000000000000     
   8.6363636363636379E-002   2.2672685358967348E-004   0.0000000000000000     
   8.7500000000000022E-002   2.3178230850049515E-004   0.0000000000000000     
   8.8636363636363652E-002   2.3452565545842985E-004   0.0000000000000000     
   8.9772727272727282E-002   2.3492952863750065E-004   0.0000000000000000     
   9.0909090909090925E-002   2.3298989926434979E-004   0.0000000000000000     
   9.2045454545454569E-002   2.2872611580663349E-004   0.0000000000000000     
   9.3181818181818199E-002   2.2218071096542704E-004   0.0000000000000000     
   9.4318181818181829E-002   2.1341897739695658E-004   0.0000000000000000     
   9.5454545454545459E-002   2.0252831639597913E-004   0.0000000000000000     
   9.6590909090909088E-002   1.8961736603791750E-004   0.0000000000000000     
   9.7727272727272732E-002   1.7481491747683054E-004   0.0000000000000000     
   9.8863636363636376E-002   1.5826863020951807E-004   0.0000000000000000     
  0.10000000000000001        1.4014355912144160E-004   0.0000000000000000     
  0.10113636363636364        1.2062050800768143E-004   0.0000000000000000     
  0.10227272727272728        9.9894225993124174E-005   0.0000000000000000     
  0.10454545454545455        5.5672786563837153E-005   0.0000000000000000     
  0.10909090909090909       -3.7550638757250887E-005   0.0000000000000000     
  0.11136363636363636       -8.2851342974564802E-005   0.0000000000000000     
  0.11363636363636365       -1.2486257186524068E-004   0.0000000000000000     
  0.11590909090909092       -1.6191633917925357E-004   0.0000000000000000     
  0.11818181818181819       -1.9254148646627109E-004   0.0000000000000000     
  0.12045454545454547       -2.1552209298489702E-004   0.0000000000000000     
  0.12272727272727274       -2.2994575182149312E-004   0.0000000000000000     
  0.12386363636363637       -2.3375286996865283E-004   0.0000000000000000     
  0.12500000000000000       -2.3522822313702202E-004   0.0000000000000000     
  0.12613636363636366       -2.3435709417318223E-004   0.0000000000000000     
  0.12727272727272729       -2.3114817288706036E-004   0.0000000000000000     
  0.12840909090909092       -2.2563346936809687E-004   0.0000000000000000     
  0.12954545454545457       -2.1786799467363459E-004   0.0000000000000000     
  0.13068181818181820       -2.0792921207477152E-004   0.0000000000000000     
  0.13181818181818183       -1.9591626433368593E-004   0.0000000000000000     
  0.13295454545454546       -1.8194898472061096E-004   0.0000000000000000     
  0.13409090909090909       -1.6616670163589989E-004   0.0000000000000000     
  0.13522727272727275       -1.4872684876148830E-004   0.0000000000000000     
  0.13636363636363638       -1.2980339460597035E-004   0.0000000000000000     
  0.13750000000000001       -1.0958510710910807E-004   0.0000000000000000     
  0.13863636363636367       -8.8273670616948325E-005   0.0000000000000000     
  0.14090909090909093       -4.3233761555772082E-005   0.0000000000000000     
  0.14545454545454548        5.0141966910270803E-005   0.0000000000000000     
  0.14772727272727276        9.4770457696575141E-005   0.0000000000000000     
  0.15000000000000002        1.3563624445063648E-004   0.0000000000000000     
  0.15227272727272728        1.7111681880500000E-004   0.0000000000000000     
  0.15454545454545457        1.9980348332974675E-004   0.0000000000000000     
  0.15681818181818186        2.2055728153039096E-004   0.0000000000000000     
  0.15795454545454549        2.2768573549940296E-004   0.0000000000000000     
  0.15909090909090912        2.3254294623499991E-004   0.0000000000000000     
  0.16022727272727275        2.3508046139565807E-004   0.0000000000000000     
  0.16136363636363638        2.3527296839811134E-004   0.0000000000000000     
  0.16250000000000003        2.3311854691904319E-004   0.0000000000000000     
  0.16363636363636366        2.2863868805097002E-004   0.0000000000000000     
  0.16477272727272729        2.2187807992122855E-004   0.0000000000000000     
  0.16590909090909095        2.1290416191259223E-004   0.0000000000000000     
  0.16704545454545458        2.0180645193231916E-004   0.0000000000000000     
  0.16818181818181821        1.8869565344035064E-004   0.0000000000000000     
  0.16931818181818184        1.7370255114436384E-004   0.0000000000000000     
  0.17045454545454547        1.5697670637749612E-004   0.0000000000000000     
  0.17159090909090913        1.3868496517279594E-004   0.0000000000000000     
  0.17272727272727276        1.1900979391687132E-004   0.0000000000000000     
  0.17386363636363639        9.8147459185154317E-005   0.0000000000000000     
  0.17500000000000004        7.6306069915557092E-005   0.0000000000000000     
  0.17727272727272730        3.0567880844614209E-005   0.0000000000000000     
  0.17954545454545456       -1.6383955298493162E-005   0.0000000000000000     
  0.18181818181818185       -6.2685293637073248E-005   0.0000000000000000     
  0.18409090909090914       -1.0649781623218936E-004   0.0000000000000000     
  0.18636363636363640       -1.4608201945118829E-004   0.0000000000000000     
  0.18863636363636366       -1.7986627807788655E-004   0.0000000000000000     
  0.19090909090909092       -2.0650924408832508E-004   0.0000000000000000     
  0.19318181818181818       -2.2495310265207083E-004   0.0000000000000000     
  0.19431818181818183       -2.3085505145974716E-004   0.0000000000000000     
  0.19545454545454546       -2.3445414202126410E-004   0.0000000000000000     
  0.19659090909090909       -2.3571447217495862E-004   0.0000000000000000     
  0.19772727272727275       -2.3462346969566609E-004   0.0000000000000000     
  0.19886363636363638       -2.3119201770697496E-004   0.0000000000000000     
  0.20000000000000001       -2.2545434611833916E-004   0.0000000000000000     
  0.20113636363636364       -2.1746769017000187E-004   0.0000000000000000     
  0.20227272727272727       -2.0731171949186095E-004   0.0000000000000000     
  0.20340909090909093       -1.9508774337160997E-004   0.0000000000000000     
  0.20454545454545456       -1.8091770015987846E-004   0.0000000000000000     
  0.20568181818181819       -1.6494294089339784E-004   0.0000000000000000     
  0.20681818181818185       -1.4732281926997328E-004   0.0000000000000000     
  0.20795454545454548       -1.2823310204074340E-004   0.0000000000000000     
  0.20909090909090911       -1.0786421567660475E-004   0.0000000000000000     
  0.21022727272727273       -8.6419346798911705E-005   0.0000000000000000     
  0.21136363636363636       -6.4112415323302048E-005   0.0000000000000000     
  0.21363636363636365       -1.7810859378133831E-005   0.0000000000000000     
  0.21590909090909094        2.9197847234327537E-005   0.0000000000000000     
  0.21818181818181820        7.5047301689611351E-005   0.0000000000000000     
  0.22045454545454546        1.1791712734980688E-004   0.0000000000000000     
  0.22272727272727275        1.5610524880245208E-004   0.0000000000000000     
  0.22727272727272729        2.1276303892751546E-004   0.0000000000000000     
  0.22954545454545455        2.2898320389864240E-004   0.0000000000000000     
  0.23068181818181821        2.3370745792219904E-004   0.0000000000000000     
  0.23181818181818184        2.3610039996769004E-004   0.0000000000000000     
  0.23295454545454547        2.3613815961821445E-004   0.0000000000000000     
  0.23409090909090913        2.3382036020831899E-004   0.0000000000000000     
  0.23522727272727276        2.2917012258136536E-004   0.0000000000000000     
  0.23636363636363639        2.2223383445119435E-004   0.0000000000000000     
  0.23750000000000002        2.1308068766878483E-004   0.0000000000000000     
  0.23863636363636365        2.0180198800982956E-004   0.0000000000000000     
  0.23977272727272730        1.8851024436833508E-004   0.0000000000000000     
  0.24090909090909093        1.7333804644185068E-004   0.0000000000000000     
  0.24204545454545456        1.5643674210379891E-004   0.0000000000000000     
  0.24318181818181822        1.3797492765657617E-004   0.0000000000000000     
  0.24431818181818185        1.1813676602566409E-004   0.0000000000000000     
  0.24545454545454548        9.7120149671337775E-005   0.0000000000000000     
  0.24772727272727274        5.2403528452266280E-005   0.0000000000000000     
  0.25000000000000000        5.6063119442875907E-006   0.0000000000000000     
  0.25227272727272732       -4.1413493892387062E-005   0.0000000000000000     
  0.25454545454545457       -8.6789045556974126E-005   0.0000000000000000     
  0.25909090909090915       -1.6563743077204068E-004   0.0000000000000000     
  0.26363636363636367       -2.1869241882221626E-004   0.0000000000000000     
  0.26590909090909093       -2.3272229762410701E-004   0.0000000000000000     
  0.26704545454545459       -2.3628999823747457E-004   0.0000000000000000     
  0.26818181818181819       -2.3750062514816416E-004   0.0000000000000000     
  0.26931818181818185       -2.3634210193789227E-004   0.0000000000000000     
  0.27045454545454550       -2.3282598527267614E-004   0.0000000000000000     
  0.27159090909090911       -2.2698734962113074E-004   0.0000000000000000     
  0.27272727272727276       -2.1888443737462380E-004   0.0000000000000000     
  0.27386363636363642       -2.0859807785946573E-004   0.0000000000000000     
  0.27500000000000002       -1.9623088103668104E-004   0.0000000000000000     
  0.27613636363636368       -1.8190621393248310E-004   0.0000000000000000     
  0.27727272727272734       -1.6576697000991703E-004   0.0000000000000000     
  0.27840909090909094       -1.4797414375759826E-004   0.0000000000000000     
  0.27954545454545460       -1.2870522471451737E-004   0.0000000000000000     
  0.28068181818181825       -1.0815242695107290E-004   0.0000000000000000     
  0.28181818181818186       -8.6520771667849972E-005   0.0000000000000000     
  0.28636363636363638        6.3212650944783929E-006   0.0000000000000000     
  0.29090909090909095        9.8178941616453491E-005   0.0000000000000000     
  0.29545454545454553        1.7474799392747369E-004   0.0000000000000000     
  0.30000000000000004        2.2410493367353544E-004   0.0000000000000000     
  0.30113636363636365        2.3116308008170144E-004   0.0000000000000000     
  0.30227272727272730        2.3591529555265126E-004   0.0000000000000000     
  0.30340909090909096        2.3831417510860480E-004   0.0000000000000000     
  0.30454545454545456        2.3833578910395959E-004   0.0000000000000000     
  0.30568181818181817        2.3597992193170563E-004   0.0000000000000000     
  0.30681818181818182        2.3127007417417849E-004   0.0000000000000000     
  0.30795454545454548        2.2425322817669834E-004   0.0000000000000000     
  0.30909090909090908        2.1499937938257590E-004   0.0000000000000000     
  0.31022727272727274        2.0360083810457802E-004   0.0000000000000000     
  0.31136363636363640        1.9017130869792808E-004   0.0000000000000000     
  0.31250000000000000        1.7484475532039871E-004   0.0000000000000000     
  0.31363636363636366        1.5777406559392887E-004   0.0000000000000000     
  0.31477272727272732        1.3912952549820939E-004   0.0000000000000000     
  0.31590909090909092        1.1909712070968110E-004   0.0000000000000000     
  0.31704545454545457        9.7876681330676525E-005   0.0000000000000000     
  0.31818181818181823        7.5679888515678978E-005   0.0000000000000000     
  0.32272727272727275       -1.8312592930635756E-005   0.0000000000000000     
  0.32727272727272733       -1.0945340020899784E-004   0.0000000000000000     
  0.33181818181818190       -1.8354990168353583E-004   0.0000000000000000     
  0.33636363636363642       -2.2906363963878324E-004   0.0000000000000000     
  0.33750000000000002       -2.3501336283693160E-004   0.0000000000000000     
  0.33863636363636368       -2.3861874720799146E-004   0.0000000000000000     
  0.33977272727272734       -2.3984382780739243E-004   0.0000000000000000     
  0.34090909090909094       -2.3867638403635334E-004   0.0000000000000000     
  0.34204545454545460       -2.3512806154654179E-004   0.0000000000000000     
  0.34318181818181825       -2.2923425607070892E-004   0.0000000000000000     
  0.34431818181818186       -2.2105376033812598E-004   0.0000000000000000     
  0.34545454545454551       -2.1066817759696167E-004   0.0000000000000000     
  0.34659090909090917       -1.9818110759392074E-004   0.0000000000000000     
  0.34772727272727277       -1.8371711313126904E-004   0.0000000000000000     
  0.34886363636363643       -1.6742047751019389E-004   0.0000000000000000     
  0.35000000000000009       -1.4945376525543716E-004   0.0000000000000000     
  0.35113636363636369       -1.2999620047845245E-004   0.0000000000000000     
  0.35227272727272735       -1.0924187905547512E-004   0.0000000000000000     
  0.35340909090909101       -8.7397832454650816E-005   0.0000000000000000     
  0.35454545454545461       -6.4681962526194070E-005   0.0000000000000000     
  0.35909090909090913        3.0265920426031415E-005   0.0000000000000000     
  0.36363636363636370        1.2050073277295508E-004   0.0000000000000000     
  0.36590909090909096        1.5933737191162374E-004   0.0000000000000000     
  0.36818181818181828        1.9184778464650899E-004   0.0000000000000000     
  0.37045454545454554        2.1674119889461400E-004   0.0000000000000000     
  0.37272727272727280        2.3302926288003588E-004   0.0000000000000000     
  0.37386363636363640        2.3772709450250025E-004   0.0000000000000000     
  0.37500000000000006        2.4005351689458876E-004   0.0000000000000000     
  0.37613636363636371        2.3998532319573741E-004   0.0000000000000000     
  0.37727272727272732        2.3752319366146063E-004   0.0000000000000000     
  0.37840909090909097        2.3269168887756839E-004   0.0000000000000000     
  0.37954545454545463        2.2553900475990750E-004   0.0000000000000000     
  0.38068181818181823        2.1613649178358563E-004   0.0000000000000000     
  0.38181818181818189        2.0457794323753019E-004   0.0000000000000000     
  0.38295454545454555        1.9097865960429389E-004   0.0000000000000000     
  0.38409090909090915        1.7547429839822958E-004   0.0000000000000000     
  0.38522727272727281        1.5821952093529590E-004   0.0000000000000000     
  0.38636363636363646        1.3938644953343678E-004   0.0000000000000000     
  0.38750000000000007        1.1916295053347639E-004   0.0000000000000000     
  0.38863636363636372        9.7750760267989356E-005   0.0000000000000000     
  0.39090909090909098        5.2228139616479025E-005   0.0000000000000000     
  0.39545454545454550       -4.3144686938736965E-005   0.0000000000000000     
  0.39772727272727276       -8.9208272752513070E-005   0.0000000000000000     
  0.40000000000000002       -1.3172999187329555E-004   0.0000000000000000     
  0.40113636363636362       -1.5112581589958889E-004   0.0000000000000000     
  0.40227272727272728       -1.6901410812551184E-004   0.0000000000000000     
  0.40340909090909094       -1.8521642670627086E-004   0.0000000000000000     
  0.40454545454545454       -1.9957114796192118E-004   0.0000000000000000     
  0.40568181818181820       -2.1193507862896023E-004   0.0000000000000000     
  0.40681818181818186       -2.2218488426219537E-004   0.0000000000000000     
  0.40909090909090912       -2.3596664556087938E-004   0.0000000000000000     
  0.41136363636363638       -2.4037974208462548E-004   0.0000000000000000     
  0.41363636363636369       -2.3524895914640791E-004   0.0000000000000000     
  0.41477272727272729       -2.2915073887628916E-004   0.0000000000000000     
  0.41590909090909095       -2.2076666146205316E-004   0.0000000000000000     
  0.41704545454545461       -2.1018036094890601E-004   0.0000000000000000     
  0.41818181818181821       -1.9749743931210903E-004   0.0000000000000000     
  0.41931818181818181       -1.8284441304108662E-004   0.0000000000000000     
  0.42045454545454547       -1.6636745109409131E-004   0.0000000000000000     
  0.42159090909090913       -1.4823091681275894E-004   0.0000000000000000     
  0.42272727272727273       -1.2861572834145185E-004   0.0000000000000000     
  0.42386363636363633       -1.0771755390677059E-004   0.0000000000000000     
  0.42499999999999999       -8.5744859959945130E-005   0.0000000000000000     
  0.42613636363636365       -6.2916831652550244E-005   0.0000000000000000     
  0.42727272727272725       -3.9461186389507799E-005   0.0000000000000000     
  0.42954545454545451        8.3923430291245861E-006   0.0000000000000000     
  0.43181818181818177        5.5912668369997256E-005   0.0000000000000000     
  0.43409090909090908        1.0121307383454412E-004   0.0000000000000000     
  0.43636363636363634        1.4249498186550983E-004   0.0000000000000000     
  0.43750000000000000        1.6110673176570841E-004   0.0000000000000000     
  0.43863636363636360        1.7811138680957751E-004   0.0000000000000000     
  0.43977272727272726        1.9333931973601604E-004   0.0000000000000000     
  0.44090909090909092        2.0663862669587671E-004   0.0000000000000000     
  0.44318181818181818        2.2695205060098056E-004   0.0000000000000000     
  0.44545454545454544        2.3825471929103526E-004   0.0000000000000000     
  0.44772727272727275        2.4009787902897086E-004   0.0000000000000000     
  0.44886363636363635        2.3743146750778769E-004   0.0000000000000000     
  0.45000000000000001        2.3239659573680402E-004   0.0000000000000000     
  0.45113636363636367        2.2504348828725142E-004   0.0000000000000000     
  0.45227272727272727        2.1544549492565269E-004   0.0000000000000000     
  0.45340909090909093        2.0369835892476452E-004   0.0000000000000000     
  0.45454545454545459        1.8991926199162521E-004   0.0000000000000000     
  0.45568181818181819        1.7424565533987149E-004   0.0000000000000000     
  0.45681818181818185        1.5683388856677855E-004   0.0000000000000000     
  0.45795454545454550        1.3785765001245539E-004   0.0000000000000000     
  0.45909090909090911        1.1750623415913141E-004   0.0000000000000000     
  0.46022727272727276        9.5982653353827193E-005   0.0000000000000000     
  0.46136363636363642        7.3501612690631750E-005   0.0000000000000000     
  0.46363636363636368        2.6573979653562093E-005   0.0000000000000000     
  0.46590909090909094       -2.1408729224919272E-005   0.0000000000000000     
  0.46818181818181825       -6.8541439973840150E-005   0.0000000000000000     
  0.47045454545454551       -1.1295282638990721E-004   0.0000000000000000     
  0.47272727272727277       -1.5287960794449702E-004   0.0000000000000000     
  0.47386363636363638       -1.7065502983825789E-004   0.0000000000000000     
  0.47500000000000003       -1.8672810933047113E-004   0.0000000000000000     
  0.47613636363636369       -2.0093851194538670E-004   0.0000000000000000     
  0.47727272727272729       -2.1314448404739564E-004   0.0000000000000000     
  0.47954545454545461       -2.3108836228242317E-004   0.0000000000000000     
  0.48181818181818187       -2.3985725989903538E-004   0.0000000000000000     
  0.48409090909090913       -2.3910302234335281E-004   0.0000000000000000     
  0.48522727272727278       -2.3514632074786952E-004   0.0000000000000000     
  0.48636363636363644       -2.2884395402457468E-004   0.0000000000000000     
  0.48750000000000004       -2.2025879044118601E-004   0.0000000000000000     
  0.48863636363636370       -2.0947646994635285E-004   0.0000000000000000     
  0.48977272727272736       -1.9660454988182428E-004   0.0000000000000000     
  0.49090909090909096       -1.8177143206110717E-004   0.0000000000000000     
  0.49204545454545456       -1.6512508191737519E-004   0.0000000000000000     
  0.49318181818181822       -1.4683155249756979E-004   0.0000000000000000     
  0.49431818181818188       -1.2707332802635736E-004   0.0000000000000000     
  0.49545454545454548       -1.0604750356345407E-004   0.0000000000000000     
  0.49659090909090908       -8.3963818912863840E-005   0.0000000000000000     
  0.49772727272727274       -6.1042566396462883E-005   0.0000000000000000     
  0.50000000000000000       -1.3609878469279256E-005   0.0000000000000000     
  0.50227272727272720        3.4363167137283081E-005   0.0000000000000000     
  0.50454545454545452        8.0971880116458209E-005   0.0000000000000000     
  0.50681818181818183        1.2436573872837966E-004   0.0000000000000000     
  0.50909090909090904        1.6282186170031395E-004   0.0000000000000000     
  0.51022727272727264        1.7970952063968055E-004   0.0000000000000000     
  0.51136363636363624        1.9480451552902276E-004   0.0000000000000000     
  0.51249999999999996        2.0795626862166996E-004   0.0000000000000000     
  0.51363636363636356        2.1903358667376655E-004   0.0000000000000000     
  0.51590909090909087        2.3455599684561276E-004   0.0000000000000000     
  0.51818181818181808        2.4076574971297092E-004   0.0000000000000000     
  0.52045454545454539        2.3741629732491751E-004   0.0000000000000000     
  0.52159090909090899        2.3218075476401473E-004   0.0000000000000000     
  0.52272727272727271        2.2462912961220886E-004   0.0000000000000000     
  0.52386363636363631        2.1483675191813048E-004   0.0000000000000000     
  0.52499999999999991        2.0290130400486313E-004   0.0000000000000000     
  0.52613636363636362        1.8894184605529882E-004   0.0000000000000000     
  0.52727272727272723        1.7309762844601987E-004   0.0000000000000000     
  0.52840909090909083        1.5552670267706691E-004   0.0000000000000000     
  0.52954545454545454        1.3640434475406936E-004   0.0000000000000000     
  0.53068181818181814        1.1592130675003311E-004   0.0000000000000000     
  0.53181818181818175        9.4281913988035728E-005   0.0000000000000000     
  0.53295454545454546        7.1702026826116577E-005   0.0000000000000000     
  0.53409090909090906        4.8406887376243324E-005   0.0000000000000000     
  0.53636363636363638        6.0639575048389379E-007   0.0000000000000000     
  0.53863636363636358       -4.7218171814030398E-005   0.0000000000000000     
  0.54090909090909089       -9.3168020085235070E-005   0.0000000000000000     
  0.54318181818181821       -1.3541878645506096E-004   0.0000000000000000     
  0.54545454545454541       -1.7229297423467473E-004   0.0000000000000000     
  0.54659090909090902       -1.8824400410193272E-004   0.0000000000000000     
  0.54772727272727262       -2.0231723552209134E-004   0.0000000000000000     
  0.54886363636363633       -2.1437228318921587E-004   0.0000000000000000     
  0.54999999999999993       -2.2428889387188206E-004   0.0000000000000000     
  0.55227272727272725       -2.3734492034568029E-004   0.0000000000000000     
  0.55454545454545445       -2.4097755992737044E-004   0.0000000000000000     
  0.55681818181818177       -2.3504258467995712E-004   0.0000000000000000     
  0.55795454545454537       -2.2854335071580855E-004   0.0000000000000000     
  0.55909090909090908       -2.1976431851257859E-004   0.0000000000000000     
  0.56022727272727268       -2.0879306192483563E-004   0.0000000000000000     
  0.56136363636363629       -1.9573902299659766E-004   0.0000000000000000     
  0.56250000000000000       -1.8073242023944211E-004   0.0000000000000000     
  0.56363636363636360       -1.6392294965823572E-004   0.0000000000000000     
  0.56477272727272720       -1.4547829148218032E-004   0.0000000000000000     
  0.56590909090909092       -1.2558243749707086E-004   0.0000000000000000     
  0.56704545454545452       -1.0443385566418940E-004   0.0000000000000000     
  0.56818181818181812       -8.2243510334370105E-005   0.0000000000000000     
  0.56931818181818183       -5.9232757806313101E-005   0.0000000000000000     
  0.57045454545454544       -3.5631138221659404E-005   0.0000000000000000     
  0.57272727272727275        1.2398841634618571E-005   0.0000000000000000     
  0.57500000000000007        5.9936546022911730E-005   0.0000000000000000     
  0.57727272727272738        1.0509456913836393E-004   0.0000000000000000     
  0.57840909090909098        1.2621366587446721E-004   0.0000000000000000     
  0.57954545454545459        1.4607373804342697E-004   0.0000000000000000     
  0.58068181818181830        1.6447667461984443E-004   0.0000000000000000     
  0.58181818181818190        1.8123890000517224E-004   0.0000000000000000     
  0.58409090909090922        2.0920012895583775E-004   0.0000000000000000     
  0.58636363636363642        2.2885541333369019E-004   0.0000000000000000     
  0.58863636363636362        2.3942437263217920E-004   0.0000000000000000     
  0.59090909090909094        2.4048738383021122E-004   0.0000000000000000     
  0.59204545454545454        2.3742312431102299E-004   0.0000000000000000     
  0.59318181818181825        2.3199048776828063E-004   0.0000000000000000     
  0.59431818181818186        2.2424366661311830E-004   0.0000000000000000     
  0.59545454545454546        2.1425993804118667E-004   0.0000000000000000     
  0.59659090909090906        2.0213889316614722E-004   0.0000000000000000     
  0.59772727272727266        1.8800144356418631E-004   0.0000000000000000     
  0.59886363636363638        1.7198861513960742E-004   0.0000000000000000     
  0.59999999999999998        1.5426014134311660E-004   0.0000000000000000     
  0.60113636363636358        1.3176993123352595E-004   0.0000000000000000     
  0.60227272727272729        1.0151939382108783E-004   0.0000000000000000     
  0.60340909090909089        6.3810288582546708E-005   0.0000000000000000     
  0.60454545454545450        1.9018776764555847E-005   0.0000000000000000     
  0.60568181818181821       -3.2408330953653323E-005   0.0000000000000000     
  0.60681818181818181       -8.9958031549888077E-005   0.0000000000000000     
  0.60795454545454541       -1.5305624703996332E-004   0.0000000000000000     
  0.60909090909090913       -2.2107355110230248E-004   0.0000000000000000     
  0.61022727272727273       -2.9333144782116099E-004   0.0000000000000000     
  0.61136363636363633       -3.6910913991592667E-004   0.0000000000000000     
  0.61250000000000004       -4.4765071894097512E-004   0.0000000000000000     
  0.61363636363636365       -5.2817270573141865E-004   0.0000000000000000     
  0.61590909090909096       -6.9193142470687266E-004   0.0000000000000000     
  0.61818181818181817       -8.5387369957623050E-004   0.0000000000000000     
  0.62045454545454537       -1.0075698805788928E-003   0.0000000000000000     
  0.62272727272727268       -1.1469177154512910E-003   0.0000000000000000     
  0.62500000000000000       -1.2663846292444039E-003   0.0000000000000000     
  0.62727272727272720       -1.3612273860472207E-003   0.0000000000000000     
  0.62840909090909092       -1.3981860378775414E-003   0.0000000000000000     
  0.62954545454545452       -1.4276431819438525E-003   0.0000000000000000     
  0.63068181818181812       -1.4493049731399215E-003   0.0000000000000000     
  0.63181818181818183       -1.4629553276756524E-003   0.0000000000000000     
  0.63295454545454544       -1.4684580785869370E-003   0.0000000000000000     
  0.63409090909090904       -1.4657583340477922E-003   0.0000000000000000     
  0.63522727272727275       -1.4548830249351240E-003   0.0000000000000000     
  0.63636363636363635       -1.4359406361840112E-003   0.0000000000000000     
  0.63749999999999996       -1.4091201246132956E-003   0.0000000000000000     
  0.63863636363636367       -1.3746890340165620E-003   0.0000000000000000     
  0.63977272727272727       -1.3329908263211333E-003   0.0000000000000000     
  0.64090909090909087       -1.2844414554376282E-003   0.0000000000000000     
  0.64204545454545459       -1.2295252179771745E-003   0.0000000000000000     
  0.64318181818181819       -1.1687899222267756E-003   0.0000000000000000     
  0.64431818181818179       -1.1028414235738971E-003   0.0000000000000000     
  0.64545454545454550       -1.0323375808913803E-003   0.0000000000000000     
  0.64659090909090911       -9.5798169416977678E-004   0.0000000000000000     
  0.64772727272727271       -8.8051548885890042E-004   0.0000000000000000     
  0.64886363636363642       -8.0071171690231503E-004   0.0000000000000000     
  0.65000000000000002       -7.1936644827192016E-004   0.0000000000000000     
  0.65227272727272734       -5.5530405109379744E-004   0.0000000000000000     
  0.65340909090909094       -4.7422350117772239E-004   0.0000000000000000     
  0.65454545454545454       -3.9485828641845720E-004   0.0000000000000000     
  0.65681818181818175       -2.4439938754826726E-004   0.0000000000000000     
  0.65909090909090906       -1.0989256275478723E-004   0.0000000000000000     
  0.66136363636363638        3.3218172988411681E-006   0.0000000000000000     
  0.66363636363636358        9.0748763196191607E-005   0.0000000000000000     
  0.66477272727272729        1.2365357393869685E-004   0.0000000000000000     
  0.66590909090909089        1.4887902082362877E-004   0.0000000000000000     
  0.66704545454545450        1.6617347137422804E-004   0.0000000000000000     
  0.66818181818181821        1.7536440751990759E-004   0.0000000000000000     
  0.66931818181818181        1.7636014652312458E-004   0.0000000000000000     
  0.67045454545454541        1.6915075554611007E-004   0.0000000000000000     
  0.67159090909090913        1.5380815073432345E-004   0.0000000000000000     
  0.67272727272727273        1.3048537982826515E-004   0.0000000000000000     
  0.67386363636363633        9.9415095459810923E-005   0.0000000000000000     
  0.67500000000000004        6.0907234362487633E-005   0.0000000000000000     
  0.67613636363636365        1.5345925646361918E-005   0.0000000000000000     
  0.67727272727272725       -3.6814341021484879E-005   0.0000000000000000     
  0.67840909090909096       -9.5053249107119616E-005   0.0000000000000000     
  0.67954545454545456       -1.5878984554546137E-004   0.0000000000000000     
  0.68068181818181817       -2.2738833594621716E-004   0.0000000000000000     
  0.68181818181818188       -3.0016442686077975E-004   0.0000000000000000     
  0.68295454545454548       -3.7639215184384373E-004   0.0000000000000000     
  0.68409090909090908       -4.5531111321750836E-004   0.0000000000000000     
  0.68522727272727280       -5.3613406729866302E-004   0.0000000000000000     
  0.68636363636363640       -6.1805477742446924E-004   0.0000000000000000     
  0.68863636363636371       -7.8192059549958256E-004   0.0000000000000000     
  0.68977272727272732       -8.6223108576115163E-004   0.0000000000000000     
  0.69090909090909092       -9.4038640256349532E-004   0.0000000000000000     
  0.69318181818181812       -1.0871605762509322E-003   0.0000000000000000     
  0.69545454545454544       -1.2164263870812365E-003   0.0000000000000000     
  0.69772727272727275       -1.3230515501687498E-003   0.0000000000000000     
  0.69999999999999996       -1.4028026900414162E-003   0.0000000000000000     
  0.70113636363636367       -1.4315558055379392E-003   0.0000000000000000     
  0.70227272727272727       -1.4524745384031147E-003   0.0000000000000000     
  0.70340909090909087       -1.4653502171083253E-003   0.0000000000000000     
  0.70454545454545459       -1.4700544023463357E-003   0.0000000000000000     
  0.70568181818181819       -1.4665401682573986E-003   0.0000000000000000     
  0.70681818181818179       -1.4548425705307852E-003   0.0000000000000000     
  0.70795454545454550       -1.4350782967122700E-003   0.0000000000000000     
  0.70909090909090911       -1.4074445022058844E-003   0.0000000000000000     
  0.70965909090909096       -1.3907591005834711E-003   0.0000000000000000     
  0.71022727272727271       -1.3722145253444507E-003   0.0000000000000000     
  0.71079545454545456       -1.3518570813503578E-003   0.0000000000000000     
  0.71136363636363642       -1.3297376001038524E-003   0.0000000000000000     
  0.71193181818181817       -1.3059113128250290E-003   0.0000000000000000     
  0.71250000000000002       -1.2804377125418542E-003   0.0000000000000000     
  0.71306818181818188       -1.2533804055391321E-003   0.0000000000000000     
  0.71363636363636362       -1.2248069525368250E-003   0.0000000000000000     
  0.71420454545454548       -1.1947886999943591E-003   0.0000000000000000     
  0.71477272727272734       -1.1634006019621724E-003   0.0000000000000000     
  0.71534090909090908       -1.1307210329252479E-003   0.0000000000000000     
  0.71590909090909094       -1.0968315921059874E-003   0.0000000000000000     
  0.71704545454545454       -1.0257656797377696E-003   0.0000000000000000     
  0.71818181818181825       -9.5091328029647316E-004   0.0000000000000000     
  0.72272727272727277       -6.2913033305680586E-004   0.0000000000000000     
  0.72727272727272729       -3.1000255312988334E-004   0.0000000000000000     
  0.73181818181818181       -4.3225166622739505E-005   0.0000000000000000     
  0.73636363636363633        1.2965870995577190E-004   0.0000000000000000     
  0.73750000000000004        1.5460937117726926E-004   0.0000000000000000     
  0.73863636363636365        1.7157187385601595E-004   0.0000000000000000     
  0.73977272727272725        1.8037701121519849E-004   0.0000000000000000     
  0.74090909090909096        1.8093694899237376E-004   0.0000000000000000     
  0.74204545454545456        1.7324610161633866E-004   0.0000000000000000     
  0.74318181818181817        1.5738118792511712E-004   0.0000000000000000     
  0.74431818181818188        1.3350046586925788E-004   0.0000000000000000     
  0.74545454545454548        1.0184215383455697E-004   0.0000000000000000     
  0.74602272727272734        8.3191571773374764E-005   0.0000000000000000     
  0.74659090909090908        6.2719783437431296E-005   0.0000000000000000     
  0.74715909090909094        4.0477905841382134E-005   0.0000000000000000     
  0.74772727272727280        1.6521475822783535E-005   0.0000000000000000     
  0.74829545454545454       -9.0896886305779221E-006   0.0000000000000000     
  0.74886363636363640       -3.6291637743175850E-005   0.0000000000000000     
  0.74943181818181825       -6.5016449631052350E-005   0.0000000000000000     
  0.75000000000000000       -9.5192399899322863E-005   0.0000000000000000     
  0.75056818181818186       -1.2674414073436237E-004   0.0000000000000000     
  0.75113636363636371       -1.5959288904343017E-004   0.0000000000000000     
  0.75170454545454546       -1.9365662317206316E-004   0.0000000000000000     
  0.75227272727272732       -2.2885028770799833E-004   0.0000000000000000     
  0.75340909090909092       -3.0227211234694676E-004   0.0000000000000000     
  0.75454545454545463       -3.7912454616943894E-004   0.0000000000000000     
  0.75681818181818183       -5.4001886529334302E-004   0.0000000000000000     
  0.75909090909090915       -7.0512817683417725E-004   0.0000000000000000     
  0.76136363636363646       -8.6789708908659288E-004   0.0000000000000000     
  0.76363636363636367       -1.0218631320220346E-003   0.0000000000000000     
  0.76477272727272727       -1.0936087827658741E-003   0.0000000000000000     
  0.76590909090909087       -1.1608911882359213E-003   0.0000000000000000     
  0.76818181818181819       -1.2794613790611561E-003   0.0000000000000000     
  0.76931818181818179       -1.3295663861320249E-003   0.0000000000000000     
  0.77045454545454550       -1.3728543899791722E-003   0.0000000000000000     
  0.77159090909090911       -1.4088935779305724E-003   0.0000000000000000     
  0.77272727272727271       -1.4373244467367509E-003   0.0000000000000000     
  0.77386363636363642       -1.4578633887388692E-003   0.0000000000000000     
  0.77500000000000002       -1.4703055209523063E-003   0.0000000000000000     
  0.77613636363636362       -1.4745267288446503E-003   0.0000000000000000     
  0.77727272727272734       -1.4704849044206785E-003   0.0000000000000000     
  0.77840909090909094       -1.4582203662640463E-003   0.0000000000000000     
  0.77954545454545454       -1.4378554573455957E-003   0.0000000000000000     
  0.78068181818181825       -1.4095933246102933E-003   0.0000000000000000     
  0.78181818181818186       -1.3737158925168568E-003   0.0000000000000000     
  0.78238636363636371       -1.3530298540503163E-003   0.0000000000000000     
  0.78295454545454546       -1.3305788499775601E-003   0.0000000000000000     
  0.78352272727272732       -1.3064189393143127E-003   0.0000000000000000     
  0.78409090909090917       -1.2806104481291841E-003   0.0000000000000000     
  0.78465909090909092       -1.2532178189125329E-003   0.0000000000000000     
  0.78522727272727277       -1.2243094496668266E-003   0.0000000000000000     
  0.78579545454545463       -1.1939575231203398E-003   0.0000000000000000     
  0.78636363636363638       -1.1622378264905353E-003   0.0000000000000000     
  0.78693181818181823       -1.1292295622472154E-003   0.0000000000000000     
  0.78750000000000009       -1.0950151503480215E-003   0.0000000000000000     
  0.78863636363636369       -1.0233136959661420E-003   0.0000000000000000     
  0.78977272727272729       -9.4785021388954309E-004   0.0000000000000000     
  0.79090909090909101       -8.6937747821124616E-004   0.0000000000000000     
  0.79318181818181821       -7.0656468006284829E-004   0.0000000000000000     
  0.79545454545454553       -5.4135444864494798E-004   0.0000000000000000     
  0.79772727272727284       -3.8030618251943545E-004   0.0000000000000000     
  0.80000000000000004       -2.2981403631070814E-004   0.0000000000000000     
  0.80227272727272725       -8.3025277936871935E-005   0.0000000000000000     
  0.80454545454545456        6.7059861563158662E-005   0.0000000000000000     
  0.80681818181818188        2.1448250034684585E-004   0.0000000000000000     
  0.80909090909090908        3.5338946675206832E-004   0.0000000000000000     
  0.81022727272727280        4.1790158956013621E-004   0.0000000000000000     
  0.81136363636363640        4.7824500080864398E-004   0.0000000000000000     
  0.81250000000000000        5.3381775429232230E-004   0.0000000000000000     
  0.81363636363636371        5.8406549275188046E-004   0.0000000000000000     
  0.81420454545454546        6.0703315573255390E-004   0.0000000000000000     
  0.81477272727272732        6.2848508778569410E-004   0.0000000000000000     
  0.81534090909090917        6.4836772452760226E-004   0.0000000000000000     
  0.81590909090909092        6.6663142002518954E-004   0.0000000000000000     
  0.81647727272727277        6.8323057075935368E-004   0.0000000000000000     
  0.81704545454545463        6.9812372949463032E-004   0.0000000000000000     
  0.81761363636363638        7.1127370877084118E-004   0.0000000000000000     
  0.81818181818181823        7.2264767375830065E-004   0.0000000000000000     
  0.81875000000000009        7.3221722424469862E-004   0.0000000000000000     
  0.81931818181818183        7.3995846554899712E-004   0.0000000000000000     
  0.81988636363636369        7.4585206818523716E-004   0.0000000000000000     
  0.82045454545454555        7.4988331612727216E-004   0.0000000000000000     
  0.82102272727272729        7.5204214355394420E-004   0.0000000000000000     
  0.82159090909090915        7.5232315998292746E-004   0.0000000000000000     
  0.82215909090909101        7.5072566373048512E-004   0.0000000000000000     
  0.82272727272727275        7.4725364366354230E-004   0.0000000000000000     
  0.82329545454545461        7.4191576923968204E-004   0.0000000000000000     
  0.82386363636363646        7.3472536885995797E-004   0.0000000000000000     
  0.82443181818181821        7.2570039658855043E-004   0.0000000000000000     
  0.82500000000000007        7.1486338732237701E-004   0.0000000000000000     
  0.82556818181818192        7.0224140052260991E-004   0.0000000000000000     
  0.82613636363636367        6.8786595264857338E-004   0.0000000000000000     
  0.82670454545454553        6.7177293846273759E-004   0.0000000000000000     
  0.82727272727272738        6.5400254140333806E-004   0.0000000000000000     
  0.82784090909090913        6.3459913324836678E-004   0.0000000000000000     
  0.82840909090909098        6.1361116332148580E-004   0.0000000000000000     
  0.82897727272727284        5.9109103751655114E-004   0.0000000000000000     
  0.82954545454545459        5.6709498744275156E-004   0.0000000000000000     
  0.83068181818181830        5.1492000437970177E-004   0.0000000000000000     
  0.83181818181818190        4.5760851782366375E-004   0.0000000000000000     
  0.83295454545454550        3.9573222949214175E-004   0.0000000000000000     
  0.83409090909090922        3.2990837656458438E-004   0.0000000000000000     
  0.83522727272727282        2.6079357453002950E-004   0.0000000000000000     
  0.83636363636363642        1.8907726722255878E-004   0.0000000000000000     
  0.84090909090909094       -1.0921026642183203E-004   0.0000000000000000     
  0.84318181818181825       -2.5481076726747721E-004   0.0000000000000000     
  0.84545454545454546       -3.9029442870176833E-004   0.0000000000000000     
  0.84659090909090917       -4.5253415240164359E-004   0.0000000000000000     
  0.84772727272727277       -5.1025969285996243E-004   0.0000000000000000     
  0.84886363636363638       -5.6289521802966160E-004   0.0000000000000000     
  0.84943181818181823       -5.8713755656040415E-004   0.0000000000000000     
  0.85000000000000009       -6.0991384246322430E-004   0.0000000000000000     
  0.85056818181818183       -6.3116720451019369E-004   0.0000000000000000     
  0.85113636363636369       -6.5084457413683674E-004   0.0000000000000000     
  0.85170454545454555       -6.6889681795161344E-004   0.0000000000000000     
  0.85227272727272729       -6.8527886041951460E-004   0.0000000000000000     
  0.85284090909090915       -6.9994979641338679E-004   0.0000000000000000     
  0.85340909090909101       -7.1287299335193969E-004   0.0000000000000000     
  0.85397727272727275       -7.2401618266944702E-004   0.0000000000000000     
  0.85454545454545461       -7.3335154038872057E-004   0.0000000000000000     
  0.85511363636363646       -7.4085575659615466E-004   0.0000000000000000     
  0.85568181818181821       -7.4651009364540191E-004   0.0000000000000000     
  0.85625000000000007       -7.5030043294432652E-004   0.0000000000000000     
  0.85681818181818192       -7.5221731020840292E-004   0.0000000000000000     
  0.85738636363636367       -7.5225593909255975E-004   0.0000000000000000     
  0.85795454545454553       -7.5041622314243677E-004   0.0000000000000000     
  0.85852272727272738       -7.4670275603522826E-004   0.0000000000000000     
  0.85909090909090913       -7.4112481010950445E-004   0.0000000000000000     
  0.85965909090909098       -7.3369631321265030E-004   0.0000000000000000     
  0.86022727272727284       -7.2443581392374378E-004   0.0000000000000000     
  0.86079545454545459       -7.1336643523869654E-004   0.0000000000000000     
  0.86136363636363644       -7.0051581683329932E-004   0.0000000000000000     
  0.86193181818181830       -6.8591604604837113E-004   0.0000000000000000     
  0.86250000000000004       -6.6960357776929460E-004   0.0000000000000000     
  0.86306818181818190       -6.5161914340001017E-004   0.0000000000000000     
  0.86363636363636376       -6.3200764915878919E-004   0.0000000000000000     
  0.86477272727272736       -5.8810519886584849E-004   0.0000000000000000     
  0.86590909090909096       -5.3833619768630758E-004   0.0000000000000000     
  0.86704545454545467       -4.8319710846143188E-004   0.0000000000000000     
  0.86818181818181828       -4.2323796250094030E-004   0.0000000000000000     
  0.86931818181818188       -3.5905687283217851E-004   0.0000000000000000     
  0.87045454545454559       -2.9129406781772750E-004   0.0000000000000000     
  0.87159090909090919       -2.2062550465811937E-004   0.0000000000000000     
  0.87272727272727280       -1.4775612648709031E-004   0.0000000000000000     
  0.87727272727272732        1.5100983404627510E-004   0.0000000000000000     
  0.87840909090909092        2.2379807009765057E-004   0.0000000000000000     
  0.87954545454545463        2.9435384371019933E-004   0.0000000000000000     
  0.88068181818181823        3.6197333686454675E-004   0.0000000000000000     
  0.88181818181818183        4.2598202194509471E-004   0.0000000000000000     
  0.88295454545454544        4.8574139038410117E-004   0.0000000000000000     
  0.88409090909090904        5.4065532200345072E-004   0.0000000000000000     
  0.88522727272727275        5.9017603151771019E-004   0.0000000000000000     
  0.88579545454545450        6.1275683963020976E-004   0.0000000000000000     
  0.88636363636363635        6.3380762506748292E-004   0.0000000000000000     
  0.88693181818181821        6.5327582508853616E-004   0.0000000000000000     
  0.88749999999999996        6.7111282858770124E-004   0.0000000000000000     
  0.88806818181818181        6.8727409747410342E-004   0.0000000000000000     
  0.88863636363636367        7.0171927788098901E-004   0.0000000000000000     
  0.88920454545454541        7.1441230092729067E-004   0.0000000000000000     
  0.88977272727272727        7.2532147277979612E-004   0.0000000000000000     
  0.89034090909090913        7.3441955379102242E-004   0.0000000000000000     
  0.89090909090909087        7.4168382651524170E-004   0.0000000000000000     
  0.89147727272727273        7.4709615243278898E-004   0.0000000000000000     
  0.89204545454545459        7.5064301724101585E-004   0.0000000000000000     
  0.89261363636363633        7.5231556459882313E-004   0.0000000000000000     
  0.89318181818181819        7.5210961824049357E-004   0.0000000000000000     
  0.89375000000000004        7.5002569240361250E-004   0.0000000000000000     
  0.89431818181818179        7.4606899054504661E-004   0.0000000000000000     
  0.89488636363636365        7.4024939234817121E-004   0.0000000000000000     
  0.89545454545454550        7.3258142905380892E-004   0.0000000000000000     
  0.89602272727272725        7.2308424717645913E-004   0.0000000000000000     
  0.89659090909090911        7.1178156069641690E-004   0.0000000000000000     
  0.89715909090909096        6.9870159184718208E-004   0.0000000000000000     
  0.89772727272727271        6.8387700064597215E-004   0.0000000000000000     
  0.89829545454545456        6.6734480334330979E-004   0.0000000000000000     
  0.89886363636363642        6.4914627999534534E-004   0.0000000000000000     
  0.89943181818181817        6.2932687138964657E-004   0.0000000000000000     
  0.90000000000000002        6.0793606558185050E-004   0.0000000000000000     
  0.90113636363636362        5.6065952118756058E-004   0.0000000000000000     
  0.90227272727272734        5.0779020594640494E-004   0.0000000000000000     
  0.90340909090909094        4.4985550939482470E-004   0.0000000000000000     
  0.90454545454545454        3.8743334998358651E-004   0.0000000000000000     
  0.90568181818181825        3.2114641014321460E-004   0.0000000000000000     
  0.90681818181818186        2.5165592481338997E-004   0.0000000000000000     
  0.90909090909090917        1.0587101909201848E-004   0.0000000000000000     
  0.91363636363636369       -1.9238814954567797E-004   0.0000000000000000     
  0.91477272727272729       -2.6401462079300172E-004   0.0000000000000000     
  0.91590909090909101       -3.3300745572717683E-004   0.0000000000000000     
  0.91704545454545461       -3.9867842717772301E-004   0.0000000000000000     
  0.91818181818181821       -4.6037244470074359E-004   0.0000000000000000     
  0.91931818181818181       -5.1747408933055757E-004   0.0000000000000000     
  0.92045454545454541       -5.6941375259477692E-004   0.0000000000000000     
  0.92102272727272727       -5.9328331111573181E-004   0.0000000000000000     
  0.92159090909090913       -6.1567147137209742E-004   0.0000000000000000     
  0.92215909090909087       -6.3652233126595178E-004   0.0000000000000000     
  0.92272727272727273       -6.5578382726023227E-004   0.0000000000000000     
  0.92329545454545459       -6.7340786437871509E-004   0.0000000000000000     
  0.92386363636363633       -6.8935043629674096E-004   0.0000000000000000     
  0.92443181818181819       -7.0357173522277681E-004   0.0000000000000000     
  0.92500000000000004       -7.1603625129643004E-004   0.0000000000000000     
  0.92556818181818179       -7.2671286125477411E-004   0.0000000000000000     
  0.92613636363636365       -7.3557490614555932E-004   0.0000000000000000     
  0.92670454545454550       -7.4260025789324913E-004   0.0000000000000000     
  0.92727272727272725       -7.4777137455170610E-004   0.0000000000000000     
  0.92784090909090899       -7.5107534410554172E-004   0.0000000000000000     
  0.92840909090909085       -7.5250391671075783E-004   0.0000000000000000     
  0.92897727272727271       -7.5205352529418915E-004   0.0000000000000000     
  0.92954545454545445       -7.4972529446030512E-004   0.0000000000000000     
  0.93011363636363631       -7.4552503768312650E-004   0.0000000000000000     
  0.93068181818181817       -7.3946324279028006E-004   0.0000000000000000     
  0.93124999999999991       -7.3155504577542593E-004   0.0000000000000000     
  0.93181818181818177       -7.2182019300444367E-004   0.0000000000000000     
  0.93238636363636362       -7.1028299190977254E-004   0.0000000000000000     
  0.93295454545454537       -6.9697225029598264E-004   0.0000000000000000     
  0.93352272727272723       -6.8192120440814378E-004   0.0000000000000000     
  0.93409090909090908       -6.6516743594262579E-004   0.0000000000000000     
  0.93465909090909083       -6.4675277820750853E-004   0.0000000000000000     
  0.93522727272727268       -6.2672321166692545E-004   0.0000000000000000     
  0.93579545454545454       -6.0512874913020332E-004   0.0000000000000000     
  0.93636363636363629       -5.8202331087241134E-004   0.0000000000000000     
  0.93750000000000000       -5.3151564404555309E-004   0.0000000000000000     
  0.93863636363636360       -4.7570592653315796E-004   0.0000000000000000     
  0.93977272727272720       -4.1515087939190400E-004   0.0000000000000000     
  0.94090909090909092       -3.5045455996761296E-004   0.0000000000000000     
  0.94204545454545452       -2.8226233621625197E-004   0.0000000000000000     
  0.94318181818181812       -2.1125444893738498E-004   0.0000000000000000     
  0.94545454545454544       -6.3652856055509933E-005   0.0000000000000000     
  0.94772727272727275        8.6475968032851891E-005   0.0000000000000000     
  0.94999999999999996        2.3317140706094805E-004   0.0000000000000000     
  0.95113636363636367        3.0339601386267814E-004   0.0000000000000000     
  0.95227272727272727        3.7059414146042640E-004   0.0000000000000000     
  0.95340909090909087        4.3409546550441215E-004   0.0000000000000000     
  0.95454545454545459        4.9326653852709793E-004   0.0000000000000000     
  0.95568181818181819        5.4751710879872748E-004   0.0000000000000000     
  0.95681818181818179        5.9630600829062893E-004   0.0000000000000000     
  0.95738636363636365        6.1849749520833221E-004   0.0000000000000000     
  0.95795454545454550        6.3914462532568741E-004   0.0000000000000000     
  0.95852272727272725        6.5819584380851458E-004   0.0000000000000000     
  0.95909090909090911        6.7560358073285697E-004   0.0000000000000000     
  0.95965909090909096        6.9132436986464162E-004   0.0000000000000000     
  0.96022727272727271        7.0531895719266901E-004   0.0000000000000000     
  0.96079545454545456        7.1755239894388866E-004   0.0000000000000000     
  0.96136363636363642        7.2799414883620815E-004   0.0000000000000000     
  0.96193181818181817        7.3661813435101683E-004   0.0000000000000000     
  0.96250000000000002        7.4340282183494146E-004   0.0000000000000000     
  0.96306818181818188        7.4833127026827529E-004   0.0000000000000000     
  0.96363636363636362        7.5139117356584802E-004   0.0000000000000000     
  0.96420454545454537        7.5257489130469617E-004   0.0000000000000000     
  0.96477272727272723        7.5187946780180717E-004   0.0000000000000000     
  0.96534090909090908        7.4930663949431128E-004   0.0000000000000000     
  0.96590909090909083        7.4486283060368706E-004   0.0000000000000000     
  0.96647727272727268        7.3855913709480454E-004   0.0000000000000000     
  0.96704545454545454        7.3041129896986800E-004   0.0000000000000000     
  0.96761363636363629        7.2043966096643135E-004   0.0000000000000000     
  0.96818181818181814        7.0866912175761472E-004   0.0000000000000000     
  0.96875000000000000        6.9512907178139534E-004   0.0000000000000000     
  0.96931818181818175        6.7985331985417376E-004   0.0000000000000000     
  0.96988636363636360        6.6288000875186796E-004   0.0000000000000000     
  0.97045454545454546        6.4425151996935878E-004   0.0000000000000000     
  0.97102272727272720        6.2401436789604457E-004   0.0000000000000000     
  0.97159090909090906        6.0221908367176253E-004   0.0000000000000000     
  0.97215909090909092        5.7892008901312480E-004   0.0000000000000000     
  0.97272727272727266        5.5417556032524894E-004   0.0000000000000000     
  0.97386363636363638        5.0060214340119028E-004   0.0000000000000000     
  0.97499999999999998        4.4203504855375202E-004   0.0000000000000000     
  0.97613636363636358        3.7905850262340832E-004   0.0000000000000000     
  0.97727272727272729        3.1230071823618456E-004   0.0000000000000000     
  0.97954545454545450        1.7014823926204514E-004   0.0000000000000000     
  0.98181818181818181        2.1240306304548399E-005   0.0000000000000000     
  0.98409090909090913       -1.2851093782945513E-004   0.0000000000000000     
  0.98636363636363633       -2.7315986805982647E-004   0.0000000000000000     
  0.98750000000000004       -3.4175776890389985E-004   0.0000000000000000     
  0.98863636363636365       -4.0694651889190838E-004   0.0000000000000000     
  0.98977272727272725       -4.6807583790428852E-004   0.0000000000000000     
  0.99090909090909096       -5.2453594003651534E-004   0.0000000000000000     
  0.99204545454545456       -5.7576361642244279E-004   0.0000000000000000     
  0.99261363636363642       -5.9925295412477841E-004   0.0000000000000000     
  0.99318181818181817       -6.2124598766743122E-004   0.0000000000000000     
  0.99375000000000002       -6.4168780156380724E-004   0.0000000000000000     
  0.99431818181818188       -6.6052735364389016E-004   0.0000000000000000     
  0.99488636363636362       -6.7771760250395926E-004   0.0000000000000000     
  0.99545454545454548       -6.9321562496659135E-004   0.0000000000000000     
  0.99602272727272734       -7.0698272325763281E-004   0.0000000000000000     
  0.99659090909090908       -7.1898452163258520E-004   0.0000000000000000     
  0.99715909090909094       -7.2919105221109712E-004   0.0000000000000000     
  0.99772727272727280       -7.3757682980522452E-004   0.0000000000000000     
  0.99829545454545454       -7.4412091555465761E-004   0.0000000000000000     
  0.99886363636363640       -7.4880696920999153E-004   0.0000000000000000     
  0.99943181818181825       -7.5162328993349267E-004   0.0000000000000000     
   1.0000000000000000       -7.5256284551549943E-004   0.0000000000000000     
