X My_beautiful_solution_real My_beautiful_solution_imag
   0.0000000000000000        0.0000000000000000        0.0000000000000000     
   2.2727272727272731E-003  -2.1194283079464984E-005   0.0000000000000000     
   4.5454545454545461E-003  -4.6678191638962019E-005   0.0000000000000000     
   6.8181818181818187E-003  -7.5439929304128083E-005   0.0000000000000000     
   9.0909090909090922E-003  -1.0633755892579892E-004   0.0000000000000000     
   1.3636363636363637E-002  -1.6960432535655023E-004   0.0000000000000000     
   1.5909090909090911E-002  -1.9946156000812392E-004   0.0000000000000000     
   1.7045454545454548E-002  -2.1341385337924040E-004   0.0000000000000000     
   1.8181818181818184E-002  -2.2652644584863468E-004   0.0000000000000000     
   1.9318181818181818E-002  -2.3866853481309001E-004   0.0000000000000000     
   2.0454545454545454E-002  -2.4971899877441708E-004   0.0000000000000000     
   2.1590909090909091E-002  -2.5956760556790321E-004   0.0000000000000000     
   2.2727272727272728E-002  -2.6811611196592958E-004   0.0000000000000000     
   2.3863636363636365E-002  -2.7527924368783133E-004   0.0000000000000000     
   2.5000000000000001E-002  -2.8098554604006915E-004   0.0000000000000000     
   2.6136363636363638E-002  -2.8517809670128215E-004   0.0000000000000000     
   2.7272727272727275E-002  -2.8781507354194979E-004   0.0000000000000000     
   2.8409090909090912E-002  -2.8887017181446515E-004   0.0000000000000000     
   2.9545454545454548E-002  -2.8833286655200596E-004   0.0000000000000000     
   3.0681818181818185E-002  -2.8620851755868518E-004   0.0000000000000000     
   3.1818181818181822E-002  -2.8251831594366895E-004   0.0000000000000000     
   3.4090909090909095E-002  -2.7061018178489574E-004   0.0000000000000000     
   3.6363636363636369E-002  -2.5308902801427353E-004   0.0000000000000000     
   3.8636363636363635E-002  -2.3065050301785653E-004   0.0000000000000000     
   4.0909090909090909E-002  -2.0418549126042092E-004   0.0000000000000000     
   4.3181818181818182E-002  -1.7474474219357196E-004   0.0000000000000000     
   4.5454545454545456E-002  -1.4349715198937139E-004   0.0000000000000000     
   4.7727272727272729E-002  -1.1168335445414370E-004   0.0000000000000000     
   5.0000000000000003E-002  -8.0566463718349256E-005   0.0000000000000000     
   5.1136363636363640E-002  -6.5658663938534089E-005   0.0000000000000000     
   5.2272727272727276E-002  -5.1385071903417163E-005   0.0000000000000000     
   5.3409090909090906E-002  -3.7888071584726909E-005   0.0000000000000000     
   5.4545454545454543E-002  -2.5302300185702921E-005   0.0000000000000000     
   5.5681818181818180E-002  -1.3753305088857586E-005   0.0000000000000000     
   5.6818181818181823E-002  -3.3562914778134450E-006   0.0000000000000000     
   5.7954545454545460E-002   5.7850268738808847E-006   0.0000000000000000     
   5.9090909090909097E-002   1.3579462183182129E-005   0.0000000000000000     
   6.0227272727272733E-002   1.9949262286935635E-005   0.0000000000000000     
   6.1363636363636370E-002   2.4830886246346409E-005   0.0000000000000000     
   6.2500000000000000E-002   2.8175638189617421E-005   0.0000000000000000     
   6.3636363636363644E-002   2.9950153069957608E-005   0.0000000000000000     
   6.4772727272727287E-002   3.0136729493356761E-005   0.0000000000000000     
   6.5909090909090917E-002   2.8733506296056760E-005   0.0000000000000000     
   6.7045454545454547E-002   2.5754481110297713E-005   0.0000000000000000     
   6.8181818181818191E-002   2.1229370733139713E-005   0.0000000000000000     
   7.0454545454545464E-002   7.7435756979149194E-006   0.0000000000000000     
   7.2727272727272738E-002  -1.1180774563515838E-005   0.0000000000000000     
   7.5000000000000011E-002  -3.4792320072874985E-005   0.0000000000000000     
   7.7272727272727285E-002  -6.2153603529069914E-005   0.0000000000000000     
   7.9545454545454558E-002  -9.2178290497401834E-005   0.0000000000000000     
   8.1818181818181832E-002  -1.2367430051874422E-004   0.0000000000000000     
   8.4090909090909105E-002  -1.5539113668944931E-004   0.0000000000000000     
   8.6363636363636379E-002  -1.8606953456941504E-004   0.0000000000000000     
   8.7500000000000022E-002  -2.0063484246513586E-004   0.0000000000000000     
   8.8636363636363652E-002  -2.1448792447202763E-004   0.0000000000000000     
   8.9772727272727282E-002  -2.2749059134999122E-004   0.0000000000000000     
   9.0909090909090925E-002  -2.3951313704125314E-004   0.0000000000000000     
   9.2045454545454569E-002  -2.5043563253273829E-004   0.0000000000000000     
   9.3181818181818199E-002  -2.6014912218907190E-004   0.0000000000000000     
   9.4318181818181829E-002  -2.6855671062237939E-004   0.0000000000000000     
   9.5454545454545459E-002  -2.7557452925698286E-004   0.0000000000000000     
   9.6590909090909088E-002  -2.8113257294718358E-004   0.0000000000000000     
   9.7727272727272732E-002  -2.8517539830257889E-004   0.0000000000000000     
   9.8863636363636376E-002  -2.8766267675488065E-004   0.0000000000000000     
  0.10000000000000001       -2.8856959684920344E-004   0.0000000000000000     
  0.10113636363636364       -2.8788711174682915E-004   0.0000000000000000     
  0.10227272727272728       -2.8562202947052311E-004   0.0000000000000000     
  0.10454545454545455       -2.7645756763539488E-004   0.0000000000000000     
  0.10909090909090909       -2.4129121373683057E-004   0.0000000000000000     
  0.11136363636363636       -2.1668554350063346E-004   0.0000000000000000     
  0.11363636363636365       -1.8860784208760183E-004   0.0000000000000000     
  0.11590909090909092       -1.5817288812063941E-004   0.0000000000000000     
  0.11818181818181819       -1.2658905103043151E-004   0.0000000000000000     
  0.12045454545454547       -9.5110314748906533E-005   0.0000000000000000     
  0.12272727272727274       -6.4986490354487501E-005   0.0000000000000000     
  0.12386363636363637       -5.0810823649339924E-005   0.0000000000000000     
  0.12500000000000000       -3.7417476983732830E-005   0.0000000000000000     
  0.12613636363636366       -2.4940053580196878E-005   0.0000000000000000     
  0.12727272727272729       -1.3503020012862025E-005   0.0000000000000000     
  0.12840909090909092       -3.2204646107274515E-006   0.0000000000000000     
  0.12954545454545457        5.8050406125141726E-006   0.0000000000000000     
  0.13068181818181820        1.3483463149461474E-005   0.0000000000000000     
  0.13181818181818183        1.9738208104118695E-005   0.0000000000000000     
  0.13295454545454546        2.4506882252229429E-005   0.0000000000000000     
  0.13409090909090909        2.7741916435069247E-005   0.0000000000000000     
  0.13522727272727275        2.9411040078104711E-005   0.0000000000000000     
  0.13636363636363638        2.9497603101032452E-005   0.0000000000000000     
  0.13750000000000001        2.8000742008035987E-005   0.0000000000000000     
  0.13863636363636367        2.4935388501452096E-005   0.0000000000000000     
  0.14090909090909093        1.4244261928017341E-005   0.0000000000000000     
  0.14545454545454548       -2.3479082383991810E-005   0.0000000000000000     
  0.14772727272727276       -4.9013557226706075E-005   0.0000000000000000     
  0.15000000000000002       -7.7733139353042976E-005   0.0000000000000000     
  0.15227272727272728       -1.0849756532967565E-004   0.0000000000000000     
  0.15454545454545457       -1.4008538458555711E-004   0.0000000000000000     
  0.15681818181818186       -1.7124245508346706E-004   0.0000000000000000     
  0.15795454545454549       -1.8627015081708131E-004   0.0000000000000000     
  0.15909090909090912       -2.0072891338345143E-004   0.0000000000000000     
  0.16022727272727275       -2.1447451167134685E-004   0.0000000000000000     
  0.16136363636363638       -2.2736982862759706E-004   0.0000000000000000     
  0.16250000000000003       -2.3928622904668387E-004   0.0000000000000000     
  0.16363636363636366       -2.5010484275099466E-004   0.0000000000000000     
  0.16477272727272729       -2.5971775036157980E-004   0.0000000000000000     
  0.16590909090909095       -2.6802905983093787E-004   0.0000000000000000     
  0.16704545454545458       -2.7495586299904816E-004   0.0000000000000000     
  0.16818181818181821       -2.8042906263067881E-004   0.0000000000000000     
  0.16931818181818184       -2.8439406168398544E-004   0.0000000000000000     
  0.17045454545454547       -2.8681130793471211E-004   0.0000000000000000     
  0.17159090909090913       -2.8765668852318233E-004   0.0000000000000000     
  0.17272727272727276       -2.8692177048833675E-004   0.0000000000000000     
  0.17386363636363639       -2.8461388488940965E-004   0.0000000000000000     
  0.17500000000000004       -2.8075605367610084E-004   0.0000000000000000     
  0.17727272727272730       -2.6856679996268499E-004   0.0000000000000000     
  0.17954545454545456       -2.5084565572773706E-004   0.0000000000000000     
  0.18181818181818185       -2.2829620964740611E-004   0.0000000000000000     
  0.18409090909090914       -2.0181375012436056E-004   0.0000000000000000     
  0.18636363636363640       -1.7244971934483649E-004   0.0000000000000000     
  0.18863636363636366       -1.4136996750838384E-004   0.0000000000000000     
  0.19090909090909092       -1.0980846467696564E-004   0.0000000000000000     
  0.19318181818181818       -7.9018308037762596E-005   0.0000000000000000     
  0.19431818181818183       -6.4297855202524951E-005   0.0000000000000000     
  0.19545454545454546       -5.0225184645440357E-005   0.0000000000000000     
  0.19659090909090909       -3.6940676077642995E-005   0.0000000000000000     
  0.19772727272727275       -2.4576847024341921E-005   0.0000000000000000     
  0.19886363636363638       -1.3257030917097745E-005   0.0000000000000000     
  0.20000000000000001       -3.0941468005780073E-006   0.0000000000000000     
  0.20113636363636364        5.8104270736066092E-006   0.0000000000000000     
  0.20227272727272727        1.3367864529701933E-005   0.0000000000000000     
  0.20340909090909093        1.9502777539351979E-005   0.0000000000000000     
  0.20454545454545456        2.4153968243014666E-005   0.0000000000000000     
  0.20568181818181819        2.7275039419582547E-005   0.0000000000000000     
  0.20681818181818185        2.8834857314561802E-005   0.0000000000000000     
  0.20795454545454548        2.8817862209942090E-005   0.0000000000000000     
  0.20909090909090911        2.7224223637715811E-005   0.0000000000000000     
  0.21022727272727273        2.4069838688738226E-005   0.0000000000000000     
  0.21136363636363636        1.9386173433798685E-005   0.0000000000000000     
  0.21363636363636365        5.6397282542900865E-006   0.0000000000000000     
  0.21590909090909094       -1.3461742373772782E-005   0.0000000000000000     
  0.21818181818181820       -3.7159846201361018E-005   0.0000000000000000     
  0.22045454545454546       -6.4513689272743832E-005   0.0000000000000000     
  0.22272727272727275       -9.4437232561376532E-005   0.0000000000000000     
  0.22727272727272729       -1.5718360524682391E-004   0.0000000000000000     
  0.22954545454545455       -1.8751519385773848E-004   0.0000000000000000     
  0.23068181818181821       -2.0188460081342404E-004   0.0000000000000000     
  0.23181818181818184       -2.1552931511249751E-004   0.0000000000000000     
  0.23295454545454547       -2.2831322605414741E-004   0.0000000000000000     
  0.23409090909090913       -2.4010880974602690E-004   0.0000000000000000     
  0.23522727272727276       -2.5079840119877808E-004   0.0000000000000000     
  0.23636363636363639       -2.6027536807462311E-004   0.0000000000000000     
  0.23750000000000002       -2.6844517438147245E-004   0.0000000000000000     
  0.23863636363636365       -2.7522632350184136E-004   0.0000000000000000     
  0.23977272727272730       -2.8055117114953593E-004   0.0000000000000000     
  0.24090909090909093       -2.8436660014458733E-004   0.0000000000000000     
  0.24204545454545456       -2.8663455027532473E-004   0.0000000000000000     
  0.24318181818181822       -2.8733239796202803E-004   0.0000000000000000     
  0.24431818181818185       -2.8645318193488869E-004   0.0000000000000000     
  0.24545454545454548       -2.8400567267506142E-004   0.0000000000000000     
  0.24772727272727274       -2.7452629868994526E-004   0.0000000000000000     
  0.25000000000000000       -2.5927842215845082E-004   0.0000000000000000     
  0.25227272727272732       -2.3886743475961603E-004   0.0000000000000000     
  0.25454545454545457       -2.1410372093659338E-004   0.0000000000000000     
  0.25909090909090915       -1.5562855060994069E-004   0.0000000000000000     
  0.26363636363636367       -9.3043510402356105E-005   0.0000000000000000     
  0.26590909090909093       -6.3285237856711244E-005   0.0000000000000000     
  0.26704545454545459       -4.9318714567147936E-005   0.0000000000000000     
  0.26818181818181819       -3.6149395616526500E-005   0.0000000000000000     
  0.26931818181818185       -2.3908649474151301E-005   0.0000000000000000     
  0.27045454545454550       -1.2718581777369344E-005   0.0000000000000000     
  0.27159090909090911       -2.6908172859932173E-006   0.0000000000000000     
  0.27272727272727276        6.0746136129300143E-006   0.0000000000000000     
  0.27386363636363642        1.3490272742504488E-005   0.0000000000000000     
  0.27500000000000002        1.9482186361764495E-005   0.0000000000000000     
  0.27613636363636368        2.3990583079090055E-005   0.0000000000000000     
  0.27727272727272734        2.6970490092318597E-005   0.0000000000000000     
  0.27840909090909094        2.8392181807858761E-005   0.0000000000000000     
  0.27954545454545460        2.8241476363672456E-005   0.0000000000000000     
  0.28068181818181825        2.6519877098208053E-005   0.0000000000000000     
  0.28181818181818186        2.3244557554084770E-005   0.0000000000000000     
  0.28636363636363638       -4.3783296471866155E-006   0.0000000000000000     
  0.29090909090909095       -5.1444338597412089E-005   0.0000000000000000     
  0.29545454545454553       -1.1062425478172599E-004   0.0000000000000000     
  0.30000000000000004       -1.7270246144483194E-004   0.0000000000000000     
  0.30113636363636365       -1.8752506818443124E-004   0.0000000000000000     
  0.30227272727272730       -2.0176622352602121E-004   0.0000000000000000     
  0.30340909090909096       -2.1528386706500587E-004   0.0000000000000000     
  0.30454545454545456       -2.2794315567494858E-004   0.0000000000000000     
  0.30568181818181817       -2.3961780861396639E-004   0.0000000000000000     
  0.30681818181818182       -2.5019136721840193E-004   0.0000000000000000     
  0.30795454545454548       -2.5955835661789988E-004   0.0000000000000000     
  0.30909090909090908       -2.6762533788338323E-004   0.0000000000000000     
  0.31022727272727274       -2.7431184011239096E-004   0.0000000000000000     
  0.31136363636363640       -2.7955116315390278E-004   0.0000000000000000     
  0.31250000000000000       -2.8329104296520390E-004   0.0000000000000000     
  0.31363636363636366       -2.8549417296362006E-004   0.0000000000000000     
  0.31477272727272732       -2.8613857617246316E-004   0.0000000000000000     
  0.31590909090909092       -2.8521782444890546E-004   0.0000000000000000     
  0.31704545454545457       -2.8274110260690630E-004   0.0000000000000000     
  0.31818181818181823       -2.7873311679554570E-004   0.0000000000000000     
  0.32272727272727275       -2.4854127899544710E-004   0.0000000000000000     
  0.32727272727272733       -1.9977101252458994E-004   0.0000000000000000     
  0.33181818181818190       -1.4001692234066445E-004   0.0000000000000000     
  0.33636363636363642       -7.8584036740456711E-005   0.0000000000000000     
  0.33750000000000002       -6.4105988341661927E-005   0.0000000000000000     
  0.33863636363636368       -5.0277636158703894E-005   0.0000000000000000     
  0.33977272727272734       -3.7236922743214602E-005   0.0000000000000000     
  0.34090909090909094       -2.5113933680217595E-005   0.0000000000000000     
  0.34204545454545460       -1.4029599939839046E-005   0.0000000000000000     
  0.34318181818181825       -4.0944915494444129E-006   0.0000000000000000     
  0.34431818181818186        4.5922853802759650E-006   0.0000000000000000     
  0.34545454545454551        1.1944077272722967E-005   0.0000000000000000     
  0.34659090909090917        1.7887547484506647E-005   0.0000000000000000     
  0.34772727272727277        2.2363407863596076E-005   0.0000000000000000     
  0.34886363636363643        2.5327010168952713E-005   0.0000000000000000     
  0.35000000000000009        2.6748791452033155E-005   0.0000000000000000     
  0.35113636363636369        2.6614568957332331E-005   0.0000000000000000     
  0.35227272727272735        2.4925681600229311E-005   0.0000000000000000     
  0.35340909090909101        2.1698976610847684E-005   0.0000000000000000     
  0.35454545454545461        1.6966641477162238E-005   0.0000000000000000     
  0.35909090909090913       -1.5731496038353881E-005   0.0000000000000000     
  0.36363636363636370       -6.6104817171681060E-005   0.0000000000000000     
  0.36590909090909096       -9.5551265735621571E-005   0.0000000000000000     
  0.36818181818181828       -1.2633511895819203E-004   0.0000000000000000     
  0.37045454545454554       -1.5723415494172562E-004   0.0000000000000000     
  0.37272727272727280       -1.8702157864783789E-004   0.0000000000000000     
  0.37386363636363640       -2.0112493206457383E-004   0.0000000000000000     
  0.37500000000000006       -2.1451117078078651E-004   0.0000000000000000     
  0.37613636363636371       -2.2704676247817528E-004   0.0000000000000000     
  0.37727272727272732       -2.3860666033394634E-004   0.0000000000000000     
  0.37840909090909097       -2.4907555040572173E-004   0.0000000000000000     
  0.37954545454545463       -2.5834900192762657E-004   0.0000000000000000     
  0.38068181818181823       -2.6633450904296578E-004   0.0000000000000000     
  0.38181818181818189       -2.7295241358184496E-004   0.0000000000000000     
  0.38295454545454555       -2.7813669967870967E-004   0.0000000000000000     
  0.38409090909090915       -2.8183565230322741E-004   0.0000000000000000     
  0.38522727272727281       -2.8401237313543687E-004   0.0000000000000000     
  0.38636363636363646       -2.8464514863913261E-004   0.0000000000000000     
  0.38750000000000007       -2.8372766666183013E-004   0.0000000000000000     
  0.38863636363636372       -2.8126907940064926E-004   0.0000000000000000     
  0.39090909090909098       -2.7184914829827259E-004   0.0000000000000000     
  0.39545454545454550       -2.3672002572841056E-004   0.0000000000000000     
  0.39772727272727276       -2.1240557787993312E-004   0.0000000000000000     
  0.40000000000000002       -1.8478902779967753E-004   0.0000000000000000     
  0.40113636363636362       -1.6943605622704171E-004   0.0000000000000000     
  0.40227272727272728       -1.5239290193233820E-004   0.0000000000000000     
  0.40340909090909094       -1.3382957621989013E-004   0.0000000000000000     
  0.40454545454545454       -1.1393125462483523E-004   0.0000000000000000     
  0.40568181818181820       -9.2896429723704537E-005   0.0000000000000000     
  0.40681818181818186       -7.0934931102959337E-005   0.0000000000000000     
  0.40909090909090912       -2.5117654642231266E-005   0.0000000000000000     
  0.41136363636363638        2.1696876687787284E-005   0.0000000000000000     
  0.41363636363636369        6.7649969470558549E-005   0.0000000000000000     
  0.41477272727272729        8.9728867882839399E-005   0.0000000000000000     
  0.41590909090909095        1.1091269009030818E-004   0.0000000000000000     
  0.41704545454545461        1.3099012020731531E-004   0.0000000000000000     
  0.41818181818181821        1.4976087898844470E-004   0.0000000000000000     
  0.41931818181818181        1.6703772168261900E-004   0.0000000000000000     
  0.42045454545454547        1.8264830586365289E-004   0.0000000000000000     
  0.42159090909090913        1.9643691060501004E-004   0.0000000000000000     
  0.42272727272727273        2.0826598984940921E-004   0.0000000000000000     
  0.42386363636363633        2.1801754447787916E-004   0.0000000000000000     
  0.42499999999999999        2.2559429939140459E-004   0.0000000000000000     
  0.42613636363636365        2.3092067386337129E-004   0.0000000000000000     
  0.42727272727272725        2.3394353548321535E-004   0.0000000000000000     
  0.42954545454545451        2.3299299888912588E-004   0.0000000000000000     
  0.43181818181818177        2.2279186123525007E-004   0.0000000000000000     
  0.43409090909090908        2.0374514179359078E-004   0.0000000000000000     
  0.43636363636363634        1.7660905900801862E-004   0.0000000000000000     
  0.43750000000000000        1.6033074085987831E-004   0.0000000000000000     
  0.43863636363636360        1.4245306863060715E-004   0.0000000000000000     
  0.43977272727272726        1.2315437822689042E-004   0.0000000000000000     
  0.44090909090909092        1.0262718069865059E-004   0.0000000000000000     
  0.44318181818181818        5.8720553582554126E-005   0.0000000000000000     
  0.44545454545454544        1.2482524159126889E-005   0.0000000000000000     
  0.44772727272727275       -3.4251103208298788E-005   0.0000000000000000     
  0.44886363636363635       -5.7221963141690039E-005   0.0000000000000000     
  0.45000000000000001       -7.9622014384308500E-005   0.0000000000000000     
  0.45113636363636367       -1.0122780874910992E-004   0.0000000000000000     
  0.45227272727272727       -1.2182382103357678E-004   0.0000000000000000     
  0.45340909090909093       -1.4120459895747129E-004   0.0000000000000000     
  0.45454545454545459       -1.5917681261972766E-004   0.0000000000000000     
  0.45568181818181819       -1.7556118303046743E-004   0.0000000000000000     
  0.45681818181818185       -1.9019427048035974E-004   0.0000000000000000     
  0.45795454545454550       -2.0293010490772363E-004   0.0000000000000000     
  0.45909090909090911       -2.1364164199991602E-004   0.0000000000000000     
  0.46022727272727276       -2.2222203050388620E-004   0.0000000000000000     
  0.46136363636363642       -2.2858567810403701E-004   0.0000000000000000     
  0.46363636363636368       -2.3444309701607647E-004   0.0000000000000000     
  0.46590909090909094       -2.3099234112433764E-004   0.0000000000000000     
  0.46818181818181825       -2.1837041697520297E-004   0.0000000000000000     
  0.47045454545454551       -1.9707845715835262E-004   0.0000000000000000     
  0.47272727272727277       -1.6796182366743336E-004   0.0000000000000000     
  0.47386363636363638       -1.5081767970217614E-004   0.0000000000000000     
  0.47500000000000003       -1.3216907770070602E-004   0.0000000000000000     
  0.47613636363636369       -1.1220204385836530E-004   0.0000000000000000     
  0.47727272727272729       -9.1115756179900595E-005   0.0000000000000000     
  0.47954545454545461       -4.6439279731494404E-005   0.0000000000000000     
  0.48181818181818187        8.0991390347674135E-008   0.0000000000000000     
  0.48409090909090913        4.6598046883201087E-005   0.0000000000000000     
  0.48522727272727278        6.9275333293455758E-005   0.0000000000000000     
  0.48636363636363644        9.1261574515305358E-005   0.0000000000000000     
  0.48750000000000004        1.1233745025846436E-004   0.0000000000000000     
  0.48863636363636370        1.3229272144025817E-004   0.0000000000000000     
  0.48977272727272736        1.5092832739250998E-004   0.0000000000000000     
  0.49090909090909096        1.6805837155992184E-004   0.0000000000000000     
  0.49204545454545456        1.8351197588191691E-004   0.0000000000000000     
  0.49318181818181822        1.9713498535984736E-004   0.0000000000000000     
  0.49431818181818188        2.0879150580592923E-004   0.0000000000000000     
  0.49545454545454548        2.1836525943433481E-004   0.0000000000000000     
  0.49659090909090908        2.2576074477195223E-004   0.0000000000000000     
  0.49772727272727274        2.3090418931830402E-004   0.0000000000000000     
  0.50000000000000000        2.3426427417268069E-004   0.0000000000000000     
  0.50227272727272720        2.2832328408805002E-004   0.0000000000000000     
  0.50454545454545452        2.1331709623426221E-004   0.0000000000000000     
  0.50681818181818183        1.8984150644177350E-004   0.0000000000000000     
  0.50909090909090904        1.5882857411515531E-004   0.0000000000000000     
  0.51022727272727264        1.4086821261538037E-004   0.0000000000000000     
  0.51136363636363624        1.2150264242300035E-004   0.0000000000000000     
  0.51249999999999996        1.0092504173674485E-004   0.0000000000000000     
  0.51363636363636356        7.9340679174856379E-005   0.0000000000000000     
  0.51590909090909087        3.4023629214136248E-005   0.0000000000000000     
  0.51818181818181808       -1.2644272583189154E-005   0.0000000000000000     
  0.52045454545454539       -5.8810154483283947E-005   0.0000000000000000     
  0.52159090909090899       -8.1128248390816324E-005   0.0000000000000000     
  0.52272727272727271       -1.0263706022017273E-004   0.0000000000000000     
  0.52386363636363631       -1.2312203220285695E-004   0.0000000000000000     
  0.52499999999999991       -1.4237881972369208E-004   0.0000000000000000     
  0.52613636363636362       -1.6021532972837379E-004   0.0000000000000000     
  0.52727272727272723       -1.7645363691750723E-004   0.0000000000000000     
  0.52840909090909083       -1.9093175861244929E-004   0.0000000000000000     
  0.52954545454545454       -2.0350527058802921E-004   0.0000000000000000     
  0.53068181818181814       -2.1404874775368197E-004   0.0000000000000000     
  0.53181818181818175       -2.2245701531171412E-004   0.0000000000000000     
  0.53295454545454546       -2.2864619791194654E-004   0.0000000000000000     
  0.53409090909090906       -2.3255455633707338E-004   0.0000000000000000     
  0.53636363636363638       -2.3340758439467868E-004   0.0000000000000000     
  0.53863636363636358       -2.2499355096177535E-004   0.0000000000000000     
  0.54090909090909089       -2.0764652129767337E-004   0.0000000000000000     
  0.54318181818181821       -1.8205523047922067E-004   0.0000000000000000     
  0.54545454545454541       -1.4923573831549146E-004   0.0000000000000000     
  0.54659090909090902       -1.3051112937026687E-004   0.0000000000000000     
  0.54772727272727262       -1.1048462718690253E-004   0.0000000000000000     
  0.54886363636363633       -8.9356002987221666E-005   0.0000000000000000     
  0.54999999999999993       -6.7336022037834360E-005   0.0000000000000000     
  0.55227272727272725       -2.1509527947847319E-005   0.0000000000000000     
  0.55454545454545445        2.5170966318016332E-005   0.0000000000000000     
  0.55681818181818177        7.0852089062817307E-005   0.0000000000000000     
  0.55795454545454537        9.2746410847211418E-005   0.0000000000000000     
  0.55909090909090908        1.1371555540169362E-004   0.0000000000000000     
  0.56022727272727268        1.3355034832376414E-004   0.0000000000000000     
  0.56136363636363629        1.5205293075717472E-004   0.0000000000000000     
  0.56250000000000000        1.6903873310181378E-004   0.0000000000000000     
  0.56363636363636360        1.8433831615871041E-004   0.0000000000000000     
  0.56477272727272720        1.9779906134411609E-004   0.0000000000000000     
  0.56590909090909092        2.0928669311217021E-004   0.0000000000000000     
  0.56704545454545452        2.1868661839948030E-004   0.0000000000000000     
  0.56818181818181812        2.2590506973020375E-004   0.0000000000000000     
  0.56931818181818183        2.3087004057874695E-004   0.0000000000000000     
  0.57045454545454544        2.3353200365953191E-004   0.0000000000000000     
  0.57272727272727275        2.3187550659899402E-004   0.0000000000000000     
  0.57500000000000007        2.2101277665888375E-004   0.0000000000000000     
  0.57727272727272738        2.0137510053697854E-004   0.0000000000000000     
  0.57840909090909098        1.8849411088829934E-004   0.0000000000000000     
  0.57954545454545459        1.7373282789162194E-004   0.0000000000000000     
  0.58068181818181830        1.5723850040313310E-004   0.0000000000000000     
  0.58181818181818190        1.3917566499169835E-004   0.0000000000000000     
  0.58409090909090922        9.9084978486569549E-005   0.0000000000000000     
  0.58636363636363642        5.5060287048389234E-005   0.0000000000000000     
  0.58863636363636362        8.8495181222569288E-006   0.0000000000000000     
  0.59090909090909094       -3.7712606261383504E-005   0.0000000000000000     
  0.59204545454545454       -6.0545492483945400E-005   0.0000000000000000     
  0.59318181818181825       -8.2774416671662103E-005   0.0000000000000000     
  0.59431818181818186       -1.0417763768849931E-004   0.0000000000000000     
  0.59545454545454546       -1.2454165107050522E-004   0.0000000000000000     
  0.59659090909090906       -1.4366331880599187E-004   0.0000000000000000     
  0.59772727272727266       -1.6135189570681407E-004   0.0000000000000000     
  0.59886363636363638       -1.7743093215698554E-004   0.0000000000000000     
  0.59999999999999998       -1.9174003425805731E-004   0.0000000000000000     
  0.60113636363636358       -2.0413646381322640E-004   0.0000000000000000     
  0.60227272727272729       -2.1449656218975628E-004   0.0000000000000000     
  0.60340909090909089       -2.2271698385621056E-004   0.0000000000000000     
  0.60454545454545450       -2.2871572728954892E-004   0.0000000000000000     
  0.60568181818181821       -2.3243295296841528E-004   0.0000000000000000     
  0.60681818181818181       -2.3383158029286841E-004   0.0000000000000000     
  0.60795454545454541       -2.3289765747607527E-004   0.0000000000000000     
  0.60909090909090913       -2.2964050071816322E-004   0.0000000000000000     
  0.61022727272727273       -2.2409260127393365E-004   0.0000000000000000     
  0.61136363636363633       -2.1630930134145898E-004   0.0000000000000000     
  0.61250000000000004       -2.0636824200469345E-004   0.0000000000000000     
  0.61363636363636365       -1.9436858873705801E-004   0.0000000000000000     
  0.61590909090909096       -1.6470057666252634E-004   0.0000000000000000     
  0.61818181818181817       -1.2849340102391498E-004   0.0000000000000000     
  0.62045454545454537       -8.7184607751492426E-005   0.0000000000000000     
  0.62272727272727268       -4.2414294052667291E-005   0.0000000000000000     
  0.62500000000000000        4.0400089307475560E-006   0.0000000000000000     
  0.62727272727272720        5.0333910051981860E-005   0.0000000000000000     
  0.62840909090909092        7.2843162993163746E-005   0.0000000000000000     
  0.62954545454545452        9.4625780422084009E-005   0.0000000000000000     
  0.63068181818181812        1.1546447326557134E-004   0.0000000000000000     
  0.63181818181818183        1.3515136842165144E-004   0.0000000000000000     
  0.63295454545454544        1.5349008236496643E-004   0.0000000000000000     
  0.63409090909090904        1.7029768013974723E-004   0.0000000000000000     
  0.63522727272727275        1.8540650019867788E-004   0.0000000000000000     
  0.63636363636363635        1.9866582688427920E-004   0.0000000000000000     
  0.63749999999999996        2.0994339386924755E-004   0.0000000000000000     
  0.63863636363636367        2.1912670355838824E-004   0.0000000000000000     
  0.63977272727272727        2.2612414929067573E-004   0.0000000000000000     
  0.64090909090909087        2.3086592914709424E-004   0.0000000000000000     
  0.64204545454545459        2.3330474224869487E-004   0.0000000000000000     
  0.64318181818181819        2.3341626059907280E-004   0.0000000000000000     
  0.64431818181818179        2.3119937176446892E-004   0.0000000000000000     
  0.64545454545454550        2.2667618997067646E-004   0.0000000000000000     
  0.64659090909090911        2.1989183550606264E-004   0.0000000000000000     
  0.64772727272727271        2.1091398463122838E-004   0.0000000000000000     
  0.64886363636363642        1.9983219448511824E-004   0.0000000000000000     
  0.65000000000000002        1.8675700972187469E-004   0.0000000000000000     
  0.65227272727272734        1.5517526405718290E-004   0.0000000000000000     
  0.65340909090909094        1.3698374189096053E-004   0.0000000000000000     
  0.65454545454545454        1.1742575995871332E-004   0.0000000000000000     
  0.65681818181818175        7.5007278953311536E-005   0.0000000000000000     
  0.65909090909090906        2.9610758189265036E-005   0.0000000000000000     
  0.66136363636363638       -1.6961408677422774E-005   0.0000000000000000     
  0.66363636363636358       -6.2860150909741942E-005   0.0000000000000000     
  0.66477272727272729       -8.4983408627688851E-005   0.0000000000000000     
  0.66590909090909089       -1.0625892772303254E-004   0.0000000000000000     
  0.66704545454545450       -1.2647447760224807E-004   0.0000000000000000     
  0.66818181818181821       -1.4542840122796404E-004   0.0000000000000000     
  0.66931818181818181       -1.6293162671700794E-004   0.0000000000000000     
  0.67045454545454541       -1.7880955339724140E-004   0.0000000000000000     
  0.67159090909090913       -1.9290379350908992E-004   0.0000000000000000     
  0.67272727272727273       -2.0507375217771612E-004   0.0000000000000000     
  0.67386363636363633       -2.1519802989508277E-004   0.0000000000000000     
  0.67500000000000004       -2.2317563352164076E-004   0.0000000000000000     
  0.67613636363636365       -2.2892698372750227E-004   0.0000000000000000     
  0.67727272727272725       -2.3239470882353115E-004   0.0000000000000000     
  0.67840909090909096       -2.3354421706359765E-004   0.0000000000000000     
  0.67954545454545456       -2.3236404170910130E-004   0.0000000000000000     
  0.68068181818181817       -2.2886595541361790E-004   0.0000000000000000     
  0.68181818181818188       -2.2308485278664484E-004   0.0000000000000000     
  0.68295454545454548       -2.1507840230791639E-004   0.0000000000000000     
  0.68409090909090908       -2.0492647106455379E-004   0.0000000000000000     
  0.68522727272727280       -1.9273032804950339E-004   0.0000000000000000     
  0.68636363636363640       -1.7861163396863463E-004   0.0000000000000000     
  0.68863636363636371       -1.4519577635928928E-004   0.0000000000000000     
  0.68977272727272732       -1.2623194746118772E-004   0.0000000000000000     
  0.69090909090909092       -1.0600891163085054E-004   0.0000000000000000     
  0.69318181818181812       -6.2606889332938309E-005   0.0000000000000000     
  0.69545454545454544       -1.6719164204576203E-005   0.0000000000000000     
  0.69772727272727275        2.9832367642644458E-005   0.0000000000000000     
  0.69999999999999996        7.5199454750979070E-005   0.0000000000000000     
  0.70113636363636367        9.6870925870173904E-005   0.0000000000000000     
  0.70227272727272727        1.1757607630873772E-004   0.0000000000000000     
  0.70340909090909087        1.3710836509594701E-004   0.0000000000000000     
  0.70454545454545459        1.5527295095795835E-004   0.0000000000000000     
  0.70568181818181819        1.7188863592627727E-004   0.0000000000000000     
  0.70681818181818179        1.8678967284959595E-004   0.0000000000000000     
  0.70795454545454550        1.9982741877841889E-004   0.0000000000000000     
  0.70909090909090911        2.1087181772941704E-004   0.0000000000000000     
  0.70965909090909096        2.1561110721875963E-004   0.0000000000000000     
  0.71022727272727271        2.1981202673531505E-004   0.0000000000000000     
  0.71079545454545456        2.2346408679663204E-004   0.0000000000000000     
  0.71136363636363642        2.2655816839441204E-004   0.0000000000000000     
  0.71193181818181817        2.2908654576421177E-004   0.0000000000000000     
  0.71250000000000002        2.3104290567628588E-004   0.0000000000000000     
  0.71306818181818188        2.3242236319939702E-004   0.0000000000000000     
  0.71363636363636362        2.3322147389824338E-004   0.0000000000000000     
  0.71420454545454548        2.3343824243403789E-004   0.0000000000000000     
  0.71477272727272734        2.3307212754676725E-004   0.0000000000000000     
  0.71534090909090908        2.3212404340669160E-004   0.0000000000000000     
  0.71590909090909094        2.3059635733170650E-004   0.0000000000000000     
  0.71704545454545454        2.2581958671707194E-004   0.0000000000000000     
  0.71818181818181825        2.1879018834260471E-004   0.0000000000000000     
  0.72272727272727277        1.7006270712891295E-004   0.0000000000000000     
  0.72727272727272729        9.4852715727355860E-005   0.0000000000000000     
  0.73181818181818181        4.8720667665710199E-006   0.0000000000000000     
  0.73636363636363633       -8.5867270327314471E-005   0.0000000000000000     
  0.73750000000000004       -1.0697643847436954E-004   0.0000000000000000     
  0.73863636363636365       -1.2701847998967803E-004   0.0000000000000000     
  0.73977272727272725       -1.4579346864125554E-004   0.0000000000000000     
  0.74090909090909096       -1.6311411748361809E-004   0.0000000000000000     
  0.74204545454545456       -1.7880764710923684E-004   0.0000000000000000     
  0.74318181818181817       -1.9271750918234537E-004   0.0000000000000000     
  0.74431818181818188       -2.0470494806222809E-004   0.0000000000000000     
  0.74545454545454548       -2.1465038493828124E-004   0.0000000000000000     
  0.74602272727272734       -2.1882535504172401E-004   0.0000000000000000     
  0.74659090909090908       -2.2245392935898219E-004   0.0000000000000000     
  0.74715909090909094       -2.2552704752446808E-004   0.0000000000000000     
  0.74772727272727280       -2.2803703611836315E-004   0.0000000000000000     
  0.74829545454545454       -2.2997762782675892E-004   0.0000000000000000     
  0.74886363636363640       -2.3134397709082233E-004   0.0000000000000000     
  0.74943181818181825       -2.3213267220590768E-004   0.0000000000000000     
  0.75000000000000000       -2.3234174384041071E-004   0.0000000000000000     
  0.75056818181818186       -2.3197066995308966E-004   0.0000000000000000     
  0.75113636363636371       -2.3102037709657526E-004   0.0000000000000000     
  0.75170454545454546       -2.2949323810381647E-004   0.0000000000000000     
  0.75227272727272732       -2.2739306616323588E-004   0.0000000000000000     
  0.75340909090909092       -2.2149671694839758E-004   0.0000000000000000     
  0.75454545454545463       -2.1339086208100076E-004   0.0000000000000000     
  0.75681818181818183       -1.9090536171409054E-004   0.0000000000000000     
  0.75909090909090915       -1.6084028020177464E-004   0.0000000000000000     
  0.76136363636363646       -1.2438930180163436E-004   0.0000000000000000     
  0.76363636363636367       -8.2999652228720261E-005   0.0000000000000000     
  0.76477272727272727       -6.0959683498747736E-005   0.0000000000000000     
  0.76590909090909087       -3.8311621036623020E-005   0.0000000000000000     
  0.76818181818181819        7.9005275234746053E-006   0.0000000000000000     
  0.76931818181818179        3.1003631603891680E-005   0.0000000000000000     
  0.77045454545454550        5.3797463834947291E-005   0.0000000000000000     
  0.77159090909090911        7.6054647929295883E-005   0.0000000000000000     
  0.77272727272727271        9.7553160848657208E-005   0.0000000000000000     
  0.77386363636363642        1.1807854755969748E-004   0.0000000000000000     
  0.77500000000000002        1.3742606029646946E-004   0.0000000000000000     
  0.77613636363636362        1.5540270098955095E-004   0.0000000000000000     
  0.77727272727272734        1.7182914648791639E-004   0.0000000000000000     
  0.77840909090909094        1.8654153736881300E-004   0.0000000000000000     
  0.77954545454545454        1.9939311249166287E-004   0.0000000000000000     
  0.78068181818181825        2.1025567299072574E-004   0.0000000000000000     
  0.78181818181818186        2.1902086110271257E-004   0.0000000000000000     
  0.78238636363636371        2.2258860078365930E-004   0.0000000000000000     
  0.78295454545454546        2.2560054804513207E-004   0.0000000000000000     
  0.78352272727272732        2.2804918220795125E-004   0.0000000000000000     
  0.78409090909090917        2.2992838915710336E-004   0.0000000000000000     
  0.78465909090909092        2.3123347660837726E-004   0.0000000000000000     
  0.78522727272727277        2.3196118582476005E-004   0.0000000000000000     
  0.78579545454545463        2.3210969975333566E-004   0.0000000000000000     
  0.78636363636363638        2.3167864756237528E-004   0.0000000000000000     
  0.78693181818181823        2.3066910556728432E-004   0.0000000000000000     
  0.78750000000000009        2.2908359454309817E-004   0.0000000000000000     
  0.78863636363636369        2.2420263598138215E-004   0.0000000000000000     
  0.78977272727272729        2.1708517929750845E-004   0.0000000000000000     
  0.79090909090909101        2.0780222356085964E-004   0.0000000000000000     
  0.79318181818181821        1.8314062089147109E-004   0.0000000000000000     
  0.79545454545454553        1.5120772324847228E-004   0.0000000000000000     
  0.79772727272727284        1.1327137343481025E-004   0.0000000000000000     
  0.80000000000000004        7.0837771376939401E-005   0.0000000000000000     
  0.80227272727272725        2.5591672951809802E-005   0.0000000000000000     
  0.80454545454545456       -2.0670500454366279E-005   0.0000000000000000     
  0.80681818181818188       -6.6111985881413526E-005   0.0000000000000000     
  0.80909090909090908       -1.0892860442586956E-004   0.0000000000000000     
  0.81022727272727280       -1.2881379107452341E-004   0.0000000000000000     
  0.81136363636363640       -1.4741401601616792E-004   0.0000000000000000     
  0.81250000000000000       -1.6454373563321286E-004   0.0000000000000000     
  0.81363636363636371       -1.8003207510258309E-004   0.0000000000000000     
  0.81420454545454546       -1.8711161682860662E-004   0.0000000000000000     
  0.81477272727272732       -1.9372395036039956E-004   0.0000000000000000     
  0.81534090909090917       -1.9985256503731090E-004   0.0000000000000000     
  0.81590909090909092       -2.0548215802007781E-004   0.0000000000000000     
  0.81647727272727277       -2.1059867250124013E-004   0.0000000000000000     
  0.81704545454545463       -2.1518933280426713E-004   0.0000000000000000     
  0.81761363636363638       -2.1924267628377643E-004   0.0000000000000000     
  0.81818181818181823       -2.2274858194717834E-004   0.0000000000000000     
  0.81875000000000009       -2.2569829572627507E-004   0.0000000000000000     
  0.81931818181818183       -2.2808445233572704E-004   0.0000000000000000     
  0.81988636363636369       -2.2990109366379649E-004   0.0000000000000000     
  0.82045454545454555       -2.3114368364944712E-004   0.0000000000000000     
  0.82102272727272729       -2.3180911960865946E-004   0.0000000000000000     
  0.82159090909090915       -2.3189573998167509E-004   0.0000000000000000     
  0.82215909090909101       -2.3140332848182654E-004   0.0000000000000000     
  0.82272727272727275       -2.3033311463559419E-004   0.0000000000000000     
  0.82329545454545461       -2.2868777071254079E-004   0.0000000000000000     
  0.82386363636363646       -2.2647140505279082E-004   0.0000000000000000     
  0.82443181818181821       -2.2368955180871467E-004   0.0000000000000000     
  0.82500000000000007       -2.2034915712642873E-004   0.0000000000000000     
  0.82556818181818192       -2.1645856180162523E-004   0.0000000000000000     
  0.82613636363636367       -2.1202748045302851E-004   0.0000000000000000     
  0.82670454545454553       -2.0706697726548251E-004   0.0000000000000000     
  0.82727272727272738       -2.0158943836324914E-004   0.0000000000000000     
  0.82784090909090913       -1.9560854088248350E-004   0.0000000000000000     
  0.82840909090909098       -1.8913921882011652E-004   0.0000000000000000     
  0.82897727272727284       -1.8219762574443046E-004   0.0000000000000000     
  0.82954545454545459       -1.7480109446041766E-004   0.0000000000000000     
  0.83068181818181830       -1.5871870201325194E-004   0.0000000000000000     
  0.83181818181818190       -1.4105303612485385E-004   0.0000000000000000     
  0.83295454545454550       -1.2198031786600960E-004   0.0000000000000000     
  0.83409090909090922       -1.0169080413705929E-004   0.0000000000000000     
  0.83522727272727282       -8.0386889790126520E-005   0.0000000000000000     
  0.83636363636363642       -5.8281088671101379E-005   0.0000000000000000     
  0.84090909090909094        3.3662921590851109E-005   0.0000000000000000     
  0.84318181818181825        7.8542752069643779E-005   0.0000000000000000     
  0.84545454545454546        1.2030417268634345E-004   0.0000000000000000     
  0.84659090909090917        1.3948891609363810E-004   0.0000000000000000     
  0.84772727272727277        1.5728220976377817E-004   0.0000000000000000     
  0.84886363636363638        1.7350655949512035E-004   0.0000000000000000     
  0.84943181818181823        1.8097900661824274E-004   0.0000000000000000     
  0.85000000000000009        1.8799955836303886E-004   0.0000000000000000     
  0.85056818181818183        1.9455068476873435E-004   0.0000000000000000     
  0.85113636363636369        2.0061602800576411E-004   0.0000000000000000     
  0.85170454545454555        2.0618044322043367E-004   0.0000000000000000     
  0.85227272727272729        2.1123003635085293E-004   0.0000000000000000     
  0.85284090909090915        2.1575219881970486E-004   0.0000000000000000     
  0.85340909090909101        2.1973563901721608E-004   0.0000000000000000     
  0.85397727272727275        2.2317041049573576E-004   0.0000000000000000     
  0.85454545454545461        2.2604793680551166E-004   0.0000000000000000     
  0.85511363636363646        2.2836103290964447E-004   0.0000000000000000     
  0.85568181818181821        2.3010392312476264E-004   0.0000000000000000     
  0.85625000000000007        2.3127225554261038E-004   0.0000000000000000     
  0.85681818181818192        2.3186311289653949E-004   0.0000000000000000     
  0.85738636363636367        2.3187501984577711E-004   0.0000000000000000     
  0.85795454545454553        2.3130794665927629E-004   0.0000000000000000     
  0.85852272727272738        2.3016330928995316E-004   0.0000000000000000     
  0.85909090909090913        2.2844396583912436E-004   0.0000000000000000     
  0.85965909090909098        2.2615420941997242E-004   0.0000000000000000     
  0.86022727272727284        2.2329975743786207E-004   0.0000000000000000     
  0.86079545454545459        2.1988773731426961E-004   0.0000000000000000     
  0.86136363636363644        2.1592666868997082E-004   0.0000000000000000     
  0.86193181818181830        2.1142644215193550E-004   0.0000000000000000     
  0.86250000000000004        2.0639829453703308E-004   0.0000000000000000     
  0.86306818181818190        2.0085478087421860E-004   0.0000000000000000     
  0.86363636363636376        1.9480974303526987E-004   0.0000000000000000     
  0.86477272727272736        1.8127727223120574E-004   0.0000000000000000     
  0.86590909090909096        1.6593649851776542E-004   0.0000000000000000     
  0.86704545454545467        1.4894045136961122E-004   0.0000000000000000     
  0.86818181818181828        1.3045867218113989E-004   0.0000000000000000     
  0.86931818181818188        1.1067552303296597E-004   0.0000000000000000     
  0.87045454545454559        8.9788347616996211E-005   0.0000000000000000     
  0.87159090909090919        6.8005502665485039E-005   0.0000000000000000     
  0.87272727272727280        4.5544279521219765E-005   0.0000000000000000     
  0.87727272727272732       -4.6547200821872349E-005   0.0000000000000000     
  0.87840909090909092       -6.8983412757016812E-005   0.0000000000000000     
  0.87954545454545463       -9.0731491511142682E-005   0.0000000000000000     
  0.88068181818181823       -1.1157449254618866E-004   0.0000000000000000     
  0.88181818181818183       -1.3130449978449369E-004   0.0000000000000000     
  0.88295454545454544       -1.4972469964291015E-004   0.0000000000000000     
  0.88409090909090904       -1.6665134431574088E-004   0.0000000000000000     
  0.88522727272727275       -1.8191558472206758E-004   0.0000000000000000     
  0.88579545454545450       -1.8887588248393784E-004   0.0000000000000000     
  0.88636363636363635       -1.9536456676993359E-004   0.0000000000000000     
  0.88693181818181821       -2.0136543566528413E-004   0.0000000000000000     
  0.88749999999999996       -2.0686350530544845E-004   0.0000000000000000     
  0.88806818181818181       -2.1184504729006599E-004   0.0000000000000000     
  0.88863636363636367       -2.1629762296206784E-004   0.0000000000000000     
  0.88920454545454541       -2.2021011446637478E-004   0.0000000000000000     
  0.88977272727272727       -2.2357275251061817E-004   0.0000000000000000     
  0.89034090909090913       -2.2637714075856135E-004   0.0000000000000000     
  0.89090909090909087       -2.2861627679532742E-004   0.0000000000000000     
  0.89147727272727273       -2.3028456961207401E-004   0.0000000000000000     
  0.89204545454545459       -2.3137785356645526E-004   0.0000000000000000     
  0.89261363636363633       -2.3189339878402102E-004   0.0000000000000000     
  0.89318181818181819       -2.3182991797457406E-004   0.0000000000000000     
  0.89375000000000004       -2.3118756964646809E-004   0.0000000000000000     
  0.89431818181818179       -2.2996795771082089E-004   0.0000000000000000     
  0.89488636363636365       -2.2817412747662869E-004   0.0000000000000000     
  0.89545454545454550       -2.2581055804678576E-004   0.0000000000000000     
  0.89602272727272725       -2.2288315113399228E-004   0.0000000000000000     
  0.89659090909090911       -2.1939921632447545E-004   0.0000000000000000     
  0.89715909090909096       -2.1536745282632732E-004   0.0000000000000000     
  0.89772727272727271       -2.1079792774802400E-004   0.0000000000000000     
  0.89829545454545456       -2.0570205096136370E-004   0.0000000000000000     
  0.89886363636363642       -2.0009254661160287E-004   0.0000000000000000     
  0.89943181818181817       -1.9398342134590985E-004   0.0000000000000000     
  0.90000000000000002       -1.8738992933947516E-004   0.0000000000000000     
  0.90113636363636362       -1.7281742934314483E-004   0.0000000000000000     
  0.90227272727272734       -1.5652101626920675E-004   0.0000000000000000     
  0.90340909090909094       -1.3866325242242126E-004   0.0000000000000000     
  0.90454545454545454       -1.1942227511653631E-004   0.0000000000000000     
  0.90568181818181825       -9.8990019693544077E-005   0.0000000000000000     
  0.90681818181818186       -7.7570304902880034E-005   0.0000000000000000     
  0.90909090909090917       -3.2633633551192049E-005   0.0000000000000000     
  0.91363636363636369        5.9301633494325228E-005   0.0000000000000000     
  0.91477272727272729        8.1379743588066400E-005   0.0000000000000000     
  0.91590909090909101        1.0264606285285840E-004   0.0000000000000000     
  0.91704545454545461        1.2288845246663217E-004   0.0000000000000000     
  0.91818181818181821        1.4190498765646726E-004   0.0000000000000000     
  0.91931818181818181        1.5950597196738738E-004   0.0000000000000000     
  0.92045454545454541        1.7551582954950477E-004   0.0000000000000000     
  0.92102272727272727        1.8287337113625897E-004   0.0000000000000000     
  0.92159090909090913        1.8977428721279725E-004   0.0000000000000000     
  0.92215909090909087        1.9620134654252643E-004   0.0000000000000000     
  0.92272727272727273        2.0213850108506242E-004   0.0000000000000000     
  0.92329545454545459        2.0757092606736376E-004   0.0000000000000000     
  0.92386363636363633        2.1248505700043982E-004   0.0000000000000000     
  0.92443181818181819        2.1686862354919337E-004   0.0000000000000000     
  0.92500000000000004        2.2071068017081707E-004   0.0000000000000000     
  0.92556818181818179        2.2400163344526115E-004   0.0000000000000000     
  0.92613636363636365        2.2673326602951671E-004   0.0000000000000000     
  0.92670454545454550        2.2889875717589992E-004   0.0000000000000000     
  0.92727272727272725        2.3049269976311426E-004   0.0000000000000000     
  0.92784090909090899        2.3151111379755791E-004   0.0000000000000000     
  0.92840909090909085        2.3195145635116439E-004   0.0000000000000000     
  0.92897727272727271        2.3181262791096462E-004   0.0000000000000000     
  0.92954545454545445        2.3109497512451582E-004   0.0000000000000000     
  0.93011363636363631        2.2980028993433907E-004   0.0000000000000000     
  0.93068181818181817        2.2793180510353095E-004   0.0000000000000000     
  0.93124999999999991        2.2549418614371830E-004   0.0000000000000000     
  0.93181818181818177        2.2249351966551129E-004   0.0000000000000000     
  0.93238636363636362        2.1893729818054880E-004   0.0000000000000000     
  0.93295454545454537        2.1483440139307685E-004   0.0000000000000000     
  0.93352272727272723        2.1019507402777573E-004   0.0000000000000000     
  0.93409090909090908        2.0503090024920819E-004   0.0000000000000000     
  0.93465909090909083        1.9935477473674736E-004   0.0000000000000000     
  0.93522727272727268        1.9318087048721431E-004   0.0000000000000000     
  0.93579545454545454        1.8652460342563217E-004   0.0000000000000000     
  0.93636363636363629        1.7940259391244215E-004   0.0000000000000000     
  0.93750000000000000        1.6383413424435485E-004   0.0000000000000000     
  0.93863636363636360        1.4663137294560814E-004   0.0000000000000000     
  0.93977272727272720        1.2796591345508155E-004   0.0000000000000000     
  0.94090909090909092        1.0802395012734448E-004   0.0000000000000000     
  0.94204545454545452        8.7004410880172180E-005   0.0000000000000000     
  0.94318181818181812        6.5116972820386955E-005   0.0000000000000000     
  0.94545454545454544        1.9620326665570819E-005   0.0000000000000000     
  0.94772727272727275       -2.6655312057739866E-005   0.0000000000000000     
  0.94999999999999996       -7.1872645771258738E-005   0.0000000000000000     
  0.95113636363636367       -9.3518645822059996E-005   0.0000000000000000     
  0.95227272727272727       -1.1423176533444679E-004   0.0000000000000000     
  0.95340909090909087       -1.3380538384345344E-004   0.0000000000000000     
  0.95454545454545459       -1.5204424779709913E-004   0.0000000000000000     
  0.95568181818181819       -1.6876641827747216E-004   0.0000000000000000     
  0.95681818181818179       -1.8380508590379221E-004   0.0000000000000000     
  0.95738636363636365       -1.9064537948214119E-004   0.0000000000000000     
  0.95795454545454550       -1.9700964124057314E-004   0.0000000000000000     
  0.95852272727272725       -2.0288197994104332E-004   0.0000000000000000     
  0.95909090909090911       -2.0824773265237592E-004   0.0000000000000000     
  0.95965909090909096       -2.1309350136285114E-004   0.0000000000000000     
  0.96022727272727271       -2.1740718643436315E-004   0.0000000000000000     
  0.96079545454545456       -2.2117801681460308E-004   0.0000000000000000     
  0.96136363636363642       -2.2439657693182452E-004   0.0000000000000000     
  0.96193181818181817       -2.2705483020504981E-004   0.0000000000000000     
  0.96250000000000002       -2.2914613911100565E-004   0.0000000000000000     
  0.96306818181818188       -2.3066528175767810E-004   0.0000000000000000     
  0.96363636363636362       -2.3160846492311342E-004   0.0000000000000000     
  0.96420454545454537       -2.3197333352690044E-004   0.0000000000000000     
  0.96477272727272723       -2.3175897651068580E-004   0.0000000000000000     
  0.96534090909090908       -2.3096592911304073E-004   0.0000000000000000     
  0.96590909090909083       -2.2959617153299789E-004   0.0000000000000000     
  0.96647727272727268       -2.2765312398559398E-004   0.0000000000000000     
  0.96704545454545454       -2.2514163816176805E-004   0.0000000000000000     
  0.96761363636363629       -2.2206798511393574E-004   0.0000000000000000     
  0.96818181818181814       -2.1843983959748798E-004   0.0000000000000000     
  0.96875000000000000       -2.1426626090732042E-004   0.0000000000000000     
  0.96931818181818175       -2.0955767025723340E-004   0.0000000000000000     
  0.96988636363636360       -2.0432582475868758E-004   0.0000000000000000     
  0.97045454545454546       -1.9858378806390033E-004   0.0000000000000000     
  0.97102272727272720       -1.9234589774656740E-004   0.0000000000000000     
  0.97159090909090906       -1.8562772950166646E-004   0.0000000000000000     
  0.97215909090909092       -1.7844605825374619E-004   0.0000000000000000     
  0.97272727272727266       -1.7081881627078902E-004   0.0000000000000000     
  0.97386363636363638       -1.5430537122247586E-004   0.0000000000000000     
  0.97499999999999998       -1.3625267721989874E-004   0.0000000000000000     
  0.97613636363636358       -1.1684081607190692E-004   0.0000000000000000     
  0.97727272727272729       -9.6263427745374924E-005   0.0000000000000000     
  0.97954545454545450       -5.2446413920244697E-005   0.0000000000000000     
  0.98181818181818181       -6.5471021097402715E-006   0.0000000000000000     
  0.98409090909090913        3.9612151544526202E-005   0.0000000000000000     
  0.98636363636363633        8.4198670340638855E-005   0.0000000000000000     
  0.98750000000000004        1.0534325530567832E-004   0.0000000000000000     
  0.98863636363636365        1.2543700520072703E-004   0.0000000000000000     
  0.98977272727272725        1.4427947798499369E-004   0.0000000000000000     
  0.99090909090909096        1.6168271353564560E-004   0.0000000000000000     
  0.99204545454545456        1.7747310861443861E-004   0.0000000000000000     
  0.99261363636363642        1.8471345111338043E-004   0.0000000000000000     
  0.99318181818181817        1.9149257351595410E-004   0.0000000000000000     
  0.99375000000000002        1.9779354869818217E-004   0.0000000000000000     
  0.99431818181818188        2.0360064344538266E-004   0.0000000000000000     
  0.99488636363636362        2.0889935773721081E-004   0.0000000000000000     
  0.99545454545454548        2.1367646095347531E-004   0.0000000000000000     
  0.99602272727272734        2.1792002491031795E-004   0.0000000000000000     
  0.99659090909090908        2.2161945364428592E-004   0.0000000000000000     
  0.99715909090909094        2.2476550986991553E-004   0.0000000000000000     
  0.99772727272727280        2.2735033804476010E-004   0.0000000000000000     
  0.99829545454545454        2.2936748398428262E-004   0.0000000000000000     
  0.99886363636363640        2.3081191097762700E-004   0.0000000000000000     
  0.99943181818181825        2.3168001236402699E-004   0.0000000000000000     
   1.0000000000000000        2.3196962053845610E-004   0.0000000000000000     
