X My_beautiful_solution_real My_beautiful_solution_imag
   0.0000000000000000        0.0000000000000000        0.0000000000000000     
   4.5454545454545461E-003  -6.1846357141726664E-005   0.0000000000000000     
   9.0909090909090922E-003  -1.3418679806109527E-004   0.0000000000000000     
   1.3636363636363637E-002  -2.0575632235922552E-004   0.0000000000000000     
   1.5909090909090911E-002  -2.3769431502541414E-004   0.0000000000000000     
   1.8181818181818184E-002  -2.6532615804314674E-004   0.0000000000000000     
   2.0454545454545454E-002  -2.8755477485852514E-004   0.0000000000000000     
   2.2727272727272728E-002  -3.0349761506338115E-004   0.0000000000000000     
   2.5000000000000001E-002  -3.1252169459725706E-004   0.0000000000000000     
   2.7272727272727275E-002  -3.1426872733096594E-004   0.0000000000000000     
   2.9545454545454548E-002  -3.0866935022383693E-004   0.0000000000000000     
   3.1818181818181822E-002  -2.9594587726834346E-004   0.0000000000000000     
   3.6363636363636369E-002  -2.5152398586851494E-004   0.0000000000000000     
   4.0909090909090909E-002  -1.8805919262513836E-004   0.0000000000000000     
   4.5454545454545456E-002  -1.1543436405264849E-004   0.0000000000000000     
   5.0000000000000003E-002  -4.4958785972922040E-005   0.0000000000000000     
   5.2272727272727276E-002  -1.4040610801538763E-005   0.0000000000000000     
   5.4545454545454543E-002   1.2303914182327329E-005   0.0000000000000000     
   5.6818181818181823E-002   3.3028823254825276E-005   0.0000000000000000     
   5.9090909090909097E-002   4.7311268232772929E-005   0.0000000000000000     
   6.1363636363636370E-002   5.4584188297693943E-005   0.0000000000000000     
   6.3636363636363644E-002   5.4558824206258780E-005   0.0000000000000000     
   6.5909090909090917E-002   4.7236182997701377E-005   0.0000000000000000     
   6.8181818181818191E-002   3.2906998010994498E-005   0.0000000000000000     
   7.2727272727272738E-002  -1.4130481044250310E-005   0.0000000000000000     
   7.7272727272727285E-002  -7.9092457024191611E-005   0.0000000000000000     
   8.1818181818181832E-002  -1.5186291907755793E-004   0.0000000000000000     
   8.6363636363636379E-002  -2.2110990304101787E-004   0.0000000000000000     
   8.8636363636363652E-002  -2.5094918965488136E-004   0.0000000000000000     
   9.0909090909090925E-002  -2.7595606378029246E-004   0.0000000000000000     
   9.3181818181818199E-002  -2.9513766890486911E-004   0.0000000000000000     
   9.5454545454545459E-002  -3.0773243117214417E-004   0.0000000000000000     
   9.7727272727272732E-002  -3.1324029640996293E-004   0.0000000000000000     
  0.10000000000000001       -3.1144258395303013E-004   0.0000000000000000     
  0.10227272727272728       -3.0241066899647456E-004   0.0000000000000000     
  0.10454545454545455       -2.8650314876196094E-004   0.0000000000000000     
  0.10909090909090909       -2.3693995002894736E-004   0.0000000000000000     
  0.11363636363636365       -1.7060490513662042E-004   0.0000000000000000     
  0.11818181818181819       -9.7827842016285632E-005   0.0000000000000000     
  0.12045454545454547       -6.2587462725713177E-005   0.0000000000000000     
  0.12272727272727274       -2.9993261286578056E-005   0.0000000000000000     
  0.12500000000000000       -1.3393364735789560E-006   0.0000000000000000     
  0.12727272727272729        2.2236655094819853E-005   0.0000000000000000     
  0.12954545454545457        3.9798667727854841E-005   0.0000000000000000     
  0.13181818181818183        5.0649430806023548E-005   0.0000000000000000     
  0.13409090909090909        5.4358132755978604E-005   0.0000000000000000     
  0.13636363636363638        5.0777525710392345E-005   0.0000000000000000     
  0.13863636363636367        4.0049771740608026E-005   0.0000000000000000     
  0.14090909090909093        2.2600798547094024E-005   0.0000000000000000     
  0.14545454545454548       -2.9351125246673432E-005   0.0000000000000000     
  0.15000000000000002       -9.6857356333550433E-005   0.0000000000000000     
  0.15454545454545457       -1.6940568728908694E-004   0.0000000000000000     
  0.15681818181818186       -2.0400766138223446E-004   0.0000000000000000     
  0.15909090909090912       -2.3564095860670022E-004   0.0000000000000000     
  0.16136363636363638       -2.6304963129785775E-004   0.0000000000000000     
  0.16363636363636366       -2.8514546350993648E-004   0.0000000000000000     
  0.16590909090909095       -3.0105117682747930E-004   0.0000000000000000     
  0.16818181818181821       -3.1013526125158732E-004   0.0000000000000000     
  0.17045454545454547       -3.1203704825830727E-004   0.0000000000000000     
  0.17272727272727276       -3.0668103054491436E-004   0.0000000000000000     
  0.17500000000000004       -2.9427985992228685E-004   0.0000000000000000     
  0.17727272727272730       -2.7532590432702070E-004   0.0000000000000000     
  0.18181818181818185       -2.2109384155317435E-004   0.0000000000000000     
  0.18636363636363640       -1.5255752081869977E-004   0.0000000000000000     
  0.19090909090909092       -8.0389557200303793E-005   0.0000000000000000     
  0.19318181818181818       -4.6498310799611810E-005   0.0000000000000000     
  0.19545454545454546       -1.5892035375335951E-005   0.0000000000000000     
  0.19772727272727275        1.0214097607175347E-005   0.0000000000000000     
  0.20000000000000001        3.0783587383579764E-005   0.0000000000000000     
  0.20227272727272727        4.4999756436389567E-005   0.0000000000000000     
  0.20454545454545456        5.2298175322947573E-005   0.0000000000000000     
  0.20681818181818185        5.2389072411450645E-005   0.0000000000000000     
  0.20909090909090911        4.5268838783574126E-005   0.0000000000000000     
  0.21136363636363636        3.1220171520595195E-005   0.0000000000000000     
  0.21363636363636365        1.0800849684078149E-005   0.0000000000000000     
  0.21818181818181820       -4.5598000210791846E-005   0.0000000000000000     
  0.22272727272727275       -1.1502116102847909E-004   0.0000000000000000     
  0.22727272727272729       -1.8665791715315717E-004   0.0000000000000000     
  0.22954545454545455       -2.1976759887698424E-004   0.0000000000000000     
  0.23181818181818184       -2.4928288152079254E-004   0.0000000000000000     
  0.23409090909090913       -2.7403190968031420E-004   0.0000000000000000     
  0.23636363636363639       -2.9303206419011187E-004   0.0000000000000000     
  0.23863636363636365       -3.0552897538979910E-004   0.0000000000000000     
  0.24090909090909093       -3.1102647412176577E-004   0.0000000000000000     
  0.24318181818181822       -3.0930629130565936E-004   0.0000000000000000     
  0.24545454545454548       -3.0043672395064992E-004   0.0000000000000000     
  0.25000000000000000       -2.6304811642430682E-004   0.0000000000000000     
  0.25454545454545457       -2.0482204603629171E-004   0.0000000000000000     
  0.26363636363636367       -6.4021626211955353E-005   0.0000000000000000     
  0.26590909090909093       -3.1800708528097189E-005   0.0000000000000000     
  0.26818181818181819       -3.4483057717503098E-006   0.0000000000000000     
  0.27045454545454550        1.9909896872398517E-005   0.0000000000000000     
  0.27272727272727276        3.7346500662047334E-005   0.0000000000000000     
  0.27500000000000002        4.8169214128076943E-005   0.0000000000000000     
  0.27727272727272734        5.1948339360524529E-005   0.0000000000000000     
  0.27954545454545460        4.8533832452289594E-005   0.0000000000000000     
  0.28181818181818186        3.8061260743912871E-005   0.0000000000000000     
  0.29090909090909095       -6.0471511708044526E-005   0.0000000000000000     
  0.30000000000000004       -1.9874290480266388E-004   0.0000000000000000     
  0.30227272727272730       -2.2984277988357714E-004   0.0000000000000000     
  0.30454545454545456       -2.5694823751249666E-004   0.0000000000000000     
  0.30681818181818182       -2.7898310039541112E-004   0.0000000000000000     
  0.30909090909090908       -2.9507251080308072E-004   0.0000000000000000     
  0.31136363636363640       -3.0457766534794389E-004   0.0000000000000000     
  0.31363636363636366       -3.0712117761441953E-004   0.0000000000000000     
  0.31590909090909092       -3.0260206166138521E-004   0.0000000000000000     
  0.31818181818181823       -2.9119974150168104E-004   0.0000000000000000     
  0.32727272727272733       -1.9121030816834019E-004   0.0000000000000000     
  0.33636363636363642       -5.5406485772395702E-005   0.0000000000000000     
  0.33863636363636368       -2.5413830660217794E-005   0.0000000000000000     
  0.34090909090909094        4.5672911879277050E-007   0.0000000000000000     
  0.34318181818181825        2.1178045844103978E-005   0.0000000000000000     
  0.34545454545454551        3.5927413960727110E-005   0.0000000000000000     
  0.34772727272727277        4.4119234240439805E-005   0.0000000000000000     
  0.35000000000000009        4.5428264029074794E-005   0.0000000000000000     
  0.35227272727272735        3.9802530467328154E-005   0.0000000000000000     
  0.35454545454545461        2.7465393987043455E-005   0.0000000000000000     
  0.36363636363636370       -7.4025141478913800E-005   0.0000000000000000     
  0.36818181818181828       -1.4161785540923853E-004   0.0000000000000000     
  0.37272727272727280       -2.0728247337400361E-004   0.0000000000000000     
  0.37500000000000006       -2.3611851179556112E-004   0.0000000000000000     
  0.37727272727272732       -2.6071096522553041E-004   0.0000000000000000     
  0.37954545454545463       -2.8008343103874011E-004   0.0000000000000000     
  0.38181818181818189       -2.9346675757124731E-004   0.0000000000000000     
  0.38409090909090915       -3.0032958201303125E-004   0.0000000000000000     
  0.38636363636363646       -3.0039942728814082E-004   0.0000000000000000     
  0.38863636363636372       -2.9367352030562919E-004   0.0000000000000000     
  0.39090909090909098       -2.8041890206053526E-004   0.0000000000000000     
  0.39545454545454550       -2.3676881692582475E-004   0.0000000000000000     
  0.40000000000000002       -1.7637353482622762E-004   0.0000000000000000     
  0.40227272727272728       -1.4020360095288455E-004   0.0000000000000000     
  0.40454545454545454       -9.8467115355908830E-005   0.0000000000000000     
  0.40681818181818186       -5.2821156057969249E-005   0.0000000000000000     
  0.40909090909090912       -5.0780202588539294E-006   0.0000000000000000     
  0.41363636363636369        8.9142656540527749E-005   0.0000000000000000     
  0.41590909090909095        1.3187932164834216E-004   0.0000000000000000     
  0.41818181818181821        1.6937993675284897E-004   0.0000000000000000     
  0.42045454545454547        2.0015560205241309E-004   0.0000000000000000     
  0.42272727272727273        2.2298442073728840E-004   0.0000000000000000     
  0.42499999999999999        2.3696001237833404E-004   0.0000000000000000     
  0.42727272727272725        2.4152749926050182E-004   0.0000000000000000     
  0.43181818181818177        2.2227629385696696E-004   0.0000000000000000     
  0.43636363636363634        1.6841177248330509E-004   0.0000000000000000     
  0.43863636363636360        1.3091509572868011E-004   0.0000000000000000     
  0.44090909090909092        8.8220651963612429E-005   0.0000000000000000     
  0.44545454545454544       -5.8095435294565786E-006   0.0000000000000000     
  0.44772727272727275       -5.3411982109737381E-005   0.0000000000000000     
  0.45000000000000001       -9.8893786419178940E-005   0.0000000000000000     
  0.45227272727272727       -1.4044917675988628E-004   0.0000000000000000     
  0.45454545454545459       -1.7642826519634965E-004   0.0000000000000000     
  0.45681818181818185       -2.0540256162282440E-004   0.0000000000000000     
  0.45909090909090911       -2.2622168959664056E-004   0.0000000000000000     
  0.46136363636363642       -2.3805906012921640E-004   0.0000000000000000     
  0.46363636363636368       -2.4044469003257652E-004   0.0000000000000000     
  0.46818181818181825       -2.1704117441085776E-004   0.0000000000000000     
  0.47272727272727277       -1.5983956625280891E-004   0.0000000000000000     
  0.47500000000000003       -1.2115174060262775E-004   0.0000000000000000     
  0.47727272727272729       -7.7653785783943322E-005   0.0000000000000000     
  0.48181818181818187        1.6718030324220773E-005   0.0000000000000000     
  0.48409090909090913        6.3845014985360903E-005   0.0000000000000000     
  0.48636363636363644        1.0843713908802366E-004   0.0000000000000000     
  0.48863636363636370        1.4872394621313429E-004   0.0000000000000000     
  0.49090909090909096        1.8310591542030597E-004   0.0000000000000000     
  0.49318181818181822        2.1021796757711043E-004   0.0000000000000000     
  0.49545454545454548        2.2898366356473082E-004   0.0000000000000000     
  0.49772727272727274        2.3865794251001491E-004   0.0000000000000000     
  0.50000000000000000        2.3885670319322377E-004   0.0000000000000000     
  0.50454545454545452        2.1135004846256714E-004   0.0000000000000000     
  0.50909090909090904        1.5093153488814290E-004   0.0000000000000000     
  0.51136363636363624        1.1113384399791478E-004   0.0000000000000000     
  0.51363636363636356        6.6923767928873034E-005   0.0000000000000000     
  0.51818181818181808       -2.7591392306592953E-005   0.0000000000000000     
  0.52045454545454539       -7.4143908603560972E-005   0.0000000000000000     
  0.52272727272727271       -1.1775266383141969E-004   0.0000000000000000     
  0.52499999999999991       -1.5668624460328357E-004   0.0000000000000000     
  0.52727272727272723       -1.8939885758945704E-004   0.0000000000000000     
  0.52954545454545454       -2.1459170268091709E-004   0.0000000000000000     
  0.53181818181818175       -2.3126453969614169E-004   0.0000000000000000     
  0.53409090909090906       -2.3875540126058444E-004   0.0000000000000000     
  0.53636363636363638       -2.3676687512470403E-004   0.0000000000000000     
  0.54090909090909089       -2.0521487314623625E-004   0.0000000000000000     
  0.54545454545454541       -1.4170639428611386E-004   0.0000000000000000     
  0.54772727272727262       -1.0088245365352853E-004   0.0000000000000000     
  0.54999999999999993       -5.6053142313964358E-005   0.0000000000000000     
  0.55454545454545445        3.8406784393024842E-005   0.0000000000000000     
  0.55681818181818177        8.4287024846745512E-005   0.0000000000000000     
  0.55909090909090908        1.2682078860335041E-004   0.0000000000000000     
  0.56136363636363629        1.6431934303155903E-004   0.0000000000000000     
  0.56363636363636360        1.9529387014547876E-004   0.0000000000000000     
  0.56590909090909092        2.1851457765644416E-004   0.0000000000000000     
  0.56818181818181812        2.3305952583865138E-004   0.0000000000000000     
  0.57045454545454544        2.3835123161874608E-004   0.0000000000000000     
  0.57272727272727275        2.3417959658462555E-004   0.0000000000000000     
  0.57727272727272738        1.9864853854985835E-004   0.0000000000000000     
  0.57954545454545459        1.6869981735003500E-004   0.0000000000000000     
  0.58181818181818190        1.3205314935951437E-004   0.0000000000000000     
  0.58636363636363642        4.4763798287800296E-005   0.0000000000000000     
  0.59090909090909094       -4.9496262378143682E-005   0.0000000000000000     
  0.59318181818181825       -9.4614151943890533E-005   0.0000000000000000     
  0.59545454545454546       -1.3597554333837715E-004   0.0000000000000000     
  0.59772727272727266       -1.7193825103288909E-004   0.0000000000000000     
  0.59999999999999998       -2.0107443529190859E-004   0.0000000000000000     
  0.60227272727272729       -2.2222729218454446E-004   0.0000000000000000     
  0.60454545454545450       -2.3455698256832637E-004   0.0000000000000000     
  0.60681818181818181       -2.3757397651113366E-004   0.0000000000000000     
  0.60909090909090913       -2.3115848926622310E-004   0.0000000000000000     
  0.61136363636363633       -2.1556523712717426E-004   0.0000000000000000     
  0.61363636363636365       -1.9141332433939549E-004   0.0000000000000000     
  0.61818181818181817       -1.2169429124242719E-004   0.0000000000000000     
  0.62272727272727268       -3.3024775926040421E-005   0.0000000000000000     
  0.62727272727272720        6.0787424577936468E-005   0.0000000000000000     
  0.62954545454545452        1.0500449333983844E-004   0.0000000000000000     
  0.63181818181818183        1.4505253263732241E-004   0.0000000000000000     
  0.63409090909090904        1.7934150141106728E-004   0.0000000000000000     
  0.63636363636363635        2.0651001295679904E-004   0.0000000000000000     
  0.63863636363636367        2.2547938652918840E-004   0.0000000000000000     
  0.64090909090909087        2.3549647457397866E-004   0.0000000000000000     
  0.64318181818181819        2.3616356520401134E-004   0.0000000000000000     
  0.64545454545454550        2.2745417269087948E-004   0.0000000000000000     
  0.64772727272727271        2.0971408903690267E-004   0.0000000000000000     
  0.65000000000000002        1.8364765487648710E-004   0.0000000000000000     
  0.65227272727272734        1.5028979479800691E-004   0.0000000000000000     
  0.65454545454545454        1.1096492737741041E-004   0.0000000000000000     
  0.65909090909090906        2.0886366680661755E-005   0.0000000000000000     
  0.66363636363636358       -7.2444661460279887E-005   0.0000000000000000     
  0.66590909090909089       -1.1572212108308025E-004   0.0000000000000000     
  0.66818181818181821       -1.5440502558604485E-004   0.0000000000000000     
  0.67045454545454541       -1.8695753432547532E-004   0.0000000000000000     
  0.67272727272727273       -2.1208720386625270E-004   0.0000000000000000     
  0.67500000000000004       -2.2879630230744099E-004   0.0000000000000000     
  0.67727272727272725       -2.3642142257464241E-004   0.0000000000000000     
  0.67954545454545456       -2.3465982189892887E-004   0.0000000000000000     
  0.68181818181818188       -2.2358144171697527E-004   0.0000000000000000     
  0.68409090909090908       -2.0362613076218043E-004   0.0000000000000000     
  0.68636363636363640       -1.7558618159932744E-004   0.0000000000000000     
  0.68863636363636371       -1.4057487396076509E-004   0.0000000000000000     
  0.69090909090909092       -9.9982273818820759E-005   0.0000000000000000     
  0.69545454545454544       -8.7002819981749467E-006   0.0000000000000000     
  0.69999999999999996        8.3936535407361245E-005   0.0000000000000000     
  0.70227272727272727        1.2617560031308011E-004   0.0000000000000000     
  0.70454545454545459        1.6340507202269248E-004   0.0000000000000000     
  0.70681818181818179        1.9414681603389749E-004   0.0000000000000000     
  0.70909090909090911        2.1718028232551467E-004   0.0000000000000000     
  0.71022727272727271        2.2550478554402394E-004   0.0000000000000000     
  0.71136363636363642        2.3157980125227683E-004   0.0000000000000000     
  0.71250000000000002        2.3534472908683703E-004   0.0000000000000000     
  0.71363636363636362        2.3676201260241551E-004   0.0000000000000000     
  0.71477272727272734        2.3581751391027895E-004   0.0000000000000000     
  0.71590909090909094        2.3252065470853619E-004   0.0000000000000000     
  0.71704545454545454        2.2690432229746985E-004   0.0000000000000000     
  0.71818181818181825        2.1902454151744643E-004   0.0000000000000000     
  0.72727272727272729        9.0765837930395198E-005   0.0000000000000000     
  0.73636363636363633       -8.9945790264572687E-005   0.0000000000000000     
  0.73863636363636365       -1.3068011070454125E-004   0.0000000000000000     
  0.74090909090909096       -1.6622599382519043E-004   0.0000000000000000     
  0.74318181818181817       -1.9517214922022043E-004   0.0000000000000000     
  0.74545454545454548       -2.1636931774000011E-004   0.0000000000000000     
  0.74659090909090908       -2.2378322712216406E-004   0.0000000000000000     
  0.74772727272727280       -2.2896482212926163E-004   0.0000000000000000     
  0.74886363636363640       -2.3186241457550196E-004   0.0000000000000000     
  0.75000000000000000       -2.3244709998330713E-004   0.0000000000000000     
  0.75113636363636371       -2.3071304591537798E-004   0.0000000000000000     
  0.75227272727272732       -2.2667755015525628E-004   0.0000000000000000     
  0.75340909090909092       -2.2038086815600566E-004   0.0000000000000000     
  0.75454545454545463       -2.1188581147827209E-004   0.0000000000000000     
  0.75909090909090915       -1.5811032135003492E-004   0.0000000000000000     
  0.76363636363636367       -7.9713570825272603E-005   0.0000000000000000     
  0.76590909090909087       -3.4989699362819555E-005   0.0000000000000000     
  0.76818181818181819        1.1123380151167445E-005   0.0000000000000000     
  0.77045454545454550        5.6794824282523204E-005   0.0000000000000000     
  0.77272727272727271        1.0021132399836540E-004   0.0000000000000000     
  0.77500000000000002        1.3964909909844117E-004   0.0000000000000000     
  0.77727272727272734        1.7354233805246276E-004   0.0000000000000000     
  0.77954545454545454        2.0054536595310327E-004   0.0000000000000000     
  0.78181818181818186        2.1958607230903693E-004   0.0000000000000000     
  0.78295454545454546        2.2586824040333361E-004   0.0000000000000000     
  0.78409090909090917        2.2989729540060579E-004   0.0000000000000000     
  0.78522727272727277        2.3163304609660567E-004   0.0000000000000000     
  0.78636363636363638        2.3105817778334582E-004   0.0000000000000000     
  0.78750000000000009        2.2817842496924252E-004   0.0000000000000000     
  0.78863636363636369        2.2302251417543137E-004   0.0000000000000000     
  0.79090909090909101        2.0612081470157228E-004   0.0000000000000000     
  0.79545454545454553        1.4890224354150469E-004   0.0000000000000000     
  0.80000000000000004        6.8496312564832770E-005   0.0000000000000000     
  0.80454545454545456       -2.2576003335103747E-005   0.0000000000000000     
  0.80909090909090908       -1.1013273813900395E-004   0.0000000000000000     
  0.81136363636363640       -1.4822122242602262E-004   0.0000000000000000     
  0.81250000000000000       -1.6514261476247892E-004   0.0000000000000000     
  0.81363636363636371       -1.8041665292672622E-004   0.0000000000000000     
  0.81477272727272732       -1.9389097315406908E-004   0.0000000000000000     
  0.81590909090909092       -2.0543116448295233E-004   0.0000000000000000     
  0.81704545454545463       -2.1492210955035648E-004   0.0000000000000000     
  0.81818181818181823       -2.2226913292693946E-004   0.0000000000000000     
  0.81931818181818183       -2.2739894553689256E-004   0.0000000000000000     
  0.82045454545454555       -2.3026037574158220E-004   0.0000000000000000     
  0.82159090909090915       -2.3082487979418038E-004   0.0000000000000000     
  0.82272727272727275       -2.2908682657332249E-004   0.0000000000000000     
  0.82386363636363646       -2.2506355375547039E-004   0.0000000000000000     
  0.82500000000000007       -2.1879519486565089E-004   0.0000000000000000     
  0.82613636363636367       -2.1034427893178845E-004   0.0000000000000000     
  0.82727272727272738       -1.9979510673622498E-004   0.0000000000000000     
  0.82840909090909098       -1.8725290988653228E-004   0.0000000000000000     
  0.82954545454545459       -1.7284280109416026E-004   0.0000000000000000     
  0.83068181818181830       -1.5670852613226992E-004   0.0000000000000000     
  0.83181818181818190       -1.3901102992239353E-004   0.0000000000000000     
  0.83409090909090922       -9.9652297945458508E-005   0.0000000000000000     
  0.83636363636363642       -5.6337036556141374E-005   0.0000000000000000     
  0.84090909090909094        3.5186889424792149E-005   0.0000000000000000     
  0.84545454545454546        1.2123144151239474E-004   0.0000000000000000     
  0.84772727272727277        1.5788784131575158E-004   0.0000000000000000     
  0.84886363636363638        1.7394497827313661E-004   0.0000000000000000     
  0.85000000000000009        1.8826695446595934E-004   0.0000000000000000     
  0.85113636363636369        2.0071090327393560E-004   0.0000000000000000     
  0.85227272727272729        2.1115269204349904E-004   0.0000000000000000     
  0.85340909090909101        2.1948816035355245E-004   0.0000000000000000     
  0.85454545454545461        2.2563415905135949E-004   0.0000000000000000     
  0.85568181818181821        2.2952937969384116E-004   0.0000000000000000     
  0.85681818181818192        2.3113496612030092E-004   0.0000000000000000     
  0.85795454545454553        2.3043490205594289E-004   0.0000000000000000     
  0.85909090909090913        2.2743617087970266E-004   0.0000000000000000     
  0.86022727272727284        2.2216868596264752E-004   0.0000000000000000     
  0.86136363636363644        2.1468499227185218E-004   0.0000000000000000     
  0.86250000000000004        2.0505974221634346E-004   0.0000000000000000     
  0.86363636363636376        1.9338895096373952E-004   0.0000000000000000     
  0.86590909090909096        1.6440456986012940E-004   0.0000000000000000     
  0.86818181818181828        1.2889277765217993E-004   0.0000000000000000     
  0.87045454545454559        8.8263511222975009E-005   0.0000000000000000     
  0.87272727272727280        4.4129888292278002E-005   0.0000000000000000     
  0.87727272727272732       -4.7573210098808000E-005   0.0000000000000000     
  0.87954545454545463       -9.1501765946990339E-005   0.0000000000000000     
  0.88181818181818183       -1.3179739575414250E-004   0.0000000000000000     
  0.88409090909090904       -1.6686022828990332E-004   0.0000000000000000     
  0.88522727272727275       -1.8198235356660489E-004   0.0000000000000000     
  0.88636363636363635       -1.9528914250599544E-004   0.0000000000000000     
  0.88749999999999996       -2.0664785532852574E-004   0.0000000000000000     
  0.88863636363636367       -2.1594518498146498E-004   0.0000000000000000     
  0.88977272727272727       -2.2308838741557711E-004   0.0000000000000000     
  0.89090909090909087       -2.2800620673879863E-004   0.0000000000000000     
  0.89204545454545459       -2.3064958601817548E-004   0.0000000000000000     
  0.89318181818181819       -2.3099215663957998E-004   0.0000000000000000     
  0.89431818181818179       -2.2903050134367422E-004   0.0000000000000000     
  0.89545454545454550       -2.2478418831424111E-004   0.0000000000000000     
  0.89659090909090911       -2.1829557597884792E-004   0.0000000000000000     
  0.89772727272727271       -2.0962939046901373E-004   0.0000000000000000     
  0.89886363636363642       -1.9887207995486779E-004   0.0000000000000000     
  0.90000000000000002       -1.8613095229503323E-004   0.0000000000000000     
  0.90227272727272734       -1.5523264747096597E-004   0.0000000000000000     
  0.90454545454545454       -1.1817108752741196E-004   0.0000000000000000     
  0.90681818181818186       -7.6417740308147491E-005   0.0000000000000000     
  0.90909090909090917       -3.1630353298625382E-005   0.0000000000000000     
  0.91363636363636369        5.9894982148702806E-005   0.0000000000000000     
  0.91590909090909101        1.0299906875751568E-004   0.0000000000000000     
  0.91818181818181821        1.4201374796289341E-004   0.0000000000000000     
  0.91931818181818181        1.5949343006381103E-004   0.0000000000000000     
  0.92045454545454541        1.7538211054571193E-004   0.0000000000000000     
  0.92159090909090913        1.8952129437616483E-004   0.0000000000000000     
  0.92272727272727273        2.0176993835133820E-004   0.0000000000000000     
  0.92386363636363633        2.1200585805029873E-004   0.0000000000000000     
  0.92500000000000004        2.2012694666647423E-004   0.0000000000000000     
  0.92613636363636365        2.2605219355803695E-004   0.0000000000000000     
  0.92727272727272725        2.2972249235682100E-004   0.0000000000000000     
  0.92840909090909085        2.3110123057459527E-004   0.0000000000000000     
  0.92954545454545445        2.3017465482518080E-004   0.0000000000000000     
  0.93068181818181817        2.2695200801919026E-004   0.0000000000000000     
  0.93181818181818177        2.2146543716282889E-004   0.0000000000000000     
  0.93295454545454537        2.1376967268048967E-004   0.0000000000000000     
  0.93409090909090908        2.0394148246001545E-004   0.0000000000000000     
  0.93522727272727268        1.9207890606671508E-004   0.0000000000000000     
  0.93636363636363629        1.7830027676509841E-004   0.0000000000000000     
  0.93863636363636360        1.4557044472856878E-004   0.0000000000000000     
  0.94090909090909092        1.0706097932665830E-004   0.0000000000000000     
  0.94318181818181812        6.4300835090866742E-005   0.0000000000000000     
  0.94545454545454544        1.8987732714387569E-005   0.0000000000000000     
  0.94999999999999996       -7.2092016182725041E-005   0.0000000000000000     
  0.95227272727272727       -1.1424249215021168E-004   0.0000000000000000     
  0.95454545454545459       -1.5185715921358468E-004   0.0000000000000000     
  0.95568181818181819       -1.6848605674283433E-004   0.0000000000000000     
  0.95681818181818179       -1.8343424812041151E-004   0.0000000000000000     
  0.95795454545454550       -1.9655262001498083E-004   0.0000000000000000     
  0.95909090909090911       -2.0771031217157643E-004   0.0000000000000000     
  0.96022727272727271       -2.1679602278749523E-004   0.0000000000000000     
  0.96136363636363642       -2.2371911878591396E-004   0.0000000000000000     
  0.96250000000000002       -2.2841053991188743E-004   0.0000000000000000     
  0.96363636363636362       -2.3082348763206039E-004   0.0000000000000000     
  0.96477272727272723       -2.3093389196607138E-004   0.0000000000000000     
  0.96590909090909083       -2.2874065159285615E-004   0.0000000000000000     
  0.96704545454545454       -2.2426564483670172E-004   0.0000000000000000     
  0.96818181818181814       -2.1755351142346661E-004   0.0000000000000000     
  0.96931818181818175       -2.0867120718401610E-004   0.0000000000000000     
  0.97045454545454546       -1.9770733614686543E-004   0.0000000000000000     
  0.97159090909090906       -1.8477126668263756E-004   0.0000000000000000     
  0.97272727272727266       -1.6999204051708203E-004   0.0000000000000000     
  0.97499999999999998       -1.3551834508092043E-004   0.0000000000000000     
  0.97727272727272729       -9.5664118244230905E-005   0.0000000000000000     
  0.98181818181818181       -6.3344517542561328E-006   0.0000000000000000     
  0.98636363636363633        8.3981628429518474E-005   0.0000000000000000     
  0.98863636363636365        1.2503460395198496E-004   0.0000000000000000     
  0.99090909090909096        1.6112328764876152E-004   0.0000000000000000     
  0.99204545454545456        1.7684673873337152E-004   0.0000000000000000     
  0.99318181818181817        1.9080608299847128E-004   0.0000000000000000     
  0.99431818181818188        2.0286207120152400E-004   0.0000000000000000     
  0.99545454545454548        2.1289444072893727E-004   0.0000000000000000     
  0.99659090909090908        2.2080311525685188E-004   0.0000000000000000     
  0.99772727272727280        2.2650920304676119E-004   0.0000000000000000     
  0.99886363636363640        2.2995578391763618E-004   0.0000000000000000     
   1.0000000000000000        2.3110847704423950E-004   0.0000000000000000     
