X My_beautiful_solution_real My_beautiful_solution_imag
   0.0000000000000000        0.0000000000000000        0.0000000000000000     
   9.0909090909090922E-003   2.4032190171237647E-004   0.0000000000000000     
   1.3636363636363637E-002   3.1370358421873695E-004   0.0000000000000000     
   1.8181818181818184E-002   3.3823470739144401E-004   0.0000000000000000     
   2.2727272727272728E-002   3.1009523490208295E-004   0.0000000000000000     
   2.7272727272727275E-002   2.3366710256398748E-004   0.0000000000000000     
   3.1818181818181822E-002   1.2085185438673809E-004   0.0000000000000000     
   3.6363636363636369E-002  -1.0782690031592535E-005   0.0000000000000000     
   4.5454545454545456E-002  -2.5036068563265431E-004   0.0000000000000000     
   5.0000000000000003E-002  -3.2099656470620979E-004   0.0000000000000000     
   5.4545454545454543E-002  -3.4164620671099850E-004   0.0000000000000000     
   5.9090909090909097E-002  -3.0909400745019285E-004   0.0000000000000000     
   6.3636363636363644E-002  -2.2840906151316820E-004   0.0000000000000000     
   6.8181818181818191E-002  -1.1215579256962992E-004   0.0000000000000000     
   7.2727272727272738E-002   2.1562604205267037E-005   0.0000000000000000     
   8.1818181818181832E-002   2.6033501757577590E-004   0.0000000000000000     
   8.6363636363636379E-002   3.2820690896346357E-004   0.0000000000000000     
   9.0909090909090925E-002   3.4496975382889268E-004   0.0000000000000000     
   9.5454545454545459E-002   3.0801320792069378E-004   0.0000000000000000     
  0.10000000000000001        2.2309221963434466E-004   0.0000000000000000     
  0.10454545454545455        1.0343085775849585E-004   0.0000000000000000     
  0.10909090909090909       -3.2336967377711726E-005   0.0000000000000000     
  0.11818181818181819       -2.7024232978469469E-004   0.0000000000000000     
  0.12272727272727274       -3.3533276078475153E-004   0.0000000000000000     
  0.12727272727272729       -3.4820449314280883E-004   0.0000000000000000     
  0.13181818181818183       -3.0685311455082710E-004   0.0000000000000000     
  0.13636363636363638       -2.1771794567664881E-004   0.0000000000000000     
  0.14090909090909093       -9.4679296069963691E-005   0.0000000000000000     
  0.14545454545454548        4.3103005834647731E-005   0.0000000000000000     
  0.15454545454545457        2.8008007175569068E-004   0.0000000000000000     
  0.15909090909090912        3.4237228571576384E-004   0.0000000000000000     
  0.16363636363636366        3.5134959191279866E-004   0.0000000000000000     
  0.16818181818181821        3.0561402599096297E-004   0.0000000000000000     
  0.17272727272727276        2.1228762317432675E-004   0.0000000000000000     
  0.17727272727272730        8.5903360475392422E-005   0.0000000000000000     
  0.18181818181818185       -5.3857948004878357E-005   0.0000000000000000     
  0.19090909090909092       -2.8984571089496112E-004   0.0000000000000000     
  0.19545454545454546       -3.4932367152588261E-004   0.0000000000000000     
  0.20000000000000001       -3.5440424047566196E-004   0.0000000000000000     
  0.20454545454545456       -3.0429626122771683E-004   0.0000000000000000     
  0.20909090909090911       -2.0680265009056603E-004   0.0000000000000000     
  0.21363636363636365       -7.7105310220874516E-005   0.0000000000000000     
  0.21818181818181820        6.4599025173797098E-005   0.0000000000000000     
  0.22727272727272729        2.9953673317060418E-004   0.0000000000000000     
  0.23181818181818184        3.5618512867471576E-004   0.0000000000000000     
  0.23636363636363639        3.5736765245338107E-004   0.0000000000000000     
  0.24090909090909093        3.0290015950182753E-004   0.0000000000000000     
  0.24545454545454548        2.0126443845760525E-004   0.0000000000000000     
  0.25454545454545457       -7.4555318716107536E-005   0.0000000000000000     
  0.26363636363636367       -3.0729009368832120E-004   0.0000000000000000     
  0.26818181818181819       -3.6094020780600133E-004   0.0000000000000000     
  0.27272727272727276       -3.5838397961732849E-004   0.0000000000000000     
  0.27727272727272734       -3.0001947016808822E-004   0.0000000000000000     
  0.28181818181818186       -1.9493531942052657E-004   0.0000000000000000     
  0.29090909090909095        8.4539927220641953E-005   0.0000000000000000     
  0.30000000000000004        3.1516015825270330E-004   0.0000000000000000     
  0.30454545454545456        3.6583236647131799E-004   0.0000000000000000     
  0.30909090909090908        3.5953641549919579E-004   0.0000000000000000     
  0.31363636363636366        2.9725272361013825E-004   0.0000000000000000     
  0.31818181818181823        1.8868023381661596E-004   0.0000000000000000     
  0.32727272727272733       -9.4556642687991239E-005   0.0000000000000000     
  0.33636363636363642       -3.2314991579310775E-004   0.0000000000000000     
  0.34090909090909094       -3.7086346263720912E-004   0.0000000000000000     
  0.34545454545454551       -3.6082539777638751E-004   0.0000000000000000     
  0.35000000000000009       -2.9459886906022718E-004   0.0000000000000000     
  0.35454545454545461       -1.8249680606066245E-004   0.0000000000000000     
  0.36363636363636370        1.0460926931247648E-004   0.0000000000000000     
  0.37272727272727280        3.3126240069644139E-004   0.0000000000000000     
  0.37727272727272732        3.7603540703654172E-004   0.0000000000000000     
  0.37954545454545463        3.7647152533801909E-004   0.0000000000000000     
  0.38181818181818189        3.6196046536428756E-004   0.0000000000000000     
  0.38636363636363646        2.9122935418609999E-004   0.0000000000000000     
  0.39090909090909098        1.7514741642491295E-004   0.0000000000000000     
  0.40000000000000002       -1.1615805368550343E-004   0.0000000000000000     
  0.40454545454545454       -2.4601890652539070E-004   0.0000000000000000     
  0.40909090909090912       -3.3756919552409845E-004   0.0000000000000000     
  0.41363636363636369       -3.7655252372051758E-004   0.0000000000000000     
  0.41818181818181821       -3.5689832806442011E-004   0.0000000000000000     
  0.42045454545454547       -3.2562106056448063E-004   0.0000000000000000     
  0.42272727272727273       -2.8141554825758042E-004   0.0000000000000000     
  0.42727272727272725       -1.6185851609319817E-004   0.0000000000000000     
  0.43636363636363634        1.3013541490306771E-004   0.0000000000000000     
  0.44090909090909092        2.5710242569805281E-004   0.0000000000000000     
  0.44545454545454544        3.4403292453328974E-004   0.0000000000000000     
  0.45000000000000001        3.7738991755571110E-004   0.0000000000000000     
  0.45454545454545459        3.5197898605667297E-004   0.0000000000000000     
  0.45681818181818185        3.1805918170819242E-004   0.0000000000000000     
  0.45909090909090911        2.7151136442622162E-004   0.0000000000000000     
  0.46363636363636368        1.4851763415160869E-004   0.0000000000000000     
  0.47272727272727277       -1.4407098253120331E-004   0.0000000000000000     
  0.47727272727272729       -2.6810337523946087E-004   0.0000000000000000     
  0.48181818181818187       -3.5038616578010183E-004   0.0000000000000000     
  0.48636363636363644       -3.7810611087617983E-004   0.0000000000000000     
  0.49090909090909096       -3.4694660437219367E-004   0.0000000000000000     
  0.49545454545454548       -2.6175986791257045E-004   0.0000000000000000     
  0.50000000000000000       -1.3581135313129415E-004   0.0000000000000000     
  0.50909090909090904        1.5675279411133197E-004   0.0000000000000000     
  0.51363636363636356        2.7780974330366922E-004   0.0000000000000000     
  0.51818181818181808        3.5560559497772003E-004   0.0000000000000000     
  0.52272727272727271        3.7802582109077815E-004   0.0000000000000000     
  0.52727272727272723        3.4157909849224014E-004   0.0000000000000000     
  0.53181818181818175        2.5194098485624466E-004   0.0000000000000000     
  0.53636363636363638        1.2307010931237645E-004   0.0000000000000000     
  0.54545454545454541       -1.6939425180171545E-004   0.0000000000000000     
  0.54999999999999993       -2.8744459300155106E-004   0.0000000000000000     
  0.55454545454545445       -3.6073347831770447E-004   0.0000000000000000     
  0.55909090909090908       -3.7784821366333428E-004   0.0000000000000000     
  0.56363636363636360       -3.3612365768672834E-004   0.0000000000000000     
  0.56818181818181812       -2.4205724299606682E-004   0.0000000000000000     
  0.57272727272727275       -1.1029718275599413E-004   0.0000000000000000     
  0.57727272727272738        3.8638578820024088E-005   0.0000000000000000     
  0.58181818181818190        1.8155746241896255E-004   0.0000000000000000     
  0.59090909090909094        3.6805671770082560E-004   0.0000000000000000     
  0.59545454545454546        3.8259504653136058E-004   0.0000000000000000     
  0.59772727272727266        3.6722306220182655E-004   0.0000000000000000     
  0.59999999999999998        3.3727109450550058E-004   0.0000000000000000     
  0.60454545454545450        1.8883048915801408E-004   0.0000000000000000     
  0.60909090909090913       -8.9639804190987864E-005   0.0000000000000000     
  0.61363636363636365       -4.5477582582842846E-004   0.0000000000000000     
  0.61818181818181817       -8.4971785279553216E-004   0.0000000000000000     
  0.62727272727272720       -1.4943265137541523E-003   0.0000000000000000     
  0.63181818181818183       -1.6436133777230594E-003   0.0000000000000000     
  0.63636363636363635       -1.6375780486571167E-003   0.0000000000000000     
  0.64090909090909087       -1.4771603602575162E-003   0.0000000000000000     
  0.64545454545454550       -1.1873408808044969E-003   0.0000000000000000     
  0.65000000000000002       -8.1325088832387914E-004   0.0000000000000000     
  0.65454545454545454       -4.1314443630156850E-004   0.0000000000000000     
  0.66363636363636358        2.2826118504205880E-004   0.0000000000000000     
  0.66818181818181821        3.6967936817567163E-004   0.0000000000000000     
  0.67272727272727273        3.5290570852436769E-004   0.0000000000000000     
  0.67727272727272725        1.8055223443993643E-004   0.0000000000000000     
  0.68181818181818188       -1.2054182100640489E-004   0.0000000000000000     
  0.68636363636363640       -5.0348947991407851E-004   0.0000000000000000     
  0.69090909090909092       -9.0865735498934174E-004   0.0000000000000000     
  0.69999999999999996       -1.5466948155035537E-003   0.0000000000000000     
  0.70454545454545459       -1.6802079116006103E-003   0.0000000000000000     
  0.70909090909090911       -1.6527002395160762E-003   0.0000000000000000     
  0.71136363636363642       -1.5787300993095597E-003   0.0000000000000000     
  0.71363636363636362       -1.4677346426350880E-003   0.0000000000000000     
  0.71590909090909094       -1.3241207602320290E-003   0.0000000000000000     
  0.71818181818181825       -1.1535904033997478E-003   0.0000000000000000     
  0.72727272727272729       -3.4979399705541370E-004   0.0000000000000000     
  0.73636363636363633        2.8272248255081290E-004   0.0000000000000000     
  0.74090909090909096        4.0662880020803126E-004   0.0000000000000000     
  0.74545454545454548        3.6658943447205069E-004   0.0000000000000000     
  0.74772727272727280        2.8585676773577087E-004   0.0000000000000000     
  0.75000000000000000        1.6811908466521797E-004   0.0000000000000000     
  0.75227272727272732        1.8050964930079488E-005   0.0000000000000000     
  0.75454545454545463       -1.5838938536867991E-004   0.0000000000000000     
  0.76363636363636367       -9.7660557763527313E-004   0.0000000000000000     
  0.76818181818181819       -1.3403856702721611E-003   0.0000000000000000     
  0.77272727272727271       -1.5960628043988224E-003   0.0000000000000000     
  0.77727272727272734       -1.7038224173540804E-003   0.0000000000000000     
  0.78181818181818186       -1.6468839633257029E-003   0.0000000000000000     
  0.78409090909090917       -1.5582526954531842E-003   0.0000000000000000     
  0.78636363636363638       -1.4334091325112883E-003   0.0000000000000000     
  0.78863636363636369       -1.2773099813588537E-003   0.0000000000000000     
  0.79090909090909101       -1.0961529002086528E-003   0.0000000000000000     
  0.80000000000000004       -2.7443323865605345E-004   0.0000000000000000     
  0.80909090909090908        5.1916773645561823E-004   0.0000000000000000     
  0.81136363636363640        6.8572912539823427E-004   0.0000000000000000     
  0.81363636363636371        8.2506477535135314E-004   0.0000000000000000     
  0.81590909090909092        9.3164259514799154E-004   0.0000000000000000     
  0.81818181818181823        1.0012310890030456E-003   0.0000000000000000     
  0.82045454545454555        1.0310673610437844E-003   0.0000000000000000     
  0.82272727272727275        1.0199668115136670E-003   0.0000000000000000     
  0.82500000000000007        9.6837016934333468E-004   0.0000000000000000     
  0.82727272727272738        8.7832599373850544E-004   0.0000000000000000     
  0.82954545454545459        7.5340933953022861E-004   0.0000000000000000     
  0.83181818181818190        5.9857981554499570E-004   0.0000000000000000     
  0.83636363636363642        2.2503931102598173E-004   0.0000000000000000     
  0.84545454545454546       -5.6561155448101258E-004   0.0000000000000000     
  0.84772727272727277       -7.2675227311595476E-004   0.0000000000000000     
  0.85000000000000009       -8.5903849663755618E-004   0.0000000000000000     
  0.85227272727272729       -9.5721801967767455E-004   0.0000000000000000     
  0.85454545454545461       -1.0173927869118482E-003   0.0000000000000000     
  0.85681818181818192       -1.0371736588886593E-003   0.0000000000000000     
  0.85909090909090913       -1.0157752688539812E-003   0.0000000000000000     
  0.86136363636363644       -9.5404720443695236E-004   0.0000000000000000     
  0.86363636363636376       -8.5444027618053909E-004   0.0000000000000000     
  0.86818181818181828       -5.5931278644707333E-004   0.0000000000000000     
  0.87272727272727280       -1.7708797352410880E-004   0.0000000000000000     
  0.87727272727272732        2.3271333833959978E-004   0.0000000000000000     
  0.88181818181818183        6.0627605646647580E-004   0.0000000000000000     
  0.88409090909090904        7.6065855799921801E-004   0.0000000000000000     
  0.88636363636363635        8.8484037154429275E-004   0.0000000000000000     
  0.88863636363636367        9.7389106390643012E-004   0.0000000000000000     
  0.89090909090909087        1.0242750248609979E-003   0.0000000000000000     
  0.89318181818181819        1.0339918427011048E-003   0.0000000000000000     
  0.89545454545454550        1.0026557272706570E-003   0.0000000000000000     
  0.89772727272727271        9.3151082712344653E-004   0.0000000000000000     
  0.90000000000000002        8.2338183266577887E-004   0.0000000000000000     
  0.90454545454545454        5.1516934182740319E-004   0.0000000000000000     
  0.90909090909090917        1.2673363466047648E-004   0.0000000000000000     
  0.91363636363636369       -2.8143729151890325E-004   0.0000000000000000     
  0.91818181818181821       -6.4578223100359366E-004   0.0000000000000000     
  0.92045454545454541       -7.9311155823244919E-004   0.0000000000000000     
  0.92272727272727273       -9.0895170485891382E-004   0.0000000000000000     
  0.92500000000000004       -9.8870342975445713E-004   0.0000000000000000     
  0.92727272727272725       -1.0292003227936406E-003   0.0000000000000000     
  0.92954545454545445       -1.0288345219228781E-003   0.0000000000000000     
  0.93181818181818177       -9.8762055065977736E-004   0.0000000000000000     
  0.93409090909090908       -9.0719474146094511E-004   0.0000000000000000     
  0.93636363636363629       -7.9075026785244270E-004   0.0000000000000000     
  0.94090909090909092       -4.7004163470416854E-004   0.0000000000000000     
  0.94545454545454544       -7.6137163444620529E-005   0.0000000000000000     
  0.94999999999999996        3.2962354155739590E-004   0.0000000000000000     
  0.95454545454545459        6.8405459913215103E-004   0.0000000000000000     
  0.95681818181818179        8.2404927037587131E-004   0.0000000000000000     
  0.95909090909090911        9.3132643040595524E-004   0.0000000000000000     
  0.96136363636363642        1.0016268172917931E-003   0.0000000000000000     
  0.96363636363636362        1.0321592706271482E-003   0.0000000000000000     
  0.96590909090909083        1.0217115499304287E-003   0.0000000000000000     
  0.96818181818181814        9.7069846464487713E-004   0.0000000000000000     
  0.97045454545454546        8.8114540481678421E-004   0.0000000000000000     
  0.97272727272727266        7.5660792633883470E-004   0.0000000000000000     
  0.97727272727272729        4.2401588431906494E-004   0.0000000000000000     
  0.98181818181818181        2.5395227526138534E-005   0.0000000000000000     
  0.98636363636363633       -3.7718002568029970E-004   0.0000000000000000     
  0.99090909090909096       -7.2102003915446152E-004   0.0000000000000000     
  0.99318181818181817       -8.5341258604019218E-004   0.0000000000000000     
  0.99545454545454548       -9.5192179990520034E-004   0.0000000000000000     
  0.99772727272727280       -1.0126365355969495E-003   0.0000000000000000     
   1.0000000000000000       -1.0331462151108963E-003   0.0000000000000000     
