X My_beautiful_solution_real My_beautiful_solution_imag
   0.0000000000000000        0.0000000000000000        0.0000000000000000     
   1.8181818181818184E-002  -2.7119115180089309E-004   0.0000000000000000     
   3.6363636363636369E-002  -2.8780308156912553E-004   0.0000000000000000     
   4.5454545454545456E-002  -1.6105703849834230E-004   0.0000000000000000     
   5.4545454545454543E-002  -1.5921963930601252E-005   0.0000000000000000     
   7.2727272727272738E-002   5.6865933052838190E-005   0.0000000000000000     
   8.1818181818181832E-002  -5.7544846431652263E-005   0.0000000000000000     
   9.0909090909090925E-002  -2.1338554536235829E-004   0.0000000000000000     
  0.10909090909090909       -3.4201269415988554E-004   0.0000000000000000     
  0.11818181818181819       -2.4046644031077842E-004   0.0000000000000000     
  0.12727272727272729       -7.4641033070816707E-005   0.0000000000000000     
  0.14545454545454548        1.0923034084272005E-004   0.0000000000000000     
  0.16363636363636366       -1.3455951263879201E-004   0.0000000000000000     
  0.18181818181818185       -3.6880264806165729E-004   0.0000000000000000     
  0.20000000000000001       -1.7341201704250617E-004   0.0000000000000000     
  0.21818181818181820        1.0120265200368306E-004   0.0000000000000000     
  0.22727272727272729        7.8431012102631162E-005   0.0000000000000000     
  0.23636363636363639       -6.4350017437651982E-005   0.0000000000000000     
  0.25454545454545457       -3.7317111248246897E-004   0.0000000000000000     
  0.26363636363636367       -3.6074568937285848E-004   0.0000000000000000     
  0.27272727272727276       -2.1453260034383275E-004   0.0000000000000000     
  0.29090909090909095        1.2706632029760233E-004   0.0000000000000000     
  0.30000000000000004        1.2504459374598542E-004   0.0000000000000000     
  0.30909090909090908       -2.3924175854934611E-005   0.0000000000000000     
  0.32727272727272733       -3.9672069210486787E-004   0.0000000000000000     
  0.33636363636363642       -4.0511201457909949E-004   0.0000000000000000     
  0.34545454545454551       -2.5407669104806144E-004   0.0000000000000000     
  0.36363636363636370        1.4819287134944107E-004   0.0000000000000000     
  0.37272727272727280        1.6695842475434431E-004   0.0000000000000000     
  0.38181818181818189        1.4555233773407535E-005   0.0000000000000000     
  0.40000000000000002       -4.1532648357032326E-004   0.0000000000000000     
  0.40909090909090912       -4.0703712276027559E-004   0.0000000000000000     
  0.41818181818181821       -1.6352393766139165E-004   0.0000000000000000     
  0.42727272727272725        1.7448855432782408E-004   0.0000000000000000     
  0.43636363636363634        4.1166536635427366E-004   0.0000000000000000     
  0.44545454545454544        4.1094372542279208E-004   0.0000000000000000     
  0.45454545454545459        1.7274066263490282E-004   0.0000000000000000     
  0.46363636363636368       -1.6528798608387893E-004   0.0000000000000000     
  0.47272727272727277       -4.0779789702269625E-004   0.0000000000000000     
  0.48181818181818187       -4.1464433770079743E-004   0.0000000000000000     
  0.49090909090909096       -1.8187079931586853E-004   0.0000000000000000     
  0.50000000000000000        1.5600456528932024E-004   0.0000000000000000     
  0.50909090909090904        4.0372601419015955E-004   0.0000000000000000     
  0.51818181818181808        4.1813710461878798E-004   0.0000000000000000     
  0.52727272727272723        1.9090977111570163E-004   0.0000000000000000     
  0.53636363636363638       -1.4664294536821399E-004   0.0000000000000000     
  0.54545454545454541       -3.9945175893591741E-004   0.0000000000000000     
  0.55454545454545445       -4.2142027538618585E-004   0.0000000000000000     
  0.56363636363636360       -1.9985304714327309E-004   0.0000000000000000     
  0.57272727272727275        1.3720781894285212E-004   0.0000000000000000     
  0.58181818181818190        3.9497727378077938E-004   0.0000000000000000     
  0.59090909090909094        4.2449220427495925E-004   0.0000000000000000     
  0.59999999999999998        2.0869614447609937E-004   0.0000000000000000     
  0.61818181818181817       -4.0684855061657568E-004   0.0000000000000000     
  0.63636363636363635       -2.9275902842884881E-004   0.0000000000000000     
  0.65454545454545454        3.4635879786794858E-004   0.0000000000000000     
  0.67272727272727273        3.6432354398890731E-004   0.0000000000000000     
  0.69090909090909092       -2.7108241368720040E-004   0.0000000000000000     
  0.70909090909090911       -4.2033448331481473E-004   0.0000000000000000     
  0.71818181818181825       -1.5216103248896808E-004   0.0000000000000000     
  0.72727272727272729        2.0394518409316446E-004   0.0000000000000000     
  0.74545454545454548        4.8218566760561840E-004   0.0000000000000000     
  0.75454545454545463        2.4352676127463555E-004   0.0000000000000000     
  0.76363636363636367       -1.3586450802912268E-004   0.0000000000000000     
  0.78181818181818186       -5.4180627034083049E-004   0.0000000000000000     
  0.79090909090909101       -3.3376593998118195E-004   0.0000000000000000     
  0.80000000000000004        6.7155325383426952E-005   0.0000000000000000     
  0.80909090909090908        4.2926801144468299E-004   0.0000000000000000     
  0.81818181818181823        5.4330980261522879E-004   0.0000000000000000     
  0.82727272727272738        3.4337676839856868E-004   0.0000000000000000     
  0.83636363636363642       -5.4991229407940861E-005   0.0000000000000000     
  0.84545454545454546       -4.2158019144503079E-004   0.0000000000000000     
  0.85454545454545461       -5.4454099444925866E-004   0.0000000000000000     
  0.86363636363636376       -3.5281547516479469E-004   0.0000000000000000     
  0.87272727272727280        4.2799568430753491E-005   0.0000000000000000     
  0.88181818181818183        4.1368104940694582E-004   0.0000000000000000     
  0.89090909090909087        5.4549922869350550E-004   0.0000000000000000     
  0.90000000000000002        3.6207732901688013E-004   0.0000000000000000     
  0.90909090909090917       -3.0586453665583590E-005   0.0000000000000000     
  0.91818181818181821       -4.0557454486845013E-004   0.0000000000000000     
  0.92727272727272725       -5.4618402502176300E-004   0.0000000000000000     
  0.93636363636363629       -3.7115768734144640E-004   0.0000000000000000     
  0.94545454545454544        1.8358007080109078E-005   0.0000000000000000     
  0.95454545454545459        3.9726474131046330E-004   0.0000000000000000     
  0.96363636363636362        5.4659504017180488E-004   0.0000000000000000     
  0.97272727272727266        3.8005199850188671E-004   0.0000000000000000     
  0.98181818181818181       -6.1203583272789203E-006   0.0000000000000000     
  0.99090909090909096       -3.8875580411993347E-004   0.0000000000000000     
   1.0000000000000000       -5.4673206811744340E-004   0.0000000000000000     
