933.64197531 -30.48400116
223.92021751 -15.02563953
524.03871439 -22.83454704
182.53389425 -13.57444477
786.52455158 -27.97677612
109.65171478 -10.54492950
145.37262488 -12.13862801
198.95399003 -14.15826607
631.92598905 -25.09123230
225.90180270 -15.09299469
573.55215576 -23.87554932
901.62235208 -29.97000885
1.04862520 -0.97526306
363.28588949 -19.04743958
567.24076329 -23.74122047
86.16076437 -9.38125992
246.19777435 -15.74713993
146.97011426 -12.20564079
33.41742644 -5.86344910
801.41699357 -28.24238205
358.26645564 -18.91461182
816.44910676 -28.51204681
314.66285204 -17.74741936
554.72273174 -23.47193146
399.39962485 -19.97140884
84.93864134 -9.31646252
66.57187818 -8.23449326
412.71203636 -20.30929375
700.10299489 -26.39356041
139.06996185 -11.86691666
98.86211437 -10.03030205
333.69305341 -18.25695610
378.55369784 -19.44269753
269.53159466 -16.44993973
6.13789465 -2.55582595
545.42586731 -23.27492142
1003.53868283 -31.54547501
689.65384303 -26.19411278
9.43762682 -3.12494493
93.67682097 -9.76880646
153.44736629 -12.47289658
827.81485089 -28.71430206
451.14780546 -21.23252106
12.49293438 -3.59020305
34.96253912 -6.00121784
73.19753086 -8.63401318
40.64541118 -6.47406721
652.01245390 -25.48509979
378.55369784 -19.44269753
746.29051574 -27.24826431
1024.57665774 -31.84628487
289.40855270 -17.04352760
13.44444444 -3.72301936
125.39964289 -11.27000713
602.38552967 -24.48866081
1024.57665774 -31.84628487
8.25915104 -2.92752624
2.83816249 -1.75096071
491.29454680 -22.13829803
576.72094617 -23.94240952
439.99156814 -20.97063637
797.68078890 -28.17559624
693.12816420 -26.26001167
26.89652716 -5.25990486
431.71604938 -20.77349281
812.67798429 -28.44436836
58.22652382 -7.71194077
10.69466764 -3.32752609
113.84185086 -10.74016857
137.51611972 -11.80015373
212.21402484 -14.61575890
195.24397370 -14.02667713
269.53159466 -16.44993973
728.35149564 -26.92199135
303.05268331 -17.43024445
0.31535139 -0.97526306
204.58448539 -14.35426235
812.67798429 -28.44436836
317.01107414 -17.81048203
64.43316289 -8.09786224
225.90180270 -15.09299469
312.32335940 -17.68437004
482.54763773 -21.94585228
35.74818963 -6.07127285
386.30544959 -19.63739395
554.72273174 -23.47193146
721.23699375 -26.79085732
43.21186953 -6.67284918
394.13576640 -19.83469963
824.01754006 -28.64699554
448.34565196 -21.16681671
210.29354580 -14.54790020
476.76001226 -21.81659889
256.67311456 -16.06503487
5.81490500 -2.49088573
509.02406010 -22.51711273
202.69892415 -14.28912258
635.25190957 -25.15731430
459.60664268 -21.42838669
1.49382716 -0.97526306
