X My_beautiful_solution_real My_beautiful_solution_imag
   0.0000000000000000        0.0000000000000000        0.0000000000000000     
   1.1111111111111110E-002  -1.8660940068525940E-003   0.0000000000000000     
   2.2222222222222220E-002  -3.2961846346750666E-003   0.0000000000000000     
   3.3333333333333333E-002  -3.9581792696031888E-003   0.0000000000000000     
   4.4444444444444439E-002  -3.6865529102094352E-003   0.0000000000000000     
   5.5555555555555552E-002  -2.5556229946505963E-003   0.0000000000000000     
   6.6666666666666666E-002  -8.2801167039648314E-004   0.0000000000000000     
   7.7777777777777779E-002   1.0949038648018666E-003   0.0000000000000000     
   8.8888888888888892E-002   2.7615737642289594E-003   0.0000000000000000     
  0.10000000000000001        3.7849674771061048E-003   0.0000000000000000     
  0.11111111111111112        3.9155958909001627E-003   0.0000000000000000     
  0.12222222222222222        3.1333167143369109E-003   0.0000000000000000     
  0.13333333333333333        1.6197891594007074E-003   0.0000000000000000     
  0.14444444444444443       -2.7580021299913220E-004   0.0000000000000000     
  0.15555555555555556       -2.1061151228169389E-003   0.0000000000000000     
  0.16666666666666666       -3.4461237218812546E-003   0.0000000000000000     
  0.17777777777777778       -3.9732905478387336E-003   0.0000000000000000     
  0.18888888888888888       -3.5738950161543969E-003   0.0000000000000000     
  0.20000000000000001       -2.3406839104951659E-003   0.0000000000000000     
  0.21111111111111111       -5.5537258626023962E-004   0.0000000000000000     
  0.22222222222222224        1.3584918898640955E-003   0.0000000000000000     
  0.23333333333333334        2.9564759665400551E-003   0.0000000000000000     
  0.25000000000000000        3.9700596755245622E-003   0.0000000000000000     
  0.26666666666666672        2.9591370211920712E-003   0.0000000000000000     
  0.27777777777777785        1.3622364043371694E-003   0.0000000000000000     
  0.28888888888888892       -5.5141812672941616E-004   0.0000000000000000     
  0.30000000000000004       -2.3374417736661394E-003   0.0000000000000000     
  0.31111111111111117       -3.5721299291412928E-003   0.0000000000000000     
  0.32222222222222224       -3.9734132426412841E-003   0.0000000000000000     
  0.33333333333333337       -3.4481065538079741E-003   0.0000000000000000     
  0.34444444444444444       -2.1094903986713094E-003   0.0000000000000000     
  0.35555555555555557       -2.7978033906032971E-004   0.0000000000000000     
  0.36666666666666664        1.6161322338862831E-003   0.0000000000000000     
  0.37777777777777777        3.1308455532407784E-003   0.0000000000000000     
  0.38888888888888890        3.9148859829821556E-003   0.0000000000000000     
  0.40000000000000002        3.7861853166468100E-003   0.0000000000000000     
  0.41111111111111115        2.7644320978006086E-003   0.0000000000000000     
  0.42222222222222222        1.0987354851989680E-003   0.0000000000000000     
  0.43333333333333335       -8.2409998498270544E-004   0.0000000000000000     
  0.44444444444444448       -2.5525538986470235E-003   0.0000000000000000     
  0.45555555555555555       -3.6850414654763333E-003   0.0000000000000000     
  0.46666666666666667       -3.9585788235249504E-003   0.0000000000000000     
  0.47777777777777780       -3.2984009439382097E-003   0.0000000000000000     
  0.48888888888888887       -1.8696094480690900E-003   0.0000000000000000     
  0.50000000000000000       -3.9952681137133427E-006   0.0000000000000000     
  0.51111111111111107        1.8625612810308377E-003   0.0000000000000000     
  0.52222222222222225        3.2939377946615599E-003   0.0000000000000000     
  0.53333333333333333        3.9577430532378565E-003   0.0000000000000000     
  0.54444444444444440        3.6880302084249506E-003   0.0000000000000000     
  0.55555555555555558        2.5586684193200965E-003   0.0000000000000000     
  0.56666666666666665        8.3191568639231681E-004   0.0000000000000000     
  0.57777777777777772       -1.0910621029107956E-003   0.0000000000000000     
  0.58888888888888891       -2.7586898517142039E-003   0.0000000000000000     
  0.59999999999999998       -3.7837145794876515E-003   0.0000000000000000     
  0.61666666666666670       -4.2969871557871171E-003   0.0000000000000000     
  0.63333333333333330       -3.9371022001882597E-003   0.0000000000000000     
  0.64444444444444449       -3.2793610480597261E-003   0.0000000000000000     
  0.65555555555555556       -2.4600187682368561E-003   0.0000000000000000     
  0.66666666666666674       -1.6693412879708216E-003   0.0000000000000000     
  0.67777777777777781       -1.0945763592277514E-003   0.0000000000000000     
  0.68888888888888888       -8.6750490813212566E-004   0.0000000000000000     
  0.69999999999999996       -1.0408569856759657E-003   0.0000000000000000     
  0.71666666666666667       -1.9396466723402396E-003   0.0000000000000000     
  0.73333333333333339       -3.1673894247541655E-003   0.0000000000000000     
  0.74444444444444446       -3.8598641554526639E-003   0.0000000000000000     
  0.75555555555555565       -4.2547093031113170E-003   0.0000000000000000     
  0.76666666666666672       -4.2602347645950339E-003   0.0000000000000000     
  0.78333333333333344       -3.5592222568043741E-003   0.0000000000000000     
  0.80000000000000004       -2.3612706759538293E-003   0.0000000000000000     
  0.81111111111111112       -1.2777426890427527E-003   0.0000000000000000     
  0.82222222222222230        1.0310593804296014E-004   0.0000000000000000     
  0.83333333333333337        1.4606174644593158E-003   0.0000000000000000     
  0.84444444444444444        2.4736112122180328E-003   0.0000000000000000     
  0.85555555555555562        2.9094113516750313E-003   0.0000000000000000     
  0.86666666666666670        2.6668172983225751E-003   0.0000000000000000     
  0.87777777777777777        1.7951975116348253E-003   0.0000000000000000     
  0.88888888888888895        5.0551393212589478E-004   0.0000000000000000     
  0.90000000000000002       -9.0274585344264440E-004   0.0000000000000000     
  0.91111111111111109       -2.0980737771868537E-003   0.0000000000000000     
  0.92222222222222228       -2.8036628731857734E-003   0.0000000000000000     
  0.93333333333333335       -2.8556627373841261E-003   0.0000000000000000     
  0.94444444444444442       -2.2340936440572732E-003   0.0000000000000000     
  0.95555555555555560       -1.0920122740991458E-003   0.0000000000000000     
  0.96666666666666667        3.0536965792043438E-004   0.0000000000000000     
  0.97777777777777775        1.6307236436939134E-003   0.0000000000000000     
  0.98888888888888893        2.5752247844629886E-003   0.0000000000000000     
   1.0000000000000000        2.9195430276187963E-003   0.0000000000000000     
