X My_beautiful_solution_real My_beautiful_solution_imag
   0.0000000000000000        5.0380941753479621E-025   0.0000000000000000     
   4.7619047619047615E-003  -8.2696482698549399E-004   0.0000000000000000     
   9.5238095238095229E-003  -1.6177874755318354E-003   0.0000000000000000     
   1.4285714285714285E-002  -2.3379048586334508E-003   0.0000000000000000     
   1.9047619047619046E-002  -2.9558446602329933E-003   0.0000000000000000     
   2.3809523809523805E-002  -3.4445999645727116E-003   0.0000000000000000     
   2.8571428571428571E-002  -3.7828095183704172E-003   0.0000000000000000     
   3.3333333333333333E-002  -3.9556923039733667E-003   0.0000000000000000     
   3.8095238095238092E-002  -3.9556922434528614E-003   0.0000000000000000     
   4.2857142857142858E-002  -3.7828096419948187E-003   0.0000000000000000     
   4.7619047619047616E-002  -3.4445998645110196E-003   0.0000000000000000     
   5.2380952380952375E-002  -2.9558446586177558E-003   0.0000000000000000     
   5.7142857142857134E-002  -2.3379049572692630E-003   0.0000000000000000     
   6.1904761904761907E-002  -1.6177873585647693E-003   0.0000000000000000     
   6.6666666666666666E-002  -8.2696487538830223E-004   0.0000000000000000     
   7.1428571428571425E-002  -3.5750577152640746E-011   0.0000000000000000     
   7.6190476190476197E-002   8.2696491810802246E-004   0.0000000000000000     
   8.0952380952380956E-002   1.6177873978146142E-003   0.0000000000000000     
   8.5714285714285715E-002   2.3379048605863656E-003   0.0000000000000000     
   9.0476190476190474E-002   2.9558447396741869E-003   0.0000000000000000     
   9.5238095238095233E-002   3.4445998654010867E-003   0.0000000000000000     
  0.10000000000000001        3.7828095687719812E-003   0.0000000000000000     
  0.10476190476190476        3.9556922359789562E-003   0.0000000000000000     
  0.10952380952380952        3.9556923861270594E-003   0.0000000000000000     
  0.11428571428571428        3.7828095256858020E-003   0.0000000000000000     
  0.11904761904761904        3.4445998633040520E-003   0.0000000000000000     
  0.12380952380952381        2.9558447738612988E-003   0.0000000000000000     
  0.12857142857142856        2.3379048195696817E-003   0.0000000000000000     
  0.13333333333333333        1.6177874175043736E-003   0.0000000000000000     
  0.13809523809523810        8.2696489692417720E-004   0.0000000000000000     
  0.14285714285714285       -2.5544921163134118E-011   0.0000000000000000     
  0.14761904761904762       -8.2696486470600539E-004   0.0000000000000000     
  0.15238095238095237       -1.6177874000198517E-003   0.0000000000000000     
  0.15714285714285714       -2.3379049159350965E-003   0.0000000000000000     
  0.16190476190476188       -2.9558446692896112E-003   0.0000000000000000     
  0.16666666666666666       -3.4445999034809168E-003   0.0000000000000000     
  0.17142857142857143       -3.7828094962753449E-003   0.0000000000000000     
  0.17619047619047618       -3.9556923914674021E-003   0.0000000000000000     
  0.18095238095238095       -3.9556922586539813E-003   0.0000000000000000     
  0.18571428571428572       -3.7828095249398566E-003   0.0000000000000000     
  0.19047619047619047       -3.4445999901186321E-003   0.0000000000000000     
  0.19523809523809524       -2.9558446214473363E-003   0.0000000000000000     
  0.20000000000000001       -2.3379048864701382E-003   0.0000000000000000     
  0.20476190476190478       -1.6177874238843251E-003   0.0000000000000000     
  0.20952380952380953       -8.2696486813461445E-004   0.0000000000000000     
  0.21428571428571430       -1.2079646553156705E-012   0.0000000000000000     
  0.21904761904761905        8.2696486706719053E-004   0.0000000000000000     
  0.22380952380952382        1.6177874288571183E-003   0.0000000000000000     
  0.22857142857142856        2.3379048774137177E-003   0.0000000000000000     
  0.23333333333333334        2.9558446933834388E-003   0.0000000000000000     
  0.23888888888888890        3.5119075416766461E-003   0.0000000000000000     
  0.24444444444444446        3.8593332432550259E-003   0.0000000000000000     
  0.25000000000000000        3.9774812681358431E-003   0.0000000000000000     
  0.25555555555555559        3.8593332432555068E-003   0.0000000000000000     
  0.26111111111111113        3.5119075416775820E-003   0.0000000000000000     
  0.26666666666666672        2.9558446933847710E-003   0.0000000000000000     
  0.27142857142857146        2.3379048774153288E-003   0.0000000000000000     
  0.27619047619047626        1.6177874288589376E-003   0.0000000000000000     
  0.28095238095238101        8.2696486706913732E-004   0.0000000000000000     
  0.28571428571428575       -1.2059747017709883E-012   0.0000000000000000     
  0.29047619047619050       -8.2696486813266755E-004   0.0000000000000000     
  0.29523809523809530       -1.6177874238825071E-003   0.0000000000000000     
  0.30000000000000004       -2.3379048864685288E-003   0.0000000000000000     
  0.30476190476190479       -2.9558446214460036E-003   0.0000000000000000     
  0.30952380952380959       -3.4445999901176363E-003   0.0000000000000000     
  0.31428571428571433       -3.7828095249392390E-003   0.0000000000000000     
  0.31904761904761908       -3.9556922586537731E-003   0.0000000000000000     
  0.32380952380952382       -3.9556923914676103E-003   0.0000000000000000     
  0.32857142857142863       -3.7828094962759624E-003   0.0000000000000000     
  0.33333333333333337       -3.4445999034819143E-003   0.0000000000000000     
  0.33809523809523812       -2.9558446692909473E-003   0.0000000000000000     
  0.34285714285714286       -2.3379049159367132E-003   0.0000000000000000     
  0.34761904761904761       -1.6177874000216780E-003   0.0000000000000000     
  0.35238095238095241       -8.2696486470796140E-004   0.0000000000000000     
  0.35714285714285715       -2.5546922445901634E-011   0.0000000000000000     
  0.36190476190476190        8.2696489692221924E-004   0.0000000000000000     
  0.36666666666666664        1.6177874175025443E-003   0.0000000000000000     
  0.37142857142857139        2.3379048195680623E-003   0.0000000000000000     
  0.37619047619047619        2.9558447738599618E-003   0.0000000000000000     
  0.38095238095238093        3.4445998633030536E-003   0.0000000000000000     
  0.38571428571428573        3.7828095256851866E-003   0.0000000000000000     
  0.39047619047619048        3.9556923861268529E-003   0.0000000000000000     
  0.39523809523809528        3.9556922359791670E-003   0.0000000000000000     
  0.40000000000000002        3.7828095687726005E-003   0.0000000000000000     
  0.40476190476190477        3.4445998654020881E-003   0.0000000000000000     
  0.40952380952380957        2.9558447396755248E-003   0.0000000000000000     
  0.41428571428571431        2.3379048605879820E-003   0.0000000000000000     
  0.41904761904761906        1.6177873978164383E-003   0.0000000000000000     
  0.42380952380952380        8.2696491810997608E-004   0.0000000000000000     
  0.42857142857142860       -3.5748580147373070E-011   0.0000000000000000     
  0.43333333333333335       -8.2696487538634915E-004   0.0000000000000000     
  0.43809523809523809       -1.6177873585629461E-003   0.0000000000000000     
  0.44285714285714289       -2.3379049572676471E-003   0.0000000000000000     
  0.44761904761904764       -2.9558446586164197E-003   0.0000000000000000     
  0.45238095238095238       -3.4445998645100222E-003   0.0000000000000000     
  0.45714285714285713       -3.7828096419942033E-003   0.0000000000000000     
  0.46190476190476193       -3.9556922434526558E-003   0.0000000000000000     
  0.46666666666666667       -3.9556923039735792E-003   0.0000000000000000     
  0.47142857142857142       -3.7828095183710386E-003   0.0000000000000000     
  0.47619047619047622       -3.4445999645737156E-003   0.0000000000000000     
  0.48095238095238096       -2.9558446602343351E-003   0.0000000000000000     
  0.48571428571428571       -2.3379048586350724E-003   0.0000000000000000     
  0.49047619047619045       -1.6177874755336666E-003   0.0000000000000000     
  0.49523809523809526       -8.2696482698745434E-004   0.0000000000000000     
  0.50000000000000000       -2.0039482155414158E-015   0.0000000000000000     
  0.50476190476190474        8.2696482698353354E-004   0.0000000000000000     
  0.50952380952380949        1.6177874755300039E-003   0.0000000000000000     
  0.51428571428571423        2.3379048586318284E-003   0.0000000000000000     
  0.51904761904761909        2.9558446602316510E-003   0.0000000000000000     
  0.52380952380952384        3.4445999645717081E-003   0.0000000000000000     
  0.52857142857142858        3.7828095183697957E-003   0.0000000000000000     
  0.53333333333333333        3.9556923039731550E-003   0.0000000000000000     
  0.53809523809523807        3.9556922434530696E-003   0.0000000000000000     
  0.54285714285714282        3.7828096419954384E-003   0.0000000000000000     
  0.54761904761904756        3.4445998645120245E-003   0.0000000000000000     
  0.55238095238095242        2.9558446586191007E-003   0.0000000000000000     
  0.55714285714285716        2.3379049572708893E-003   0.0000000000000000     
  0.56190476190476191        1.6177873585666068E-003   0.0000000000000000     
  0.56666666666666665        8.2696487539026908E-004   0.0000000000000000     
  0.57142857142857140        3.5752588604345058E-011   0.0000000000000000     
  0.57619047619047614       -8.2696491810605453E-004   0.0000000000000000     
  0.58095238095238089       -1.6177873978127750E-003   0.0000000000000000     
  0.58571428571428574       -2.3379048605847367E-003   0.0000000000000000     
  0.59047619047619049       -2.9558447396728395E-003   0.0000000000000000     
  0.59523809523809523       -3.4445998654000776E-003   0.0000000000000000     
  0.59999999999999998       -3.7828095687713562E-003   0.0000000000000000     
  0.60476190476190472       -4.0121746946434689E-003   0.0000000000000000     
  0.60952380952380947       -4.1791534790544312E-003   0.0000000000000000     
  0.61428571428571421       -4.2764479213282455E-003   0.0000000000000000     
  0.61904761904761907       -4.2998059703584172E-003   0.0000000000000000     
  0.62380952380952381       -4.2482067680277152E-003   0.0000000000000000     
  0.62857142857142856       -4.1239052629742723E-003   0.0000000000000000     
  0.63333333333333330       -3.9323342547445041E-003   0.0000000000000000     
  0.63809523809523805       -3.6818661772113760E-003   0.0000000000000000     
  0.64285714285714290       -3.3834477440561925E-003   0.0000000000000000     
  0.64761904761904765       -3.0501212285319185E-003   0.0000000000000000     
  0.65238095238095239       -2.6964546391116027E-003   0.0000000000000000     
  0.65714285714285714       -2.3379048920872227E-003   0.0000000000000000     
  0.66190476190476200       -1.9901423100122293E-003   0.0000000000000000     
  0.66666666666666674       -1.6683658191118784E-003   0.0000000000000000     
  0.67142857142857149       -1.3866386067554694E-003   0.0000000000000000     
  0.67619047619047623       -1.1572733818875829E-003   0.0000000000000000     
  0.68095238095238098       -9.9029472274552149E-004   0.0000000000000000     
  0.68571428571428572       -8.9300022351289257E-004   0.0000000000000000     
  0.69047619047619047       -8.6964211772064162E-004   0.0000000000000000     
  0.69523809523809521       -9.2124144620148174E-004   0.0000000000000000     
  0.69999999999999996       -1.0455428502122834E-003   0.0000000000000000     
  0.70476190476190470       -1.2371139026088017E-003   0.0000000000000000     
  0.70952380952380956       -1.4875819467990090E-003   0.0000000000000000     
  0.71428571428571430       -1.7860004170460457E-003   0.0000000000000000     
  0.71904761904761905       -2.1193269174879887E-003   0.0000000000000000     
  0.72380952380952379       -2.4729934907057540E-003   0.0000000000000000     
  0.72857142857142865       -2.8315432698042412E-003   0.0000000000000000     
  0.73333333333333339       -3.1793058301911223E-003   0.0000000000000000     
  0.73809523809523814       -3.5010822979746965E-003   0.0000000000000000     
  0.74285714285714288       -3.7828096023563140E-003   0.0000000000000000     
  0.74761904761904763       -4.0121747097096082E-003   0.0000000000000000     
  0.75238095238095248       -4.1791534226574218E-003   0.0000000000000000     
  0.75714285714285723       -4.2764479752648741E-003   0.0000000000000000     
  0.76190476190476197       -4.2998059616122996E-003   0.0000000000000000     
  0.76666666666666672       -4.2482067296400498E-003   0.0000000000000000     
  0.77142857142857146       -4.1239052766297735E-003   0.0000000000000000     
  0.77619047619047621       -3.9323342768146832E-003   0.0000000000000000     
  0.78095238095238095       -3.6818661709653818E-003   0.0000000000000000     
  0.78571428571428581       -3.3834477270491413E-003   0.0000000000000000     
  0.79047619047619055       -3.0501212539681267E-003   0.0000000000000000     
  0.79523809523809530       -2.6964546237054870E-003   0.0000000000000000     
  0.80000000000000004       -2.3379048864709032E-003   0.0000000000000000     
  0.80476190476190479       -1.9336598802923946E-003   0.0000000000000000     
  0.80952380952380953       -1.4449046972136838E-003   0.0000000000000000     
  0.81428571428571428       -8.9300019474174088E-004   0.0000000000000000     
  0.81904761904761914       -3.0206732767579253E-004   0.0000000000000000     
  0.82380952380952388        3.0206732003856362E-004   0.0000000000000000     
  0.82857142857142863        8.9300021436470992E-004   0.0000000000000000     
  0.83333333333333337        1.4449046823041185E-003   0.0000000000000000     
  0.83809523809523812        1.9336598416881253E-003   0.0000000000000000     
  0.84285714285714286        2.3379049475135954E-003   0.0000000000000000     
  0.84761904761904761        2.6399721878038250E-003   0.0000000000000000     
  0.85238095238095246        2.8266600642766638E-003   0.0000000000000000     
  0.85714285714285721        2.8898094265750003E-003   0.0000000000000000     
  0.86190476190476195        2.8266600452512788E-003   0.0000000000000000     
  0.86666666666666670        2.6399722184899735E-003   0.0000000000000000     
  0.87142857142857144        2.3379048637605922E-003   0.0000000000000000     
  0.87619047619047619        1.9336599200727210E-003   0.0000000000000000     
  0.88095238095238093        1.4449046664628757E-003   0.0000000000000000     
  0.88571428571428579        8.9300019307375503E-004   0.0000000000000000     
  0.89047619047619053        3.0206735695415779E-004   0.0000000000000000     
  0.89523809523809528       -3.0206735294413588E-004   0.0000000000000000     
  0.90000000000000002       -8.9300020416783143E-004   0.0000000000000000     
  0.90476190476190477       -1.4449046363382331E-003   0.0000000000000000     
  0.90952380952380951       -1.9336599476585548E-003   0.0000000000000000     
  0.91428571428571426       -2.3379048590964754E-003   0.0000000000000000     
  0.91904761904761911       -2.6399721885171693E-003   0.0000000000000000     
  0.92380952380952386       -2.8266601533235005E-003   0.0000000000000000     
  0.92857142857142860       -2.8898093176644556E-003   0.0000000000000000     
  0.93333333333333335       -2.8266600965687616E-003   0.0000000000000000     
  0.93809523809523809       -2.6399721861701756E-003   0.0000000000000000     
  0.94285714285714284       -2.3379049256947709E-003   0.0000000000000000     
  0.94761904761904758       -1.9336598708377020E-003   0.0000000000000000     
  0.95238095238095244       -1.4449046649440201E-003   0.0000000000000000     
  0.95714285714285718       -8.9300024096797867E-004   0.0000000000000000     
  0.96190476190476193       -3.0206730128008236E-004   0.0000000000000000     
  0.96666666666666667        3.0206733201898185E-004   0.0000000000000000     
  0.97142857142857142        8.9300016495862339E-004   0.0000000000000000     
  0.97619047619047616        1.4449047293608932E-003   0.0000000000000000     
  0.98095238095238091        1.9336598695343563E-003   0.0000000000000000     
  0.98571428571428577        2.3379048601273474E-003   0.0000000000000000     
  0.99047619047619051        2.6399722675513860E-003   0.0000000000000000     
  0.99523809523809526        2.8266600560520054E-003   0.0000000000000000     
   1.0000000000000000        2.8898093646073895E-003   0.0000000000000000     
