X My_beautiful_solution_real My_beautiful_solution_imag
   0.0000000000000000        0.0000000000000000        0.0000000000000000     
   1.1111111111111110E-002  -2.9504876382618634E-004   0.0000000000000000     
   2.2222222222222220E-002  -6.4167588112713086E-004   0.0000000000000000     
   3.3333333333333333E-002  -9.5938833755732382E-004   0.0000000000000000     
   4.4444444444444439E-002  -1.1727410533616573E-003   0.0000000000000000     
   5.5555555555555552E-002  -1.2330984302965997E-003   0.0000000000000000     
   6.6666666666666666E-002  -1.1264444062452817E-003   0.0000000000000000     
   7.7777777777777779E-002  -8.7602690506892499E-004   0.0000000000000000     
   8.8888888888888892E-002  -5.4202594972088778E-004   0.0000000000000000     
  0.10000000000000001       -2.0200253398487930E-004   0.0000000000000000     
  0.11111111111111112        6.3735028316397430E-005   0.0000000000000000     
  0.12222222222222222        1.9396207767258779E-004   0.0000000000000000     
  0.13333333333333333        1.5843756475776593E-004   0.0000000000000000     
  0.14444444444444443       -3.6390285758268653E-005   0.0000000000000000     
  0.15555555555555556       -3.4314903974966179E-004   0.0000000000000000     
  0.16666666666666666       -6.9060382967948519E-004   0.0000000000000000     
  0.17777777777777778       -9.9709743736364656E-004   0.0000000000000000     
  0.18888888888888888       -1.1914953620138756E-003   0.0000000000000000     
  0.20000000000000001       -1.2286549296828756E-003   0.0000000000000000     
  0.21111111111111111       -1.0979424884948901E-003   0.0000000000000000     
  0.22222222222222224       -8.3184984367833060E-004   0.0000000000000000     
  0.23333333333333334       -4.9216846510789346E-004   0.0000000000000000     
  0.25000000000000000       -2.1320145086298518E-005   0.0000000000000000     
  0.26666666666666672        1.9678756671866302E-004   0.0000000000000000     
  0.27777777777777785        1.3761759305031747E-004   0.0000000000000000     
  0.28888888888888892       -7.4119567643441176E-005   0.0000000000000000     
  0.30000000000000004       -3.8925476077969804E-004   0.0000000000000000     
  0.31111111111111117       -7.3450837625131345E-004   0.0000000000000000     
  0.32222222222222224       -1.0288635359020405E-003   0.0000000000000000     
  0.33333333333333337       -1.2039657085776705E-003   0.0000000000000000     
  0.34444444444444444       -1.2170193517253808E-003   0.0000000000000000     
  0.35555555555555557       -1.0668583579586594E-003   0.0000000000000000     
  0.36666666666666664       -7.8835279491536842E-004   0.0000000000000000     
  0.37777777777777777       -4.4582987154516890E-004   0.0000000000000000     
  0.38888888888888890       -1.2006252795623375E-004   0.0000000000000000     
  0.40000000000000002        1.1330023393553684E-004   0.0000000000000000     
  0.41111111111111115        2.5897248984350029E-004   0.0000000000000000     
  0.42222222222222222        3.4419555620445006E-004   0.0000000000000000     
  0.43333333333333335        3.4917911321716722E-004   0.0000000000000000     
  0.44444444444444448        2.7180132965550332E-004   0.0000000000000000     
  0.45555555555555555        1.3109857978668845E-004   0.0000000000000000     
  0.46666666666666667       -4.0255442098330519E-005   0.0000000000000000     
  0.47777777777777780       -2.0211435946210373E-004   0.0000000000000000     
  0.48888888888888887       -3.1677103936424513E-004   0.0000000000000000     
  0.50000000000000000       -3.5760015066495563E-004   0.0000000000000000     
  0.51111111111111107       -3.1408164011908428E-004   0.0000000000000000     
  0.52222222222222225       -1.9736392543474317E-004   0.0000000000000000     
  0.53333333333333333       -3.4550946879551491E-005   0.0000000000000000     
  0.54444444444444440        1.3641160934337504E-004   0.0000000000000000     
  0.55555555555555558        2.7548447237365716E-004   0.0000000000000000     
  0.56666666666666665        3.5037243678670430E-004   0.0000000000000000     
  0.57777777777777772        3.4261758981223787E-004   0.0000000000000000     
  0.58888888888888891        2.5499253257998570E-004   0.0000000000000000     
  0.59999999999999998        1.0784537011918628E-004   0.0000000000000000     
  0.61666666666666670       -1.4628799271232886E-004   0.0000000000000000     
  0.63333333333333330       -3.2582273579290807E-004   0.0000000000000000     
  0.64444444444444449       -3.5524540367108648E-004   0.0000000000000000     
  0.65555555555555556       -3.0183477922778138E-004   0.0000000000000000     
  0.66666666666666674       -1.7799376444306298E-004   0.0000000000000000     
  0.67777777777777781       -1.2169124354005647E-005   0.0000000000000000     
  0.68888888888888888        1.5640699823465246E-004   0.0000000000000000     
  0.69999999999999996        2.8858821350927362E-004   0.0000000000000000     
  0.71666666666666667        3.5379942979100337E-004   0.0000000000000000     
  0.73333333333333339        2.3859290541114513E-004   0.0000000000000000     
  0.74444444444444446        8.6055885897553275E-005   0.0000000000000000     
  0.75555555555555565       -8.6464638147809258E-005   0.0000000000000000     
  0.76666666666666672       -2.3890631636698778E-004   0.0000000000000000     
  0.78333333333333344       -3.5384514991237520E-004   0.0000000000000000     
  0.80000000000000004       -2.8834292811473407E-004   0.0000000000000000     
  0.81111111111111112       -1.5602957851791163E-004   0.0000000000000000     
  0.82222222222222230        1.2590622660960688E-005   0.0000000000000000     
  0.83333333333333337        1.7836104977147303E-004   0.0000000000000000     
  0.84444444444444444        3.0206121950007795E-004   0.0000000000000000     
  0.85555555555555562        3.5527828163679369E-004   0.0000000000000000     
  0.86666666666666670        3.2565428283004344E-004   0.0000000000000000     
  0.87777777777777777        2.1921777639489508E-004   0.0000000000000000     
  0.88888888888888895        6.1730054447523903E-005   0.0000000000000000     
  0.90000000000000002       -1.1023741808843729E-004   0.0000000000000000     
  0.91111111111111109       -2.5620304460454362E-004   0.0000000000000000     
  0.92222222222222228       -3.4236496922336048E-004   0.0000000000000000     
  0.93333333333333335       -3.4871485246936503E-004   0.0000000000000000     
  0.94444444444444442       -2.7281290093935295E-004   0.0000000000000000     
  0.95555555555555560       -1.3334939524617753E-004   0.0000000000000000     
  0.96666666666666667        3.7289744974538704E-005   0.0000000000000000     
  0.97777777777777775        1.9913330358820234E-004   0.0000000000000000     
  0.98888888888888893        3.1446960421246299E-004   0.0000000000000000     
   1.0000000000000000        3.5651549562419670E-004   0.0000000000000000     
