X My_beautiful_solution_real My_beautiful_solution_imag
   0.0000000000000000        0.0000000000000000        0.0000000000000000     
   6.6666666666666671E-003  -1.6416528121508591E-004   0.0000000000000000     
   1.3333333333333334E-002  -3.5844622732073684E-004   0.0000000000000000     
   2.0000000000000004E-002  -5.6625474901945050E-004   0.0000000000000000     
   2.6666666666666668E-002  -7.6985473562603843E-004   0.0000000000000000     
   3.3333333333333333E-002  -9.5186634559635578E-004   0.0000000000000000     
   4.1666666666666664E-002  -1.1256592623658415E-003   0.0000000000000000     
   5.0000000000000003E-002  -1.2185435663441102E-003   0.0000000000000000     
   5.8333333333333334E-002  -1.2182540511236671E-003   0.0000000000000000     
   6.6666666666666666E-002  -1.1248128792782507E-003   0.0000000000000000     
   7.3333333333333334E-002  -9.9093831193360505E-004   0.0000000000000000     
   8.0000000000000002E-002  -8.1659808759793799E-004   0.0000000000000000     
   8.6666666666666670E-002  -6.1668300904710392E-004   0.0000000000000000     
   9.3333333333333338E-002  -4.0825549476053522E-004   0.0000000000000000     
  0.10000000000000001       -2.0910242768434564E-004   0.0000000000000000     
  0.10833333333333334        1.1244524172169703E-006   0.0000000000000000     
  0.11666666666666667        1.4245344598131336E-004   0.0000000000000000     
  0.12500000000000000        1.9621293612076031E-004   0.0000000000000000     
  0.13333333333333333        1.5527960148177249E-004   0.0000000000000000     
  0.13999999999999999        5.7546741544632496E-005   0.0000000000000000     
  0.14666666666666667       -8.9233214261191598E-005   0.0000000000000000     
  0.15333333333333332       -2.7251755283650081E-004   0.0000000000000000     
  0.16000000000000000       -4.7666326161732465E-004   0.0000000000000000     
  0.16666666666666666       -6.8425379271495326E-004   0.0000000000000000     
  0.17499999999999999       -9.2172666160504288E-004   0.0000000000000000     
  0.18333333333333335       -1.1053235552097615E-003   0.0000000000000000     
  0.19166666666666668       -1.2107824899553229E-003   0.0000000000000000     
  0.20000000000000001       -1.2241459856166253E-003   0.0000000000000000     
  0.20666666666666667       -1.1668262517977523E-003   0.0000000000000000     
  0.21333333333333335       -1.0540215885985961E-003   0.0000000000000000     
  0.22000000000000000       -8.9537843964372795E-004   0.0000000000000000     
  0.22666666666666668       -7.0443673306655507E-004   0.0000000000000000     
  0.23333333333333334       -4.9748149074810830E-004   0.0000000000000000     
  0.24166666666666670       -2.4314139468690254E-004   0.0000000000000000     
  0.25000000000000000       -2.5300710917046774E-005   0.0000000000000000     
  0.25833333333333336        1.2724858130284001E-004   0.0000000000000000     
  0.26666666666666672        1.9432485513042641E-004   0.0000000000000000     
  0.27333333333333337        1.7992340878176746E-004   0.0000000000000000     
  0.28000000000000003        1.0602417068882912E-004   0.0000000000000000     
  0.28666666666666674       -2.1044283218500444E-005   0.0000000000000000     
  0.29333333333333339       -1.9043687235991785E-004   0.0000000000000000     
  0.30000000000000004       -3.8771183842109471E-004   0.0000000000000000     
  0.30833333333333335       -6.4780321717055256E-004   0.0000000000000000     
  0.31666666666666671       -8.9036695495582066E-004   0.0000000000000000     
  0.32500000000000007       -1.0833394314851354E-003   0.0000000000000000     
  0.33333333333333337       -1.2011969121399535E-003   0.0000000000000000     
  0.34000000000000002       -1.2303431690735018E-003   0.0000000000000000     
  0.34666666666666668       -1.1985791253629927E-003   0.0000000000000000     
  0.35333333333333333       -1.1086388985692495E-003   0.0000000000000000     
  0.35999999999999999       -9.6819873702138173E-004   0.0000000000000000     
  0.36666666666666664       -7.8922595781889197E-004   0.0000000000000000     
  0.37500000000000000       -5.3475060091327852E-004   0.0000000000000000     
  0.38333333333333330       -2.7806506736693199E-004   0.0000000000000000     
  0.39166666666666666       -5.3103276645559565E-005   0.0000000000000000     
  0.40000000000000002        1.1038444473976575E-004   0.0000000000000000     
  0.40833333333333333        2.2482013888687960E-004   0.0000000000000000     
  0.41666666666666669        3.0934307212599307E-004   0.0000000000000000     
  0.42500000000000004        3.5278458183498501E-004   0.0000000000000000     
  0.43333333333333335        3.4939364967775981E-004   0.0000000000000000     
  0.44166666666666665        2.9953898307081650E-004   0.0000000000000000     
  0.45000000000000001        2.0995207075784865E-004   0.0000000000000000     
  0.45833333333333337        9.2483073093648920E-005   0.0000000000000000     
  0.46666666666666667       -3.7340878142793431E-005   0.0000000000000000     
  0.47499999999999998       -1.6219909331692843E-004   0.0000000000000000     
  0.48333333333333334       -2.6545089470171254E-004   0.0000000000000000     
  0.49166666666666670       -3.3345024786858677E-004   0.0000000000000000     
  0.50000000000000000       -3.5720006207800843E-004   0.0000000000000000     
  0.50833333333333330       -3.3344801457608434E-004   0.0000000000000000     
  0.51666666666666661       -2.6544672592188252E-004   0.0000000000000000     
  0.52500000000000002       -1.6219354267267387E-004   0.0000000000000000     
  0.53333333333333333       -3.7334682065301311E-005   0.0000000000000000     
  0.54166666666666663        9.2489090625753106E-005   0.0000000000000000     
  0.55000000000000004        2.0995711105479945E-004   0.0000000000000000     
  0.55833333333333335        2.9954237677036651E-004   0.0000000000000000     
  0.56666666666666665        3.4939494501784202E-004   0.0000000000000000     
  0.57499999999999996        3.5278360655620794E-004   0.0000000000000000     
  0.58333333333333326        3.0933995706098027E-004   0.0000000000000000     
  0.59166666666666667        2.2481529772294624E-004   0.0000000000000000     
  0.59999999999999998        1.1037851946358729E-004   0.0000000000000000     
  0.60833333333333328       -1.8736826142485610E-005   0.0000000000000000     
  0.61666666666666670       -1.4528709265141003E-004   0.0000000000000000     
  0.62500000000000000       -2.5254292161029331E-004   0.0000000000000000     
  0.63333333333333330       -3.2631942333978715E-004   0.0000000000000000     
  0.64166666666666661       -3.5670069151014602E-004   0.0000000000000000     
  0.65000000000000002       -3.3971339812824283E-004   0.0000000000000000     
  0.65833333333333344       -2.7761143677769976E-004   0.0000000000000000     
  0.66666666666666674       -1.7859823253675805E-004   0.0000000000000000     
  0.67500000000000004       -5.5834336612008437E-005   0.0000000000000000     
  0.68333333333333335        7.4267260885865522E-005   0.0000000000000000     
  0.69166666666666665        1.9450600683220513E-004   0.0000000000000000     
  0.69999999999999996        2.8898201922717060E-004   0.0000000000000000     
  0.70833333333333326        3.4502807213518421E-004   0.0000000000000000     
  0.71666666666666667        3.5523956931508193E-004   0.0000000000000000     
  0.72500000000000009        3.1827448968854314E-004   0.0000000000000000     
  0.73333333333333339        2.3901225948377139E-004   0.0000000000000000     
  0.74444444444444446        8.6354065524616217E-005   0.0000000000000000     
  0.75555555555555565       -8.6357084906314726E-005   0.0000000000000000     
  0.76666666666666672       -2.3901457459592950E-004   0.0000000000000000     
  0.77500000000000002       -3.1827590373747447E-004   0.0000000000000000     
  0.78333333333333344       -3.5523989513618629E-004   0.0000000000000000     
  0.79166666666666674       -3.4502726645872024E-004   0.0000000000000000     
  0.80000000000000004       -2.8898018838448600E-004   0.0000000000000000     
  0.80833333333333335       -1.9450339429592298E-004   0.0000000000000000     
  0.81666666666666665       -7.4264213928545837E-005   0.0000000000000000     
  0.82500000000000007        5.5837413347898743E-005   0.0000000000000000     
  0.83333333333333337        1.7860093040137888E-004   0.0000000000000000     
  0.84166666666666667        2.7761339699845881E-004   0.0000000000000000     
  0.85000000000000009        3.3971436094040394E-004   0.0000000000000000     
  0.85833333333333339        3.5670052905018885E-004   0.0000000000000000     
  0.86666666666666670        3.2631815650750772E-004   0.0000000000000000     
  0.87500000000000000        2.5254071887400442E-004   0.0000000000000000     
  0.88333333333333330        1.4528424697775452E-004   0.0000000000000000     
  0.89166666666666672        1.8733715443028983E-005   0.0000000000000000     
  0.90000000000000002       -1.1038148216973480E-004   0.0000000000000000     
  0.90833333333333333       -2.2481771844353027E-004   0.0000000000000000     
  0.91666666666666674       -3.0934151478421990E-004   0.0000000000000000     
  0.92500000000000004       -3.5278409441311570E-004   0.0000000000000000     
  0.93333333333333335       -3.4939429756323007E-004   0.0000000000000000     
  0.94166666666666665       -2.9954068010528220E-004   0.0000000000000000     
  0.94999999999999996       -2.0995459103577806E-004   0.0000000000000000     
  0.95833333333333337       -9.2486081916726246E-005   0.0000000000000000     
  0.96666666666666667        3.7337780127068859E-005   0.0000000000000000     
  0.97499999999999998        1.6219631809480782E-004   0.0000000000000000     
  0.98333333333333339        2.6544881047546777E-004   0.0000000000000000     
  0.99166666666666670        3.3344913142793314E-004   0.0000000000000000     
   1.0000000000000000        3.5720006229825033E-004   0.0000000000000000     
