X My_beautiful_solution_real My_beautiful_solution_imag
   0.0000000000000000        0.0000000000000000        0.0000000000000000     
   6.6666666666666671E-003  -1.1496432810165073E-003   0.0000000000000000     
   1.3333333333333334E-002  -2.2010996672338803E-003   0.0000000000000000     
   2.0000000000000004E-002  -3.0646965645757885E-003   0.0000000000000000     
   2.6666666666666668E-002  -3.6667274184051316E-003   0.0000000000000000     
   3.3333333333333333E-002  -3.9557031445177819E-003   0.0000000000000000     
   4.1666666666666664E-002  -3.8417151856715054E-003   0.0000000000000000     
   5.0000000000000003E-002  -3.2178273966094227E-003   0.0000000000000000     
   5.8333333333333334E-002  -2.1666052269244643E-003   0.0000000000000000     
   6.6666666666666666E-002  -8.2696917592456852E-004   0.0000000000000000     
   7.3333333333333334E-002   3.3284216165849201E-004   0.0000000000000000     
   8.0000000000000002E-002   1.4642043075412373E-003   0.0000000000000000     
   8.6666666666666670E-002   2.4705995783466821E-003   0.0000000000000000     
   9.3333333333333338E-002   3.2661338164621093E-003   0.0000000000000000     
  0.10000000000000001        3.7828215141603220E-003   0.0000000000000000     
  0.10833333333333334        3.9718850169383714E-003   0.0000000000000000     
  0.11666666666666667        3.6335865473185879E-003   0.0000000000000000     
  0.12500000000000000        2.8127399900437261E-003   0.0000000000000000     
  0.13333333333333333        1.6177956296005631E-003   0.0000000000000000     
  0.13999999999999999        4.9850583822623126E-004   0.0000000000000000     
  0.14666666666666667       -6.6331583765379587E-004   0.0000000000000000     
  0.15333333333333332       -1.7685249347305103E-003   0.0000000000000000     
  0.16000000000000000       -2.7227937001485744E-003   0.0000000000000000     
  0.16666666666666666       -3.4446115121021955E-003   0.0000000000000000     
  0.17499999999999999       -3.9284634482476708E-003   0.0000000000000000     
  0.18333333333333335       -3.8905396467634034E-003   0.0000000000000000     
  0.19166666666666668       -3.3359438348443344E-003   0.0000000000000000     
  0.20000000000000001       -2.3379162579593668E-003   0.0000000000000000     
  0.20666666666666667       -1.3080666197056638E-003   0.0000000000000000     
  0.21333333333333335       -1.6656287852256566E-004   0.0000000000000000     
  0.22000000000000000        9.8915683524377056E-004   0.0000000000000000     
  0.22666666666666668        2.0604537718594326E-003   0.0000000000000000     
  0.23333333333333334        2.9558546205581660E-003   0.0000000000000000     
  0.24166666666666670        3.7133482210660535E-003   0.0000000000000000     
  0.25000000000000000        3.9774565490393919E-003   0.0000000000000000     
  0.25833333333333336        3.7133501155158562E-003   0.0000000000000000     
  0.26666666666666672        2.9558581589703287E-003   0.0000000000000000     
  0.27333333333333337        2.0604582951349159E-003   0.0000000000000000     
  0.28000000000000003        9.8916195716148582E-004   0.0000000000000000     
  0.28666666666666674       -1.6655759510837646E-004   0.0000000000000000     
  0.29333333333333339       -1.3080616257242121E-003   0.0000000000000000     
  0.30000000000000004       -2.3379119798130595E-003   0.0000000000000000     
  0.30833333333333335       -3.3359409553496296E-003   0.0000000000000000     
  0.31666666666666671       -3.8905385473154818E-003   0.0000000000000000     
  0.32500000000000007       -3.9284642748555719E-003   0.0000000000000000     
  0.33333333333333337       -3.4446141561337734E-003   0.0000000000000000     
  0.34000000000000002       -2.7227975550281570E-003   0.0000000000000000     
  0.34666666666666668       -1.7685296712981356E-003   0.0000000000000000     
  0.35333333333333333       -6.6332105165263543E-004   0.0000000000000000     
  0.35999999999999999        4.9850059180096503E-004   0.0000000000000000     
  0.36666666666666664        1.6177907986966620E-003   0.0000000000000000     
  0.37500000000000000        2.8127362513525466E-003   0.0000000000000000     
  0.38333333333333330        3.6335843964741487E-003   0.0000000000000000     
  0.39166666666666666        3.9718847395774255E-003   0.0000000000000000     
  0.40000000000000002        3.7828231482537932E-003   0.0000000000000000     
  0.40833333333333333        3.0907069353226552E-003   0.0000000000000000     
  0.41666666666666669        1.9887321198348673E-003   0.0000000000000000     
  0.42500000000000004        6.2264941293253980E-004   0.0000000000000000     
  0.43333333333333335       -8.2696104317912811E-004   0.0000000000000000     
  0.44166666666666665       -2.1665989844898708E-003   0.0000000000000000     
  0.45000000000000001       -3.2178238719979034E-003   0.0000000000000000     
  0.45833333333333337       -3.8417148469590307E-003   0.0000000000000000     
  0.46666666666666667       -3.9557060386161856E-003   0.0000000000000000     
  0.47499999999999998       -3.5436519655442276E-003   0.0000000000000000     
  0.48333333333333334       -2.6614442097895098E-003   0.0000000000000000     
  0.49166666666666670       -1.4257909540831405E-003   0.0000000000000000     
  0.50000000000000000       -1.1277972646278879E-008   0.0000000000000000     
  0.50833333333333330        1.4257698979267728E-003   0.0000000000000000     
  0.51666666666666661        2.6614274476176084E-003   0.0000000000000000     
  0.52500000000000002        3.5436417234091765E-003   0.0000000000000000     
  0.53333333333333333        3.9557036808648442E-003   0.0000000000000000     
  0.54166666666666663        3.8417206871343987E-003   0.0000000000000000     
  0.55000000000000004        3.2178371299022889E-003   0.0000000000000000     
  0.55833333333333335        2.1666178994451321E-003   0.0000000000000000     
  0.56666666666666665        8.2698310621745952E-004   0.0000000000000000     
  0.57499999999999996       -6.2262713584029209E-004   0.0000000000000000     
  0.58333333333333326       -1.9887125859908818E-003   0.0000000000000000     
  0.59166666666666667       -3.0906927388633142E-003   0.0000000000000000     
  0.59999999999999998       -3.7828161780459561E-003   0.0000000000000000     
  0.60833333333333328       -4.1437492821720483E-003   0.0000000000000000     
  0.61666666666666670       -4.2975119018805229E-003   0.0000000000000000     
  0.62500000000000000       -4.2238126238581634E-003   0.0000000000000000     
  0.63333333333333330       -3.9323567472870340E-003   0.0000000000000000     
  0.64166666666666661       -3.4616874053469190E-003   0.0000000000000000     
  0.65000000000000002       -2.8748893679271044E-003   0.0000000000000000     
  0.65833333333333344       -2.2495567568609322E-003   0.0000000000000000     
  0.66666666666666674       -1.6683654704829033E-003   0.0000000000000000     
  0.67500000000000004       -1.2090351360268888E-003   0.0000000000000000     
  0.68333333333333335       -9.3259764353587819E-004   0.0000000000000000     
  0.69166666666666665       -8.7556608468184892E-004   0.0000000000000000     
  0.69999999999999996       -1.0455192250948197E-003   0.0000000000000000     
  0.70833333333333326       -1.4201618478722042E-003   0.0000000000000000     
  0.71666666666666667       -1.9491683930559977E-003   0.0000000000000000     
  0.72500000000000009       -2.5625780957604259E-003   0.0000000000000000     
  0.73333333333333339       -3.1792994598647340E-003   0.0000000000000000     
  0.74444444444444446       -3.8641860465443247E-003   0.0000000000000000     
  0.75555555555555565       -4.2504394029772114E-003   0.0000000000000000     
  0.76666666666666672       -4.2483645935725341E-003   0.0000000000000000     
  0.77500000000000002       -3.9861672814383957E-003   0.0000000000000000     
  0.78333333333333344       -3.5380934690353188E-003   0.0000000000000000     
  0.79166666666666674       -2.9634101557625496E-003   0.0000000000000000     
  0.80000000000000004       -2.3380810662055988E-003   0.0000000000000000     
  0.80833333333333335       -1.5736881689306615E-003   0.0000000000000000     
  0.81666666666666665       -6.0085694266332314E-004   0.0000000000000000     
  0.82500000000000007        4.5176937444901805E-004   0.0000000000000000     
  0.83333333333333337        1.4450245053566659E-003   0.0000000000000000     
  0.84166666666666667        2.2461146242437734E-003   0.0000000000000000     
  0.85000000000000009        2.7485611372642248E-003   0.0000000000000000     
  0.85833333333333339        2.8859928354955022E-003   0.0000000000000000     
  0.86666666666666670        2.6401751191130417E-003   0.0000000000000000     
  0.87500000000000000        2.0432565863638275E-003   0.0000000000000000     
  0.88333333333333330        1.1754658648940814E-003   0.0000000000000000     
  0.89166666666666672        1.5157075515070294E-004   0.0000000000000000     
  0.90000000000000002       -8.9307455629931704E-004   0.0000000000000000     
  0.90833333333333333       -1.8189553193210467E-003   0.0000000000000000     
  0.91666666666666674       -2.5028204969748421E-003   0.0000000000000000     
  0.92500000000000004       -2.8543057439922256E-003   0.0000000000000000     
  0.93333333333333335       -2.8268795737855135E-003   0.0000000000000000     
  0.94166666666666665       -2.4235238983950596E-003   0.0000000000000000     
  0.94999999999999996       -1.6987007199627273E-003   0.0000000000000000     
  0.95833333333333337       -7.4828644214644730E-004   0.0000000000000000     
  0.96666666666666667        3.0209253186968307E-004   0.0000000000000000     
  0.97499999999999998        1.3122980591360471E-003   0.0000000000000000     
  0.98333333333333339        2.1476933809515346E-003   0.0000000000000000     
  0.99166666666666670        2.6978704148986816E-003   0.0000000000000000     
   1.0000000000000000        2.8900344593720782E-003   0.0000000000000000     
