X My_beautiful_solution_real My_beautiful_solution_imag
   0.0000000000000000        1.2123257357042384E-025   0.0000000000000000     
   3.7037037037037034E-003  -8.6577317077950587E-005   0.0000000000000000     
   7.4074074074074068E-003  -1.8454944674748612E-004   0.0000000000000000     
   1.1111111111111110E-002  -2.9132238721549914E-004   0.0000000000000000     
   1.4814814814814814E-002  -4.0406911820745046E-004   0.0000000000000000     
   1.8518518518518517E-002  -5.1980445175532229E-004   0.0000000000000000     
   2.2222222222222220E-002  -6.3546407087106474E-004   0.0000000000000000     
   2.5925925925925922E-002  -7.4798566325253444E-004   0.0000000000000000     
   2.9629629629629627E-002  -8.5439000191499107E-004   0.0000000000000000     
   3.3333333333333333E-002  -9.5185982602597168E-004   0.0000000000000000     
   3.6666666666666667E-002  -1.0298046958618361E-003   0.0000000000000000     
   4.0000000000000001E-002  -1.0967459856100498E-003   0.0000000000000000     
   4.3333333333333335E-002  -1.1512474475353731E-003   0.0000000000000000     
   4.6666666666666669E-002  -1.1921397345653830E-003   0.0000000000000000     
   5.0000000000000003E-002  -1.2185454890198983E-003   0.0000000000000000     
   5.3333333333333337E-002  -1.2298981666161489E-003   0.0000000000000000     
   5.6666666666666671E-002  -1.2259541918639182E-003   0.0000000000000000     
   5.9999999999999998E-002  -1.2067981840583242E-003   0.0000000000000000     
   6.3333333333333325E-002  -1.1728411417471082E-003   0.0000000000000000     
   6.6666666666666666E-002  -1.1248116246167746E-003   0.0000000000000000     
   7.0370370370370375E-002  -1.0562037135610236E-003   0.0000000000000000     
   7.4074074074074070E-002  -9.7331787925828816E-004   0.0000000000000000     
   7.7777777777777779E-002  -8.7834868465021970E-004   0.0000000000000000     
   8.1481481481481488E-002  -7.7381062296021466E-004   0.0000000000000000     
   8.5185185185185197E-002  -6.6247154176968758E-004   0.0000000000000000     
   8.8888888888888892E-002  -5.4727935877556884E-004   0.0000000000000000     
   9.2592592592592587E-002  -4.3128400998023483E-004   0.0000000000000000     
   9.6296296296296297E-002  -3.1755669682410306E-004   0.0000000000000000     
  0.10000000000000001       -2.0910857004294861E-004   0.0000000000000000     
  0.10333333333333333       -1.1839627957177894E-004   0.0000000000000000     
  0.10666666666666667       -3.6234981062016699E-005   0.0000000000000000     
  0.11000000000000000        3.5612527378067632E-005   0.0000000000000000     
  0.11333333333333334        9.5604733454019512E-005   0.0000000000000000     
  0.11666666666666667        1.4245448434081892E-004   0.0000000000000000     
  0.12000000000000000        1.7515660298285255E-004   0.0000000000000000     
  0.12333333333333334        1.9300945450041049E-004   0.0000000000000000     
  0.12666666666666668        1.9562999999830818E-004   0.0000000000000000     
  0.13000000000000000        1.8296201479898460E-004   0.0000000000000000     
  0.13333333333333333        1.5527729475605138E-004   0.0000000000000000     
  0.13703703703703704        1.0763728465291991E-004   0.0000000000000000     
  0.14074074074074075        4.3460254406374508E-005   0.0000000000000000     
  0.14444444444444443       -3.5554584824620553E-005   0.0000000000000000     
  0.14814814814814814       -1.2731516228755091E-004   0.0000000000000000     
  0.15185185185185185       -2.2939193900852001E-004   0.0000000000000000     
  0.15555555555555556       -3.3908223473075029E-004   0.0000000000000000     
  0.15925925925925924       -4.5348178659015455E-004   0.0000000000000000     
  0.16296296296296295       -5.6956164493084289E-004   0.0000000000000000     
  0.16666666666666666       -6.8424837084998542E-004   0.0000000000000000     
  0.16999999999999998       -7.8376351957700635E-004   0.0000000000000000     
  0.17333333333333334       -8.7755398384978885E-004   0.0000000000000000     
  0.17666666666666667       -9.6360745792320620E-004   0.0000000000000000     
  0.17999999999999999       -1.0400776357650375E-003   0.0000000000000000     
  0.18333333333333335       -1.1053238241603210E-003   0.0000000000000000     
  0.18666666666666668       -1.1579461443413054E-003   0.0000000000000000     
  0.19000000000000000       -1.1968155668498480E-003   0.0000000000000000     
  0.19333333333333336       -1.2210981352382068E-003   0.0000000000000000     
  0.19666666666666668       -1.2302728588917239E-003   0.0000000000000000     
  0.20000000000000001       -1.2241428910480928E-003   0.0000000000000000     
  0.20370370370370372       -1.1995528789412193E-003   0.0000000000000000     
  0.20740740740740743       -1.1568894969281966E-003   0.0000000000000000     
  0.21111111111111111       -1.0972823407039345E-003   0.0000000000000000     
  0.21481481481481482       -1.0223096250193118E-003   0.0000000000000000     
  0.21851851851851853       -9.3395639772932625E-004   0.0000000000000000     
  0.22222222222222224       -8.3456198155448184E-004   0.0000000000000000     
  0.22592592592592592       -7.2675803599721843E-004   0.0000000000000000     
  0.22962962962962963       -6.1339887929442202E-004   0.0000000000000000     
  0.23333333333333334       -4.9748591448792612E-004   0.0000000000000000     
  0.23666666666666666       -3.9351719703108922E-004   0.0000000000000000     
  0.24000000000000002       -2.9219666034058792E-004   0.0000000000000000     
  0.24333333333333335       -1.9569817038122823E-004   0.0000000000000000     
  0.24666666666666670       -1.0609213448983135E-004   0.0000000000000000     
  0.25000000000000000       -2.5301080104886449E-005   0.0000000000000000     
  0.25333333333333335        4.4941593713232287E-005   0.0000000000000000     
  0.25666666666666671        1.0312880693295404E-004   0.0000000000000000     
  0.26000000000000006        1.4801213345251230E-004   0.0000000000000000     
  0.26333333333333336        1.7862858651000193E-004   0.0000000000000000     
  0.26666666666666672        1.9432127987528927E-004   0.0000000000000000     
  0.27037037037037043        1.9385596728971303E-004   0.0000000000000000     
  0.27407407407407414        1.7457082802580190E-004   0.0000000000000000     
  0.27777777777777785        1.3697647356214268E-004   0.0000000000000000     
  0.28148148148148155        8.2068287090250594E-005   0.0000000000000000     
  0.28518518518518521        1.1300069229643748E-005   0.0000000000000000     
  0.28888888888888892       -7.3454454463648997E-005   0.0000000000000000     
  0.29259259259259263       -1.6995124399719544E-004   0.0000000000000000     
  0.29629629629629634       -2.7563535995660254E-004   0.0000000000000000     
  0.30000000000000004       -3.8770861087629183E-004   0.0000000000000000     
  0.30333333333333340       -4.9158696521282234E-004   0.0000000000000000     
  0.30666666666666670       -5.9600938067779104E-004   0.0000000000000000     
  0.31000000000000005       -6.9873543946073920E-004   0.0000000000000000     
  0.31333333333333335       -7.9756111965578248E-004   0.0000000000000000     
  0.31666666666666671       -8.9036608327527640E-004   0.0000000000000000     
  0.32000000000000006       -9.7515916882293238E-004   0.0000000000000000     
  0.32333333333333336       -1.0501211123229027E-003   0.0000000000000000     
  0.32666666666666672       -1.1136435802306592E-003   0.0000000000000000     
  0.33000000000000002       -1.1643636767794687E-003   0.0000000000000000     
  0.33333333333333337       -1.2011931853517133E-003   0.0000000000000000     
  0.33666666666666667       -1.2233419165379920E-003   0.0000000000000000     
  0.34000000000000002       -1.2303346619108558E-003   0.0000000000000000     
  0.34333333333333338       -1.2220213897832280E-003   0.0000000000000000     
  0.34666666666666668       -1.1985804641841038E-003   0.0000000000000000     
  0.34999999999999998       -1.1605148180051487E-003   0.0000000000000000     
  0.35333333333333333       -1.1086411624010833E-003   0.0000000000000000     
  0.35666666666666669       -1.0440724639814822E-003   0.0000000000000000     
  0.35999999999999999       -9.6819406574371431E-004   0.0000000000000000     
  0.36333333333333329       -8.8263396406925842E-004   0.0000000000000000     
  0.36666666666666664       -7.8922787952384664E-004   0.0000000000000000     
  0.37000000000000000       -6.8997987085577504E-004   0.0000000000000000     
  0.37333333333333329       -5.8701933724650236E-004   0.0000000000000000     
  0.37666666666666665       -4.8255533134310044E-004   0.0000000000000000     
  0.38000000000000000       -3.7882916328716104E-004   0.0000000000000000     
  0.38333333333333330       -2.7806631267091546E-004   0.0000000000000000     
  0.38666666666666666       -1.8242868011452296E-004   0.0000000000000000     
  0.39000000000000001       -9.3968202972564231E-005   0.0000000000000000     
  0.39333333333333337       -1.4582830338797626E-005   0.0000000000000000     
  0.39666666666666667        5.4024198100121258E-005   0.0000000000000000     
  0.40000000000000002        1.1038089562712776E-004   0.0000000000000000     
  0.40370370370370373        1.6401429465306213E-004   0.0000000000000000     
  0.40740740740740744        2.1330509771668623E-004   0.0000000000000000     
  0.41111111111111115        2.5694823543753075E-004   0.0000000000000000     
  0.41481481481481486        2.9378817119788796E-004   0.0000000000000000     
  0.41851851851851851        3.2284949643315782E-004   0.0000000000000000     
  0.42222222222222222        3.4336275630285438E-004   0.0000000000000000     
  0.42592592592592593        3.5478482249244185E-004   0.0000000000000000     
  0.42962962962962964        3.5681327375295313E-004   0.0000000000000000     
  0.43333333333333335        3.4939440286419144E-004   0.0000000000000000     
  0.43666666666666670        3.3479720319129074E-004   0.0000000000000000     
  0.44000000000000000        3.1301681767659955E-004   0.0000000000000000     
  0.44333333333333336        2.8452055176850011E-004   0.0000000000000000     
  0.44666666666666666        2.4991980237027952E-004   0.0000000000000000     
  0.45000000000000001        2.0995694012133846E-004   0.0000000000000000     
  0.45333333333333337        1.6548938158095919E-004   0.0000000000000000     
  0.45666666666666667        1.1747119307217432E-004   0.0000000000000000     
  0.46000000000000002        6.6932620872958232E-005   0.0000000000000000     
  0.46333333333333332        1.4957986931848402E-005   0.0000000000000000     
  0.46666666666666667       -3.7337575615700638E-005   0.0000000000000000     
  0.47000000000000003       -8.8832048004913093E-005   0.0000000000000000     
  0.47333333333333333       -1.3842059912791118E-004   0.0000000000000000     
  0.47666666666666668       -1.8503929005338879E-004   0.0000000000000000     
  0.47999999999999998       -2.2768790119478396E-004   0.0000000000000000     
  0.48333333333333334       -2.6545139235069424E-004   0.0000000000000000     
  0.48666666666666669       -2.9751953520333716E-004   0.0000000000000000     
  0.48999999999999999       -3.2320429703533795E-004   0.0000000000000000     
  0.49333333333333335       -3.4195460269945729E-004   0.0000000000000000     
  0.49666666666666665       -3.5336815812503526E-004   0.0000000000000000     
  0.50000000000000000       -3.5720008166668953E-004   0.0000000000000000     
  0.50333333333333330       -3.5336815812503483E-004   0.0000000000000000     
  0.50666666666666671       -3.4195460269945686E-004   0.0000000000000000     
  0.51000000000000001       -3.2320429703533692E-004   0.0000000000000000     
  0.51333333333333331       -2.9751953520333542E-004   0.0000000000000000     
  0.51666666666666661       -2.6545139235069316E-004   0.0000000000000000     
  0.52000000000000002       -2.2768790119478318E-004   0.0000000000000000     
  0.52333333333333332       -1.8503929005338633E-004   0.0000000000000000     
  0.52666666666666662       -1.3842059912790795E-004   0.0000000000000000     
  0.53000000000000003       -8.8832048004911250E-005   0.0000000000000000     
  0.53333333333333333       -3.7337575615698232E-005   0.0000000000000000     
  0.53666666666666663        1.4957986931851332E-005   0.0000000000000000     
  0.54000000000000004        6.6932620872959736E-005   0.0000000000000000     
  0.54333333333333333        1.1747119307217634E-004   0.0000000000000000     
  0.54666666666666663        1.6548938158096271E-004   0.0000000000000000     
  0.55000000000000004        2.0995694012134107E-004   0.0000000000000000     
  0.55333333333333334        2.4991980237028076E-004   0.0000000000000000     
  0.55666666666666664        2.8452055176850162E-004   0.0000000000000000     
  0.55999999999999994        3.1301681767660112E-004   0.0000000000000000     
  0.56333333333333335        3.3479720319129150E-004   0.0000000000000000     
  0.56666666666666665        3.4939440286419198E-004   0.0000000000000000     
  0.57037037037037031        3.5681327375295329E-004   0.0000000000000000     
  0.57407407407407407        3.5478482249244142E-004   0.0000000000000000     
  0.57777777777777772        3.4336275630285384E-004   0.0000000000000000     
  0.58148148148148149        3.2284949643315673E-004   0.0000000000000000     
  0.58518518518518514        2.9378817119788672E-004   0.0000000000000000     
  0.58888888888888891        2.5694823543752918E-004   0.0000000000000000     
  0.59259259259259256        2.1330509771668392E-004   0.0000000000000000     
  0.59629629629629632        1.6401429465305939E-004   0.0000000000000000     
  0.59999999999999998        1.1038089562712505E-004   0.0000000000000000     
  0.60370370370370363        5.3824948719324636E-005   0.0000000000000000     
  0.60740740740740740       -4.1561178909122725E-006   0.0000000000000000     
  0.61111111111111105       -6.2027143248704478E-005   0.0000000000000000     
  0.61481481481481481       -1.1825587990318658E-004   0.0000000000000000     
  0.61851851851851847       -1.7135356322669695E-004   0.0000000000000000     
  0.62222222222222223       -2.1991432927046138E-004   0.0000000000000000     
  0.62592592592592589       -2.6265243772574762E-004   0.0000000000000000     
  0.62962962962962965       -2.9843631447035033E-004   0.0000000000000000     
  0.63333333333333330       -3.2631851207617061E-004   0.0000000000000000     
  0.63703703703703707       -3.4556079540277068E-004   0.0000000000000000     
  0.64074074074074072       -3.5565368772503387E-004   0.0000000000000000     
  0.64444444444444449       -3.5632996023219314E-004   0.0000000000000000     
  0.64814814814814814       -3.4757170723044513E-004   0.0000000000000000     
  0.65185185185185190       -3.2961082047693247E-004   0.0000000000000000     
  0.65555555555555556       -3.0292284921588447E-004   0.0000000000000000     
  0.65925925925925932       -2.6821440909463389E-004   0.0000000000000000     
  0.66296296296296298       -2.2640447332275413E-004   0.0000000000000000     
  0.66666666666666674       -1.7860004083334257E-004   0.0000000000000000     
  0.67037037037037039       -1.2606682653732281E-004   0.0000000000000000     
  0.67407407407407416       -7.0195748975829546E-005   0.0000000000000000     
  0.67777777777777781       -1.2466103069885719E-005   0.0000000000000000     
  0.68148148148148147        4.5593607038959886E-005   0.0000000000000000     
  0.68518518518518523        1.0244613814500915E-004   0.0000000000000000     
  0.68888888888888888        1.5658620943607057E-004   0.0000000000000000     
  0.69259259259259254        2.0658035770793886E-004   0.0000000000000000     
  0.69629629629629630        2.5110489112364985E-004   0.0000000000000000     
  0.69999999999999996        2.8898093646047090E-004   0.0000000000000000     
  0.70370370370370372        3.1920565210881755E-004   0.0000000000000000     
  0.70740740740740737        3.4097878018830234E-004   0.0000000000000000     
  0.71111111111111114        3.5372383503853015E-004   0.0000000000000000     
  0.71481481481481479        3.5710336658766853E-004   0.0000000000000000     
  0.71851851851851856        3.5102789525293977E-004   0.0000000000000000     
  0.72222222222222221        3.3565828089840357E-004   0.0000000000000000     
  0.72592592592592597        3.1140146375962055E-004   0.0000000000000000     
  0.72962962962962963        2.7889969009904783E-004   0.0000000000000000     
  0.73333333333333339        2.3901350723706414E-004   0.0000000000000000     
  0.73703703703703705        1.9279897909989124E-004   0.0000000000000000     
  0.74074074074074081        1.4147972477575508E-004   0.0000000000000000     
  0.74444444444444446        8.6414520865322434E-005   0.0000000000000000     
  0.74814814814814823        2.9061325235268325E-005   0.0000000000000000     
  0.75185185185185188       -2.9061325235271679E-005   0.0000000000000000     
  0.75555555555555565       -8.6414520865325632E-005   0.0000000000000000     
  0.75925925925925930       -1.4147972477575806E-004   0.0000000000000000     
  0.76296296296296306       -1.9279897909989401E-004   0.0000000000000000     
  0.76666666666666672       -2.3901350723706661E-004   0.0000000000000000     
  0.77037037037037037       -2.7889969009904989E-004   0.0000000000000000     
  0.77407407407407414       -3.1140146375962223E-004   0.0000000000000000     
  0.77777777777777779       -3.3565828089840492E-004   0.0000000000000000     
  0.78148148148148155       -3.5102789525294069E-004   0.0000000000000000     
  0.78518518518518521       -3.5710336658766886E-004   0.0000000000000000     
  0.78888888888888897       -3.5372383503852998E-004   0.0000000000000000     
  0.79259259259259263       -3.4097878018830196E-004   0.0000000000000000     
  0.79629629629629639       -3.1920565210881690E-004   0.0000000000000000     
  0.80000000000000004       -2.8898093646046997E-004   0.0000000000000000     
  0.80370370370370370       -2.5110489112364855E-004   0.0000000000000000     
  0.80740740740740746       -2.0658035770793786E-004   0.0000000000000000     
  0.81111111111111112       -1.5658620943606802E-004   0.0000000000000000     
  0.81481481481481488       -1.0244613814500612E-004   0.0000000000000000     
  0.81851851851851853       -4.5593607038957772E-005   0.0000000000000000     
  0.82222222222222230        1.2466103069888316E-005   0.0000000000000000     
  0.82592592592592595        7.0195748975833395E-005   0.0000000000000000     
  0.82962962962962972        1.2606682653732609E-004   0.0000000000000000     
  0.83333333333333337        1.7860004083334574E-004   0.0000000000000000     
  0.83666666666666667        2.2187403784247381E-004   0.0000000000000000     
  0.84000000000000008        2.6038765324742745E-004   0.0000000000000000     
  0.84333333333333338        2.9331456456298369E-004   0.0000000000000000     
  0.84666666666666668        3.1994831390745149E-004   0.0000000000000000     
  0.85000000000000009        3.3971746529025453E-004   0.0000000000000000     
  0.85333333333333339        3.5219786496451516E-004   0.0000000000000000     
  0.85666666666666669        3.5712174178610689E-004   0.0000000000000000     
  0.85999999999999999        3.5438345233219980E-004   0.0000000000000000     
  0.86333333333333340        3.4404174751845134E-004   0.0000000000000000     
  0.86666666666666670        3.2631851207617012E-004   0.0000000000000000     
  0.87037037037037035        2.9843631447034957E-004   0.0000000000000000     
  0.87407407407407411        2.6265243772574659E-004   0.0000000000000000     
  0.87777777777777777        2.1991432927046022E-004   0.0000000000000000     
  0.88148148148148153        1.7135356322669552E-004   0.0000000000000000     
  0.88518518518518519        1.1825587990318498E-004   0.0000000000000000     
  0.88888888888888895        6.2027143248702824E-005   0.0000000000000000     
  0.89259259259259260        4.1561178909105903E-006   0.0000000000000000     
  0.89629629629629637       -5.3824948719326391E-005   0.0000000000000000     
  0.90000000000000002       -1.1038089562712678E-004   0.0000000000000000     
  0.90333333333333332       -1.5882372231670102E-004   0.0000000000000000     
  0.90666666666666673       -2.0385893298524246E-004   0.0000000000000000     
  0.91000000000000003       -2.4452028214224069E-004   0.0000000000000000     
  0.91333333333333333       -2.7993536695862677E-004   0.0000000000000000     
  0.91666666666666674       -3.0934434495721934E-004   0.0000000000000000     
  0.92000000000000004       -3.3211623669088128E-004   0.0000000000000000     
  0.92333333333333334       -3.4776246361544285E-004   0.0000000000000000     
  0.92666666666666664       -3.5594733070411151E-004   0.0000000000000000     
  0.93000000000000005       -3.5649522890016360E-004   0.0000000000000000     
  0.93333333333333335       -3.4939440286419247E-004   0.0000000000000000     
  0.93703703703703700       -3.3272463881837559E-004   0.0000000000000000     
  0.94074074074074077       -3.0724534586871105E-004   0.0000000000000000     
  0.94444444444444442       -2.7363113764970157E-004   0.0000000000000000     
  0.94814814814814818       -2.3277201534975525E-004   0.0000000000000000     
  0.95185185185185184       -1.8574980336097323E-004   0.0000000000000000     
  0.95555555555555560       -1.3380950576806985E-004   0.0000000000000000     
  0.95925925925925926       -7.8326342462555501E-005   0.0000000000000000     
  0.96296296296296302       -2.0769337638467644E-005   0.0000000000000000     
  0.96666666666666667        3.7337575615699601E-005   0.0000000000000000     
  0.97037037037037033        9.4455904279121177E-005   0.0000000000000000     
  0.97407407407407409        1.4907333001709533E-004   0.0000000000000000     
  0.97777777777777775        1.9974375079612446E-004   0.0000000000000000     
  0.98148148148148151        2.4512556908543883E-004   0.0000000000000000     
  0.98518518518518516        2.8401721343797543E-004   0.0000000000000000     
  0.98888888888888893        3.1538895228577372E-004   0.0000000000000000     
  0.99259259259259258        3.3841015807046848E-004   0.0000000000000000     
  0.99629629629629635        3.5247129986008173E-004   0.0000000000000000     
   1.0000000000000000        3.5720008166669024E-004   0.0000000000000000     
