X My_beautiful_solution_real My_beautiful_solution_imag
   0.0000000000000000        5.0381237364617322E-025   0.0000000000000000     
   3.7037037037037034E-003  -6.4505966669044039E-004   0.0000000000000000     
   7.4074074074074068E-003  -1.2730401298714660E-003   0.0000000000000000     
   1.1111111111111110E-002  -1.8673143915522996E-003   0.0000000000000000     
   1.4814814814814814E-002  -2.4121478897322600E-003   0.0000000000000000     
   1.8518518518518517E-002  -2.8931151032813409E-003   0.0000000000000000     
   2.2222222222222220E-002  -3.2974814941981144E-003   0.0000000000000000     
   2.5925925925925922E-002  -3.6145406790790940E-003   0.0000000000000000     
   2.9629629629629627E-002  -3.8358979028023095E-003   0.0000000000000000     
   3.3333333333333333E-002  -3.9556923039726546E-003   0.0000000000000000     
   3.6666666666666667E-002  -3.9739924361167512E-003   0.0000000000000000     
   4.0000000000000001E-002  -3.9070292329340664E-003   0.0000000000000000     
   4.3333333333333335E-002  -3.7562394123269657E-003   0.0000000000000000     
   4.6666666666666669E-002  -3.5248582202582787E-003   0.0000000000000000     
   5.0000000000000003E-002  -3.2178500175171205E-003   0.0000000000000000     
   5.3333333333333337E-002  -2.8418017676504078E-003   0.0000000000000000     
   5.6666666666666671E-002  -2.4047817114793385E-003   0.0000000000000000     
   5.9999999999999998E-002  -1.9161662603215366E-003   0.0000000000000000     
   6.3333333333333325E-002  -1.3864388219022535E-003   0.0000000000000000     
   6.6666666666666666E-002  -8.2696487538789620E-004   0.0000000000000000     
   7.0370370370370375E-002  -1.8505356214672215E-004   0.0000000000000000     
   7.4074074074074070E-002   4.6175740226666418E-004   0.0000000000000000     
   7.7777777777777779E-002   1.0963424457887602E-003   0.0000000000000000     
   8.1481481481481488E-002   1.7018997005763036E-003   0.0000000000000000     
   8.5185185185185197E-002   2.2623958663853597E-003   0.0000000000000000     
   8.8888888888888892E-002   2.7629907222568289E-003   0.0000000000000000     
   9.2592592592592587E-002   3.1904300500057762E-003   0.0000000000000000     
   9.6296296296296297E-002   3.5333965664193245E-003   0.0000000000000000     
  0.10000000000000001        3.7828095687714048E-003   0.0000000000000000     
  0.10333333333333333        3.9217808614896883E-003   0.0000000000000000     
  0.10666666666666667        3.9766090356579921E-003   0.0000000000000000     
  0.11000000000000000        3.9461177344880978E-003   0.0000000000000000     
  0.11333333333333334        3.8309611590237429E-003   0.0000000000000000     
  0.11666666666666667        3.6336100320724712E-003   0.0000000000000000     
  0.12000000000000000        3.3582985879887905E-003   0.0000000000000000     
  0.12333333333333334        3.0109337257743433E-003   0.0000000000000000     
  0.12666666666666668        2.5989682746043229E-003   0.0000000000000000     
  0.13000000000000000        2.1312410908515354E-003   0.0000000000000000     
  0.13333333333333333        1.6177874175036006E-003   0.0000000000000000     
  0.13703703703703704        1.0070790623325598E-003   0.0000000000000000     
  0.14074074074074075        3.6970633957504059E-004   0.0000000000000000     
  0.14444444444444443       -2.7745507430951695E-004   0.0000000000000000     
  0.14814814814814814       -9.1727032788432741E-004   0.0000000000000000     
  0.15185185185185185       -1.5327990739484963E-003   0.0000000000000000     
  0.15555555555555556       -2.1077439974524484E-003   0.0000000000000000     
  0.15925925925925924       -2.6268823183652769E-003   0.0000000000000000     
  0.16296296296296295       -3.0764688449659463E-003   0.0000000000000000     
  0.16666666666666666       -3.4445999034806067E-003   0.0000000000000000     
  0.16999999999999998       -3.6981686444230396E-003   0.0000000000000000     
  0.17333333333333334       -3.8723919416364058E-003   0.0000000000000000     
  0.17666666666666667       -3.9635317760783389E-003   0.0000000000000000     
  0.17999999999999999       -3.9696327121486663E-003   0.0000000000000000     
  0.18333333333333335       -3.8905638522308277E-003   0.0000000000000000     
  0.18666666666666668       -3.7280216451275150E-003   0.0000000000000000     
  0.19000000000000000       -3.4854934881900028E-003   0.0000000000000000     
  0.19333333333333336       -3.1681829040534522E-003   0.0000000000000000     
  0.19666666666666668       -2.7828978973011959E-003   0.0000000000000000     
  0.20000000000000001       -2.3379048864690700E-003   0.0000000000000000     
  0.20370370370370372       -1.7850903749929586E-003   0.0000000000000000     
  0.20740740740740743       -1.1850121403294638E-003   0.0000000000000000     
  0.21111111111111111       -5.5355841529420560E-004   0.0000000000000000     
  0.21481481481481482        9.2551840312435563E-005   0.0000000000000000     
  0.21851851851851853        7.3621160679408900E-004   0.0000000000000000     
  0.22222222222222224        1.3603787458815624E-003   0.0000000000000000     
  0.22592592592592592        1.9485272242323315E-003   0.0000000000000000     
  0.22962962962962963        2.4850846724521654E-003   0.0000000000000000     
  0.23333333333333334        2.9558446933835060E-003   0.0000000000000000     
  0.23666666666666666        3.3129287118130878E-003   0.0000000000000000     
  0.24000000000000002        3.5989327379671579E-003   0.0000000000000000     
  0.24333333333333335        3.8077204599183574E-003   0.0000000000000000     
  0.24666666666666670        3.9348122673415527E-003   0.0000000000000000     
  0.25000000000000000        3.9774813630500394E-003   0.0000000000000000     
  0.25333333333333335        3.9348122673415545E-003   0.0000000000000000     
  0.25666666666666671        3.8077204599183618E-003   0.0000000000000000     
  0.26000000000000006        3.5989327379671648E-003   0.0000000000000000     
  0.26333333333333336        3.3129287118130965E-003   0.0000000000000000     
  0.26666666666666672        2.9558446933835177E-003   0.0000000000000000     
  0.27037037037037043        2.4850846724521801E-003   0.0000000000000000     
  0.27407407407407414        1.9485272242323489E-003   0.0000000000000000     
  0.27777777777777785        1.3603787458815822E-003   0.0000000000000000     
  0.28148148148148155        7.3621160679410874E-004   0.0000000000000000     
  0.28518518518518521        9.2551840312456095E-005   0.0000000000000000     
  0.28888888888888892       -5.5355841529418468E-004   0.0000000000000000     
  0.29259259259259263       -1.1850121403294432E-003   0.0000000000000000     
  0.29629629629629634       -1.7850903749929397E-003   0.0000000000000000     
  0.30000000000000004       -2.3379048864690527E-003   0.0000000000000000     
  0.30333333333333340       -2.7828978973011807E-003   0.0000000000000000     
  0.30666666666666670       -3.1681829040534392E-003   0.0000000000000000     
  0.31000000000000005       -3.4854934881899920E-003   0.0000000000000000     
  0.31333333333333335       -3.7280216451275067E-003   0.0000000000000000     
  0.31666666666666671       -3.8905638522308225E-003   0.0000000000000000     
  0.32000000000000006       -3.9696327121486654E-003   0.0000000000000000     
  0.32333333333333336       -3.9635317760783424E-003   0.0000000000000000     
  0.32666666666666672       -3.8723919416364123E-003   0.0000000000000000     
  0.33000000000000002       -3.6981686444230509E-003   0.0000000000000000     
  0.33333333333333337       -3.4445999034806211E-003   0.0000000000000000     
  0.33666666666666667       -3.1171261208588060E-003   0.0000000000000000     
  0.34000000000000002       -2.7227733559595877E-003   0.0000000000000000     
  0.34333333333333338       -2.2700025791086032E-003   0.0000000000000000     
  0.34666666666666668       -1.7685281385608088E-003   0.0000000000000000     
  0.34999999999999998       -1.2291093359921106E-003   0.0000000000000000     
  0.35333333333333333       -6.6331958200634459E-004   0.0000000000000000     
  0.35666666666666669       -8.3298084779359437E-005   0.0000000000000000     
  0.35999999999999999        4.9851060067112880E-004   0.0000000000000000     
  0.36333333333333329        1.0696235746528769E-003   0.0000000000000000     
  0.36666666666666664        1.6177874175035687E-003   0.0000000000000000     
  0.37000000000000000        2.1312410908515063E-003   0.0000000000000000     
  0.37333333333333329        2.5989682746042982E-003   0.0000000000000000     
  0.37666666666666665        3.0109337257743229E-003   0.0000000000000000     
  0.38000000000000000        3.3582985879887744E-003   0.0000000000000000     
  0.38333333333333330        3.6336100320724595E-003   0.0000000000000000     
  0.38666666666666666        3.8309611590237346E-003   0.0000000000000000     
  0.39000000000000001        3.9461177344880917E-003   0.0000000000000000     
  0.39333333333333337        3.9766090356579903E-003   0.0000000000000000     
  0.39666666666666667        3.9217808614896909E-003   0.0000000000000000     
  0.40000000000000002        3.7828095687714104E-003   0.0000000000000000     
  0.40370370370370373        3.5333965664193340E-003   0.0000000000000000     
  0.40740740740740744        3.1904300500057900E-003   0.0000000000000000     
  0.41111111111111115        2.7629907222568458E-003   0.0000000000000000     
  0.41481481481481486        2.2623958663853787E-003   0.0000000000000000     
  0.41851851851851851        1.7018997005763244E-003   0.0000000000000000     
  0.42222222222222222        1.0963424457887832E-003   0.0000000000000000     
  0.42592592592592593        4.6175740226668847E-004   0.0000000000000000     
  0.42962962962962964       -1.8505356214669743E-004   0.0000000000000000     
  0.43333333333333335       -8.2696487538787202E-004   0.0000000000000000     
  0.43666666666666670       -1.3864388219022301E-003   0.0000000000000000     
  0.44000000000000000       -1.9161662603215150E-003   0.0000000000000000     
  0.44333333333333336       -2.4047817114793190E-003   0.0000000000000000     
  0.44666666666666666       -2.8418017676503909E-003   0.0000000000000000     
  0.45000000000000001       -3.2178500175171045E-003   0.0000000000000000     
  0.45333333333333337       -3.5248582202582674E-003   0.0000000000000000     
  0.45666666666666667       -3.7562394123269571E-003   0.0000000000000000     
  0.46000000000000002       -3.9070292329340612E-003   0.0000000000000000     
  0.46333333333333332       -3.9739924361167503E-003   0.0000000000000000     
  0.46666666666666667       -3.9556923039726572E-003   0.0000000000000000     
  0.47000000000000003       -3.8525214719540954E-003   0.0000000000000000     
  0.47333333333333333       -3.6666935047246075E-003   0.0000000000000000     
  0.47666666666666668       -3.4021954034106714E-003   0.0000000000000000     
  0.47999999999999998       -3.0647020631212013E-003   0.0000000000000000     
  0.48333333333333334       -2.6614545162387503E-003   0.0000000000000000     
  0.48666666666666669       -2.2011045735878918E-003   0.0000000000000000     
  0.48999999999999999       -1.6935291969697721E-003   0.0000000000000000     
  0.49333333333333335       -1.1496185856768551E-003   0.0000000000000000     
  0.49666666666666665       -5.8104252356427173E-004   0.0000000000000000     
  0.50000000000000000       -2.2928469783419137E-017   0.0000000000000000     
  0.50333333333333330        5.8104252356422630E-004   0.0000000000000000     
  0.50666666666666671        1.1496185856768116E-003   0.0000000000000000     
  0.51000000000000001        1.6935291969697309E-003   0.0000000000000000     
  0.51333333333333331        2.2011045735878553E-003   0.0000000000000000     
  0.51666666666666661        2.6614545162387169E-003   0.0000000000000000     
  0.52000000000000002        3.0647020631211718E-003   0.0000000000000000     
  0.52333333333333332        3.4021954034106467E-003   0.0000000000000000     
  0.52666666666666662        3.6666935047245885E-003   0.0000000000000000     
  0.53000000000000003        3.8525214719540846E-003   0.0000000000000000     
  0.53333333333333333        3.9556923039726528E-003   0.0000000000000000     
  0.53666666666666663        3.9739924361167529E-003   0.0000000000000000     
  0.54000000000000004        3.9070292329340707E-003   0.0000000000000000     
  0.54333333333333333        3.7562394123269735E-003   0.0000000000000000     
  0.54666666666666663        3.5248582202582908E-003   0.0000000000000000     
  0.55000000000000004        3.2178500175171370E-003   0.0000000000000000     
  0.55333333333333334        2.8418017676504282E-003   0.0000000000000000     
  0.55666666666666664        2.4047817114793606E-003   0.0000000000000000     
  0.55999999999999994        1.9161662603215618E-003   0.0000000000000000     
  0.56333333333333335        1.3864388219022806E-003   0.0000000000000000     
  0.56666666666666665        8.2696487538792449E-004   0.0000000000000000     
  0.57037037037037031        1.8505356214675156E-004   0.0000000000000000     
  0.57407407407407407       -4.6175740226663431E-004   0.0000000000000000     
  0.57777777777777772       -1.0963424457887307E-003   0.0000000000000000     
  0.58148148148148149       -1.7018997005762762E-003   0.0000000000000000     
  0.58518518518518514       -2.2623958663853336E-003   0.0000000000000000     
  0.58888888888888891       -2.7629907222568055E-003   0.0000000000000000     
  0.59259259259259256       -3.1904300500057562E-003   0.0000000000000000     
  0.59629629629629632       -3.5333965664193080E-003   0.0000000000000000     
  0.59999999999999998       -3.7828095687713927E-003   0.0000000000000000     
  0.60370370370370363       -3.9662831518090733E-003   0.0000000000000000     
  0.60740740740740740       -4.1131772837432095E-003   0.0000000000000000     
  0.61111111111111105       -4.2196026583343352E-003   0.0000000000000000     
  0.61481481481481481       -4.2827414574226289E-003   0.0000000000000000     
  0.61851851851851847       -4.3009219593529366E-003   0.0000000000000000     
  0.62222222222222223       -4.2736628001441134E-003   0.0000000000000000     
  0.62592592592592589       -4.2016857185293698E-003   0.0000000000000000     
  0.62962962962962965       -4.0868964474282711E-003   0.0000000000000000     
  0.63333333333333330       -3.9323342547420018E-003   0.0000000000000000     
  0.63703703703703707       -3.7420914738407959E-003   0.0000000000000000     
  0.64074074074074072       -3.5212051505716531E-003   0.0000000000000000     
  0.64444444444444449       -3.2755236779725113E-003   0.0000000000000000     
  0.64814814814814814       -3.0115519485515141E-003   0.0000000000000000     
  0.65185185185185190       -2.7362791248905726E-003   0.0000000000000000     
  0.65555555555555556       -2.4569935878500037E-003   0.0000000000000000     
  0.65925925925925932       -2.1810899626197545E-003   0.0000000000000000     
  0.66296296296296298       -1.9158733318214809E-003   0.0000000000000000     
  0.66666666666666674       -1.6683658191112300E-003   0.0000000000000000     
  0.67037037037037039       -1.4451206650028159E-003   0.0000000000000000     
  0.67407407407407416       -1.2520487172123492E-003   0.0000000000000000     
  0.67777777777777781       -1.0942619290529817E-003   0.0000000000000000     
  0.68148148148148147       -9.7593801151972623E-004   0.0000000000000000     
  0.68518518518518523       -9.0020981911616597E-004   0.0000000000000000     
  0.68888888888888888       -8.6908240232552671E-004   0.0000000000000000     
  0.69259259259259254       -8.8337992002968547E-004   0.0000000000000000     
  0.69629629629629630       -9.4272381743004869E-004   0.0000000000000000     
  0.69999999999999996       -1.0455428502147133E-003   0.0000000000000000     
  0.70370370370370372       -1.1891146853341133E-003   0.0000000000000000     
  0.70740740740740737       -1.3696379805979955E-003   0.0000000000000000     
  0.71111111111111114       -1.5823330322166629E-003   0.0000000000000000     
  0.71481481481481479       -1.8215683271025395E-003   0.0000000000000000     
  0.71851851851851856       -2.0810096476075175E-003   0.0000000000000000     
  0.72222222222222221       -2.3537877825628513E-003   0.0000000000000000     
  0.72592592592592597       -2.6326804029014172E-003   0.0000000000000000     
  0.72962962962962963       -2.9103032864988372E-003   0.0000000000000000     
  0.73333333333333339       -3.1793058301923830E-003   0.0000000000000000     
  0.73703703703703705       -3.4325656708878928E-003   0.0000000000000000     
  0.74074074074074081       -3.6633772639542519E-003   0.0000000000000000     
  0.74444444444444446       -3.8656294258942879E-003   0.0000000000000000     
  0.74814814814814823       -4.0339671388951509E-003   0.0000000000000000     
  0.75185185185185188       -4.1639333363797425E-003   0.0000000000000000     
  0.75555555555555565       -4.2520869116901769E-003   0.0000000000000000     
  0.75925925925925930       -4.2960938280273749E-003   0.0000000000000000     
  0.76296296296296306       -4.2947889174077564E-003   0.0000000000000000     
  0.76666666666666672       -4.2482067296378424E-003   0.0000000000000000     
  0.77037037037037037       -4.1575806184290668E-003   0.0000000000000000     
  0.77407407407407414       -4.0253100854203555E-003   0.0000000000000000     
  0.77777777777777779       -3.8548972491619952E-003   0.0000000000000000     
  0.78148148148148155       -3.6508541191760621E-003   0.0000000000000000     
  0.78518518518518521       -3.4185831324706948E-003   0.0000000000000000     
  0.78888888888888897       -3.1642341130328584E-003   0.0000000000000000     
  0.79259259259259263       -2.8945414433700464E-003   0.0000000000000000     
  0.79629629629629639       -2.6166457591690856E-003   0.0000000000000000     
  0.80000000000000004       -2.3379048864690722E-003   0.0000000000000000     
  0.80370370370370370       -2.0314812428970258E-003   0.0000000000000000     
  0.80740740740740746       -1.6712702008977759E-003   0.0000000000000000     
  0.81111111111111112       -1.2668090451853418E-003   0.0000000000000000     
  0.81481481481481488       -8.2880666767393705E-004   0.0000000000000000     
  0.81851851851851853       -3.6886002929370000E-004   0.0000000000000000     
  0.82222222222222230        1.0085289237169676E-004   0.0000000000000000     
  0.82592592592592595        5.6789553854327097E-004   0.0000000000000000     
  0.82962962962962972        1.0199020509561525E-003   0.0000000000000000     
  0.83333333333333337        1.4449046823023632E-003   0.0000000000000000     
  0.83666666666666667        1.7949986722515141E-003   0.0000000000000000     
  0.84000000000000008        2.1065803660258050E-003   0.0000000000000000     
  0.84333333333333338        2.3729646742914165E-003   0.0000000000000000     
  0.84666666666666668        2.5884362327273820E-003   0.0000000000000000     
  0.85000000000000009        2.7483720270579733E-003   0.0000000000000000     
  0.85333333333333339        2.8493405813886578E-003   0.0000000000000000     
  0.85666666666666669        2.8891755816574235E-003   0.0000000000000000     
  0.85999999999999999        2.8670223546201404E-003   0.0000000000000000     
  0.86333333333333340        2.7833562051688202E-003   0.0000000000000000     
  0.86666666666666670        2.6399722184876828E-003   0.0000000000000000     
  0.87037037037037035        2.4144005014513892E-003   0.0000000000000000     
  0.87407407407407411        2.1249028573413682E-003   0.0000000000000000     
  0.87777777777777777        1.7791442968637058E-003   0.0000000000000000     
  0.88148148148148153        1.3862794469709889E-003   0.0000000000000000     
  0.88518518518518519        9.5671016526439423E-004   0.0000000000000000     
  0.88888888888888895        5.0181013000729561E-004   0.0000000000000000     
  0.89259259259259260        3.3623700043723971E-005   0.0000000000000000     
  0.89629629629629637       -4.3545298235294982E-004   0.0000000000000000     
  0.90000000000000002       -8.9300020416672933E-004   0.0000000000000000     
  0.90333333333333332       -1.2849109046409860E-003   0.0000000000000000     
  0.90666666666666673       -1.6492534124020544E-003   0.0000000000000000     
  0.91000000000000003       -1.9782106372242983E-003   0.0000000000000000     
  0.91333333333333333       -2.2647246919611560E-003   0.0000000000000000     
  0.91666666666666674       -2.5026483218417639E-003   0.0000000000000000     
  0.92000000000000004       -2.6868767959077563E-003   0.0000000000000000     
  0.92333333333333334       -2.8134574307059268E-003   0.0000000000000000     
  0.92666666666666664       -2.8796743964202586E-003   0.0000000000000000     
  0.93000000000000005       -2.8841069859381931E-003   0.0000000000000000     
  0.93333333333333335       -2.8266600965661860E-003   0.0000000000000000     
  0.93703703703703700       -2.6917988725133212E-003   0.0000000000000000     
  0.94074074074074077       -2.4856670625039586E-003   0.0000000000000000     
  0.94444444444444442       -2.2137224054875936E-003   0.0000000000000000     
  0.94814814814814818       -1.8831651623285833E-003   0.0000000000000000     
  0.95185185185185184       -1.5027474762083202E-003   0.0000000000000000     
  0.95555555555555560       -1.0825416417528072E-003   0.0000000000000000     
  0.95925925925925926       -6.3367342159439456E-004   0.0000000000000000     
  0.96296296296296302       -1.6802747111431708E-004   0.0000000000000000     
  0.96666666666666667        3.0206733201860634E-004   0.0000000000000000     
  0.97037037037037033        7.6416431780862546E-004   0.0000000000000000     
  0.97407407407407409        1.2060285739189515E-003   0.0000000000000000     
  0.97777777777777775        1.6159608891425888E-003   0.0000000000000000     
  0.98148148148148151        1.9831075114595037E-003   0.0000000000000000     
  0.98518518518518516        2.2977475236633897E-003   0.0000000000000000     
  0.98888888888888893        2.5515502223730064E-003   0.0000000000000000     
  0.99259259259259258        2.7377956894812164E-003   0.0000000000000000     
  0.99629629629629635        2.8515527161623441E-003   0.0000000000000000     
   1.0000000000000000        2.8898093646047172E-003   0.0000000000000000     
