X My_beautiful_solution_real My_beautiful_solution_imag
   0.0000000000000000        1.2123292945857432E-025   0.0000000000000000     
   3.0303030303030312E-003  -6.9916876336418172E-005   0.0000000000000000     
   6.0606060606060606E-003  -1.4776277473982260E-004   0.0000000000000000     
   9.0909090909090905E-003  -2.3215692726806053E-004   0.0000000000000000     
   1.2121212121212121E-002  -3.2160241831342100E-004   0.0000000000000000     
   1.5151515151515152E-002  -4.1451273568788010E-004   0.0000000000000000     
   1.8181818181818181E-002  -5.0923991090038223E-004   0.0000000000000000     
   2.1212121212121210E-002  -6.0410374949667527E-004   0.0000000000000000     
   2.4242424242424242E-002  -6.9742163299731162E-004   0.0000000000000000     
   2.7272727272727275E-002  -7.8753836383105584E-004   0.0000000000000000     
   3.0303030303030304E-002  -8.7285552389832714E-004   0.0000000000000000     
   3.3333333333333333E-002  -9.5185982602596973E-004   0.0000000000000000     
   3.6363636363636362E-002  -1.0231499554381623E-003   0.0000000000000000     
   3.9393939393939391E-002  -1.0854614251509648E-003   0.0000000000000000     
   4.2424242424242420E-002  -1.1376890044255228E-003   0.0000000000000000     
   4.5454545454545456E-002  -1.1789063224621945E-003   0.0000000000000000     
   4.8484848484848485E-002  -1.2083822996205096E-003   0.0000000000000000     
   5.1515151515151514E-002  -1.2255941147223492E-003   0.0000000000000000     
   5.4545454545454543E-002  -1.2302364784331919E-003   0.0000000000000000     
   5.7575757575757572E-002  -1.2222270482388133E-003   0.0000000000000000     
   6.0606060606060608E-002  -1.2017078889709433E-003   0.0000000000000000     
   6.3636363636363630E-002  -1.1690429529750809E-003   0.0000000000000000     
   6.6666666666666666E-002  -1.1248116246167722E-003   0.0000000000000000     
   6.9696969696969702E-002  -1.0697984436275716E-003   0.0000000000000000     
   7.2727272727272724E-002  -1.0049791895702233E-003   0.0000000000000000     
   7.5757575757575760E-002  -9.3150357424550355E-004   0.0000000000000000     
   7.8787878787878796E-002  -8.5067484902891797E-004   0.0000000000000000     
   8.1818181818181818E-002  -7.6392668884580153E-004   0.0000000000000000     
   8.4848484848484854E-002  -6.7279776279858400E-004   0.0000000000000000     
   8.7878787878787890E-002  -5.7890444249153862E-004   0.0000000000000000     
   9.0909090909090912E-002  -4.8391213213116638E-004   0.0000000000000000     
   9.3939393939393948E-002  -3.8950572892579299E-004   0.0000000000000000     
   9.6969696969696983E-002  -2.9735973773375399E-004   0.0000000000000000     
  0.10000000000000001       -2.0910857004294989E-004   0.0000000000000000     
  0.10303030303030304       -1.2631755409422445E-004   0.0000000000000000     
  0.10606060606060606       -5.0455170347881611E-005   0.0000000000000000     
  0.10909090909090910        1.7132995241752751E-005   0.0000000000000000     
  0.11212121212121212        7.5248118147970203E-005   0.0000000000000000     
  0.11515151515151516        1.2285939905676052E-004   0.0000000000000000     
  0.11818181818181818        1.5912234735649484E-004   0.0000000000000000     
  0.12121212121212122        1.8339376003292333E-004   0.0000000000000000     
  0.12424242424242424        1.9524313028697202E-004   0.0000000000000000     
  0.12727272727272726        1.9446028351847051E-004   0.0000000000000000     
  0.13030303030303031        1.8105910523376502E-004   0.0000000000000000     
  0.13333333333333333        1.5527729475604788E-004   0.0000000000000000     
  0.13636363636363635        1.1757214910582318E-004   0.0000000000000000     
  0.13939393939393940        6.8612451834127648E-005   0.0000000000000000     
  0.14242424242424243        9.2666106777365443E-006   0.0000000000000000     
  0.14545454545454545       -5.9412745558854135E-005   0.0000000000000000     
  0.14848484848484847       -1.3620743768676986E-004   0.0000000000000000     
  0.15151515151515152       -2.1975534321533538E-004   0.0000000000000000     
  0.15454545454545454       -3.0857455658557628E-004   0.0000000000000000     
  0.15757575757575756       -4.0108967401925825E-004   0.0000000000000000     
  0.16060606060606059       -4.9565973676400220E-004   0.0000000000000000     
  0.16363636363636364       -5.9060733710019362E-004   0.0000000000000000     
  0.16666666666666666       -6.8424837084998542E-004   0.0000000000000000     
  0.16969696969696968       -7.7492190866291295E-004   0.0000000000000000     
  0.17272727272727273       -8.6101965624497598E-004   0.0000000000000000     
  0.17575757575757575       -9.4101448098941789E-004   0.0000000000000000     
  0.17878787878787877       -1.0134874990268806E-003   0.0000000000000000     
  0.18181818181818182       -1.0771532422461580E-003   0.0000000000000000     
  0.18484848484848485       -1.1308824588941563E-003   0.0000000000000000     
  0.18787878787878787       -1.1737221433350512E-003   0.0000000000000000     
  0.19090909090909092       -1.2049124396978387E-003   0.0000000000000000     
  0.19393939393939394       -1.2239001195890041E-003   0.0000000000000000     
  0.19696969696969699       -1.2303483948124855E-003   0.0000000000000000     
  0.20000000000000001       -1.2241428910480887E-003   0.0000000000000000     
  0.20303030303030303       -1.2053936765311175E-003   0.0000000000000000     
  0.20606060606060608       -1.1744333097505404E-003   0.0000000000000000     
  0.20909090909090911       -1.1318109407939527E-003   0.0000000000000000     
  0.21212121212121213       -1.0782825709650121E-003   0.0000000000000000     
  0.21515151515151515       -1.0147976434401046E-003   0.0000000000000000     
  0.21818181818181820       -9.4248220280911924E-004   0.0000000000000000     
  0.22121212121212122       -8.6261892220183410E-004   0.0000000000000000     
  0.22424242424242424       -7.7662435226348136E-004   0.0000000000000000     
  0.22727272727272729       -6.8602379551882043E-004   0.0000000000000000     
  0.23030303030303031       -5.9242425178230456E-004   0.0000000000000000     
  0.23333333333333334       -4.9748591448792471E-004   0.0000000000000000     
  0.23666666666666666       -3.9351719703108841E-004   0.0000000000000000     
  0.24000000000000002       -2.9219666034058760E-004   0.0000000000000000     
  0.24333333333333335       -1.9569817038122848E-004   0.0000000000000000     
  0.24666666666666670       -1.0609213448983217E-004   0.0000000000000000     
  0.25000000000000000       -2.5301080104887832E-005   0.0000000000000000     
  0.25333333333333335        4.4941593713230416E-005   0.0000000000000000     
  0.25666666666666671        1.0312880693295170E-004   0.0000000000000000     
  0.26000000000000006        1.4801213345250953E-004   0.0000000000000000     
  0.26333333333333336        1.7862858650999878E-004   0.0000000000000000     
  0.26666666666666672        1.9432127987528588E-004   0.0000000000000000     
  0.26969696969696977        1.9534742713467291E-004   0.0000000000000000     
  0.27272727272727276        1.8373950743784845E-004   0.0000000000000000     
  0.27575757575757581        1.5970341272928521E-004   0.0000000000000000     
  0.27878787878787886        1.2366547592713517E-004   0.0000000000000000     
  0.28181818181818186        7.6264908972554723E-005   0.0000000000000000     
  0.28484848484848491        1.8342465002707206E-005   0.0000000000000000     
  0.28787878787878790       -4.9074474252545355E-005   0.0000000000000000     
  0.29090909090909095       -1.2479012134153356E-004   0.0000000000000000     
  0.29393939393939400       -2.0746149300666347E-004   0.0000000000000000     
  0.29696969696969699       -2.9562223094177612E-004   0.0000000000000000     
  0.30000000000000004       -3.8770861087629384E-004   0.0000000000000000     
  0.30303030303030309       -4.8208727865887106E-004   0.0000000000000000     
  0.30606060606060609       -5.7708422137977308E-004   0.0000000000000000     
  0.30909090909090914       -6.7101445966561638E-004   0.0000000000000000     
  0.31212121212121219       -7.6221193448849434E-004   0.0000000000000000     
  0.31515151515151518       -8.4905905838100152E-004   0.0000000000000000     
  0.31818181818181823       -9.3001540690211006E-004   0.0000000000000000     
  0.32121212121212123       -1.0036450414469111E-003   0.0000000000000000     
  0.32424242424242428       -1.0686419787707920E-003   0.0000000000000000     
  0.32727272727272733       -1.1238533554701541E-003   0.0000000000000000     
  0.33030303030303032       -1.1682998765460977E-003   0.0000000000000000     
  0.33333333333333337       -1.2011931853517089E-003   0.0000000000000000     
  0.33636363636363642       -1.2219498468282184E-003   0.0000000000000000     
  0.33939393939393941       -1.2302016960068765E-003   0.0000000000000000     
  0.34242424242424246       -1.2258023682230807E-003   0.0000000000000000     
  0.34545454545454546       -1.2088298952151830E-003   0.0000000000000000     
  0.34848484848484851       -1.1795853210600012E-003   0.0000000000000000     
  0.35151515151515150       -1.1385873624954973E-003   0.0000000000000000     
  0.35454545454545455       -1.0865632083400995E-003   0.0000000000000000     
  0.35757575757575755       -1.0244356212022509E-003   0.0000000000000000     
  0.36060606060606060       -9.5330657025967261E-004   0.0000000000000000     
  0.36363636363636365       -8.7443768541588349E-004   0.0000000000000000     
  0.36666666666666664       -7.8922787952384360E-004   0.0000000000000000     
  0.36969696969696969       -6.9918853559467939E-004   0.0000000000000000     
  0.37272727272727268       -6.0591669910130058E-004   0.0000000000000000     
  0.37575757575757573       -5.1106675087015383E-004   0.0000000000000000     
  0.37878787878787878       -4.1632106300454189E-004   0.0000000000000000     
  0.38181818181818183       -3.2336015832131880E-004   0.0000000000000000     
  0.38484848484848483       -2.3383290258849264E-004   0.0000000000000000     
  0.38787878787878788       -1.4932725827036494E-004   0.0000000000000000     
  0.39090909090909093       -7.1342118526391348E-005   0.0000000000000000     
  0.39393939393939398       -1.2607210495993123E-006   0.0000000000000000     
  0.39696969696969697        5.9673886691053632E-005   0.0000000000000000     
  0.40000000000000002        1.1038089562712510E-004   0.0000000000000000     
  0.40303030303030307        1.5454548130883994E-004   0.0000000000000000     
  0.40606060606060607        1.9596886352868609E-004   0.0000000000000000     
  0.40909090909090912        2.3391630764555430E-004   0.0000000000000000     
  0.41212121212121217        2.6771473241309443E-004   0.0000000000000000     
  0.41515151515151516        2.9676464855343880E-004   0.0000000000000000     
  0.41818181818181821        3.2055079201610240E-004   0.0000000000000000     
  0.42121212121212120        3.3865126331717973E-004   0.0000000000000000     
  0.42424242424242425        3.5074501085309399E-004   0.0000000000000000     
  0.42727272727272730        3.5661752545591119E-004   0.0000000000000000     
  0.43030303030303030        3.5616464518425602E-004   0.0000000000000000     
  0.43333333333333335        3.4939440286418732E-004   0.0000000000000000     
  0.43636363636363640        3.3642688360934527E-004   0.0000000000000000     
  0.43939393939393939        3.1749209484778344E-004   0.0000000000000000     
  0.44242424242424244        2.9292588663517910E-004   0.0000000000000000     
  0.44545454545454549        2.6316399461666552E-004   0.0000000000000000     
  0.44848484848484849        2.2873431129829316E-004   0.0000000000000000     
  0.45151515151515154        1.9024752271442231E-004   0.0000000000000000     
  0.45454545454545453        1.4838627656984794E-004   0.0000000000000000     
  0.45757575757575758        1.0389307398380574E-004   0.0000000000000000     
  0.46060606060606063        5.7557099602341448E-005   0.0000000000000000     
  0.46363636363636362        1.0200223675586408E-005   0.0000000000000000     
  0.46666666666666667       -3.7337575615699018E-005   0.0000000000000000     
  0.46969696969696972       -8.4213111017618575E-005   0.0000000000000000     
  0.47272727272727272       -1.2959494198055215E-004   0.0000000000000000     
  0.47575757575757577       -1.7267812208297383E-004   0.0000000000000000     
  0.47878787878787882       -2.1269847652378011E-004   0.0000000000000000     
  0.48181818181818181       -2.4894615644024736E-004   0.0000000000000000     
  0.48484848484848486       -2.8077822963646916E-004   0.0000000000000000     
  0.48787878787878786       -3.0763008439746930E-004   0.0000000000000000     
  0.49090909090909091       -3.2902544411773428E-004   0.0000000000000000     
  0.49393939393939396       -3.4458481511275918E-004   0.0000000000000000     
  0.49696969696969695       -3.5403221777266530E-004   0.0000000000000000     
  0.50000000000000000       -3.5720008166668503E-004   0.0000000000000000     
  0.50303030303030305       -3.5403221777266524E-004   0.0000000000000000     
  0.50606060606060610       -3.4458481511275907E-004   0.0000000000000000     
  0.50909090909090904       -3.2902544411773384E-004   0.0000000000000000     
  0.51212121212121209       -3.0763008439746919E-004   0.0000000000000000     
  0.51515151515151514       -2.8077822963646921E-004   0.0000000000000000     
  0.51818181818181819       -2.4894615644024736E-004   0.0000000000000000     
  0.52121212121212124       -2.1269847652378076E-004   0.0000000000000000     
  0.52424242424242429       -1.7267812208297443E-004   0.0000000000000000     
  0.52727272727272723       -1.2959494198055193E-004   0.0000000000000000     
  0.53030303030303028       -8.4213111017618440E-005   0.0000000000000000     
  0.53333333333333333       -3.7337575615698998E-005   0.0000000000000000     
  0.53636363636363638        1.0200223675586422E-005   0.0000000000000000     
  0.53939393939393943        5.7557099602341367E-005   0.0000000000000000     
  0.54242424242424236        1.0389307398380635E-004   0.0000000000000000     
  0.54545454545454541        1.4838627656984854E-004   0.0000000000000000     
  0.54848484848484846        1.9024752271442225E-004   0.0000000000000000     
  0.55151515151515151        2.2873431129829307E-004   0.0000000000000000     
  0.55454545454545456        2.6316399461666514E-004   0.0000000000000000     
  0.55757575757575761        2.9292588663517850E-004   0.0000000000000000     
  0.56060606060606055        3.1749209484778328E-004   0.0000000000000000     
  0.56363636363636360        3.3642688360934522E-004   0.0000000000000000     
  0.56666666666666665        3.4939440286418726E-004   0.0000000000000000     
  0.56969696969696970        3.5616464518425592E-004   0.0000000000000000     
  0.57272727272727275        3.5661752545591103E-004   0.0000000000000000     
  0.57575757575757569        3.5074501085309367E-004   0.0000000000000000     
  0.57878787878787874        3.3865126331717973E-004   0.0000000000000000     
  0.58181818181818179        3.2055079201610229E-004   0.0000000000000000     
  0.58484848484848484        2.9676464855343874E-004   0.0000000000000000     
  0.58787878787878789        2.6771473241309497E-004   0.0000000000000000     
  0.59090909090909094        2.3391630764555473E-004   0.0000000000000000     
  0.59393939393939388        1.9596886352868587E-004   0.0000000000000000     
  0.59696969696969693        1.5454548130883978E-004   0.0000000000000000     
  0.59999999999999998        1.1038089562712509E-004   0.0000000000000000     
  0.60333333333333328        5.9569809946518144E-005   0.0000000000000000     
  0.60666666666666669        7.4806340924894330E-006   0.0000000000000000     
  0.60999999999999999       -4.4769041264383652E-005   0.0000000000000000     
  0.61333333333333329       -9.6058181885892396E-005   0.0000000000000000     
  0.61666666666666670       -1.4528636212350447E-004   0.0000000000000000     
  0.62000000000000000       -1.9139737492537378E-004   0.0000000000000000     
  0.62333333333333329       -2.3340189310829516E-004   0.0000000000000000     
  0.62666666666666659       -2.7039869569993552E-004   0.0000000000000000     
  0.63000000000000000       -3.0159400394286093E-004   0.0000000000000000     
  0.63333333333333330       -3.2631851207616628E-004   0.0000000000000000     
  0.63636363636363635       -3.4273096853370936E-004   0.0000000000000000     
  0.63939393939393940       -3.5306433869589348E-004   0.0000000000000000     
  0.64242424242424245       -3.5713533755287884E-004   0.0000000000000000     
  0.64545454545454550       -3.5487175700087386E-004   0.0000000000000000     
  0.64848484848484855       -3.4631374661127378E-004   0.0000000000000000     
  0.65151515151515149       -3.3161310149006659E-004   0.0000000000000000     
  0.65454545454545454       -3.1103056985814115E-004   0.0000000000000000     
  0.65757575757575759       -2.8493122810904450E-004   0.0000000000000000     
  0.66060606060606064       -2.5377800537767662E-004   0.0000000000000000     
  0.66363636363636369       -2.1812347247536504E-004   0.0000000000000000     
  0.66666666666666674       -1.7860004083334138E-004   0.0000000000000000     
  0.66969696969696979       -1.3590874529729720E-004   0.0000000000000000     
  0.67272727272727273       -9.0806809735080634E-005   0.0000000000000000     
  0.67575757575757578       -4.4094216008688030E-005   0.0000000000000000     
  0.67878787878787883        3.4004854606723291E-006   0.0000000000000000     
  0.68181818181818188        5.0834871853597403E-005   0.0000000000000000     
  0.68484848484848482        9.7367590171027857E-005   0.0000000000000000     
  0.68787878787878787        1.4217328047709502E-004   0.0000000000000000     
  0.69090909090909092        1.8445721546990490E-004   0.0000000000000000     
  0.69393939393939397        2.2346939671534142E-004   0.0000000000000000     
  0.69696969696969691        2.5851785751609068E-004   0.0000000000000000     
  0.69999999999999996        2.8898093646046716E-004   0.0000000000000000     
  0.70303030303030301        3.1431830395258614E-004   0.0000000000000000     
  0.70606060606060606        3.3408054614420077E-004   0.0000000000000000     
  0.70909090909090911        3.4791713627611842E-004   0.0000000000000000     
  0.71212121212121215        3.5558265204001010E-004   0.0000000000000000     
  0.71515151515151520        3.5694112868180311E-004   0.0000000000000000     
  0.71818181818181814        3.5196847063537104E-004   0.0000000000000000     
  0.72121212121212119        3.4075287891012490E-004   0.0000000000000000     
  0.72424242424242424        3.2349328665244397E-004   0.0000000000000000     
  0.72727272727272729        3.0049583062968549E-004   0.0000000000000000     
  0.73030303030303034        2.7216842122217193E-004   0.0000000000000000     
  0.73333333333333339        2.3901350723706187E-004   0.0000000000000000     
  0.73636363636363644        2.0161916387541559E-004   0.0000000000000000     
  0.73939393939393949        1.6064866192722451E-004   0.0000000000000000     
  0.74242424242424243        1.1682870320753817E-004   0.0000000000000000     
  0.74545454545454548        7.0936530904083906E-005   0.0000000000000000     
  0.74848484848484853        2.3786143462662579E-005   0.0000000000000000     
  0.75151515151515158       -2.3786143462664626E-005   0.0000000000000000     
  0.75454545454545463       -7.0936530904085884E-005   0.0000000000000000     
  0.75757575757575768       -1.1682870320754009E-004   0.0000000000000000     
  0.76060606060606062       -1.6064866192722641E-004   0.0000000000000000     
  0.76363636363636367       -2.0161916387541733E-004   0.0000000000000000     
  0.76666666666666672       -2.3901350723706338E-004   0.0000000000000000     
  0.76969696969696977       -2.7216842122217388E-004   0.0000000000000000     
  0.77272727272727282       -3.0049583062968620E-004   0.0000000000000000     
  0.77575757575757576       -3.2349328665244505E-004   0.0000000000000000     
  0.77878787878787881       -3.4075287891012593E-004   0.0000000000000000     
  0.78181818181818186       -3.5196847063537131E-004   0.0000000000000000     
  0.78484848484848491       -3.5694112868180344E-004   0.0000000000000000     
  0.78787878787878796       -3.5558265204001038E-004   0.0000000000000000     
  0.79090909090909101       -3.4791713627611810E-004   0.0000000000000000     
  0.79393939393939394       -3.3408054614420066E-004   0.0000000000000000     
  0.79696969696969699       -3.1431830395258582E-004   0.0000000000000000     
  0.80000000000000004       -2.8898093646046683E-004   0.0000000000000000     
  0.80303030303030309       -2.5851785751609025E-004   0.0000000000000000     
  0.80606060606060614       -2.2346939671534106E-004   0.0000000000000000     
  0.80909090909090908       -1.8445721546990354E-004   0.0000000000000000     
  0.81212121212121213       -1.4217328047709266E-004   0.0000000000000000     
  0.81515151515151518       -9.7367590171025946E-005   0.0000000000000000     
  0.81818181818181823       -5.0834871853596955E-005   0.0000000000000000     
  0.82121212121212128       -3.4004854606724087E-006   0.0000000000000000     
  0.82424242424242433        4.4094216008689046E-005   0.0000000000000000     
  0.82727272727272727        9.0806809735082789E-005   0.0000000000000000     
  0.83030303030303032        1.3590874529729910E-004   0.0000000000000000     
  0.83333333333333337        1.7860004083334317E-004   0.0000000000000000     
  0.83636363636363642        2.1812347247536748E-004   0.0000000000000000     
  0.83939393939393947        2.5377800537767760E-004   0.0000000000000000     
  0.84242424242424241        2.8493122810904591E-004   0.0000000000000000     
  0.84545454545454546        3.1103056985814262E-004   0.0000000000000000     
  0.84848484848484851        3.3161310149006703E-004   0.0000000000000000     
  0.85151515151515156        3.4631374661127422E-004   0.0000000000000000     
  0.85454545454545461        3.5487175700087413E-004   0.0000000000000000     
  0.85757575757575766        3.5713533755287857E-004   0.0000000000000000     
  0.86060606060606060        3.5306433869589348E-004   0.0000000000000000     
  0.86363636363636365        3.4273096853370898E-004   0.0000000000000000     
  0.86666666666666670        3.2631851207616595E-004   0.0000000000000000     
  0.86969696969696975        3.0411808027699933E-004   0.0000000000000000     
  0.87272727272727280        2.7652344654185908E-004   0.0000000000000000     
  0.87575757575757573        2.4402406229231136E-004   0.0000000000000000     
  0.87878787878787878        2.0719637547016127E-004   0.0000000000000000     
  0.88181818181818183        1.6669360596738045E-004   0.0000000000000000     
  0.88484848484848488        1.2323415933707726E-004   0.0000000000000000     
  0.88787878787878793        7.7588884293459763E-005   0.0000000000000000     
  0.89090909090909098        3.0567400017265440E-005   0.0000000000000000     
  0.89393939393939392       -1.6996264218098336E-005   0.0000000000000000     
  0.89696969696969697       -6.4258462387172598E-005   0.0000000000000000     
  0.90000000000000002       -1.1038089562712515E-004   0.0000000000000000     
  0.90303030303030307       -1.5454548130883992E-004   0.0000000000000000     
  0.90606060606060612       -1.9596886352868598E-004   0.0000000000000000     
  0.90909090909090906       -2.3391630764555478E-004   0.0000000000000000     
  0.91212121212121211       -2.6771473241309502E-004   0.0000000000000000     
  0.91515151515151516       -2.9676464855343885E-004   0.0000000000000000     
  0.91818181818181821       -3.2055079201610240E-004   0.0000000000000000     
  0.92121212121212126       -3.3865126331717984E-004   0.0000000000000000     
  0.92424242424242431       -3.5074501085309367E-004   0.0000000000000000     
  0.92727272727272725       -3.5661752545591109E-004   0.0000000000000000     
  0.93030303030303030       -3.5616464518425602E-004   0.0000000000000000     
  0.93333333333333335       -3.4939440286418732E-004   0.0000000000000000     
  0.93636363636363640       -3.3642688360934522E-004   0.0000000000000000     
  0.93939393939393945       -3.1749209484778338E-004   0.0000000000000000     
  0.94242424242424239       -2.9292588663517856E-004   0.0000000000000000     
  0.94545454545454544       -2.6316399461666525E-004   0.0000000000000000     
  0.94848484848484849       -2.2873431129829313E-004   0.0000000000000000     
  0.95151515151515154       -1.9024752271442231E-004   0.0000000000000000     
  0.95454545454545459       -1.4838627656984856E-004   0.0000000000000000     
  0.95757575757575764       -1.0389307398380639E-004   0.0000000000000000     
  0.96060606060606057       -5.7557099602341313E-005   0.0000000000000000     
  0.96363636363636362       -1.0200223675586357E-005   0.0000000000000000     
  0.96666666666666667        3.7337575615699018E-005   0.0000000000000000     
  0.96969696969696972        8.4213111017618507E-005   0.0000000000000000     
  0.97272727272727277        1.2959494198055201E-004   0.0000000000000000     
  0.97575757575757571        1.7267812208297437E-004   0.0000000000000000     
  0.97878787878787876        2.1269847652378071E-004   0.0000000000000000     
  0.98181818181818181        2.4894615644024736E-004   0.0000000000000000     
  0.98484848484848486        2.8077822963646910E-004   0.0000000000000000     
  0.98787878787878791        3.0763008439746908E-004   0.0000000000000000     
  0.99090909090909096        3.2902544411773379E-004   0.0000000000000000     
  0.99393939393939390        3.4458481511275902E-004   0.0000000000000000     
  0.99696969696969695        3.5403221777266524E-004   0.0000000000000000     
   1.0000000000000000        3.5720008166668498E-004   0.0000000000000000     
