X My_beautiful_solution_real My_beautiful_solution_imag
   0.0000000000000000        5.0381385240899982E-025   0.0000000000000000     
   2.7777777777777770E-003  -4.8473304212113606E-004   0.0000000000000000     
   5.5555555555555540E-003  -9.6223983106145071E-004   0.0000000000000000     
   8.3333333333333332E-003  -1.4254018404309403E-003   0.0000000000000000     
   1.1111111111111110E-002  -1.8673143914629212E-003   0.0000000000000000     
   1.3888888888888888E-002  -2.2813895858710270E-003   0.0000000000000000     
   1.6666666666666666E-002  -2.6614545162388257E-003   0.0000000000000000     
   1.9444444444444441E-002  -3.0018432898514988E-003   0.0000000000000000     
   2.2222222222222220E-002  -3.2974814941060431E-003   0.0000000000000000     
   2.5000000000000001E-002  -3.5439618443153529E-003   0.0000000000000000     
   2.7777777777777776E-002  -3.7376098861717313E-003   0.0000000000000000     
   3.0555555555555555E-002  -3.8755387733972711E-003   0.0000000000000000     
   3.3333333333333333E-002  -3.9556923039726494E-003   0.0000000000000000     
   3.6111111111111108E-002  -3.9768755733732260E-003   0.0000000000000000     
   3.8888888888888890E-002  -3.9387727878432933E-003   0.0000000000000000     
   4.1666666666666664E-002  -3.8419519721536169E-003   0.0000000000000000     
   4.4444444444444439E-002  -3.6878565016604309E-003   0.0000000000000000     
   4.7222222222222221E-002  -3.4787835849033550E-003   0.0000000000000000     
   5.0000000000000003E-002  -3.2178500175172298E-003   0.0000000000000000     
   5.2777777777777771E-002  -2.9089457179880198E-003   0.0000000000000000     
   5.5555555555555552E-002  -2.5566757379277866E-003   0.0000000000000000     
   5.8333333333333334E-002  -2.1662916113619098E-003   0.0000000000000000     
   6.1111111111111109E-002  -1.7436130664524960E-003   0.0000000000000000     
   6.3888888888888884E-002  -1.2949412667559875E-003   0.0000000000000000     
   6.6666666666666666E-002  -8.2696487538789359E-004   0.0000000000000000     
   6.9444444444444448E-002  -3.4666034246161125E-004   0.0000000000000000     
   7.2222222222222215E-002   1.3881209771402568E-004   0.0000000000000000     
   7.4999999999999997E-002   6.2221516923624055E-004   0.0000000000000000     
   7.7777777777777779E-002   1.0963424457225398E-003   0.0000000000000000     
   8.0555555555555561E-002   1.5541257815296521E-003   0.0000000000000000     
   8.3333333333333343E-002   1.9887406815250887E-003   0.0000000000000000     
   8.6111111111111110E-002   2.3937080385908805E-003   0.0000000000000000     
   8.8888888888888892E-002   2.7629907221874725E-003   0.0000000000000000     
   9.1666666666666674E-002   3.0910835780648153E-003   0.0000000000000000     
   9.4444444444444442E-002   3.3730954974323709E-003   0.0000000000000000     
   9.7222222222222224E-002   3.6048223321255290E-003   0.0000000000000000     
  0.10000000000000001        3.7828095687714052E-003   0.0000000000000000     
  0.10277777777777779        3.9044038276265262E-003   0.0000000000000000     
  0.10555555555555556        3.9677924183573058E-003   0.0000000000000000     
  0.10833333333333334        3.9720303630777914E-003   0.0000000000000000     
  0.11111111111111112        3.9170544837933861E-003   0.0000000000000000     
  0.11388888888888889        3.8036843442392256E-003   0.0000000000000000     
  0.11666666666666667        3.6336100320725952E-003   0.0000000000000000     
  0.11944444444444444        3.4093669635586856E-003   0.0000000000000000     
  0.12222222222222222        3.1342980863538657E-003   0.0000000000000000     
  0.12500000000000000        2.8125040438558972E-003   0.0000000000000000     
  0.12777777777777777        2.4487820440557873E-003   0.0000000000000000     
  0.13055555555555556        2.0485543442159853E-003   0.0000000000000000     
  0.13333333333333333        1.6177874175035908E-003   0.0000000000000000     
  0.13611111111111110        1.1629030066178988E-003   0.0000000000000000     
  0.13888888888888890        6.9068239039784336E-004   0.0000000000000000     
  0.14166666666666666        2.0816529057372002E-004   0.0000000000000000     
  0.14444444444444443       -2.7745507426935241E-004   0.0000000000000000     
  0.14722222222222223       -7.5893922301253653E-004   0.0000000000000000     
  0.14999999999999999       -1.2291093359921340E-003   0.0000000000000000     
  0.15277777777777776       -1.6809562597582899E-003   0.0000000000000000     
  0.15555555555555556       -2.1077439974088387E-003   0.0000000000000000     
  0.15833333333333333       -2.5031101267881783E-003   0.0000000000000000     
  0.16111111111111109       -2.8611606495472209E-003   0.0000000000000000     
  0.16388888888888889       -3.1765578570831826E-003   0.0000000000000000     
  0.16666666666666666       -3.4445999034806115E-003   0.0000000000000000     
  0.16944444444444443       -3.6612908992043197E-003   0.0000000000000000     
  0.17222222222222222       -3.8234004806086733E-003   0.0000000000000000     
  0.17499999999999999       -3.9285119672191207E-003   0.0000000000000000     
  0.17777777777777778       -3.9750583888717630E-003   0.0000000000000000     
  0.18055555555555555       -3.9623458456293208E-003   0.0000000000000000     
  0.18333333333333335       -3.8905638522309638E-003   0.0000000000000000     
  0.18611111111111112       -3.7607825128640401E-003   0.0000000000000000     
  0.18888888888888888       -3.5749365683754005E-003   0.0000000000000000     
  0.19166666666666668       -3.3357965537416370E-003   0.0000000000000000     
  0.19444444444444445       -3.0469274957738925E-003   0.0000000000000000     
  0.19722222222222224       -2.7126357667793771E-003   0.0000000000000000     
  0.20000000000000001       -2.3379048864690627E-003   0.0000000000000000     
  0.20277777777777778       -1.9283212291572442E-003   0.0000000000000000     
  0.20555555555555557       -1.4899907437875082E-003   0.0000000000000000     
  0.20833333333333334       -1.0294479282977214E-003   0.0000000000000000     
  0.21111111111111111       -5.5355841530656670E-004   0.0000000000000000     
  0.21388888888888891       -6.9416621344670540E-005   0.0000000000000000     
  0.21666666666666667        4.1576001455536564E-004   0.0000000000000000     
  0.21944444444444444        8.9473862625120634E-004   0.0000000000000000     
  0.22222222222222224        1.3603787458656012E-003   0.0000000000000000     
  0.22500000000000001        1.8057387517158834E-003   0.0000000000000000     
  0.22777777777777777        2.2241793519048123E-003   0.0000000000000000     
  0.23055555555555557        2.6094625608705413E-003   0.0000000000000000     
  0.23333333333333334        2.9558446933835147E-003   0.0000000000000000     
  0.23611111111111110        3.2581619896639223E-003   0.0000000000000000     
  0.23888888888888890        3.5119075951464021E-003   0.0000000000000000     
  0.24166666666666670        3.7132987473010603E-003   0.0000000000000000     
  0.24444444444444446        3.8593331679100183E-003   0.0000000000000000     
  0.24722222222222223        3.9478338201205396E-003   0.0000000000000000     
  0.25000000000000000        3.9774813630501825E-003   0.0000000000000000     
  0.25277777777777782        3.9478338201205379E-003   0.0000000000000000     
  0.25555555555555559        3.8593331679100153E-003   0.0000000000000000     
  0.25833333333333336        3.7132987473010573E-003   0.0000000000000000     
  0.26111111111111113        3.5119075951463982E-003   0.0000000000000000     
  0.26388888888888895        3.2581619896639171E-003   0.0000000000000000     
  0.26666666666666672        2.9558446933835095E-003   0.0000000000000000     
  0.26944444444444449        2.6094625608705365E-003   0.0000000000000000     
  0.27222222222222225        2.2241793519048080E-003   0.0000000000000000     
  0.27500000000000002        1.8057387517158789E-003   0.0000000000000000     
  0.27777777777777785        1.3603787458655971E-003   0.0000000000000000     
  0.28055555555555561        8.9473862625120255E-004   0.0000000000000000     
  0.28333333333333338        4.1576001455536152E-004   0.0000000000000000     
  0.28611111111111115       -6.9416621344673400E-005   0.0000000000000000     
  0.28888888888888892       -5.5355841530656930E-004   0.0000000000000000     
  0.29166666666666674       -1.0294479282977242E-003   0.0000000000000000     
  0.29444444444444451       -1.4899907437875095E-003   0.0000000000000000     
  0.29722222222222228       -1.9283212291572457E-003   0.0000000000000000     
  0.30000000000000004       -2.3379048864690635E-003   0.0000000000000000     
  0.30277777777777781       -2.7126357667793771E-003   0.0000000000000000     
  0.30555555555555558       -3.0469274957738916E-003   0.0000000000000000     
  0.30833333333333335       -3.3357965537416353E-003   0.0000000000000000     
  0.31111111111111117       -3.5749365683753970E-003   0.0000000000000000     
  0.31388888888888894       -3.7607825128640362E-003   0.0000000000000000     
  0.31666666666666671       -3.8905638522309595E-003   0.0000000000000000     
  0.31944444444444448       -3.9623458456293165E-003   0.0000000000000000     
  0.32222222222222224       -3.9750583888717578E-003   0.0000000000000000     
  0.32500000000000007       -3.9285119672191164E-003   0.0000000000000000     
  0.32777777777777783       -3.8234004806086703E-003   0.0000000000000000     
  0.33055555555555560       -3.6612908992043175E-003   0.0000000000000000     
  0.33333333333333337       -3.4445999034806098E-003   0.0000000000000000     
  0.33611111111111114       -3.1765578570831818E-003   0.0000000000000000     
  0.33888888888888891       -2.8611606495472209E-003   0.0000000000000000     
  0.34166666666666667       -2.5031101267881783E-003   0.0000000000000000     
  0.34444444444444444       -2.1077439974088404E-003   0.0000000000000000     
  0.34722222222222221       -1.6809562597582936E-003   0.0000000000000000     
  0.34999999999999998       -1.2291093359921386E-003   0.0000000000000000     
  0.35277777777777780       -7.5893922301254271E-004   0.0000000000000000     
  0.35555555555555557       -2.7745507426935967E-004   0.0000000000000000     
  0.35833333333333334        2.0816529057371194E-004   0.0000000000000000     
  0.36111111111111110        6.9068239039783371E-004   0.0000000000000000     
  0.36388888888888887        1.1629030066178884E-003   0.0000000000000000     
  0.36666666666666664        1.6177874175035802E-003   0.0000000000000000     
  0.36944444444444441        2.0485543442159749E-003   0.0000000000000000     
  0.37222222222222218        2.4487820440557777E-003   0.0000000000000000     
  0.37500000000000000        2.8125040438558889E-003   0.0000000000000000     
  0.37777777777777777        3.1342980863538579E-003   0.0000000000000000     
  0.38055555555555554        3.4093669635586786E-003   0.0000000000000000     
  0.38333333333333330        3.6336100320725892E-003   0.0000000000000000     
  0.38611111111111113        3.8036843442392186E-003   0.0000000000000000     
  0.38888888888888890        3.9170544837933800E-003   0.0000000000000000     
  0.39166666666666666        3.9720303630777845E-003   0.0000000000000000     
  0.39444444444444443        3.9677924183572988E-003   0.0000000000000000     
  0.39722222222222225        3.9044038276265175E-003   0.0000000000000000     
  0.40000000000000002        3.7828095687713974E-003   0.0000000000000000     
  0.40277777777777779        3.6048223321255217E-003   0.0000000000000000     
  0.40555555555555556        3.3730954974323653E-003   0.0000000000000000     
  0.40833333333333333        3.0910835780648084E-003   0.0000000000000000     
  0.41111111111111115        2.7629907221874673E-003   0.0000000000000000     
  0.41388888888888892        2.3937080385908762E-003   0.0000000000000000     
  0.41666666666666669        1.9887406815250848E-003   0.0000000000000000     
  0.41944444444444445        1.5541257815296504E-003   0.0000000000000000     
  0.42222222222222222        1.0963424457225389E-003   0.0000000000000000     
  0.42500000000000004        6.2221516923624065E-004   0.0000000000000000     
  0.42777777777777781        1.3881209771402788E-004   0.0000000000000000     
  0.43055555555555558       -3.4666034246160811E-004   0.0000000000000000     
  0.43333333333333335       -8.2696487538788947E-004   0.0000000000000000     
  0.43611111111111112       -1.2949412667559823E-003   0.0000000000000000     
  0.43888888888888888       -1.7436130664524900E-003   0.0000000000000000     
  0.44166666666666665       -2.1662916113619037E-003   0.0000000000000000     
  0.44444444444444448       -2.5566757379277792E-003   0.0000000000000000     
  0.44722222222222224       -2.9089457179880115E-003   0.0000000000000000     
  0.45000000000000001       -3.2178500175172224E-003   0.0000000000000000     
  0.45277777777777778       -3.4787835849033472E-003   0.0000000000000000     
  0.45555555555555555       -3.6878565016604239E-003   0.0000000000000000     
  0.45833333333333337       -3.8419519721536108E-003   0.0000000000000000     
  0.46111111111111114       -3.9387727878432872E-003   0.0000000000000000     
  0.46388888888888891       -3.9768755733732217E-003   0.0000000000000000     
  0.46666666666666667       -3.9556923039726459E-003   0.0000000000000000     
  0.46944444444444444       -3.8755387733972685E-003   0.0000000000000000     
  0.47222222222222221       -3.7376098861717291E-003   0.0000000000000000     
  0.47499999999999998       -3.5439618443153507E-003   0.0000000000000000     
  0.47777777777777780       -3.2974814941060418E-003   0.0000000000000000     
  0.48055555555555557       -3.0018432898514975E-003   0.0000000000000000     
  0.48333333333333334       -2.6614545162388249E-003   0.0000000000000000     
  0.48611111111111110       -2.2813895858710275E-003   0.0000000000000000     
  0.48888888888888887       -1.8673143914629223E-003   0.0000000000000000     
  0.49166666666666670       -1.4254018404309420E-003   0.0000000000000000     
  0.49444444444444446       -9.6223983106145396E-004   0.0000000000000000     
  0.49722222222222223       -4.8473304212114007E-004   0.0000000000000000     
  0.50000000000000000       -4.5856943597352368E-018   0.0000000000000000     
  0.50277777777777777        4.8473304212113053E-004   0.0000000000000000     
  0.50555555555555554        9.6223983106144453E-004   0.0000000000000000     
  0.50833333333333330        1.4254018404309329E-003   0.0000000000000000     
  0.51111111111111107        1.8673143914629136E-003   0.0000000000000000     
  0.51388888888888884        2.2813895858710197E-003   0.0000000000000000     
  0.51666666666666661        2.6614545162388179E-003   0.0000000000000000     
  0.51944444444444449        3.0018432898514897E-003   0.0000000000000000     
  0.52222222222222225        3.2974814941060335E-003   0.0000000000000000     
  0.52500000000000002        3.5439618443153438E-003   0.0000000000000000     
  0.52777777777777779        3.7376098861717226E-003   0.0000000000000000     
  0.53055555555555556        3.8755387733972646E-003   0.0000000000000000     
  0.53333333333333333        3.9556923039726424E-003   0.0000000000000000     
  0.53611111111111109        3.9768755733732217E-003   0.0000000000000000     
  0.53888888888888886        3.9387727878432864E-003   0.0000000000000000     
  0.54166666666666663        3.8419519721536125E-003   0.0000000000000000     
  0.54444444444444440        3.6878565016604274E-003   0.0000000000000000     
  0.54722222222222217        3.4787835849033537E-003   0.0000000000000000     
  0.55000000000000004        3.2178500175172311E-003   0.0000000000000000     
  0.55277777777777781        2.9089457179880224E-003   0.0000000000000000     
  0.55555555555555558        2.5566757379277901E-003   0.0000000000000000     
  0.55833333333333335        2.1662916113619150E-003   0.0000000000000000     
  0.56111111111111112        1.7436130664525030E-003   0.0000000000000000     
  0.56388888888888888        1.2949412667559960E-003   0.0000000000000000     
  0.56666666666666665        8.2696487538790303E-004   0.0000000000000000     
  0.56944444444444442        3.4666034246162226E-004   0.0000000000000000     
  0.57222222222222219       -1.3881209771401368E-004   0.0000000000000000     
  0.57499999999999996       -6.2221516923622754E-004   0.0000000000000000     
  0.57777777777777772       -1.0963424457225257E-003   0.0000000000000000     
  0.58055555555555549       -1.5541257815296383E-003   0.0000000000000000     
  0.58333333333333326       -1.9887406815250735E-003   0.0000000000000000     
  0.58611111111111114       -2.3937080385908649E-003   0.0000000000000000     
  0.58888888888888891       -2.7629907221874560E-003   0.0000000000000000     
  0.59166666666666667       -3.0910835780648001E-003   0.0000000000000000     
  0.59444444444444444       -3.3730954974323575E-003   0.0000000000000000     
  0.59722222222222221       -3.6048223321255165E-003   0.0000000000000000     
  0.59999999999999998       -3.7828095687713935E-003   0.0000000000000000     
  0.60277777777777775       -3.9236699689120212E-003   0.0000000000000000     
  0.60555555555555551       -4.0445697697081154E-003   0.0000000000000000     
  0.60833333333333328       -4.1437066335962254E-003   0.0000000000000000     
  0.61111111111111105       -4.2196026582759939E-003   0.0000000000000000     
  0.61388888888888882       -4.2711264088294426E-003   0.0000000000000000     
  0.61666666666666670       -4.2975097848095799E-003   0.0000000000000000     
  0.61944444444444446       -4.2983594708489144E-003   0.0000000000000000     
  0.62222222222222223       -4.2736628000856654E-003   0.0000000000000000     
  0.62500000000000000       -4.2237879429975018E-003   0.0000000000000000     
  0.62777777777777777       -4.1494784188277137E-003   0.0000000000000000     
  0.63055555555555554       -4.0518420114258359E-003   0.0000000000000000     
  0.63333333333333330       -3.9323342547419879E-003   0.0000000000000000     
  0.63611111111111107       -3.7927367341681847E-003   0.0000000000000000     
  0.63888888888888884       -3.6351305272036326E-003   0.0000000000000000     
  0.64166666666666661       -3.4618651793825350E-003   0.0000000000000000     
  0.64444444444444449       -3.2755236779618366E-003   0.0000000000000000     
  0.64722222222222225       -3.0788839455305680E-003   0.0000000000000000     
  0.65000000000000002       -2.8748774275824058E-003   0.0000000000000000     
  0.65277777777777779       -2.6665453914152802E-003   0.0000000000000000     
  0.65555555555555556       -2.4569935878408751E-003   0.0000000000000000     
  0.65833333333333344       -2.2493459515934627E-003   0.0000000000000000     
  0.66111111111111120       -2.0466980306582880E-003   0.0000000000000000     
  0.66388888888888897       -1.8520708387810569E-003   0.0000000000000000     
  0.66666666666666674       -1.6683658191112276E-003   0.0000000000000000     
  0.66944444444444451       -1.4983215903674933E-003   0.0000000000000000     
  0.67222222222222228       -1.3444731203405016E-003   0.0000000000000000     
  0.67500000000000004       -1.2091139353618439E-003   0.0000000000000000     
  0.67777777777777781       -1.0942619291090909E-003   0.0000000000000000     
  0.68055555555555558       -1.0016292804588373E-003   0.0000000000000000     
  0.68333333333333335       -9.3259692884328847E-004   0.0000000000000000     
  0.68611111111111112       -8.8819398762401318E-004   0.0000000000000000     
  0.68888888888888888       -8.6908240238206633E-004   0.0000000000000000     
  0.69166666666666665       -8.7554708283402551E-004   0.0000000000000000     
  0.69444444444444442       -9.0749165548433615E-004   0.0000000000000000     
  0.69722222222222219       -9.6443990033216189E-004   0.0000000000000000     
  0.69999999999999996       -1.0455428502147272E-003   0.0000000000000000     
  0.70277777777777772       -1.1495914469522985E-003   0.0000000000000000     
  0.70555555555555549       -1.2750345656208479E-003   0.0000000000000000     
  0.70833333333333326       -1.4200021382519831E-003   0.0000000000000000     
  0.71111111111111114       -1.5823330322390665E-003   0.0000000000000000     
  0.71388888888888891       -1.7596072678466876E-003   0.0000000000000000     
  0.71666666666666667       -1.9491820945345985E-003   0.0000000000000000     
  0.71944444444444444       -2.1482313882812947E-003   0.0000000000000000     
  0.72222222222222221       -2.3537877825838007E-003   0.0000000000000000     
  0.72500000000000009       -2.5627869050575324E-003   0.0000000000000000     
  0.72777777777777786       -2.7721130601704646E-003   0.0000000000000000     
  0.73055555555555562       -2.9786456770871622E-003   0.0000000000000000     
  0.73333333333333339       -3.1793058301923878E-003   0.0000000000000000     
  0.73636363636363644       -3.3879985720954523E-003   0.0000000000000000     
  0.73939393939393949       -3.5824434769187795E-003   0.0000000000000000     
  0.74242424242424243       -3.7591916373133083E-003   0.0000000000000000     
  0.74545454545454548       -3.9151080365511159E-003   0.0000000000000000     
  0.74848484848484853       -4.0474271549303187E-003   0.0000000000000000     
  0.75151515151515158       -4.1538020223404774E-003   0.0000000000000000     
  0.75454545454545463       -4.2323458469302215E-003   0.0000000000000000     
  0.75757575757575768       -4.2816654815037306E-003   0.0000000000000000     
  0.76060606060606062       -4.3008861340461104E-003   0.0000000000000000     
  0.76363636363636367       -4.2896668840796733E-003   0.0000000000000000     
  0.76666666666666672       -4.2482067296378294E-003   0.0000000000000000     
  0.76944444444444449       -4.1842544796944830E-003   0.0000000000000000     
  0.77222222222222225       -4.0964569155506197E-003   0.0000000000000000     
  0.77500000000000002       -3.9861228966650199E-003   0.0000000000000000     
  0.77777777777777779       -3.8548972491288394E-003   0.0000000000000000     
  0.78055555555555556       -3.7047362450970799E-003   0.0000000000000000     
  0.78333333333333344       -3.5378784392766293E-003   0.0000000000000000     
  0.78611111111111120       -3.3568112972315769E-003   0.0000000000000000     
  0.78888888888888897       -3.1642341130010063E-003   0.0000000000000000     
  0.79166666666666674       -2.9630177688421159E-003   0.0000000000000000     
  0.79444444444444451       -2.7561619369881971E-003   0.0000000000000000     
  0.79722222222222228       -2.5467503614447439E-003   0.0000000000000000     
  0.80000000000000004       -2.3379048864690653E-003   0.0000000000000000     
  0.80277777777777781       -2.1134727757773858E-003   0.0000000000000000     
  0.80555555555555558       -1.8575336539240264E-003   0.0000000000000000     
  0.80833333333333335       -1.5739029837156867E-003   0.0000000000000000     
  0.81111111111111112       -1.2668090451635750E-003   0.0000000000000000     
  0.81388888888888888       -9.4082990156735421E-004   0.0000000000000000     
  0.81666666666666665       -6.0082515113595448E-004   0.0000000000000000     
  0.81944444444444453       -2.5186348157126058E-004   0.0000000000000000     
  0.82222222222222230        1.0085289239088309E-004   0.0000000000000000     
  0.82500000000000007        4.5206578202018719E-004   0.0000000000000000     
  0.82777777777777783        7.9653941207484264E-004   0.0000000000000000     
  0.83055555555555560        1.1291384741508672E-003   0.0000000000000000     
  0.83333333333333337        1.4449046823023504E-003   0.0000000000000000     
  0.83611111111111114        1.7391306896645834E-003   0.0000000000000000     
  0.83888888888888891        2.0074302641534506E-003   0.0000000000000000     
  0.84166666666666667        2.2458036770830764E-003   0.0000000000000000     
  0.84444444444444444        2.4506973299080240E-003   0.0000000000000000     
  0.84722222222222221        2.6190567301926722E-003   0.0000000000000000     
  0.85000000000000009        2.7483720270580557E-003   0.0000000000000000     
  0.85277777777777786        2.8367154272775927E-003   0.0000000000000000     
  0.85555555555555562        2.8827699342338325E-003   0.0000000000000000     
  0.85833333333333339        2.8858489813046000E-003   0.0000000000000000     
  0.86111111111111116        2.8459066669899889E-003   0.0000000000000000     
  0.86388888888888893        2.7635384391979903E-003   0.0000000000000000     
  0.86666666666666670        2.6399722184876719E-003   0.0000000000000000     
  0.86944444444444446        2.4770500926018955E-003   0.0000000000000000     
  0.87222222222222223        2.2772008551819093E-003   0.0000000000000000     
  0.87500000000000000        2.0434037980483688E-003   0.0000000000000000     
  0.87777777777777777        1.7791442968224330E-003   0.0000000000000000     
  0.88055555555555554        1.4883618520030479E-003   0.0000000000000000     
  0.88333333333333330        1.1753913600883257E-003   0.0000000000000000     
  0.88611111111111118        8.4489849025320616E-004   0.0000000000000000     
  0.88888888888888895        5.0181012996843260E-004   0.0000000000000000     
  0.89166666666666672        1.5124093645640032E-004   0.0000000000000000     
  0.89444444444444449       -2.0158291106757504E-004   0.0000000000000000     
  0.89722222222222225       -5.5140162168995513E-004   0.0000000000000000     
  0.90000000000000002       -8.9300020416672109E-004   0.0000000000000000     
  0.90277777777777779       -1.2212862104312332E-003   0.0000000000000000     
  0.90555555555555556       -1.5313656522655480E-003   0.0000000000000000     
  0.90833333333333333       -1.8186159593925118E-003   0.0000000000000000     
  0.91111111111111109       -2.0787548913515073E-003   0.0000000000000000     
  0.91388888888888886       -2.3079043758405184E-003   0.0000000000000000     
  0.91666666666666674       -2.5026483218418371E-003   0.0000000000000000     
  0.91944444444444451       -2.6600835456709378E-003   0.0000000000000000     
  0.92222222222222228       -2.7778630507583500E-003   0.0000000000000000     
  0.92500000000000004       -2.8542310159627047E-003   0.0000000000000000     
  0.92777777777777781       -2.8880489708198185E-003   0.0000000000000000     
  0.93055555555555558       -2.8788127675150781E-003   0.0000000000000000     
  0.93333333333333335       -2.8266600965661704E-003   0.0000000000000000     
  0.93611111111111112       -2.7323684341746036E-003   0.0000000000000000     
  0.93888888888888888       -2.5973434518462824E-003   0.0000000000000000     
  0.94166666666666665       -2.4235980610670281E-003   0.0000000000000000     
  0.94444444444444442       -2.2137224054286173E-003   0.0000000000000000     
  0.94722222222222219       -1.9708452475536548E-003   0.0000000000000000     
  0.94999999999999996       -1.6985873264513253E-003   0.0000000000000000     
  0.95277777777777783       -1.4010073806383150E-003   0.0000000000000000     
  0.95555555555555560       -1.0825416416959655E-003   0.0000000000000000     
  0.95833333333333337       -7.4793770027531067E-004   0.0000000000000000     
  0.96111111111111114       -4.0218373045547304E-004   0.0000000000000000     
  0.96388888888888891       -5.0434127557348810E-005   0.0000000000000000     
  0.96666666666666667        3.0206733201860347E-004   0.0000000000000000     
  0.96944444444444444        6.5006566342060124E-004   0.0000000000000000     
  0.97222222222222221        9.8837301306595898E-004   0.0000000000000000     
  0.97499999999999998        1.3119459975889094E-003   0.0000000000000000     
  0.97777777777777775        1.6159608890702535E-003   0.0000000000000000     
  0.98055555555555551        1.8958855257102353E-003   0.0000000000000000     
  0.98333333333333339        2.1475468759220989E-003   0.0000000000000000     
  0.98611111111111116        2.3671932486214100E-003   0.0000000000000000     
  0.98888888888888893        2.5515502222989051E-003   0.0000000000000000     
  0.99166666666666670        2.6978694591032614E-003   0.0000000000000000     
  0.99444444444444446        2.8039696762282916E-003   0.0000000000000000     
  0.99722222222222223        2.8682691638154487E-003   0.0000000000000000     
   1.0000000000000000        2.8898093646046986E-003   0.0000000000000000     
