X My_beautiful_solution_real My_beautiful_solution_imag
   0.0000000000000000        1.2123292939855087E-025   0.0000000000000000     
   2.7777777777777770E-003  -6.3769527357300005E-005   0.0000000000000000     
   5.5555555555555540E-003  -1.3429485445515021E-004   0.0000000000000000     
   8.3333333333333332E-003  -2.1052461110628278E-004   0.0000000000000000     
   1.1111111111111110E-002  -2.9132238721770430E-004   0.0000000000000000     
   1.3888888888888888E-002  -3.7548367404771177E-004   0.0000000000000000     
   1.6666666666666666E-002  -4.6175382065689701E-004   0.0000000000000000     
   1.9444444444444441E-002  -5.4884673786385028E-004   0.0000000000000000     
   2.2222222222222220E-002  -6.3546407087262274E-004   0.0000000000000000     
   2.5000000000000001E-002  -7.2031455475224924E-004   0.0000000000000000     
   2.7777777777777776E-002  -8.0213326422273387E-004   0.0000000000000000     
   3.0555555555555555E-002  -8.7970047077748543E-004   0.0000000000000000     
   3.3333333333333333E-002  -9.5185982602597201E-004   0.0000000000000000     
   3.6111111111111108E-002  -1.0175356001848300E-003   0.0000000000000000     
   3.8888888888888890E-002  -1.0757487187312215E-003   0.0000000000000000     
   4.1666666666666664E-002  -1.1256313581488849E-003   0.0000000000000000     
   4.4444444444444439E-002  -1.1664398831779210E-003   0.0000000000000000     
   4.7222222222222221E-002  -1.1975659327037140E-003   0.0000000000000000     
   5.0000000000000003E-002  -1.2185454890199243E-003   0.0000000000000000     
   5.2777777777777771E-002  -1.2290657952637243E-003   0.0000000000000000     
   5.5555555555555552E-002  -1.2289700179002590E-003   0.0000000000000000     
   5.8333333333333334E-002  -1.2182595847494142E-003   0.0000000000000000     
   6.1111111111111109E-002  -1.1970941637003151E-003   0.0000000000000000     
   6.3888888888888884E-002  -1.1657892824308560E-003   0.0000000000000000     
   6.6666666666666666E-002  -1.1248116246167753E-003   0.0000000000000000     
   6.9444444444444448E-002  -1.0747720727529531E-003   0.0000000000000000     
   7.2222222222222215E-002  -1.0164166013024467E-003   0.0000000000000000     
   7.4999999999999997E-002  -9.5061515593543972E-004   0.0000000000000000     
   7.7777777777777779E-002  -8.7834868464302753E-004   0.0000000000000000     
   8.0555555555555561E-002  -8.0069451406206778E-004   0.0000000000000000     
   8.3333333333333343E-002  -7.1881028901642338E-004   0.0000000000000000     
   8.6111111111111110E-002  -6.3391671469900906E-004   0.0000000000000000     
   8.8888888888888892E-002  -5.4727935876899912E-004   0.0000000000000000     
   9.1666666666666674E-002  -4.6018978465299515E-004   0.0000000000000000     
   9.4444444444444442E-002  -3.7394629730915955E-004   0.0000000000000000     
   9.7222222222222224E-002  -2.8983458849066206E-004   0.0000000000000000     
  0.10000000000000001       -2.0910857004294807E-004   0.0000000000000000     
  0.10277777777777779       -1.3297168096623534E-004   0.0000000000000000     
  0.10555555555555556       -6.2558946911882597E-005   0.0000000000000000     
  0.10833333333333334        1.0799404357883781E-006   0.0000000000000000     
  0.11111111111111112        5.6996271844767970E-005   0.0000000000000000     
  0.11388888888888889        1.0435646360486508E-004   0.0000000000000000     
  0.11666666666666667        1.4245448434084272E-004   0.0000000000000000     
  0.11944444444444444        1.7072238031403818E-004   0.0000000000000000     
  0.12222222222222222        1.8873874230444616E-004   0.0000000000000000     
  0.12500000000000000        1.9623498785156207E-004   0.0000000000000000     
  0.12777777777777777        1.9309936520025148E-004   0.0000000000000000     
  0.13055555555555556        1.7937861926202046E-004   0.0000000000000000     
  0.13333333333333333        1.5527729475605122E-004   0.0000000000000000     
  0.13611111111111110        1.2115468691856601E-004   0.0000000000000000     
  0.13888888888888890        7.7519485238410814E-005   0.0000000000000000     
  0.14166666666666666        2.5022190068434372E-005   0.0000000000000000     
  0.14444444444444443       -3.5554584836486726E-005   0.0000000000000000     
  0.14722222222222223       -1.0330777928795706E-004   0.0000000000000000     
  0.14999999999999999       -1.7722734921145965E-004   0.0000000000000000     
  0.15277777777777776       -2.5621132407709844E-004   0.0000000000000000     
  0.15555555555555556       -3.3908223474204605E-004   0.0000000000000000     
  0.15833333333333333       -4.2460466680341546E-004   0.0000000000000000     
  0.16111111111111109       -5.1150367778150861E-004   0.0000000000000000     
  0.16388888888888889       -5.9848380357562425E-004   0.0000000000000000     
  0.16666666666666666       -6.8424837084998639E-004   0.0000000000000000     
  0.16944444444444443       -7.6751882744657374E-004   0.0000000000000000     
  0.17222222222222222       -8.4705380265292802E-004   0.0000000000000000     
  0.17499999999999999       -9.2166761318025140E-004   0.0000000000000000     
  0.17777777777777778       -9.9024793897027467E-004   0.0000000000000000     
  0.18055555555555555       -1.0517724053253454E-003   0.0000000000000000     
  0.18333333333333335       -1.1053238241603425E-003   0.0000000000000000     
  0.18611111111111112       -1.1501038671644901E-003   0.0000000000000000     
  0.18888888888888888       -1.1854449670376940E-003   0.0000000000000000     
  0.19166666666666668       -1.2108202693813849E-003   0.0000000000000000     
  0.19444444444444445       -1.2258514868841120E-003   0.0000000000000000     
  0.19722222222222224       -1.2303145387140531E-003   0.0000000000000000     
  0.20000000000000001       -1.2241428910480926E-003   0.0000000000000000     
  0.20277777777777778       -1.2074285489378817E-003   0.0000000000000000     
  0.20555555555555557       -1.1804206847264285E-003   0.0000000000000000     
  0.20833333333333334       -1.1435219234623823E-003   0.0000000000000000     
  0.21111111111111111       -1.0972823406879136E-003   0.0000000000000000     
  0.21388888888888891       -1.0423912620793586E-003   0.0000000000000000     
  0.21666666666666667       -9.7966698718910555E-004   0.0000000000000000     
  0.21944444444444444       -9.1004459048403302E-004   0.0000000000000000     
  0.22222222222222224       -8.3456198153895465E-004   0.0000000000000000     
  0.22500000000000001       -7.5434443219546084E-004   0.0000000000000000     
  0.22777777777777777       -6.7058780135057189E-004   0.0000000000000000     
  0.23055555555555557       -5.8454070745499089E-004   0.0000000000000000     
  0.23333333333333334       -4.9748591448792461E-004   0.0000000000000000     
  0.23611111111111110       -4.1072120890071705E-004   0.0000000000000000     
  0.23888888888888890       -3.2554005261003355E-004   0.0000000000000000     
  0.24166666666666670       -2.4321230045988855E-004   0.0000000000000000     
  0.24444444444444446       -1.6496526961075962E-004   0.0000000000000000     
  0.24722222222222223       -9.1965443067576895E-005   0.0000000000000000     
  0.25000000000000000       -2.5301080104868147E-005   0.0000000000000000     
  0.25277777777777782        3.4034007172463984E-005   0.0000000000000000     
  0.25555555555555559        8.5155269278592758E-005   0.0000000000000000     
  0.25833333333333336        1.2730060594222850E-004   0.0000000000000000     
  0.26111111111111113        1.5984172726634058E-004   0.0000000000000000     
  0.26388888888888895        1.8229352008338685E-004   0.0000000000000000     
  0.26666666666666672        1.9432127987528865E-004   0.0000000000000000     
  0.26944444444444449        1.9574570044687977E-004   0.0000000000000000     
  0.27222222222222225        1.8654554696828082E-004   0.0000000000000000     
  0.27500000000000002        1.6685797253730413E-004   0.0000000000000000     
  0.27777777777777785        1.3697647354266715E-004   0.0000000000000000     
  0.28055555555555561        9.7346514308840564E-005   0.0000000000000000     
  0.28333333333333338        4.8558886249005483E-005   0.0000000000000000     
  0.28611111111111115       -8.6590994741638842E-006   0.0000000000000000     
  0.28888888888888892       -7.3454454482729667E-005   0.0000000000000000     
  0.29166666666666674       -1.4486122927552826E-004   0.0000000000000000     
  0.29444444444444451       -2.2181491331038598E-004   0.0000000000000000     
  0.29722222222222228       -3.0316830440442764E-004   0.0000000000000000     
  0.30000000000000004       -3.8770861087629335E-004   0.0000000000000000     
  0.30277777777777781       -4.7417553147671059E-004   0.0000000000000000     
  0.30555555555555558       -5.6128004357728267E-004   0.0000000000000000     
  0.30833333333333335       -6.4772361952890160E-004   0.0000000000000000     
  0.31111111111111117       -7.3221758471811752E-004   0.0000000000000000     
  0.31388888888888894       -8.1350232873744386E-004   0.0000000000000000     
  0.31666666666666671       -8.9036608327528930E-004   0.0000000000000000     
  0.31944444444444448       -9.6166298679044857E-004   0.0000000000000000     
  0.32222222222222224       -1.0263301666684321E-003   0.0000000000000000     
  0.32500000000000007       -1.0834035842040488E-003   0.0000000000000000     
  0.32777777777777783       -1.1320324061980574E-003   0.0000000000000000     
  0.33055555555555560       -1.1714916889204489E-003   0.0000000000000000     
  0.33333333333333337       -1.2011931853517118E-003   0.0000000000000000     
  0.33611111111111114       -1.2206941145909984E-003   0.0000000000000000     
  0.33888888888888891       -1.2297037626995025E-003   0.0000000000000000     
  0.34166666666666667       -1.2280878165756930E-003   0.0000000000000000     
  0.34444444444444444       -1.2158703662542949E-003   0.0000000000000000     
  0.34722222222222221       -1.1932335457793580E-003   0.0000000000000000     
  0.34999999999999998       -1.1605148180051702E-003   0.0000000000000000     
  0.35277777777777780       -1.1182019438023645E-003   0.0000000000000000     
  0.35555555555555557       -1.0669257106667956E-003   0.0000000000000000     
  0.35833333333333334       -1.0074505291308598E-003   0.0000000000000000     
  0.36111111111111110       -9.4066303716310224E-004   0.0000000000000000     
  0.36388888888888887       -8.6755888243829175E-004   0.0000000000000000     
  0.36666666666666664       -7.8922787952384534E-004   0.0000000000000000     
  0.36944444444444441       -7.0683776325477610E-004   0.0000000000000000     
  0.37222222222222218       -6.2161678049693105E-004   0.0000000000000000     
  0.37500000000000000       -5.3483537981522159E-004   0.0000000000000000     
  0.37777777777777777       -4.4778727201171643E-004   0.0000000000000000     
  0.38055555555555554       -3.6177014387736887E-004   0.0000000000000000     
  0.38333333333333330       -2.7806631267090706E-004   0.0000000000000000     
  0.38611111111111113       -1.9792360972203447E-004   0.0000000000000000     
  0.38888888888888890       -1.2253677814042047E-004   0.0000000000000000     
  0.39166666666666666       -5.3029661947771299E-005   0.0000000000000000     
  0.39444444444444443        9.5615478480182110E-006   0.0000000000000000     
  0.39722222222222225        6.4303760474140580E-005   0.0000000000000000     
  0.40000000000000002        1.1038089562712660E-004   0.0000000000000000     
  0.40277777777777779        1.5095927760761259E-004   0.0000000000000000     
  0.40555555555555556        1.8928720446085277E-004   0.0000000000000000     
  0.40833333333333333        2.2479329507751430E-004   0.0000000000000000     
  0.41111111111111115        2.5694823542706544E-004   0.0000000000000000     
  0.41388888888888892        2.8527266941081057E-004   0.0000000000000000     
  0.41666666666666669        3.0934434495722817E-004   0.0000000000000000     
  0.41944444444444445        3.2880440882779440E-004   0.0000000000000000     
  0.42222222222222222        3.4336275629222687E-004   0.0000000000000000     
  0.42500000000000004        3.5280235592181881E-004   0.0000000000000000     
  0.42777777777777781        3.5698248502815988E-004   0.0000000000000000     
  0.43055555555555558        3.5584082751429305E-004   0.0000000000000000     
  0.43333333333333335        3.4939440286419019E-004   0.0000000000000000     
  0.43611111111111112        3.3773931242144628E-004   0.0000000000000000     
  0.43888888888888888        3.2104930673959516E-004   0.0000000000000000     
  0.44166666666666665        2.9957319536155286E-004   0.0000000000000000     
  0.44444444444444448        2.7363113764241139E-004   0.0000000000000000     
  0.44722222222222224        2.4360986991087106E-004   0.0000000000000000     
  0.45000000000000001        2.0995694012134565E-004   0.0000000000000000     
  0.45277777777777778        1.7317403594478708E-004   0.0000000000000000     
  0.45555555555555555        1.3380950576104248E-004   0.0000000000000000     
  0.45833333333333337        9.2450184047513799E-005   0.0000000000000000     
  0.46111111111111114        4.9712643028740682E-005   0.0000000000000000     
  0.46388888888888891        6.2340010046768096E-006   0.0000000000000000     
  0.46666666666666667       -3.7337575615699845E-005   0.0000000000000000     
  0.46944444444444444       -8.0352534982636905E-005   0.0000000000000000     
  0.47222222222222221       -1.2216962312758169E-004   0.0000000000000000     
  0.47499999999999998       -1.6216544358286670E-004   0.0000000000000000     
  0.47777777777777780       -1.9974375078718316E-004   0.0000000000000000     
  0.48055555555555557       -2.3434433873357769E-004   0.0000000000000000     
  0.48333333333333334       -2.6545139235070194E-004   0.0000000000000000     
  0.48611111111111110       -2.9260117711746232E-004   0.0000000000000000     
  0.48888888888888887       -3.1538895227661476E-004   0.0000000000000000     
  0.49166666666666670       -3.3347500458722189E-004   0.0000000000000000     
  0.49444444444444446       -3.4658971266662435E-004   0.0000000000000000     
  0.49722222222222223       -3.5453756642423720E-004   0.0000000000000000     
  0.50000000000000000       -3.5720008166668796E-004   0.0000000000000000     
  0.50277777777777777       -3.5453756642423720E-004   0.0000000000000000     
  0.50555555555555554       -3.4658971266662418E-004   0.0000000000000000     
  0.50833333333333330       -3.3347500458722168E-004   0.0000000000000000     
  0.51111111111111107       -3.1538895227661401E-004   0.0000000000000000     
  0.51388888888888884       -2.9260117711746162E-004   0.0000000000000000     
  0.51666666666666661       -2.6545139235070205E-004   0.0000000000000000     
  0.51944444444444449       -2.3434433873357791E-004   0.0000000000000000     
  0.52222222222222225       -1.9974375078718256E-004   0.0000000000000000     
  0.52500000000000002       -1.6216544358286586E-004   0.0000000000000000     
  0.52777777777777779       -1.2216962312758058E-004   0.0000000000000000     
  0.53055555555555556       -8.0352534982635238E-005   0.0000000000000000     
  0.53333333333333333       -3.7337575615698747E-005   0.0000000000000000     
  0.53611111111111109        6.2340010046778574E-006   0.0000000000000000     
  0.53888888888888886        4.9712643028741834E-005   0.0000000000000000     
  0.54166666666666663        9.2450184047514721E-005   0.0000000000000000     
  0.54444444444444440        1.3380950576104376E-004   0.0000000000000000     
  0.54722222222222217        1.7317403594478917E-004   0.0000000000000000     
  0.55000000000000004        2.0995694012134725E-004   0.0000000000000000     
  0.55277777777777781        2.4360986991087152E-004   0.0000000000000000     
  0.55555555555555558        2.7363113764241167E-004   0.0000000000000000     
  0.55833333333333335        2.9957319536155335E-004   0.0000000000000000     
  0.56111111111111112        3.2104930673959565E-004   0.0000000000000000     
  0.56388888888888888        3.3773931242144683E-004   0.0000000000000000     
  0.56666666666666665        3.4939440286419035E-004   0.0000000000000000     
  0.56944444444444442        3.5584082751429315E-004   0.0000000000000000     
  0.57222222222222219        3.5698248502815977E-004   0.0000000000000000     
  0.57499999999999996        3.5280235592181859E-004   0.0000000000000000     
  0.57777777777777772        3.4336275629222632E-004   0.0000000000000000     
  0.58055555555555549        3.2880440882779392E-004   0.0000000000000000     
  0.58333333333333326        3.0934434495722806E-004   0.0000000000000000     
  0.58611111111111114        2.8527266941081052E-004   0.0000000000000000     
  0.58888888888888891        2.5694823542706468E-004   0.0000000000000000     
  0.59166666666666667        2.2479329507751322E-004   0.0000000000000000     
  0.59444444444444444        1.8928720446085144E-004   0.0000000000000000     
  0.59722222222222221        1.5095927760761074E-004   0.0000000000000000     
  0.59999999999999998        1.1038089562712522E-004   0.0000000000000000     
  0.60277777777777775        6.8156988731240574E-005   0.0000000000000000     
  0.60555555555555551        2.4917018118181494E-005   0.0000000000000000     
  0.60833333333333328       -1.8694407844083857E-005   0.0000000000000000     
  0.61111111111111105       -6.2027143243899226E-005   0.0000000000000000     
  0.61388888888888882       -1.0443519680399207E-004   0.0000000000000000     
  0.61666666666666670       -1.4528636212351144E-004   0.0000000000000000     
  0.61944444444444446       -1.8397164241932477E-004   0.0000000000000000     
  0.62222222222222223       -2.1991432926535894E-004   0.0000000000000000     
  0.62500000000000000       -2.5257859998690407E-004   0.0000000000000000     
  0.62777777777777777       -2.8147750554254969E-004   0.0000000000000000     
  0.63055555555555554       -3.0618022981280938E-004   0.0000000000000000     
  0.63333333333333330       -3.2631851207616893E-004   0.0000000000000000     
  0.63611111111111107       -3.4159213692823832E-004   0.0000000000000000     
  0.63888888888888884       -3.5177340980194812E-004   0.0000000000000000     
  0.64166666666666661       -3.5671055136910022E-004   0.0000000000000000     
  0.64444444444444449       -3.5632996022056111E-004   0.0000000000000000     
  0.64722222222222225       -3.5063731009374593E-004   0.0000000000000000     
  0.65000000000000002       -3.3971746529026401E-004   0.0000000000000000     
  0.65277777777777779       -3.2373321554464614E-004   0.0000000000000000     
  0.65555555555555556       -3.0292284920435339E-004   0.0000000000000000     
  0.65833333333333344       -2.7759660089936522E-004   0.0000000000000000     
  0.66111111111111120       -2.4813202665840078E-004   0.0000000000000000     
  0.66388888888888897       -2.1496837541814959E-004   0.0000000000000000     
  0.66666666666666674       -1.7860004083334246E-004   0.0000000000000000     
  0.66944444444444451       -1.3956919100608462E-004   0.0000000000000000     
  0.67222222222222228       -9.8457686008220644E-005   0.0000000000000000     
  0.67500000000000004       -5.5878403687853615E-005   0.0000000000000000     
  0.67777777777777781       -1.2466103072259192E-005   0.0000000000000000     
  0.68055555555555558        3.1132038427185112E-005   0.0000000000000000     
  0.68333333333333335        7.4266072939563376E-005   0.0000000000000000     
  0.68611111111111112        1.1629297136016960E-004   0.0000000000000000     
  0.68888888888888888        1.5658620943337877E-004   0.0000000000000000     
  0.69166666666666665        1.9454510778623349E-004   0.0000000000000000     
  0.69444444444444442        2.2960378667436670E-004   0.0000000000000000     
  0.69722222222222219        2.6123960194560217E-004   0.0000000000000000     
  0.69999999999999996        2.8898093646046922E-004   0.0000000000000000     
  0.70277777777777772        3.1241423081748633E-004   0.0000000000000000     
  0.70555555555555549        3.3119014857129050E-004   0.0000000000000000     
  0.70833333333333326        3.4502878403441762E-004   0.0000000000000000     
  0.71111111111111114        3.5372383502640183E-004   0.0000000000000000     
  0.71388888888888891        3.5714567836411218E-004   0.0000000000000000     
  0.71666666666666667        3.5524330224485603E-004   0.0000000000000000     
  0.71944444444444444        3.4804506671486161E-004   0.0000000000000000     
  0.72222222222222221        3.3565828088630973E-004   0.0000000000000000     
  0.72500000000000009        3.1826760320563573E-004   0.0000000000000000     
  0.72777777777777786        2.9613228862141274E-004   0.0000000000000000     
  0.73055555555555562        2.6958232369020483E-004   0.0000000000000000     
  0.73333333333333339        2.3901350723706368E-004   0.0000000000000000     
  0.73636363636363644        2.0161916387541719E-004   0.0000000000000000     
  0.73939393939393949        1.6064866192722586E-004   0.0000000000000000     
  0.74242424242424243        1.1682870320753921E-004   0.0000000000000000     
  0.74545454545454548        7.0936530904084651E-005   0.0000000000000000     
  0.74848484848484853        2.3786143462663006E-005   0.0000000000000000     
  0.75151515151515158       -2.3786143462664517E-005   0.0000000000000000     
  0.75454545454545463       -7.0936530904086115E-005   0.0000000000000000     
  0.75757575757575768       -1.1682870320754063E-004   0.0000000000000000     
  0.76060606060606062       -1.6064866192722727E-004   0.0000000000000000     
  0.76363636363636367       -2.0161916387541849E-004   0.0000000000000000     
  0.76666666666666672       -2.3901350723706482E-004   0.0000000000000000     
  0.76944444444444449       -2.6958232369020586E-004   0.0000000000000000     
  0.77222222222222225       -2.9613228862141361E-004   0.0000000000000000     
  0.77500000000000002       -3.1826760320563654E-004   0.0000000000000000     
  0.77777777777777779       -3.3565828088631038E-004   0.0000000000000000     
  0.78055555555555556       -3.4804506671486216E-004   0.0000000000000000     
  0.78333333333333344       -3.5524330224485646E-004   0.0000000000000000     
  0.78611111111111120       -3.5714567836411251E-004   0.0000000000000000     
  0.78888888888888897       -3.5372383502640204E-004   0.0000000000000000     
  0.79166666666666674       -3.4502878403441778E-004   0.0000000000000000     
  0.79444444444444451       -3.3119014857129056E-004   0.0000000000000000     
  0.79722222222222228       -3.1241423081748633E-004   0.0000000000000000     
  0.80000000000000004       -2.8898093646046922E-004   0.0000000000000000     
  0.80277777777777781       -2.6123960194560222E-004   0.0000000000000000     
  0.80555555555555558       -2.2960378667436675E-004   0.0000000000000000     
  0.80833333333333335       -1.9454510778623362E-004   0.0000000000000000     
  0.81111111111111112       -1.5658620943337763E-004   0.0000000000000000     
  0.81388888888888888       -1.1629297136016814E-004   0.0000000000000000     
  0.81666666666666665       -7.4266072939563254E-005   0.0000000000000000     
  0.81944444444444453       -3.1132038427185492E-005   0.0000000000000000     
  0.82222222222222230        1.2466103072260180E-005   0.0000000000000000     
  0.82500000000000007        5.5878403687855634E-005   0.0000000000000000     
  0.82777777777777783        9.8457686008222419E-005   0.0000000000000000     
  0.83055555555555560        1.3956919100608644E-004   0.0000000000000000     
  0.83333333333333337        1.7860004083334417E-004   0.0000000000000000     
  0.83611111111111114        2.1496837541815122E-004   0.0000000000000000     
  0.83888888888888891        2.4813202665840219E-004   0.0000000000000000     
  0.84166666666666667        2.7759660089936652E-004   0.0000000000000000     
  0.84444444444444444        3.0292284920435458E-004   0.0000000000000000     
  0.84722222222222221        3.2373321554464717E-004   0.0000000000000000     
  0.85000000000000009        3.3971746529026494E-004   0.0000000000000000     
  0.85277777777777786        3.5063731009374641E-004   0.0000000000000000     
  0.85555555555555562        3.5632996022056133E-004   0.0000000000000000     
  0.85833333333333339        3.5671055136910032E-004   0.0000000000000000     
  0.86111111111111116        3.5177340980194823E-004   0.0000000000000000     
  0.86388888888888893        3.4159213692823838E-004   0.0000000000000000     
  0.86666666666666670        3.2631851207616888E-004   0.0000000000000000     
  0.86944444444444446        3.0618022981280933E-004   0.0000000000000000     
  0.87222222222222223        2.8147750554254953E-004   0.0000000000000000     
  0.87500000000000000        2.5257859998690385E-004   0.0000000000000000     
  0.87777777777777777        2.1991432926535872E-004   0.0000000000000000     
  0.88055555555555554        1.8397164241932447E-004   0.0000000000000000     
  0.88333333333333330        1.4528636212351106E-004   0.0000000000000000     
  0.88611111111111118        1.0443519680399172E-004   0.0000000000000000     
  0.88888888888888895        6.2027143243898833E-005   0.0000000000000000     
  0.89166666666666672        1.8694407844083413E-005   0.0000000000000000     
  0.89444444444444449       -2.4917018118181938E-005   0.0000000000000000     
  0.89722222222222225       -6.8156988731241048E-005   0.0000000000000000     
  0.90000000000000002       -1.1038089562712576E-004   0.0000000000000000     
  0.90277777777777779       -1.5095927760761123E-004   0.0000000000000000     
  0.90555555555555556       -1.8928720446085190E-004   0.0000000000000000     
  0.90833333333333333       -2.2479329507751368E-004   0.0000000000000000     
  0.91111111111111109       -2.5694823542706511E-004   0.0000000000000000     
  0.91388888888888886       -2.8527266941081090E-004   0.0000000000000000     
  0.91666666666666674       -3.0934434495722844E-004   0.0000000000000000     
  0.91944444444444451       -3.2880440882779419E-004   0.0000000000000000     
  0.92222222222222228       -3.4336275629222654E-004   0.0000000000000000     
  0.92500000000000004       -3.5280235592181881E-004   0.0000000000000000     
  0.92777777777777781       -3.5698248502815993E-004   0.0000000000000000     
  0.93055555555555558       -3.5584082751429326E-004   0.0000000000000000     
  0.93333333333333335       -3.4939440286419041E-004   0.0000000000000000     
  0.93611111111111112       -3.3773931242144683E-004   0.0000000000000000     
  0.93888888888888888       -3.2104930673959559E-004   0.0000000000000000     
  0.94166666666666665       -2.9957319536155330E-004   0.0000000000000000     
  0.94444444444444442       -2.7363113764241156E-004   0.0000000000000000     
  0.94722222222222219       -2.4360986991087133E-004   0.0000000000000000     
  0.94999999999999996       -2.0995694012134695E-004   0.0000000000000000     
  0.95277777777777783       -1.7317403594478890E-004   0.0000000000000000     
  0.95555555555555560       -1.3380950576104340E-004   0.0000000000000000     
  0.95833333333333337       -9.2450184047514314E-005   0.0000000000000000     
  0.96111111111111114       -4.9712643028741427E-005   0.0000000000000000     
  0.96388888888888891       -6.2340010046774101E-006   0.0000000000000000     
  0.96666666666666667        3.7337575615699248E-005   0.0000000000000000     
  0.96944444444444444        8.0352534982635712E-005   0.0000000000000000     
  0.97222222222222221        1.2216962312758104E-004   0.0000000000000000     
  0.97499999999999998        1.6216544358286632E-004   0.0000000000000000     
  0.97777777777777775        1.9974375078718300E-004   0.0000000000000000     
  0.98055555555555551        2.3434433873357831E-004   0.0000000000000000     
  0.98333333333333339        2.6545139235070248E-004   0.0000000000000000     
  0.98611111111111116        2.9260117711746200E-004   0.0000000000000000     
  0.98888888888888893        3.1538895227661438E-004   0.0000000000000000     
  0.99166666666666670        3.3347500458722206E-004   0.0000000000000000     
  0.99444444444444446        3.4658971266662440E-004   0.0000000000000000     
  0.99722222222222223        3.5453756642423736E-004   0.0000000000000000     
   1.0000000000000000        3.5720008166668812E-004   0.0000000000000000     
