X My_beautiful_solution_real My_beautiful_solution_imag
   0.0000000000000000        1.2123186227506936E-025   0.0000000000000000     
   4.7619047619047615E-003  -1.1351496585114427E-004   0.0000000000000000     
   9.5238095238095229E-003  -2.4466174788114338E-004   0.0000000000000000     
   1.4285714285714285E-002  -3.8770861215567392E-004   0.0000000000000000     
   1.9047619047619046E-002  -5.3640371451794337E-004   0.0000000000000000     
   2.3809523809523805E-002  -6.8424836999460466E-004   0.0000000000000000     
   2.8571428571428571E-002  -8.2478105975665309E-004   0.0000000000000000     
   3.3333333333333333E-002  -9.5185982603875161E-004   0.0000000000000000     
   3.8095238095238092E-002  -1.0599307071673940E-003   0.0000000000000000     
   4.2857142857142858E-002  -1.1442705402766990E-003   0.0000000000000000     
   4.7619047619047616E-002  -1.2011931774404776E-003   0.0000000000000000     
   5.2380952380952375E-002  -1.2282109007335424E-003   0.0000000000000000     
   5.7142857142857134E-002  -1.2241429068235070E-003   0.0000000000000000     
   6.1904761904761907E-002  -1.1891669106978871E-003   0.0000000000000000     
   6.6666666666666666E-002  -1.1248116246194760E-003   0.0000000000000000     
   7.1428571428571425E-002  -1.0338896250250552E-003   0.0000000000000000     
   7.6190476190476197E-002  -9.2037466928939339E-004   0.0000000000000000     
   8.0952380952380956E-002  -7.8922787659061041E-004   0.0000000000000000     
   8.5714285714285715E-002  -6.4618101642197198E-004   0.0000000000000000     
   9.0476190476190474E-002  -4.9748591864131361E-004   0.0000000000000000     
   9.5238095238095233E-002  -3.4964125462672930E-004   0.0000000000000000     
  0.10000000000000001       -2.0910857003077335E-004   0.0000000000000000     
  0.10476190476190476       -8.2029815112471182E-005   0.0000000000000000     
  0.10952380952380952        2.6041105758730058E-005   0.0000000000000000     
  0.11428571428571428        1.1038088832908863E-004   0.0000000000000000     
  0.11904761904761904        1.6730354855954368E-004   0.0000000000000000     
  0.12380952380952381        1.9432129478240946E-004   0.0000000000000000     
  0.12857142857142856        1.9025324972033370E-004   0.0000000000000000     
  0.13333333333333333        1.5527729476131784E-004   0.0000000000000000     
  0.13809523809523810        9.0921989098059511E-005   0.0000000000000000     
  0.14285714285714285        7.9275785744212717E-012   0.0000000000000000     
  0.14761904761904762       -1.1351496904238346E-004   0.0000000000000000     
  0.15238095238095237       -2.4466175281302570E-004   0.0000000000000000     
  0.15714285714285714       -3.8770860360641903E-004   0.0000000000000000     
  0.16190476190476188       -5.3640372061868817E-004   0.0000000000000000     
  0.16666666666666666       -6.8424837086101555E-004   0.0000000000000000     
  0.17142857142857143       -8.2478104818752332E-004   0.0000000000000000     
  0.17619047619047618       -9.5185983899673254E-004   0.0000000000000000     
  0.18095238095238095       -1.0599307137681650E-003   0.0000000000000000     
  0.18571428571428572       -1.1442705175387098E-003   0.0000000000000000     
  0.19047619047619047       -1.2011931987390067E-003   0.0000000000000000     
  0.19523809523809524       -1.2282108978303335E-003   0.0000000000000000     
  0.20000000000000001       -1.2241428910556758E-003   0.0000000000000000     
  0.20476190476190478       -1.1891669149920840E-003   0.0000000000000000     
  0.20952380952380953       -1.1248116352560083E-003   0.0000000000000000     
  0.21428571428571430       -1.0338896232137506E-003   0.0000000000000000     
  0.21904761904761905       -9.2037465960397513E-004   0.0000000000000000     
  0.22380952380952382       -7.8922788959246879E-004   0.0000000000000000     
  0.22857142857142856       -6.4618100971429004E-004   0.0000000000000000     
  0.23333333333333334       -4.9748591447852783E-004   0.0000000000000000     
  0.23888888888888890       -3.2554029271702188E-004   0.0000000000000000     
  0.24444444444444446       -1.6496504501295050E-004   0.0000000000000000     
  0.25000000000000000       -2.5301091830501018E-005   0.0000000000000000     
  0.25555555555555559        8.5155063319621743E-005   0.0000000000000000     
  0.26111111111111113        1.5984195416634037E-004   0.0000000000000000     
  0.26666666666666672        1.9432127987558683E-004   0.0000000000000000     
  0.27142857142857146        1.9025325140093003E-004   0.0000000000000000     
  0.27619047619047626        1.5527730763687496E-004   0.0000000000000000     
  0.28095238095238101        9.0921988743266236E-005   0.0000000000000000     
  0.28571428571428575       -6.0880754311531945E-012   0.0000000000000000     
  0.29047619047619050       -1.1351495215357742E-004   0.0000000000000000     
  0.29523809523809530       -2.4466175982942374E-004   0.0000000000000000     
  0.30000000000000004       -3.8770861087632994E-004   0.0000000000000000     
  0.30476190476190479       -5.3640370778970724E-004   0.0000000000000000     
  0.30952380952380959       -6.8424837889179244E-004   0.0000000000000000     
  0.31428571428571433       -8.2478105522875225E-004   0.0000000000000000     
  0.31904761904761908       -9.5185982120123743E-004   0.0000000000000000     
  0.32380952380952382       -1.0599307288060049E-003   0.0000000000000000     
  0.32857142857142863       -1.1442705174938344E-003   0.0000000000000000     
  0.33333333333333337       -1.2011931853520091E-003   0.0000000000000000     
  0.33809523809523812       -1.2282108968289427E-003   0.0000000000000000     
  0.34285714285714286       -1.2241429056101226E-003   0.0000000000000000     
  0.34761904761904761       -1.1891669161093095E-003   0.0000000000000000     
  0.35238095238095241       -1.1248116175200840E-003   0.0000000000000000     
  0.35714285714285715       -1.0338896432463239E-003   0.0000000000000000     
  0.36190476190476190       -9.2037465257819814E-004   0.0000000000000000     
  0.36666666666666664       -7.8922787952391570E-004   0.0000000000000000     
  0.37142857142857139       -6.4618102233392628E-004   0.0000000000000000     
  0.37619047619047619       -4.9748590949046025E-004   0.0000000000000000     
  0.38095238095238093       -3.4964126028592642E-004   0.0000000000000000     
  0.38571428571428573       -2.0910857338411238E-004   0.0000000000000000     
  0.39047619047619048       -8.2029797283143989E-005   0.0000000000000000     
  0.39523809523809528        2.6041086469456832E-005   0.0000000000000000     
  0.40000000000000002        1.1038089562739145E-004   0.0000000000000000     
  0.40476190476190477        1.7860003515195378E-004   0.0000000000000000     
  0.40952380952380957        2.3901351406750725E-004   0.0000000000000000     
  0.41428571428571431        2.8898093307702552E-004   0.0000000000000000     
  0.41904761904761906        3.2631850837155891E-004   0.0000000000000000     
  0.42380952380952380        3.4939440987968574E-004   0.0000000000000000     
  0.42857142857142860        3.5720007586441827E-004   0.0000000000000000     
  0.43333333333333335        3.4939440286433976E-004   0.0000000000000000     
  0.43809523809523809        3.2631850808130872E-004   0.0000000000000000     
  0.44285714285714289        2.8898094130881701E-004   0.0000000000000000     
  0.44761904761904764        2.3901350457166128E-004   0.0000000000000000     
  0.45238095238095238        1.7860003868751240E-004   0.0000000000000000     
  0.45714285714285713        1.1038090017579791E-004   0.0000000000000000     
  0.46190476190476193        3.7337571816016160E-005   0.0000000000000000     
  0.46666666666666667       -3.7337575615910214E-005   0.0000000000000000     
  0.47142857142857142       -1.1038089078086674E-004   0.0000000000000000     
  0.47619047619047622       -1.7860004665018667E-004   0.0000000000000000     
  0.48095238095238096       -2.3901350441082558E-004   0.0000000000000000     
  0.48571428571428571       -2.8898093320444876E-004   0.0000000000000000     
  0.49047619047619045       -3.2631851814072567E-004   0.0000000000000000     
  0.49523809523809526       -3.4939439785626838E-004   0.0000000000000000     
  0.50000000000000000       -3.5720008166688426E-004   0.0000000000000000     
  0.50476190476190474       -3.4939439785619362E-004   0.0000000000000000     
  0.50952380952380949       -3.2631851814057962E-004   0.0000000000000000     
  0.51428571428571423       -2.8898093320423783E-004   0.0000000000000000     
  0.51904761904761909       -2.3901350441055913E-004   0.0000000000000000     
  0.52380952380952384       -1.7860004664987657E-004   0.0000000000000000     
  0.52857142857142858       -1.1038089078052588E-004   0.0000000000000000     
  0.53333333333333333       -3.7337575615553254E-005   0.0000000000000000     
  0.53809523809523807        3.7337571816373655E-005   0.0000000000000000     
  0.54285714285714282        1.1038090017614003E-004   0.0000000000000000     
  0.54761904761904756        1.7860003868782367E-004   0.0000000000000000     
  0.55238095238095242        2.3901350457192826E-004   0.0000000000000000     
  0.55714285714285716        2.8898094130902805E-004   0.0000000000000000     
  0.56190476190476191        3.2631850808145460E-004   0.0000000000000000     
  0.56666666666666665        3.4939440286441462E-004   0.0000000000000000     
  0.57142857142857140        3.5720007586441849E-004   0.0000000000000000     
  0.57619047619047614        3.4939440987961148E-004   0.0000000000000000     
  0.58095238095238089        3.2631850837141325E-004   0.0000000000000000     
  0.58571428571428574        2.8898093307681513E-004   0.0000000000000000     
  0.59047619047619049        2.3901351406724138E-004   0.0000000000000000     
  0.59523809523809523        1.7860003515164351E-004   0.0000000000000000     
  0.59999999999999998        1.1038089562705015E-004   0.0000000000000000     
  0.60476190476190472        3.7337578202044205E-005   0.0000000000000000     
  0.60952380952380947       -3.7337578698067668E-005   0.0000000000000000     
  0.61428571428571421       -1.1038089425608823E-004   0.0000000000000000     
  0.61904761904761907       -1.7860003887556461E-004   0.0000000000000000     
  0.62380952380952381       -2.3901351065771115E-004   0.0000000000000000     
  0.62857142857142856       -2.8898093365354238E-004   0.0000000000000000     
  0.63333333333333330       -3.2631851207640160E-004   0.0000000000000000     
  0.63809523809523805       -3.4939439652122498E-004   0.0000000000000000     
  0.64285714285714290       -3.5720008932650193E-004   0.0000000000000000     
  0.64761904761904765       -3.4939439887281704E-004   0.0000000000000000     
  0.65238095238095239       -3.2631850828323893E-004   0.0000000000000000     
  0.65714285714285714       -2.8898094400577165E-004   0.0000000000000000     
  0.66190476190476200       -2.3901350096857445E-004   0.0000000000000000     
  0.66666666666666674       -1.7860004083333756E-004   0.0000000000000000     
  0.67142857142857149       -1.1038089688745270E-004   0.0000000000000000     
  0.67619047619047623       -3.7337574134691265E-005   0.0000000000000000     
  0.68095238095238098        3.7337575079063605E-005   0.0000000000000000     
  0.68571428571428572        1.1038089446226312E-004   0.0000000000000000     
  0.69047619047619047        1.7860004267657398E-004   0.0000000000000000     
  0.69523809523809521        2.3901350574059296E-004   0.0000000000000000     
  0.69999999999999996        2.8898093646069142E-004   0.0000000000000000     
  0.70476190476190470        3.2631850546971592E-004   0.0000000000000000     
  0.70952380952380956        3.4939441083361669E-004   0.0000000000000000     
  0.71428571428571430        3.5720007756312992E-004   0.0000000000000000     
  0.71904761904761905        3.4939439882774513E-004   0.0000000000000000     
  0.72380952380952379        3.2631852000682279E-004   0.0000000000000000     
  0.72857142857142865        2.8898092987914790E-004   0.0000000000000000     
  0.73333333333333339        2.3901350723712413E-004   0.0000000000000000     
  0.73809523809523814        1.7860004071256733E-004   0.0000000000000000     
  0.74285714285714288        1.1038089581220409E-004   0.0000000000000000     
  0.74761904761904763        3.7337575294480990E-005   0.0000000000000000     
  0.75238095238095248       -3.7337575294661185E-005   0.0000000000000000     
  0.75714285714285723       -1.1038089581237641E-004   0.0000000000000000     
  0.76190476190476197       -1.7860004071272421E-004   0.0000000000000000     
  0.76666666666666672       -2.3901350723725878E-004   0.0000000000000000     
  0.77142857142857146       -2.8898092987925453E-004   0.0000000000000000     
  0.77619047619047621       -3.2631852000689640E-004   0.0000000000000000     
  0.78095238095238095       -3.4939439882778243E-004   0.0000000000000000     
  0.78571428571428581       -3.5720007756312976E-004   0.0000000000000000     
  0.79047619047619055       -3.4939441083357945E-004   0.0000000000000000     
  0.79523809523809530       -3.2631850546964295E-004   0.0000000000000000     
  0.80000000000000004       -2.8898093646058588E-004   0.0000000000000000     
  0.80476190476190479       -2.3901350574045876E-004   0.0000000000000000     
  0.80952380952380953       -1.7860004267641788E-004   0.0000000000000000     
  0.81428571428571428       -1.1038089446209190E-004   0.0000000000000000     
  0.81904761904761914       -3.7337575078883973E-005   0.0000000000000000     
  0.82380952380952388        3.7337574134870436E-005   0.0000000000000000     
  0.82857142857142863        1.1038089688762398E-004   0.0000000000000000     
  0.83333333333333337        1.7860004083349447E-004   0.0000000000000000     
  0.83809523809523812        2.3901350096870928E-004   0.0000000000000000     
  0.84285714285714286        2.8898094400587780E-004   0.0000000000000000     
  0.84761904761904761        3.2631850828331201E-004   0.0000000000000000     
  0.85238095238095246        3.4939439887285455E-004   0.0000000000000000     
  0.85714285714285721        3.5720008932650220E-004   0.0000000000000000     
  0.86190476190476195        3.4939439652118763E-004   0.0000000000000000     
  0.86666666666666670        3.2631851207632864E-004   0.0000000000000000     
  0.87142857142857144        2.8898093365343689E-004   0.0000000000000000     
  0.87619047619047619        2.3901351065757777E-004   0.0000000000000000     
  0.88095238095238093        1.7860003887540919E-004   0.0000000000000000     
  0.88571428571428579        1.1038089425591754E-004   0.0000000000000000     
  0.89047619047619053        3.7337578697889202E-005   0.0000000000000000     
  0.89523809523809528       -3.7337578202222692E-005   0.0000000000000000     
  0.90000000000000002       -1.1038089562722085E-004   0.0000000000000000     
  0.90476190476190477       -1.7860003515179893E-004   0.0000000000000000     
  0.90952380952380951       -2.3901351406737471E-004   0.0000000000000000     
  0.91428571428571426       -2.8898093307692057E-004   0.0000000000000000     
  0.91904761904761911       -3.2631850837148632E-004   0.0000000000000000     
  0.92380952380952386       -3.4939440987964888E-004   0.0000000000000000     
  0.92857142857142860       -3.5720007586441843E-004   0.0000000000000000     
  0.93333333333333335       -3.4939440286437732E-004   0.0000000000000000     
  0.93809523809523809       -3.2631850808138168E-004   0.0000000000000000     
  0.94285714285714284       -2.8898094130892261E-004   0.0000000000000000     
  0.94761904761904758       -2.3901350457179488E-004   0.0000000000000000     
  0.95238095238095244       -1.7860003868766825E-004   0.0000000000000000     
  0.95714285714285718       -1.1038090017596938E-004   0.0000000000000000     
  0.96190476190476193       -3.7337571816195175E-005   0.0000000000000000     
  0.96666666666666667        3.7337575615731761E-005   0.0000000000000000     
  0.97142857142857142        1.1038089078069654E-004   0.0000000000000000     
  0.97619047619047616        1.7860004665003199E-004   0.0000000000000000     
  0.98095238095238091        2.3901350441069252E-004   0.0000000000000000     
  0.98571428571428577        2.8898093320434338E-004   0.0000000000000000     
  0.99047619047619051        3.2631851814065265E-004   0.0000000000000000     
  0.99523809523809526        3.4939439785623087E-004   0.0000000000000000     
   1.0000000000000000        3.5720008166688431E-004   0.0000000000000000     
