X My_beautiful_solution_real My_beautiful_solution_imag
   0.0000000000000000        0.0000000000000000        0.0000000000000000     
   3.3333333333333333E-002  -7.2572312666648584E-004   0.0000000000000000     
   6.6666666666666666E-002  -1.1210574328741776E-003   0.0000000000000000     
  0.10000000000000001       -5.6039179187070338E-004   0.0000000000000000     
  0.13333333333333333        6.9028095953720017E-005   0.0000000000000000     
  0.16666666666666666       -2.2884612401882724E-004   0.0000000000000000     
  0.20000000000000001       -9.8263257710326144E-004   0.0000000000000000     
  0.23333333333333334       -9.9947452195450000E-004   0.0000000000000000     
  0.26666666666666672       -2.5271981144127598E-004   0.0000000000000000     
  0.30000000000000004        7.5902449433356422E-005   0.0000000000000000     
  0.33333333333333337       -5.3364796774852828E-004   0.0000000000000000     
  0.36666666666666664       -1.1167658736128613E-003   0.0000000000000000     
  0.40000000000000002       -7.5067516603807523E-004   0.0000000000000000     
  0.43333333333333335        3.9431966819684943E-004   0.0000000000000000     
  0.46666666666666667        9.1530902643938410E-004   0.0000000000000000     
  0.50000000000000000       -1.2165617469527355E-005   0.0000000000000000     
  0.53333333333333333       -9.2038833830159167E-004   0.0000000000000000     
  0.56666666666666665       -3.7210911550497074E-004   0.0000000000000000     
  0.59999999999999998        7.6502768775063568E-004   0.0000000000000000     
  0.63333333333333330        6.9151864971415164E-004   0.0000000000000000     
  0.66666666666666674       -4.7630918338958613E-004   0.0000000000000000     
  0.69999999999999996       -8.9038425528895375E-004   0.0000000000000000     
  0.73333333333333339        1.0456156588148253E-004   0.0000000000000000     
  0.76666666666666672        9.3404014067603486E-004   0.0000000000000000     
  0.80000000000000004        2.8541298150150791E-004   0.0000000000000000     
  0.83333333333333337       -8.1487631309393399E-004   0.0000000000000000     
  0.86666666666666670       -6.2563499930678675E-004   0.0000000000000000     
  0.90000000000000002        5.5366513484089491E-004   0.0000000000000000     
  0.93333333333333335        8.5679777375141219E-004   0.0000000000000000     
  0.96666666666666667       -1.9594033323266170E-004   0.0000000000000000     
   1.0000000000000000       -9.3860554564350088E-004   0.0000000000000000     
