X My_beautiful_solution_real My_beautiful_solution_imag
   0.0000000000000000        0.0000000000000000        0.0000000000000000     
   6.6666666666666671E-003  -1.6416338977236062E-004   0.0000000000000000     
   1.3333333333333334E-002  -3.5844260597660163E-004   0.0000000000000000     
   2.0000000000000004E-002  -5.6624970684844155E-004   0.0000000000000000     
   2.6666666666666668E-002  -7.6984870296789533E-004   0.0000000000000000     
   3.3333333333333333E-002  -9.5185983750288052E-004   0.0000000000000000     
   3.8888888888888890E-002  -1.0757486622960748E-003   0.0000000000000000     
   4.4444444444444439E-002  -1.1664399608813101E-003   0.0000000000000000     
   5.0000000000000003E-002  -1.2185454814628068E-003   0.0000000000000000     
   5.5555555555555552E-002  -1.2289699846022295E-003   0.0000000000000000     
   6.1111111111111109E-002  -1.1970942174921952E-003   0.0000000000000000     
   6.6666666666666666E-002  -1.1248116267918349E-003   0.0000000000000000     
   7.2222222222222215E-002  -1.0164169070448158E-003   0.0000000000000000     
   7.7777777777777779E-002  -8.7834840013511215E-004   0.0000000000000000     
   8.3333333333333343E-002  -7.1881027825660478E-004   0.0000000000000000     
   8.8888888888888892E-002  -5.4727963939238313E-004   0.0000000000000000     
   9.4444444444444442E-002  -3.7394597564521770E-004   0.0000000000000000     
  0.10000000000000001       -2.0910855903534813E-004   0.0000000000000000     
  0.10555555555555556       -6.2559067276583090E-005   0.0000000000000000     
  0.11111111111111112        5.6996409017828620E-005   0.0000000000000000     
  0.11666666666666667        1.4245447902829278E-004   0.0000000000000000     
  0.12222222222222222        1.8873865033942609E-004   0.0000000000000000     
  0.12777777777777777        1.9309948624164123E-004   0.0000000000000000     
  0.13333333333333333        1.5527729923971845E-004   0.0000000000000000     
  0.13888888888888890        7.7519765828617604E-005   0.0000000000000000     
  0.14444444444444443       -3.5554840653640312E-005   0.0000000000000000     
  0.14999999999999999       -1.7722736106606847E-004   0.0000000000000000     
  0.15555555555555556       -3.3908197332763965E-004   0.0000000000000000     
  0.16111111111111109       -5.1150397412385825E-004   0.0000000000000000     
  0.16666666666666666       -6.8424838090410159E-004   0.0000000000000000     
  0.17222222222222222       -8.4705362361462517E-004   0.0000000000000000     
  0.17777777777777778       -9.9024812961212333E-004   0.0000000000000000     
  0.18333333333333335       -1.1053238213179224E-003   0.0000000000000000     
  0.18888888888888888       -1.1854448204179106E-003   0.0000000000000000     
  0.19444444444444445       -1.2258516698777921E-003   0.0000000000000000     
  0.20000000000000001       -1.2241428976376601E-003   0.0000000000000000     
  0.20666666666666667       -1.1668246731283609E-003   0.0000000000000000     
  0.21333333333333335       -1.0540216539838276E-003   0.0000000000000000     
  0.22000000000000000       -8.9538014350329549E-004   0.0000000000000000     
  0.22666666666666668       -7.0443992997912058E-004   0.0000000000000000     
  0.23333333333333334       -4.9748590779620321E-004   0.0000000000000000     
  0.23888888888888890       -3.2554028493849855E-004   0.0000000000000000     
  0.24444444444444446       -1.6496503660033950E-004   0.0000000000000000     
  0.25000000000000000       -2.5301083283583325E-005   0.0000000000000000     
  0.25555555555555559        8.5155071493086862E-005   0.0000000000000000     
  0.26111111111111113        1.5984196148077797E-004   0.0000000000000000     
  0.26666666666666672        1.9432128589645783E-004   0.0000000000000000     
  0.27333333333333337        1.7992103743486750E-004   0.0000000000000000     
  0.28000000000000003        1.0602319966077831E-004   0.0000000000000000     
  0.28666666666666674       -2.1043771052138429E-005   0.0000000000000000     
  0.29333333333333339       -1.9043492071174831E-004   0.0000000000000000     
  0.30000000000000004       -3.8770861388725229E-004   0.0000000000000000     
  0.30555555555555558       -5.6127976785768101E-004   0.0000000000000000     
  0.31111111111111117       -7.3221784944479810E-004   0.0000000000000000     
  0.31666666666666671       -8.9036607924461333E-004   0.0000000000000000     
  0.32222222222222224       -1.0263299255597227E-003   0.0000000000000000     
  0.32777777777777783       -1.1320326804958589E-003   0.0000000000000000     
  0.33333333333333337       -1.2011931895943248E-003   0.0000000000000000     
  0.33888888888888891       -1.2297038965951601E-003   0.0000000000000000     
  0.34444444444444444       -1.2158702527915741E-003   0.0000000000000000     
  0.34999999999999998       -1.1605148040840644E-003   0.0000000000000000     
  0.35555555555555557       -1.0669258512991332E-003   0.0000000000000000     
  0.36111111111111110       -9.4066288850087540E-004   0.0000000000000000     
  0.36666666666666664       -7.8922787741626485E-004   0.0000000000000000     
  0.37222222222222218       -6.2161708422546393E-004   0.0000000000000000     
  0.37777777777777777       -4.4778698358165318E-004   0.0000000000000000     
  0.38333333333333330       -2.7806631380673303E-004   0.0000000000000000     
  0.38888888888888890       -1.2253704866249933E-004   0.0000000000000000     
  0.39444444444444443        9.5618532145152516E-006   0.0000000000000000     
  0.40000000000000002        1.1038090030380622E-004   0.0000000000000000     
  0.40555555555555556        1.8928712377386042E-004   0.0000000000000000     
  0.41111111111111115        2.5694831903249444E-004   0.0000000000000000     
  0.41666666666666669        3.0934433996760433E-004   0.0000000000000000     
  0.42222222222222222        3.4336268904894426E-004   0.0000000000000000     
  0.42777777777777781        3.5698256162255867E-004   0.0000000000000000     
  0.43333333333333335        3.4939440174315913E-004   0.0000000000000000     
  0.43888888888888888        3.2104943219949522E-004   0.0000000000000000     
  0.44444444444444448        2.7363101802738675E-004   0.0000000000000000     
  0.45000000000000001        2.0995693105828702E-004   0.0000000000000000     
  0.45555555555555555        1.3380962546550771E-004   0.0000000000000000     
  0.46111111111111114        4.9712504766990800E-005   0.0000000000000000     
  0.46666666666666667       -3.7337580518348322E-005   0.0000000000000000     
  0.47222222222222221       -1.2216951620461848E-004   0.0000000000000000     
  0.47777777777777780       -1.9974385939239037E-004   0.0000000000000000     
  0.48333333333333334       -2.6545138925073125E-004   0.0000000000000000     
  0.48888888888888887       -3.1538886000507101E-004   0.0000000000000000     
  0.49444444444444446       -3.4658981816440576E-004   0.0000000000000000     
  0.50000000000000000       -3.5720008157148612E-004   0.0000000000000000     
  0.50555555555555554       -3.4658981577647183E-004   0.0000000000000000     
  0.51111111111111107       -3.1538885537105691E-004   0.0000000000000000     
  0.51666666666666661       -2.6545138264594758E-004   0.0000000000000000     
  0.52222222222222225       -1.9974385120921721E-004   0.0000000000000000     
  0.52777777777777779       -1.2216950692919560E-004   0.0000000000000000     
  0.53333333333333333       -3.7337570701725520E-005   0.0000000000000000     
  0.53888888888888886        4.9712514541627853E-005   0.0000000000000000     
  0.54444444444444440        1.3380963461745622E-004   0.0000000000000000     
  0.55000000000000004        2.0995693904384786E-004   0.0000000000000000     
  0.55555555555555558        2.7363102437214957E-004   0.0000000000000000     
  0.56111111111111112        3.2104943652652024E-004   0.0000000000000000     
  0.56666666666666665        3.4939440379539198E-004   0.0000000000000000     
  0.57222222222222219        3.5698256127807999E-004   0.0000000000000000     
  0.57777777777777772        3.4336268632820780E-004   0.0000000000000000     
  0.58333333333333326        3.0934433503225668E-004   0.0000000000000000     
  0.58888888888888891        2.5694831217573720E-004   0.0000000000000000     
  0.59444444444444444        1.8928711540303162E-004   0.0000000000000000     
  0.59999999999999998        1.1038089091621639E-004   0.0000000000000000     
  0.60555555555555551        2.4917162554442006E-005   0.0000000000000000     
  0.61111111111111105       -6.2027286718528945E-005   0.0000000000000000     
  0.61666666666666670       -1.4528636311346739E-004   0.0000000000000000     
  0.62222222222222223       -2.1991419994408476E-004   0.0000000000000000     
  0.62777777777777777       -2.8147765394308255E-004   0.0000000000000000     
  0.63333333333333330       -3.2631851398956768E-004   0.0000000000000000     
  0.64000000000000001       -3.5438639473460903E-004   0.0000000000000000     
  0.64666666666666672       -3.5219622454906412E-004   0.0000000000000000     
  0.65333333333333332       -3.1994678294395765E-004   0.0000000000000000     
  0.66000000000000003       -2.6039050596555102E-004   0.0000000000000000     
  0.66666666666666674       -1.7860003797499371E-004   0.0000000000000000     
  0.67333333333333334       -8.1566449972534586E-005   0.0000000000000000     
  0.68000000000000005        2.2428610048912339E-005   0.0000000000000000     
  0.68666666666666665        1.2450944503979050E-004   0.0000000000000000     
  0.69333333333333336        2.1596362601290279E-004   0.0000000000000000     
  0.69999999999999996        2.8898093783825263E-004   0.0000000000000000     
  0.70666666666666667        3.3733436287743557E-004   0.0000000000000000     
  0.71333333333333337        3.5688508097465220E-004   0.0000000000000000     
  0.71999999999999997        3.4597634563857479E-004   0.0000000000000000     
  0.72666666666666668        3.0553919923346535E-004   0.0000000000000000     
  0.73333333333333339        2.3901350650026255E-004   0.0000000000000000     
  0.74000000000000010        1.5208853723074102E-004   0.0000000000000000     
  0.74666666666666670        5.2180690370300435E-005   0.0000000000000000     
  0.75333333333333341       -5.2180691371539627E-005   0.0000000000000000     
  0.76000000000000001       -1.5208853814652635E-004   0.0000000000000000     
  0.76666666666666672       -2.3901350725240043E-004   0.0000000000000000     
  0.77222222222222225       -2.9613226681767229E-004   0.0000000000000000     
  0.77777777777777779       -3.3565830283367157E-004   0.0000000000000000     
  0.78333333333333344       -3.5524329328824643E-004   0.0000000000000000     
  0.78888888888888897       -3.5372382560730991E-004   0.0000000000000000     
  0.79444444444444451       -3.3119015997727321E-004   0.0000000000000000     
  0.80000000000000004       -2.8898093573261399E-004   0.0000000000000000     
  0.80666666666666675       -2.1596362327549402E-004   0.0000000000000000     
  0.81333333333333335       -1.2450944190434631E-004   0.0000000000000000     
  0.82000000000000006       -2.2428606783036048E-005   0.0000000000000000     
  0.82666666666666666        8.1566453090105959E-005   0.0000000000000000     
  0.83333333333333337        1.7860004067807205E-004   0.0000000000000000     
  0.83888888888888891        2.4813197182444461E-004   0.0000000000000000     
  0.84444444444444444        3.0292290097120049E-004   0.0000000000000000     
  0.85000000000000009        3.3971745635791165E-004   0.0000000000000000     
  0.85555555555555562        3.5632991972187311E-004   0.0000000000000000     
  0.86111111111111116        3.5177345404415985E-004   0.0000000000000000     
  0.86666666666666670        3.2631851100431094E-004   0.0000000000000000     
  0.87333333333333341        2.7040006238712526E-004   0.0000000000000000     
  0.88000000000000000        1.9139653319880622E-004   0.0000000000000000     
  0.88666666666666671        9.6057667166934564E-005   0.0000000000000000     
  0.89333333333333331       -7.4795225257806878E-006   0.0000000000000000     
  0.90000000000000002       -1.1038089507023792E-004   0.0000000000000000     
  0.90555555555555556       -1.8928711866281371E-004   0.0000000000000000     
  0.91111111111111109       -2.5694831434761435E-004   0.0000000000000000     
  0.91666666666666674       -3.0934433598720727E-004   0.0000000000000000     
  0.92222222222222228       -3.4336268600949975E-004   0.0000000000000000     
  0.92777777777777781       -3.5698255970464059E-004   0.0000000000000000     
  0.93333333333333335       -3.4939440106070374E-004   0.0000000000000000     
  0.93888888888888888       -3.2104943279304555E-004   0.0000000000000000     
  0.94444444444444442       -2.7363101986168644E-004   0.0000000000000000     
  0.94999999999999996       -2.0995693402435856E-004   0.0000000000000000     
  0.95555555555555560       -1.3380962938714102E-004   0.0000000000000000     
  0.96111111111111114       -4.9712509411210637E-005   0.0000000000000000     
  0.96666666666666667        3.7337575427452512E-005   0.0000000000000000     
  0.97222222222222221        1.2216951096948644E-004   0.0000000000000000     
  0.97777777777777775        1.9974385432403800E-004   0.0000000000000000     
  0.98333333333333339        2.6545138465025727E-004   0.0000000000000000     
  0.98888888888888893        3.1538885614578257E-004   0.0000000000000000     
  0.99444444444444446        3.4658981527558176E-004   0.0000000000000000     
   1.0000000000000000        3.5720007982474399E-004   0.0000000000000000     
