X My_beautiful_solution_real My_beautiful_solution_imag
   0.0000000000000000        1.2123186229151588E-025   0.0000000000000000     
   4.1666666666666666E-003  -9.8251243423161977E-005   0.0000000000000000     
   8.3333333333333332E-003  -2.1052461049498708E-004   0.0000000000000000     
   1.2500000000000001E-002  -3.3306004904612229E-004   0.0000000000000000     
   1.6666666666666666E-002  -4.6175382065883968E-004   0.0000000000000000     
   2.0833333333333332E-002  -5.9229594885201471E-004   0.0000000000000000     
   2.5000000000000001E-002  -7.2031455536439467E-004   0.0000000000000000     
   2.9166666666666667E-002  -8.4152226945435286E-004   0.0000000000000000     
   3.3333333333333333E-002  -9.5185982602597038E-004   0.0000000000000000     
   3.7499999999999999E-002  -1.0476319981110498E-003   0.0000000000000000     
   4.1666666666666664E-002  -1.1256313580323208E-003   0.0000000000000000     
   4.5833333333333337E-002  -1.1832456935130591E-003   0.0000000000000000     
   5.0000000000000003E-002  -1.2185454889952138E-003   0.0000000000000000     
   5.4166666666666669E-002  -1.2303485482662877E-003   0.0000000000000000     
   5.8333333333333334E-002  -1.2182595848551469E-003   0.0000000000000000     
   6.2500000000000000E-002  -1.1826834597629442E-003   0.0000000000000000     
   6.6666666666666666E-002  -1.1248116246167727E-003   0.0000000000000000     
   7.0833333333333331E-002  -1.0465822171373278E-003   0.0000000000000000     
   7.4999999999999997E-002  -9.5061515652236487E-004   0.0000000000000000     
   7.9166666666666663E-002  -8.4012439387120706E-004   0.0000000000000000     
   8.3333333333333343E-002  -7.1881028900931383E-004   0.0000000000000000     
   8.7499999999999994E-002  -5.9073567211106353E-004   0.0000000000000000     
   9.1666666666666674E-002  -4.6018978406295324E-004   0.0000000000000000     
   9.5833333333333340E-002  -3.3154463460318366E-004   0.0000000000000000     
  0.10000000000000001       -2.0910857004294962E-004   0.0000000000000000     
  0.10416666666666667       -9.6981998465539210E-005   0.0000000000000000     
  0.10833333333333334        1.0799401965228552E-006   0.0000000000000000     
  0.11250000000000000        8.1793134927654710E-005   0.0000000000000000     
  0.11666666666666667        1.4245448431761862E-004   0.0000000000000000     
  0.12083333333333333        1.8103242936462702E-004   0.0000000000000000     
  0.12500000000000000        1.9623498808064719E-004   0.0000000000000000     
  0.12916666666666665        1.8755302254817944E-004   0.0000000000000000     
  0.13333333333333333        1.5527729475604851E-004   0.0000000000000000     
  0.13750000000000001        1.0048872371351862E-004   0.0000000000000000     
  0.14166666666666666        2.5022190605339839E-005   0.0000000000000000     
  0.14583333333333331       -6.8594919624481927E-005   0.0000000000000000     
  0.14999999999999999       -1.7722734922342428E-004   0.0000000000000000     
  0.15416666666666667       -2.9723697949809855E-004   0.0000000000000000     
  0.15833333333333333       -4.2460466734556556E-004   0.0000000000000000     
  0.16249999999999998       -5.5506484183583864E-004   0.0000000000000000     
  0.16666666666666666       -6.8424837084998542E-004   0.0000000000000000     
  0.17083333333333334       -8.0782887269880820E-004   0.0000000000000000     
  0.17499999999999999       -9.2166761282874124E-004   0.0000000000000000     
  0.17916666666666667       -1.0219521128956371E-003   0.0000000000000000     
  0.18333333333333335       -1.1053238241396197E-003   0.0000000000000000     
  0.18750000000000000       -1.1689906136464899E-003   0.0000000000000000     
  0.19166666666666668       -1.2108202697238095E-003   0.0000000000000000     
  0.19583333333333333       -1.2294119073055381E-003   0.0000000000000000     
  0.20000000000000001       -1.2241428910480894E-003   0.0000000000000000     
  0.20416666666666666       -1.1951896799017652E-003   0.0000000000000000     
  0.20833333333333334       -1.1435219239258017E-003   0.0000000000000000     
  0.21250000000000002       -1.0708699830590952E-003   0.0000000000000000     
  0.21666666666666667       -9.7966698717280804E-004   0.0000000000000000     
  0.22083333333333333       -8.7296734023480983E-004   0.0000000000000000     
  0.22500000000000001       -7.5434443172489672E-004   0.0000000000000000     
  0.22916666666666669       -6.2777096784671872E-004   0.0000000000000000     
  0.23333333333333334       -4.9748591448792504E-004   0.0000000000000000     
  0.23750000000000002       -3.6785254330352348E-004   0.0000000000000000     
  0.24166666666666670       -2.4321230090827920E-004   0.0000000000000000     
  0.24583333333333335       -1.2773940937696552E-004   0.0000000000000000     
  0.25000000000000000       -2.5301080122184448E-005   0.0000000000000000     
  0.25416666666666671        6.0672009635946329E-005   0.0000000000000000     
  0.25833333333333336        1.2730060638302797E-004   0.0000000000000000     
  0.26250000000000007        1.7235330330405625E-004   0.0000000000000000     
  0.26666666666666672        1.9432127987528526E-004   0.0000000000000000     
  0.27083333333333337        1.9246882288518222E-004   0.0000000000000000     
  0.27500000000000002        1.6685797290698422E-004   0.0000000000000000     
  0.27916666666666673        1.1834643984195907E-004   0.0000000000000000     
  0.28333333333333338        4.8558886229088343E-005   0.0000000000000000     
  0.28750000000000003       -4.0167490799331173E-005   0.0000000000000000     
  0.29166666666666674       -1.4486122965393894E-004   0.0000000000000000     
  0.29583333333333339       -2.6201611518168023E-004   0.0000000000000000     
  0.30000000000000004       -3.8770861087629362E-004   0.0000000000000000     
  0.30416666666666670       -5.1772925102558506E-004   0.0000000000000000     
  0.30833333333333335       -6.4772361900322791E-004   0.0000000000000000     
  0.31250000000000006       -7.7333818253863139E-004   0.0000000000000000     
  0.31666666666666671       -8.9036608326213760E-004   0.0000000000000000     
  0.32083333333333336       -9.9488803670444263E-004   0.0000000000000000     
  0.32500000000000007       -1.0834035847239582E-003   0.0000000000000000     
  0.32916666666666672       -1.1529483219420112E-003   0.0000000000000000     
  0.33333333333333337       -1.2011931853517085E-003   0.0000000000000000     
  0.33750000000000002       -1.2265224437773693E-003   0.0000000000000000     
  0.34166666666666667       -1.2280878168354772E-003   0.0000000000000000     
  0.34583333333333333       -1.2058368783512377E-003   0.0000000000000000     
  0.34999999999999998       -1.1605148179825030E-003   0.0000000000000000     
  0.35416666666666669       -1.0936394792961982E-003   0.0000000000000000     
  0.35833333333333334       -1.0074505288611381E-003   0.0000000000000000     
  0.36249999999999999       -9.0483445235290912E-004   0.0000000000000000     
  0.36666666666666664       -7.8922787952384382E-004   0.0000000000000000     
  0.37083333333333329       -6.6450249629243995E-004   0.0000000000000000     
  0.37500000000000000       -5.3483538039520546E-004   0.0000000000000000     
  0.37916666666666665       -4.0456910404776028E-004   0.0000000000000000     
  0.38333333333333330       -2.7806631267931982E-004   0.0000000000000000     
  0.38750000000000001       -1.5956360647024836E-004   0.0000000000000000     
  0.39166666666666666       -5.3029661371474259E-005   0.0000000000000000     
  0.39583333333333337        3.7967677414502006E-005   0.0000000000000000     
  0.40000000000000002        1.1038089562712408E-004   0.0000000000000000     
  0.40416666666666667        1.7044114824143702E-004   0.0000000000000000     
  0.40833333333333333        2.2479329492152079E-004   0.0000000000000000     
  0.41250000000000003        2.7161707316326905E-004   0.0000000000000000     
  0.41666666666666669        3.0934434494633118E-004   0.0000000000000000     
  0.42083333333333334        3.3671161746508097E-004   0.0000000000000000     
  0.42500000000000004        3.5280235607303308E-004   0.0000000000000000     
  0.42916666666666670        3.5707767801400293E-004   0.0000000000000000     
  0.43333333333333335        3.4939440286418754E-004   0.0000000000000000     
  0.43750000000000000        3.3000984429045534E-004   0.0000000000000000     
  0.44166666666666665        2.9957319560846771E-004   0.0000000000000000     
  0.44583333333333336        2.5910378433799446E-004   0.0000000000000000     
  0.45000000000000001        2.0995694011395139E-004   0.0000000000000000     
  0.45416666666666666        1.5377859917547763E-004   0.0000000000000000     
  0.45833333333333337        9.2450183797358325E-005   0.0000000000000000     
  0.46250000000000002        2.8025595576113651E-005   0.0000000000000000     
  0.46666666666666667       -3.7337575615697954E-005   0.0000000000000000     
  0.47083333333333333       -1.0145030446767900E-004   0.0000000000000000     
  0.47499999999999998       -1.6216544337525402E-004   0.0000000000000000     
  0.47916666666666669       -2.1744963235590067E-004   0.0000000000000000     
  0.48333333333333334       -2.6545139234135080E-004   0.0000000000000000     
  0.48749999999999999       -3.0456313615455057E-004   0.0000000000000000     
  0.49166666666666670       -3.3347500479073315E-004   0.0000000000000000     
  0.49583333333333335       -3.5121873313853906E-004   0.0000000000000000     
  0.50000000000000000       -3.5720008166668503E-004   0.0000000000000000     
  0.50416666666666665       -3.5121873313853988E-004   0.0000000000000000     
  0.50833333333333330       -3.3347500479073385E-004   0.0000000000000000     
  0.51249999999999996       -3.0456313615455182E-004   0.0000000000000000     
  0.51666666666666661       -2.6545139234135303E-004   0.0000000000000000     
  0.52083333333333337       -2.1744963235590233E-004   0.0000000000000000     
  0.52500000000000002       -1.6216544337525511E-004   0.0000000000000000     
  0.52916666666666667       -1.0145030446768111E-004   0.0000000000000000     
  0.53333333333333333       -3.7337575615699960E-005   0.0000000000000000     
  0.53749999999999998        2.8025595576111842E-005   0.0000000000000000     
  0.54166666666666663        9.2450183797355642E-005   0.0000000000000000     
  0.54583333333333328        1.5377859917547595E-004   0.0000000000000000     
  0.55000000000000004        2.0995694011395060E-004   0.0000000000000000     
  0.55416666666666670        2.5910378433799348E-004   0.0000000000000000     
  0.55833333333333335        2.9957319560846684E-004   0.0000000000000000     
  0.56250000000000000        3.3000984429045507E-004   0.0000000000000000     
  0.56666666666666665        3.4939440286418721E-004   0.0000000000000000     
  0.57083333333333330        3.5707767801400315E-004   0.0000000000000000     
  0.57499999999999996        3.5280235607303330E-004   0.0000000000000000     
  0.57916666666666661        3.3671161746508157E-004   0.0000000000000000     
  0.58333333333333326        3.0934434494633254E-004   0.0000000000000000     
  0.58750000000000002        2.7161707316327002E-004   0.0000000000000000     
  0.59166666666666667        2.2479329492152138E-004   0.0000000000000000     
  0.59583333333333333        1.7044114824143870E-004   0.0000000000000000     
  0.59999999999999998        1.1038089562712566E-004   0.0000000000000000     
  0.60416666666666663        4.6623966323859544E-005   0.0000000000000000     
  0.60833333333333328       -1.8694407562312327E-005   0.0000000000000000     
  0.61249999999999993       -8.3386703299494032E-005   0.0000000000000000     
  0.61666666666666670       -1.4528636211839257E-004   0.0000000000000000     
  0.62083333333333335       -2.0232035382796460E-004   0.0000000000000000     
  0.62500000000000000       -2.5257860026642846E-004   0.0000000000000000     
  0.62916666666666665       -2.9437794168395089E-004   0.0000000000000000     
  0.63333333333333330       -3.2631851207616552E-004   0.0000000000000000     
  0.63749999999999996       -3.4733061491145132E-004   0.0000000000000000     
  0.64166666666666661       -3.5671055146140876E-004   0.0000000000000000     
  0.64583333333333337       -3.5414418537078483E-004   0.0000000000000000     
  0.65000000000000002       -3.3971746527829833E-004   0.0000000000000000     
  0.65416666666666667       -3.1391354451007904E-004   0.0000000000000000     
  0.65833333333333344       -2.7759660080180985E-004   0.0000000000000000     
  0.66250000000000009       -2.3198289596967409E-004   0.0000000000000000     
  0.66666666666666674       -1.7860004083334197E-004   0.0000000000000000     
  0.67083333333333339       -1.1923583716886541E-004   0.0000000000000000     
  0.67500000000000004       -5.5878403988922355E-005   0.0000000000000000     
  0.67916666666666670        9.3504083555291993E-006   0.0000000000000000     
  0.68333333333333335        7.4266072936946545E-005   0.0000000000000000     
  0.68750000000000000        1.3669455301488248E-004   0.0000000000000000     
  0.69166666666666665        1.9454510808615338E-004   0.0000000000000000     
  0.69583333333333330        2.4588031044377135E-004   0.0000000000000000     
  0.69999999999999996        2.8898093646046656E-004   0.0000000000000000     
  0.70416666666666661        3.2240353726006426E-004   0.0000000000000000     
  0.70833333333333326        3.4502878406378643E-004   0.0000000000000000     
  0.71250000000000002        3.5609895300344195E-004   0.0000000000000000     
  0.71666666666666667        3.5524330223234358E-004   0.0000000000000000     
  0.72083333333333333        3.4249048763748864E-004   0.0000000000000000     
  0.72500000000000009        3.1826760317078096E-004   0.0000000000000000     
  0.72916666666666674        2.8338587796659660E-004   0.0000000000000000     
  0.73333333333333339        2.3901350723706246E-004   0.0000000000000000     
  0.73809523809523814        1.7860004071254933E-004   0.0000000000000000     
  0.74285714285714288        1.1038089581223057E-004   0.0000000000000000     
  0.74761904761904763        3.7337575294550766E-005   0.0000000000000000     
  0.75238095238095248       -3.7337575294551138E-005   0.0000000000000000     
  0.75714285714285723       -1.1038089581223090E-004   0.0000000000000000     
  0.76190476190476197       -1.7860004071254963E-004   0.0000000000000000     
  0.76666666666666672       -2.3901350723706273E-004   0.0000000000000000     
  0.77083333333333337       -2.8338587796659676E-004   0.0000000000000000     
  0.77500000000000002       -3.1826760317078102E-004   0.0000000000000000     
  0.77916666666666667       -3.4249048763748891E-004   0.0000000000000000     
  0.78333333333333344       -3.5524330223234406E-004   0.0000000000000000     
  0.78750000000000009       -3.5609895300344228E-004   0.0000000000000000     
  0.79166666666666674       -3.4502878406378671E-004   0.0000000000000000     
  0.79583333333333339       -3.2240353726006480E-004   0.0000000000000000     
  0.80000000000000004       -2.8898093646046764E-004   0.0000000000000000     
  0.80416666666666670       -2.4588031044377206E-004   0.0000000000000000     
  0.80833333333333335       -1.9454510808615468E-004   0.0000000000000000     
  0.81250000000000000       -1.3669455301488432E-004   0.0000000000000000     
  0.81666666666666665       -7.4266072936947914E-005   0.0000000000000000     
  0.82083333333333341       -9.3504083555289130E-006   0.0000000000000000     
  0.82500000000000007        5.5878403988923141E-005   0.0000000000000000     
  0.82916666666666672        1.1923583716886496E-004   0.0000000000000000     
  0.83333333333333337        1.7860004083334265E-004   0.0000000000000000     
  0.83750000000000002        2.3198289596967485E-004   0.0000000000000000     
  0.84166666666666667        2.7759660080181066E-004   0.0000000000000000     
  0.84583333333333333        3.1391354451008007E-004   0.0000000000000000     
  0.85000000000000009        3.3971746527829936E-004   0.0000000000000000     
  0.85416666666666674        3.5414418537078581E-004   0.0000000000000000     
  0.85833333333333339        3.5671055146140946E-004   0.0000000000000000     
  0.86250000000000004        3.4733061491145240E-004   0.0000000000000000     
  0.86666666666666670        3.2631851207616693E-004   0.0000000000000000     
  0.87083333333333335        2.9437794168395240E-004   0.0000000000000000     
  0.87500000000000000        2.5257860026642993E-004   0.0000000000000000     
  0.87916666666666665        2.0232035382796606E-004   0.0000000000000000     
  0.88333333333333330        1.4528636211839403E-004   0.0000000000000000     
  0.88750000000000007        8.3386703299495360E-005   0.0000000000000000     
  0.89166666666666672        1.8694407562313506E-005   0.0000000000000000     
  0.89583333333333337       -4.6623966323858575E-005   0.0000000000000000     
  0.90000000000000002       -1.1038089562712490E-004   0.0000000000000000     
  0.90416666666666667       -1.7044114824143818E-004   0.0000000000000000     
  0.90833333333333333       -2.2479329492152114E-004   0.0000000000000000     
  0.91249999999999998       -2.7161707316327002E-004   0.0000000000000000     
  0.91666666666666674       -3.0934434494633286E-004   0.0000000000000000     
  0.92083333333333339       -3.3671161746508217E-004   0.0000000000000000     
  0.92500000000000004       -3.5280235607303400E-004   0.0000000000000000     
  0.92916666666666670       -3.5707767801400412E-004   0.0000000000000000     
  0.93333333333333335       -3.4939440286418835E-004   0.0000000000000000     
  0.93750000000000000       -3.3000984429045626E-004   0.0000000000000000     
  0.94166666666666665       -2.9957319560846820E-004   0.0000000000000000     
  0.94583333333333330       -2.5910378433799500E-004   0.0000000000000000     
  0.94999999999999996       -2.0995694011395209E-004   0.0000000000000000     
  0.95416666666666672       -1.5377859917547733E-004   0.0000000000000000     
  0.95833333333333337       -9.2450183797356943E-005   0.0000000000000000     
  0.96250000000000002       -2.8025595576112994E-005   0.0000000000000000     
  0.96666666666666667        3.7337575615698971E-005   0.0000000000000000     
  0.97083333333333333        1.0145030446768038E-004   0.0000000000000000     
  0.97499999999999998        1.6216544337525462E-004   0.0000000000000000     
  0.97916666666666663        2.1744963235590208E-004   0.0000000000000000     
  0.98333333333333339        2.6545139234135308E-004   0.0000000000000000     
  0.98750000000000004        3.0456313615455225E-004   0.0000000000000000     
  0.99166666666666670        3.3347500479073450E-004   0.0000000000000000     
  0.99583333333333335        3.5121873313854080E-004   0.0000000000000000     
   1.0000000000000000        3.5720008166668617E-004   0.0000000000000000     
