X My_beautiful_solution_real My_beautiful_solution_imag
   0.0000000000000000        5.0380941769685308E-025   0.0000000000000000     
   4.1666666666666666E-003  -7.2483840811919404E-004   0.0000000000000000     
   8.3333333333333332E-003  -1.4254018378682424E-003   0.0000000000000000     
   1.2500000000000001E-002  -2.0782283058167405E-003   0.0000000000000000     
   1.6666666666666666E-002  -2.6614545161450956E-003   0.0000000000000000     
   2.0833333333333332E-002  -3.1555481230180742E-003   0.0000000000000000     
   2.5000000000000001E-002  -3.5439618468369716E-003   0.0000000000000000     
   2.9166666666666667E-002  -3.8136876241982140E-003   0.0000000000000000     
   3.3333333333333333E-002  -3.9556923039726416E-003   0.0000000000000000     
   3.7499999999999999E-002  -3.9652201140343559E-003   0.0000000000000000     
   4.1666666666666664E-002  -3.8419519741394823E-003   0.0000000000000000     
   4.5833333333333337E-002  -3.5900161452707977E-003   0.0000000000000000     
   5.0000000000000003E-002  -3.2178500174038990E-003   0.0000000000000000     
   5.4166666666666669E-002  -2.7379174979491527E-003   0.0000000000000000     
   5.8333333333333334E-002  -2.1662916093263661E-003   0.0000000000000000     
   6.2500000000000000E-002  -1.5221162215998060E-003   0.0000000000000000     
   6.6666666666666666E-002  -8.2696487538788340E-004   0.0000000000000000     
   7.0833333333333331E-002  -1.0411832195680331E-004   0.0000000000000000     
   7.4999999999999997E-002   6.2221516625839135E-004   0.0000000000000000     
   7.9166666666666663E-002   1.3277105642743026E-003   0.0000000000000000     
   8.3333333333333343E-002   1.9887406814550561E-003   0.0000000000000000     
   8.7499999999999994E-002   2.5831675057895898E-003   0.0000000000000000     
   9.1666666666666674E-002   3.0910835810119813E-003   0.0000000000000000     
   9.5833333333333340E-002   3.4954786850810260E-003   0.0000000000000000     
  0.10000000000000001        3.7828095687713983E-003   0.0000000000000000     
  0.10416666666666667        3.9434534576500537E-003   0.0000000000000000     
  0.10833333333333334        3.9720303644411176E-003   0.0000000000000000     
  0.11250000000000000        3.8675832351664405E-003   0.0000000000000000     
  0.11666666666666667        3.6336100319446234E-003   0.0000000000000000     
  0.12083333333333333        3.2779465574353968E-003   0.0000000000000000     
  0.12500000000000000        2.8125040424364801E-003   0.0000000000000000     
  0.12916666666666665        2.2528702522725194E-003   0.0000000000000000     
  0.13333333333333333        1.6177874175035802E-003   0.0000000000000000     
  0.13750000000000001        9.2852458174815227E-004   0.0000000000000000     
  0.14166666666666666        2.0816529383658390E-004   0.0000000000000000     
  0.14583333333333331       -5.1916550001092549E-004   0.0000000000000000     
  0.14999999999999999       -1.2291093359488524E-003   0.0000000000000000     
  0.15416666666666667       -1.8978900731451522E-003   0.0000000000000000     
  0.15833333333333333       -2.5031101300320795E-003   0.0000000000000000     
  0.16249999999999998       -3.0245005542581076E-003   0.0000000000000000     
  0.16666666666666666       -3.4445999034806046E-003   0.0000000000000000     
  0.17083333333333334       -3.7493389623773007E-003   0.0000000000000000     
  0.17499999999999999       -3.9285119679003180E-003   0.0000000000000000     
  0.17916666666666667       -3.9761183789618886E-003   0.0000000000000000     
  0.18333333333333335       -3.8905638520939419E-003   0.0000000000000000     
  0.18750000000000000       -3.6747136230289926E-003   0.0000000000000000     
  0.19166666666666668       -3.3357965530003788E-003   0.0000000000000000     
  0.19583333333333333       -2.8851630424500518E-003   0.0000000000000000     
  0.20000000000000001       -2.3379048864690497E-003   0.0000000000000000     
  0.20416666666666666       -1.7123498617618270E-003   0.0000000000000000     
  0.20833333333333334       -1.0294479317029940E-003   0.0000000000000000     
  0.21250000000000002       -3.1206958783539261E-004   0.0000000000000000     
  0.21666666666666667        4.1576001454072972E-004   0.0000000000000000     
  0.22083333333333333        1.1296657372172902E-003   0.0000000000000000     
  0.22500000000000001        1.8057387551147512E-003   0.0000000000000000     
  0.22916666666666669        2.4213372360502466E-003   0.0000000000000000     
  0.23333333333333334        2.9558446933835103E-003   0.0000000000000000     
  0.23750000000000002        3.3913603631242164E-003   0.0000000000000000     
  0.24166666666666670        3.7132987472703644E-003   0.0000000000000000     
  0.24583333333333335        3.9108780700638822E-003   0.0000000000000000     
  0.25000000000000000        3.9774813629101010E-003   0.0000000000000000     
  0.25416666666666671        3.9108780700638788E-003   0.0000000000000000     
  0.25833333333333336        3.7132987472703561E-003   0.0000000000000000     
  0.26250000000000007        3.3913603631242060E-003   0.0000000000000000     
  0.26666666666666672        2.9558446933834973E-003   0.0000000000000000     
  0.27083333333333337        2.4213372360502318E-003   0.0000000000000000     
  0.27500000000000002        1.8057387551147345E-003   0.0000000000000000     
  0.27916666666666673        1.1296657372172735E-003   0.0000000000000000     
  0.28333333333333338        4.1576001454071237E-004   0.0000000000000000     
  0.28750000000000003       -3.1206958783540996E-004   0.0000000000000000     
  0.29166666666666674       -1.0294479317030101E-003   0.0000000000000000     
  0.29583333333333339       -1.7123498617618413E-003   0.0000000000000000     
  0.30000000000000004       -2.3379048864690627E-003   0.0000000000000000     
  0.30416666666666670       -2.8851630424500613E-003   0.0000000000000000     
  0.30833333333333335       -3.3357965530003866E-003   0.0000000000000000     
  0.31250000000000006       -3.6747136230289969E-003   0.0000000000000000     
  0.31666666666666671       -3.8905638520939441E-003   0.0000000000000000     
  0.32083333333333336       -3.9761183789618886E-003   0.0000000000000000     
  0.32500000000000007       -3.9285119679003163E-003   0.0000000000000000     
  0.32916666666666672       -3.7493389623772960E-003   0.0000000000000000     
  0.33333333333333337       -3.4445999034805981E-003   0.0000000000000000     
  0.33750000000000002       -3.0245005542581006E-003   0.0000000000000000     
  0.34166666666666667       -2.5031101300320713E-003   0.0000000000000000     
  0.34583333333333333       -1.8978900731451446E-003   0.0000000000000000     
  0.34999999999999998       -1.2291093359488453E-003   0.0000000000000000     
  0.35416666666666669       -5.1916550001091877E-004   0.0000000000000000     
  0.35833333333333334        2.0816529383658956E-004   0.0000000000000000     
  0.36249999999999999        9.2852458174815650E-004   0.0000000000000000     
  0.36666666666666664        1.6177874175035830E-003   0.0000000000000000     
  0.37083333333333329        2.2528702522725229E-003   0.0000000000000000     
  0.37500000000000000        2.8125040424364835E-003   0.0000000000000000     
  0.37916666666666665        3.2779465574354020E-003   0.0000000000000000     
  0.38333333333333330        3.6336100319446264E-003   0.0000000000000000     
  0.38750000000000001        3.8675832351664410E-003   0.0000000000000000     
  0.39166666666666666        3.9720303644411150E-003   0.0000000000000000     
  0.39583333333333337        3.9434534576500493E-003   0.0000000000000000     
  0.40000000000000002        3.7828095687713918E-003   0.0000000000000000     
  0.40416666666666667        3.4954786850810177E-003   0.0000000000000000     
  0.40833333333333333        3.0910835810119709E-003   0.0000000000000000     
  0.41250000000000003        2.5831675057895794E-003   0.0000000000000000     
  0.41666666666666669        1.9887406814550453E-003   0.0000000000000000     
  0.42083333333333334        1.3277105642742913E-003   0.0000000000000000     
  0.42500000000000004        6.2221516625838127E-004   0.0000000000000000     
  0.42916666666666670       -1.0411832195681284E-004   0.0000000000000000     
  0.43333333333333335       -8.2696487538789197E-004   0.0000000000000000     
  0.43750000000000000       -1.5221162215998132E-003   0.0000000000000000     
  0.44166666666666665       -2.1662916093263727E-003   0.0000000000000000     
  0.44583333333333336       -2.7379174979491579E-003   0.0000000000000000     
  0.45000000000000001       -3.2178500174039016E-003   0.0000000000000000     
  0.45416666666666666       -3.5900161452707994E-003   0.0000000000000000     
  0.45833333333333337       -3.8419519741394828E-003   0.0000000000000000     
  0.46250000000000002       -3.9652201140343551E-003   0.0000000000000000     
  0.46666666666666667       -3.9556923039726381E-003   0.0000000000000000     
  0.47083333333333333       -3.8136876241982101E-003   0.0000000000000000     
  0.47499999999999998       -3.5439618468369664E-003   0.0000000000000000     
  0.47916666666666669       -3.1555481230180686E-003   0.0000000000000000     
  0.48333333333333334       -2.6614545161450904E-003   0.0000000000000000     
  0.48749999999999999       -2.0782283058167345E-003   0.0000000000000000     
  0.49166666666666670       -1.4254018378682372E-003   0.0000000000000000     
  0.49583333333333335       -7.2483840811918905E-004   0.0000000000000000     
  0.50000000000000000        4.5856933521118928E-018   0.0000000000000000     
  0.50416666666666665        7.2483840811919816E-004   0.0000000000000000     
  0.50833333333333330        1.4254018378682452E-003   0.0000000000000000     
  0.51249999999999996        2.0782283058167418E-003   0.0000000000000000     
  0.51666666666666661        2.6614545161450943E-003   0.0000000000000000     
  0.52083333333333337        3.1555481230180721E-003   0.0000000000000000     
  0.52500000000000002        3.5439618468369708E-003   0.0000000000000000     
  0.52916666666666667        3.8136876241982127E-003   0.0000000000000000     
  0.53333333333333333        3.9556923039726390E-003   0.0000000000000000     
  0.53749999999999998        3.9652201140343551E-003   0.0000000000000000     
  0.54166666666666663        3.8419519741394802E-003   0.0000000000000000     
  0.54583333333333328        3.5900161452707947E-003   0.0000000000000000     
  0.55000000000000004        3.2178500174038969E-003   0.0000000000000000     
  0.55416666666666670        2.7379174979491531E-003   0.0000000000000000     
  0.55833333333333335        2.1662916093263666E-003   0.0000000000000000     
  0.56250000000000000        1.5221162215998075E-003   0.0000000000000000     
  0.56666666666666665        8.2696487538788568E-004   0.0000000000000000     
  0.57083333333333330        1.0411832195680657E-004   0.0000000000000000     
  0.57499999999999996       -6.2221516625838734E-004   0.0000000000000000     
  0.57916666666666661       -1.3277105642742970E-003   0.0000000000000000     
  0.58333333333333326       -1.9887406814550501E-003   0.0000000000000000     
  0.58750000000000002       -2.5831675057895842E-003   0.0000000000000000     
  0.59166666666666667       -3.0910835810119756E-003   0.0000000000000000     
  0.59583333333333333       -3.4954786850810221E-003   0.0000000000000000     
  0.59999999999999998       -3.7828095687713944E-003   0.0000000000000000     
  0.60416666666666663       -3.9867349021968316E-003   0.0000000000000000     
  0.60833333333333328       -4.1437066334869101E-003   0.0000000000000000     
  0.61249999999999993       -4.2484677510201962E-003   0.0000000000000000     
  0.61666666666666670       -4.2975097847492488E-003   0.0000000000000000     
  0.62083333333333335       -4.2891903085343717E-003   0.0000000000000000     
  0.62500000000000000       -4.2237879430803617E-003   0.0000000000000000     
  0.62916666666666665       -4.1034930253149582E-003   0.0000000000000000     
  0.63333333333333330       -3.9323342547419662E-003   0.0000000000000000     
  0.63749999999999996       -3.7160437689554432E-003   0.0000000000000000     
  0.64166666666666661       -3.4618651808352341E-003   0.0000000000000000     
  0.64583333333333337       -3.1783109696161423E-003   0.0000000000000000     
  0.65000000000000002       -2.8748774275721692E-003   0.0000000000000000     
  0.65416666666666667       -2.5617265960606369E-003   0.0000000000000000     
  0.65833333333333344       -2.2493459501362507E-003   0.0000000000000000     
  0.66250000000000009       -1.9481971847803651E-003   0.0000000000000000     
  0.66666666666666674       -1.6683658191112207E-003   0.0000000000000000     
  0.67083333333333339       -1.4192234614884265E-003   0.0000000000000000     
  0.67500000000000004       -1.2091139357748545E-003   0.0000000000000000     
  0.67916666666666670       -1.0450738463379625E-003   0.0000000000000000     
  0.68333333333333335       -9.3259692890147608E-004   0.0000000000000000     
  0.68750000000000000       -8.7545005473857885E-004   0.0000000000000000     
  0.69166666666666665       -8.7554708244652331E-004   0.0000000000000000     
  0.69583333333333330       -9.3288476489672249E-004   0.0000000000000000     
  0.69999999999999996       -1.0455428502147439E-003   0.0000000000000000     
  0.70416666666666661       -1.2097484004468849E-003   0.0000000000000000     
  0.70833333333333326       -1.4200021368856214E-003   0.0000000000000000     
  0.71250000000000002       -1.6692626311784605E-003   0.0000000000000000     
  0.71666666666666667       -1.9491820945569957E-003   0.0000000000000000     
  0.72083333333333333       -2.2503859761949336E-003   0.0000000000000000     
  0.72500000000000009       -2.5627869064337306E-003   0.0000000000000000     
  0.72916666666666674       -2.8759225114573122E-003   0.0000000000000000     
  0.73333333333333339       -3.1793058301923956E-003   0.0000000000000000     
  0.73809523809523814       -3.5010822979754607E-003   0.0000000000000000     
  0.74285714285714288       -3.7828096023565369E-003   0.0000000000000000     
  0.74761904761904763       -4.0121747097092786E-003   0.0000000000000000     
  0.75238095238095248       -4.1791534226565553E-003   0.0000000000000000     
  0.75714285714285723       -4.2764479752635089E-003   0.0000000000000000     
  0.76190476190476197       -4.2998059616104938E-003   0.0000000000000000     
  0.76666666666666672       -4.2482067296378814E-003   0.0000000000000000     
  0.77083333333333337       -4.1432626854509312E-003   0.0000000000000000     
  0.77500000000000002       -3.9861228978854092E-003   0.0000000000000000     
  0.77916666666666667       -3.7820500002039847E-003   0.0000000000000000     
  0.78333333333333344       -3.5378784392431444E-003   0.0000000000000000     
  0.78750000000000009       -3.2617855624429630E-003   0.0000000000000000     
  0.79166666666666674       -2.9630177676071710E-003   0.0000000000000000     
  0.79583333333333339       -2.6515808514467605E-003   0.0000000000000000     
  0.80000000000000004       -2.3379048864691347E-003   0.0000000000000000     
  0.80416666666666670       -1.9892134973120645E-003   0.0000000000000000     
  0.80833333333333335       -1.5739029861421556E-003   0.0000000000000000     
  0.81250000000000000       -1.1058821642753202E-003   0.0000000000000000     
  0.81666666666666665       -6.0082515111481644E-004   0.0000000000000000     
  0.82083333333333341       -7.5646392639686457E-005   0.0000000000000000     
  0.82500000000000007        4.5206578445588862E-004   0.0000000000000000     
  0.82916666666666672        9.6463818608139463E-004   0.0000000000000000     
  0.83333333333333337        1.4449046823023892E-003   0.0000000000000000     
  0.83750000000000002        1.8767810524378892E-003   0.0000000000000000     
  0.84166666666666667        2.2458036762939130E-003   0.0000000000000000     
  0.84583333333333333        2.5396139227314035E-003   0.0000000000000000     
  0.85000000000000009        2.7483720269613470E-003   0.0000000000000000     
  0.85416666666666674        2.8650866442404750E-003   0.0000000000000000     
  0.85833333333333339        2.8858489820514986E-003   0.0000000000000000     
  0.86250000000000004        2.8099637013007531E-003   0.0000000000000000     
  0.86666666666666670        2.6399722184877491E-003   0.0000000000000000     
  0.87083333333333335        2.3815675759144323E-003   0.0000000000000000     
  0.87500000000000000        2.0434038003098566E-003   0.0000000000000000     
  0.87916666666666665        1.6368060455478233E-003   0.0000000000000000     
  0.88333333333333330        1.1753913600469688E-003   0.0000000000000000     
  0.88750000000000007        6.7461260074195683E-004   0.0000000000000000     
  0.89166666666666672        1.5124093417684170E-004   0.0000000000000000     
  0.89583333333333337       -3.7719581101168412E-004   0.0000000000000000     
  0.90000000000000002       -8.9300020416674538E-004   0.0000000000000000     
  0.90416666666666667       -1.3788978546810779E-003   0.0000000000000000     
  0.90833333333333333       -1.8186159581305705E-003   0.0000000000000000     
  0.91249999999999998       -2.1974282815147676E-003   0.0000000000000000     
  0.91666666666666674       -2.5026483217537761E-003   0.0000000000000000     
  0.92083333333333339       -2.7240542073273728E-003   0.0000000000000000     
  0.92500000000000004       -2.8542310171861623E-003   0.0000000000000000     
  0.92916666666666670       -2.8888190982528515E-003   0.0000000000000000     
  0.93333333333333335       -2.8266600965662528E-003   0.0000000000000000     
  0.93750000000000000       -2.6698357234201881E-003   0.0000000000000000     
  0.94166666666666665       -2.4235980630646975E-003   0.0000000000000000     
  0.94583333333333330       -2.0961936483630634E-003   0.0000000000000000     
  0.94999999999999996       -1.6985873263915578E-003   0.0000000000000000     
  0.95416666666666672       -1.2440950010413892E-003   0.0000000000000000     
  0.95833333333333337       -7.4793769825152318E-004   0.0000000000000000     
  0.96250000000000002       -2.2673183098555292E-004   0.0000000000000000     
  0.96666666666666667        3.0206733201861182E-004   0.0000000000000000     
  0.97083333333333333        8.2075020398868724E-004   0.0000000000000000     
  0.97499999999999998        1.3119459959093434E-003   0.0000000000000000     
  0.97916666666666663        1.7592044799651556E-003   0.0000000000000000     
  0.98333333333333339        2.1475468758465352E-003   0.0000000000000000     
  0.98750000000000004        2.4639675300917232E-003   0.0000000000000000     
  0.99166666666666670        2.6978694607498084E-003   0.0000000000000000     
  0.99583333333333335        2.8414192385192898E-003   0.0000000000000000     
   1.0000000000000000        2.8898093646047853E-003   0.0000000000000000     
