  x y order
   0.0000000000000000                0   3.0000000000000000     
   3.3333333333333333E-002           0   3.0000000000000000     
   3.3333333333333333E-002           1   3.0000000000000000     
   0.0000000000000000                1   3.0000000000000000     

   3.3333333333333333E-002           0   3.0000000000000000     
   6.6666666666666666E-002           0   3.0000000000000000     
   6.6666666666666666E-002           1   3.0000000000000000     
   3.3333333333333333E-002           1   3.0000000000000000     

   6.6666666666666666E-002           0   3.0000000000000000     
  0.10000000000000001                0   3.0000000000000000     
  0.10000000000000001                1   3.0000000000000000     
   6.6666666666666666E-002           1   3.0000000000000000     

  0.10000000000000001                0   3.0000000000000000     
  0.13333333333333333                0   3.0000000000000000     
  0.13333333333333333                1   3.0000000000000000     
  0.10000000000000001                1   3.0000000000000000     

  0.13333333333333333                0   3.0000000000000000     
  0.16666666666666666                0   3.0000000000000000     
  0.16666666666666666                1   3.0000000000000000     
  0.13333333333333333                1   3.0000000000000000     

  0.16666666666666666                0   3.0000000000000000     
  0.20000000000000001                0   3.0000000000000000     
  0.20000000000000001                1   3.0000000000000000     
  0.16666666666666666                1   3.0000000000000000     

  0.20000000000000001                0   3.0000000000000000     
  0.23333333333333334                0   3.0000000000000000     
  0.23333333333333334                1   3.0000000000000000     
  0.20000000000000001                1   3.0000000000000000     

  0.23333333333333334                0   2.0000000000000000     
  0.26666666666666672                0   2.0000000000000000     
  0.26666666666666672                1   2.0000000000000000     
  0.23333333333333334                1   2.0000000000000000     

  0.26666666666666672                0   3.0000000000000000     
  0.30000000000000004                0   3.0000000000000000     
  0.30000000000000004                1   3.0000000000000000     
  0.26666666666666672                1   3.0000000000000000     

  0.30000000000000004                0   3.0000000000000000     
  0.33333333333333337                0   3.0000000000000000     
  0.33333333333333337                1   3.0000000000000000     
  0.30000000000000004                1   3.0000000000000000     

  0.33333333333333337                0   3.0000000000000000     
  0.36666666666666664                0   3.0000000000000000     
  0.36666666666666664                1   3.0000000000000000     
  0.33333333333333337                1   3.0000000000000000     

  0.36666666666666664                0   3.0000000000000000     
  0.40000000000000002                0   3.0000000000000000     
  0.40000000000000002                1   3.0000000000000000     
  0.36666666666666664                1   3.0000000000000000     

  0.40000000000000002                0   3.0000000000000000     
  0.43333333333333335                0   3.0000000000000000     
  0.43333333333333335                1   3.0000000000000000     
  0.40000000000000002                1   3.0000000000000000     

  0.43333333333333335                0   3.0000000000000000     
  0.46666666666666667                0   3.0000000000000000     
  0.46666666666666667                1   3.0000000000000000     
  0.43333333333333335                1   3.0000000000000000     

  0.46666666666666667                0   3.0000000000000000     
  0.50000000000000000                0   3.0000000000000000     
  0.50000000000000000                1   3.0000000000000000     
  0.46666666666666667                1   3.0000000000000000     

  0.50000000000000000                0   3.0000000000000000     
  0.53333333333333333                0   3.0000000000000000     
  0.53333333333333333                1   3.0000000000000000     
  0.50000000000000000                1   3.0000000000000000     

  0.53333333333333333                0   3.0000000000000000     
  0.56666666666666665                0   3.0000000000000000     
  0.56666666666666665                1   3.0000000000000000     
  0.53333333333333333                1   3.0000000000000000     

  0.56666666666666665                0   3.0000000000000000     
  0.59999999999999998                0   3.0000000000000000     
  0.59999999999999998                1   3.0000000000000000     
  0.56666666666666665                1   3.0000000000000000     

  0.59999999999999998                0   2.0000000000000000     
  0.63333333333333330                0   2.0000000000000000     
  0.63333333333333330                1   2.0000000000000000     
  0.59999999999999998                1   2.0000000000000000     

  0.63333333333333330                0   3.0000000000000000     
  0.66666666666666674                0   3.0000000000000000     
  0.66666666666666674                1   3.0000000000000000     
  0.63333333333333330                1   3.0000000000000000     

  0.66666666666666674                0   3.0000000000000000     
  0.69999999999999996                0   3.0000000000000000     
  0.69999999999999996                1   3.0000000000000000     
  0.66666666666666674                1   3.0000000000000000     

  0.69999999999999996                0   2.0000000000000000     
  0.73333333333333339                0   2.0000000000000000     
  0.73333333333333339                1   2.0000000000000000     
  0.69999999999999996                1   2.0000000000000000     

  0.73333333333333339                0   3.0000000000000000     
  0.76666666666666672                0   3.0000000000000000     
  0.76666666666666672                1   3.0000000000000000     
  0.73333333333333339                1   3.0000000000000000     

  0.76666666666666672                0   2.0000000000000000     
  0.80000000000000004                0   2.0000000000000000     
  0.80000000000000004                1   2.0000000000000000     
  0.76666666666666672                1   2.0000000000000000     

  0.80000000000000004                0   3.0000000000000000     
  0.83333333333333337                0   3.0000000000000000     
  0.83333333333333337                1   3.0000000000000000     
  0.80000000000000004                1   3.0000000000000000     

  0.83333333333333337                0   3.0000000000000000     
  0.86666666666666670                0   3.0000000000000000     
  0.86666666666666670                1   3.0000000000000000     
  0.83333333333333337                1   3.0000000000000000     

  0.86666666666666670                0   3.0000000000000000     
  0.90000000000000002                0   3.0000000000000000     
  0.90000000000000002                1   3.0000000000000000     
  0.86666666666666670                1   3.0000000000000000     

  0.90000000000000002                0   3.0000000000000000     
  0.93333333333333335                0   3.0000000000000000     
  0.93333333333333335                1   3.0000000000000000     
  0.90000000000000002                1   3.0000000000000000     

  0.93333333333333335                0   3.0000000000000000     
  0.96666666666666667                0   3.0000000000000000     
  0.96666666666666667                1   3.0000000000000000     
  0.93333333333333335                1   3.0000000000000000     

  0.96666666666666667                0   3.0000000000000000     
   1.0000000000000000                0   3.0000000000000000     
   1.0000000000000000                1   3.0000000000000000     
  0.96666666666666667                1   3.0000000000000000     

