X My_beautiful_solution_real My_beautiful_solution_imag
   0.0000000000000000        0.0000000000000000        0.0000000000000000     
   6.6666666666666671E-003  -1.1496401335749709E-003   0.0000000000000000     
   1.3333333333333334E-002  -2.2010936411624611E-003   0.0000000000000000     
   2.0000000000000004E-002  -3.0646881741877240E-003   0.0000000000000000     
   2.6666666666666668E-002  -3.6667173798041407E-003   0.0000000000000000     
   3.3333333333333333E-002  -3.9556923147720784E-003   0.0000000000000000     
   3.8888888888888890E-002  -3.9387738141586524E-003   0.0000000000000000     
   4.4444444444444439E-002  -3.6878556044731333E-003   0.0000000000000000     
   5.0000000000000003E-002  -3.2178499571934045E-003   0.0000000000000000     
   5.5555555555555552E-002  -2.5566767889751642E-003   0.0000000000000000     
   6.1111111111111109E-002  -1.7436119826948070E-003   0.0000000000000000     
   6.6666666666666666E-002  -8.2696488905893391E-004   0.0000000000000000     
   7.2222222222222215E-002   1.3881050404478267E-004   0.0000000000000000     
   7.7777777777777779E-002   1.0963439102088036E-003   0.0000000000000000     
   8.3333333333333343E-002   1.9887406301991668E-003   0.0000000000000000     
   8.8888888888888892E-002   2.7629893255387891E-003   0.0000000000000000     
   9.4444444444444442E-002   3.3730970308005152E-003   0.0000000000000000     
  0.10000000000000001        3.7828095766929497E-003   0.0000000000000000     
  0.10555555555555556        3.9677931115084056E-003   0.0000000000000000     
  0.11111111111111112        3.9170538927934149E-003   0.0000000000000000     
  0.11666666666666667        3.6336099610664906E-003   0.0000000000000000     
  0.12222222222222222        3.1342988454885153E-003   0.0000000000000000     
  0.12777777777777777        2.4487812809403345E-003   0.0000000000000000     
  0.13333333333333333        1.6177874329215279E-003   0.0000000000000000     
  0.13888888888888890        6.9068412907041050E-004   0.0000000000000000     
  0.14444444444444443       -2.7745666221418673E-004   0.0000000000000000     
  0.14999999999999999       -1.2291092994232702E-003   0.0000000000000000     
  0.15555555555555556       -2.1077424419825293E-003   0.0000000000000000     
  0.16111111111111109       -2.8611623423911293E-003   0.0000000000000000     
  0.16666666666666666       -3.4445999081400792E-003   0.0000000000000000     
  0.17222222222222222       -3.8234008102616427E-003   0.0000000000000000     
  0.17777777777777778       -3.9750581298493206E-003   0.0000000000000000     
  0.18333333333333335       -3.8905637736093997E-003   0.0000000000000000     
  0.18888888888888888       -3.5749370023880202E-003   0.0000000000000000     
  0.19444444444444445       -3.0469270866278911E-003   0.0000000000000000     
  0.20000000000000001       -2.3379049029438113E-003   0.0000000000000000     
  0.20666666666666667       -1.3080589784845104E-003   0.0000000000000000     
  0.21333333333333335       -1.6655960339825331E-004   0.0000000000000000     
  0.22000000000000000        9.8915546474509682E-004   0.0000000000000000     
  0.22666666666666668        2.0604478727077992E-003   0.0000000000000000     
  0.23333333333333334        2.9558446963107781E-003   0.0000000000000000     
  0.23888888888888890        3.5119075490460724E-003   0.0000000000000000     
  0.24444444444444446        3.8593332546287460E-003   0.0000000000000000     
  0.25000000000000000        3.9774812828381459E-003   0.0000000000000000     
  0.25555555555555559        3.8593332604129507E-003   0.0000000000000000     
  0.26111111111111113        3.5119075602708825E-003   0.0000000000000000     
  0.26666666666666672        2.9558447123093122E-003   0.0000000000000000     
  0.27333333333333337        2.0604478931592774E-003   0.0000000000000000     
  0.28000000000000003        9.8915548790326317E-004   0.0000000000000000     
  0.28666666666666674       -1.6655957950990351E-004   0.0000000000000000     
  0.29333333333333339       -1.3080589559048010E-003   0.0000000000000000     
  0.30000000000000004       -2.3379048836006714E-003   0.0000000000000000     
  0.30555555555555558       -3.0469270712591917E-003   0.0000000000000000     
  0.31111111111111117       -3.5749369919068248E-003   0.0000000000000000     
  0.31666666666666671       -3.8905637686383497E-003   0.0000000000000000     
  0.32222222222222224       -3.9750581306837399E-003   0.0000000000000000     
  0.32777777777777783       -3.8234008168519925E-003   0.0000000000000000     
  0.33333333333333337       -3.4445999200948029E-003   0.0000000000000000     
  0.33888888888888891       -2.8611623590000246E-003   0.0000000000000000     
  0.34444444444444444       -2.1077424622588962E-003   0.0000000000000000     
  0.34999999999999998       -1.2291093221625073E-003   0.0000000000000000     
  0.35555555555555557       -2.7745668606539214E-004   0.0000000000000000     
  0.36111111111111110        6.9068410552419485E-004   0.0000000000000000     
  0.36666666666666664        1.6177874110791578E-003   0.0000000000000000     
  0.37222222222222218        2.4487812620994222E-003   0.0000000000000000     
  0.37777777777777777        3.1342988307684000E-003   0.0000000000000000     
  0.38333333333333330        3.6336099513416451E-003   0.0000000000000000     
  0.38888888888888890        3.9170538886415781E-003   0.0000000000000000     
  0.39444444444444443        3.9677931131762599E-003   0.0000000000000000     
  0.40000000000000002        3.7828095840813799E-003   0.0000000000000000     
  0.40555555555555556        3.3730970434705924E-003   0.0000000000000000     
  0.41111111111111115        2.7629893427378173E-003   0.0000000000000000     
  0.41666666666666669        1.9887406509053597E-003   0.0000000000000000     
  0.42222222222222222        1.0963439331920400E-003   0.0000000000000000     
  0.42777777777777781        1.3881052793967500E-004   0.0000000000000000     
  0.43333333333333335       -8.2696486567196208E-004   0.0000000000000000     
  0.43888888888888888       -1.7436119612051276E-003   0.0000000000000000     
  0.44444444444444448       -2.5566767706594719E-003   0.0000000000000000     
  0.45000000000000001       -3.2178499431397859E-003   0.0000000000000000     
  0.45555555555555555       -3.6878555955164915E-003   0.0000000000000000     
  0.46111111111111114       -3.9387738108311128E-003   0.0000000000000000     
  0.46666666666666667       -3.9556923172713023E-003   0.0000000000000000     
  0.47222222222222221       -3.7376112011922066E-003   0.0000000000000000     
  0.47777777777777780       -3.2974803306174976E-003   0.0000000000000000     
  0.48333333333333334       -2.6614544701472507E-003   0.0000000000000000     
  0.48888888888888887       -1.8673156895853136E-003   0.0000000000000000     
  0.49444444444444446       -9.6223847524437361E-004   0.0000000000000000     
  0.50000000000000000       -1.2591096639567958E-011   0.0000000000000000     
  0.50555555555555554        9.6223845081019139E-004   0.0000000000000000     
  0.51111111111111107        1.8673156673507643E-003   0.0000000000000000     
  0.51666666666666661        2.6614544514332347E-003   0.0000000000000000     
  0.52222222222222225        3.2974803165357843E-003   0.0000000000000000     
  0.52777777777777779        3.7376111925793939E-003   0.0000000000000000     
  0.53333333333333333        3.9556923146390451E-003   0.0000000000000000     
  0.53888888888888886        3.9387738143357885E-003   0.0000000000000000     
  0.54444444444444440        3.6878556049499212E-003   0.0000000000000000     
  0.55000000000000004        3.2178499579415178E-003   0.0000000000000000     
  0.55555555555555558        2.5566767899501573E-003   0.0000000000000000     
  0.56111111111111112        1.7436119838387563E-003   0.0000000000000000     
  0.56666666666666665        8.2696489030387849E-004   0.0000000000000000     
  0.57222222222222219       -1.3881050277280194E-004   0.0000000000000000     
  0.57777777777777772       -1.0963439089853541E-003   0.0000000000000000     
  0.58333333333333326       -1.9887406290969301E-003   0.0000000000000000     
  0.58888888888888891       -2.7629893246232467E-003   0.0000000000000000     
  0.59444444444444444       -3.3730970301260599E-003   0.0000000000000000     
  0.59999999999999998       -3.7828095762996511E-003   0.0000000000000000     
  0.60555555555555551       -4.0445697073525286E-003   0.0000000000000000     
  0.61111111111111105       -4.2196027513379756E-003   0.0000000000000000     
  0.61666666666666670       -4.2975097601371474E-003   0.0000000000000000     
  0.62222222222222223       -4.2736628033510204E-003   0.0000000000000000     
  0.62777777777777777       -4.1494784637402119E-003   0.0000000000000000     
  0.63333333333333330       -3.9323342712916012E-003   0.0000000000000000     
  0.64000000000000001       -3.5675668215516829E-003   0.0000000000000000     
  0.64666666666666672       -3.1188947159094286E-003   0.0000000000000000     
  0.65333333333333332       -2.6246321127834779E-003   0.0000000000000000     
  0.66000000000000003       -2.1269635008797408E-003   0.0000000000000000     
  0.66666666666666674       -1.6683658163090733E-003   0.0000000000000000     
  0.67333333333333334       -1.2879772913305359E-003   0.0000000000000000     
  0.68000000000000005       -1.0183144861369427E-003   0.0000000000000000     
  0.68666666666666665       -8.8234169412475586E-004   0.0000000000000000     
  0.69333333333333336       -8.9166396627835529E-004   0.0000000000000000     
  0.69999999999999996       -1.0455428272652370E-003   0.0000000000000000     
  0.70666666666666667       -1.3307874186703720E-003   0.0000000000000000     
  0.71333333333333337       -1.7230846453470190E-003   0.0000000000000000     
  0.71999999999999997       -2.1889211936197621E-003   0.0000000000000000     
  0.72666666666666668       -2.6885386911474031E-003   0.0000000000000000     
  0.73333333333333339       -3.1793058184310650E-003   0.0000000000000000     
  0.74000000000000010       -3.6193267028093870E-003   0.0000000000000000     
  0.74666666666666670       -3.9710019629893515E-003   0.0000000000000000     
  0.75333333333333341       -4.2043611150068714E-003   0.0000000000000000     
  0.76000000000000001       -4.2994873444996114E-003   0.0000000000000000     
  0.76666666666666672       -4.2482067539010085E-003   0.0000000000000000     
  0.77222222222222225       -4.0964575761259130E-003   0.0000000000000000     
  0.77777777777777779       -3.8548967039771487E-003   0.0000000000000000     
  0.78333333333333344       -3.5378784485559592E-003   0.0000000000000000     
  0.78888888888888897       -3.1642347564100606E-003   0.0000000000000000     
  0.79444444444444451       -2.7561613073380916E-003   0.0000000000000000     
  0.80000000000000004       -2.3379049098036764E-003   0.0000000000000000     
  0.80666666666666675       -1.7471824358058759E-003   0.0000000000000000     
  0.81333333333333335       -1.0073025571985328E-003   0.0000000000000000     
  0.82000000000000006       -1.8145124274437753E-004   0.0000000000000000     
  0.82666666666666666        6.5988647545620581E-004   0.0000000000000000     
  0.83333333333333337        1.4449046991070317E-003   0.0000000000000000     
  0.83888888888888891        2.0074298456296620E-003   0.0000000000000000     
  0.84444444444444444        2.4506977793435610E-003   0.0000000000000000     
  0.85000000000000009        2.7483719891475957E-003   0.0000000000000000     
  0.85555555555555562        2.8827696426262850E-003   0.0000000000000000     
  0.86111111111111116        2.8459070604899524E-003   0.0000000000000000     
  0.86666666666666670        2.6399722428149916E-003   0.0000000000000000     
  0.87333333333333341        2.1875824848564067E-003   0.0000000000000000     
  0.88000000000000000        1.5484304995777316E-003   0.0000000000000000     
  0.88666666666666671        7.7712286149441930E-004   0.0000000000000000     
  0.89333333333333331       -6.0510609088035130E-005   0.0000000000000000     
  0.90000000000000002       -8.9300021082362865E-004   0.0000000000000000     
  0.90555555555555556       -1.5313649772864218E-003   0.0000000000000000     
  0.91111111111111109       -2.0787555558159539E-003   0.0000000000000000     
  0.91666666666666674       -2.5026482805551669E-003   0.0000000000000000     
  0.92222222222222228       -2.7778625168815626E-003   0.0000000000000000     
  0.92777777777777781       -2.8880496110649592E-003   0.0000000000000000     
  0.93333333333333335       -2.8266601173080282E-003   0.0000000000000000     
  0.93888888888888888       -2.5973445041061138E-003   0.0000000000000000     
  0.94444444444444442       -2.2137214802333640E-003   0.0000000000000000     
  0.94999999999999996       -1.6985872983574660E-003   0.0000000000000000     
  0.95555555555555560       -1.0825426553835431E-003   0.0000000000000000     
  0.96111111111111114       -4.0218265449409711E-004   0.0000000000000000     
  0.96666666666666667        3.0206733427140314E-004   0.0000000000000000     
  0.97222222222222221        9.8837211804225496E-004   0.0000000000000000     
  0.97777777777777775        1.6159617469000181E-003   0.0000000000000000     
  0.98333333333333339        2.1475468404678569E-003   0.0000000000000000     
  0.98888888888888893        2.5515494764777142E-003   0.0000000000000000     
  0.99444444444444446        2.8039705414009556E-003   0.0000000000000000     
   1.0000000000000000        2.8898093858247763E-003   0.0000000000000000     
