X My_beautiful_solution_real My_beautiful_solution_imag
   0.0000000000000000        0.0000000000000000        0.0000000000000000     
   6.0606060606060615E-003   1.1672779772244829E-004   0.0000000000000000     
   1.2121212121212123E-002   2.0113550980752995E-004   0.0000000000000000     
   1.8181818181818184E-002   2.3001828776769505E-004   0.0000000000000000     
   2.4242424242424246E-002   1.9449723620536654E-004   0.0000000000000000     
   3.0303030303030307E-002   1.0528928375007141E-004   0.0000000000000000     
   3.6363636363636369E-002  -1.3081068584312650E-005   0.0000000000000000     
   4.2424242424242427E-002  -1.2778879513684159E-004   0.0000000000000000     
   4.8484848484848485E-002  -2.0712327867275528E-004   0.0000000000000000     
   5.4545454545454543E-002  -2.2927437146013483E-004   0.0000000000000000     
   6.3636363636363644E-002  -1.4631682509351753E-004   0.0000000000000000     
   7.2727272727272738E-002   2.4584292078927840E-005   0.0000000000000000     
   7.8787878787878796E-002   1.3791733556714757E-004   0.0000000000000000     
   8.4848484848484867E-002   2.1308102042244211E-004   0.0000000000000000     
   9.0909090909090925E-002   2.2941180920554313E-004   0.0000000000000000     
  0.10000000000000001        1.3823679541739790E-004   0.0000000000000000     
  0.10909090909090909       -3.6025296005124385E-005   0.0000000000000000     
  0.11515151515151516       -1.4769682559287651E-004   0.0000000000000000     
  0.12121212121212122       -2.1849948249361533E-004   0.0000000000000000     
  0.12727272727272729       -2.2896863622142588E-004   0.0000000000000000     
  0.13636363636363638       -1.2980690682637511E-004   0.0000000000000000     
  0.14545454545454548        4.7375124706003763E-005   0.0000000000000000     
  0.15151515151515155        1.5710251462748407E-004   0.0000000000000000     
  0.15757575757575759        2.2336495148055785E-004   0.0000000000000000     
  0.16363636363636366        2.2794597411957145E-004   0.0000000000000000     
  0.17272727272727276        1.2104849424554152E-004   0.0000000000000000     
  0.18181818181818185       -5.8605053277015265E-005   0.0000000000000000     
  0.18787878787878790       -1.6611059812493946E-004   0.0000000000000000     
  0.19393939393939397       -2.2766511352938473E-004   0.0000000000000000     
  0.20000000000000001       -2.2634641112153299E-004   0.0000000000000000     
  0.20909090909090911       -1.1198372405044607E-004   0.0000000000000000     
  0.21818181818181820        6.9686660264865822E-005   0.0000000000000000     
  0.22424242424242427        1.7469827782586305E-004   0.0000000000000000     
  0.23030303030303031        2.3138908550276793E-004   0.0000000000000000     
  0.23636363636363639        2.2417399550818257E-004   0.0000000000000000     
  0.24242424242424246        1.5419144502077571E-004   0.0000000000000000     
  0.24848484848484850        4.1677805605492913E-005   0.0000000000000000     
  0.25454545454545457       -8.2435365763550150E-005   0.0000000000000000     
  0.26060606060606062       -1.8346709741410425E-004   0.0000000000000000     
  0.26666666666666672       -2.3375928936290500E-004   0.0000000000000000     
  0.27272727272727276       -2.1948592186068642E-004   0.0000000000000000     
  0.27878787878787881       -1.4375772817360700E-004   0.0000000000000000     
  0.28484848484848491       -2.8383987422372616E-005   0.0000000000000000     
  0.29090909090909095        9.4917461969963124E-005   0.0000000000000000     
  0.29696969696969699        1.9164255476583923E-004   0.0000000000000000     
  0.30303030303030304        2.3537347791187488E-004   0.0000000000000000     
  0.30909090909090908        2.1408799527872737E-004   0.0000000000000000     
  0.31515151515151518        1.3285907560604842E-004   0.0000000000000000     
  0.32121212121212123        1.4998370837820795E-005   0.0000000000000000     
  0.32727272727272733       -1.0709257976819417E-004   0.0000000000000000     
  0.33333333333333337       -1.9919820913105366E-004   0.0000000000000000     
  0.33939393939393947       -2.3622643060310008E-004   0.0000000000000000     
  0.34545454545454551       -2.0799767352903376E-004   0.0000000000000000     
  0.35151515151515156       -1.2153073532143864E-004   0.0000000000000000     
  0.35757575757575766       -1.5642470986360164E-006   0.0000000000000000     
  0.36363636363636370        1.1892134286010391E-004   0.0000000000000000     
  0.36969696969696975        2.0610962430273448E-004   0.0000000000000000     
  0.37575757575757585        2.3631538884976236E-004   0.0000000000000000     
  0.38181818181818189        2.0123465369618174E-004   0.0000000000000000     
  0.38787878787878793        1.0980934500262261E-004   0.0000000000000000     
  0.39393939393939398       -1.1874935668405719E-005   0.0000000000000000     
  0.40000000000000002       -1.3036549511463445E-004   0.0000000000000000     
  0.40606060606060607       -2.1235444764751288E-004   0.0000000000000000     
  0.41212121212121217       -2.3564006494651880E-004   0.0000000000000000     
  0.41818181818181821       -1.9382080847903750E-004   0.0000000000000000     
  0.42727272727272725       -3.8920733994816715E-005   0.0000000000000000     
  0.43636363636363634        1.3937260591667311E-004   0.0000000000000000     
  0.44242424242424244        2.1723106720649652E-004   0.0000000000000000     
  0.44848484848484849        2.3504244685775444E-004   0.0000000000000000     
  0.45454545454545459        1.8791015004573388E-004   0.0000000000000000     
  0.46363636363636368        2.8509336468297656E-005   0.0000000000000000     
  0.47272727272727277       -1.4802698321873635E-004   0.0000000000000000     
  0.48181818181818187       -2.3542603306324323E-004   0.0000000000000000     
  0.49090909090909096       -1.8132251821637146E-004   0.0000000000000000     
  0.50000000000000000       -1.8032192402096716E-005   0.0000000000000000     
  0.50909090909090904        1.5609636331693805E-004   0.0000000000000000     
  0.51818181818181808        2.3622851813750621E-004   0.0000000000000000     
  0.52727272727272723        1.7437577547343042E-004   0.0000000000000000     
  0.53636363636363638        7.5193354131381076E-006   0.0000000000000000     
  0.54545454545454541       -1.6385659313315282E-004   0.0000000000000000     
  0.55454545454545445       -2.3656315046078897E-004   0.0000000000000000     
  0.56363636363636360       -1.6708367990474657E-004   0.0000000000000000     
  0.56969696969696970       -5.8138739107398715E-005   0.0000000000000000     
  0.57575757575757580        6.6783091026769483E-005   0.0000000000000000     
  0.58181818181818190        1.7333907013146384E-004   0.0000000000000000     
  0.59090909090909094        2.3636415630925658E-004   0.0000000000000000     
  0.59999999999999998        1.5732281982474056E-004   0.0000000000000000     
  0.60606060606060608       -4.5449467986830222E-005   0.0000000000000000     
  0.61212121212121207       -4.1397386902935389E-004   0.0000000000000000     
  0.61818181818181817       -8.4693792406288619E-004   0.0000000000000000     
  0.62424242424242427       -1.2236911722478508E-003   0.0000000000000000     
  0.63030303030303025       -1.4406861276390658E-003   0.0000000000000000     
  0.63636363636363635       -1.4382678731912710E-003   0.0000000000000000     
  0.64242424242424245       -1.2140697451706499E-003   0.0000000000000000     
  0.64848484848484844       -8.3320490841116632E-004   0.0000000000000000     
  0.65454545454545454       -4.0037837875699810E-004   0.0000000000000000     
  0.66060606060606064       -3.6375208479204972E-005   0.0000000000000000     
  0.66666666666666663        1.5896008193773869E-004   0.0000000000000000     
  0.67272727272727273        1.3192711717945632E-004   0.0000000000000000     
  0.67878787878787883       -1.1297175807966286E-004   0.0000000000000000     
  0.68484848484848482       -5.0494525213626187E-004   0.0000000000000000     
  0.69090909090909092       -9.3623442548075467E-004   0.0000000000000000     
  0.69696969696969702       -1.2863102727853370E-003   0.0000000000000000     
  0.70303030303030301       -1.4593541523377433E-003   0.0000000000000000     
  0.70909090909090911       -1.4077939062448188E-003   0.0000000000000000     
  0.71515151515151520       -1.1429863262790222E-003   0.0000000000000000     
  0.72121212121212119       -7.4117188053771761E-004   0.0000000000000000     
  0.72727272727272729       -3.1281492237450969E-004   0.0000000000000000     
  0.73333333333333339        2.2201400103608197E-005   0.0000000000000000     
  0.73939393939393938        1.7239421692565434E-004   0.0000000000000000     
  0.74545454545454548        9.6473443664735561E-005   0.0000000000000000     
  0.75151515151515158       -1.8738641050817321E-004   0.0000000000000000     
  0.75757575757575757       -5.9774227509398520E-004   0.0000000000000000     
  0.76363636363636367       -1.0217816424619641E-003   0.0000000000000000     
  0.76969696969696977       -1.3406549431968764E-003   0.0000000000000000     
  0.77575757575757576       -1.4675109494517418E-003   0.0000000000000000     
  0.78181818181818186       -1.3674751890703594E-003   0.0000000000000000     
  0.78787878787878796       -1.0654811093230377E-003   0.0000000000000000     
  0.79393939393939394       -6.4791098306152836E-004   0.0000000000000000     
  0.80000000000000004       -2.2956061831648120E-004   0.0000000000000000     
  0.80606060606060614        1.6260190198631456E-004   0.0000000000000000     
  0.81212121212121213        5.0957653649785675E-004   0.0000000000000000     
  0.81818181818181823        7.1597515510572719E-004   0.0000000000000000     
  0.82424242424242433        7.2190474892744620E-004   0.0000000000000000     
  0.83030303030303032        5.2846799461228611E-004   0.0000000000000000     
  0.83636363636363642        1.8884333361927159E-004   0.0000000000000000     
  0.84242424242424252       -2.0365640084250180E-004   0.0000000000000000     
  0.84848484848484851       -5.3963034721537335E-004   0.0000000000000000     
  0.85454545454545461       -7.2671461683608671E-004   0.0000000000000000     
  0.86060606060606071       -7.1032287266487016E-004   0.0000000000000000     
  0.86666666666666670       -4.9777938436913055E-004   0.0000000000000000     
  0.87272727272727280       -1.4751529906900952E-004   0.0000000000000000     
  0.87878787878787878        2.4405224199283164E-004   0.0000000000000000     
  0.88484848484848488        5.6793890619988719E-004   0.0000000000000000     
  0.89090909090909087        7.3510376607758253E-004   0.0000000000000000     
  0.89696969696969697        6.9644369746255899E-004   0.0000000000000000     
  0.90303030303030307        4.6548087516883974E-004   0.0000000000000000     
  0.90909090909090917        1.0571017620695822E-004   0.0000000000000000     
  0.91515151515151516       -2.8365877876011824E-004   0.0000000000000000     
  0.92121212121212126       -5.9441065899772702E-004   0.0000000000000000     
  0.92727272727272725       -7.4111547096610399E-004   0.0000000000000000     
  0.93333333333333335       -6.8031211081562705E-004   0.0000000000000000     
  0.93939393939393934       -4.3167692560876127E-004   0.0000000000000000     
  0.94545454545454544       -6.3563169555070262E-005   0.0000000000000000     
  0.95151515151515154        3.2234791720507525E-004   0.0000000000000000     
  0.95757575757575752        6.1895999168320363E-004   0.0000000000000000     
  0.96363636363636362        7.4473028867671099E-004   0.0000000000000000     
  0.96969696969696972        6.6198028488173230E-004   0.0000000000000000     
  0.97575757575757571        3.9647686312359656E-004   0.0000000000000000     
  0.98181818181818181        2.1210589342693338E-005   0.0000000000000000     
  0.98787878787878791       -3.5999453040283183E-004   0.0000000000000000     
  0.99393939393939390       -6.4150750774788620E-004   0.0000000000000000     
   1.0000000000000000       -7.4593652830486491E-004   0.0000000000000000     
