  x y order
   0.0000000000000000                0   7.0000000000000000     
   1.8181818181818184E-002           0   7.0000000000000000     
   1.8181818181818184E-002           1   7.0000000000000000     
   0.0000000000000000                1   7.0000000000000000     

   1.8181818181818184E-002           0   8.0000000000000000     
   3.6363636363636369E-002           0   8.0000000000000000     
   3.6363636363636369E-002           1   8.0000000000000000     
   1.8181818181818184E-002           1   8.0000000000000000     

   3.6363636363636369E-002           0   7.0000000000000000     
   5.4545454545454543E-002           0   7.0000000000000000     
   5.4545454545454543E-002           1   7.0000000000000000     
   3.6363636363636369E-002           1   7.0000000000000000     

   5.4545454545454543E-002           0   8.0000000000000000     
   7.2727272727272738E-002           0   8.0000000000000000     
   7.2727272727272738E-002           1   8.0000000000000000     
   5.4545454545454543E-002           1   8.0000000000000000     

   7.2727272727272738E-002           0   7.0000000000000000     
   9.0909090909090925E-002           0   7.0000000000000000     
   9.0909090909090925E-002           1   7.0000000000000000     
   7.2727272727272738E-002           1   7.0000000000000000     

   9.0909090909090925E-002           0   8.0000000000000000     
  0.10909090909090909                0   8.0000000000000000     
  0.10909090909090909                1   8.0000000000000000     
   9.0909090909090925E-002           1   8.0000000000000000     

  0.10909090909090909                0   7.0000000000000000     
  0.12727272727272729                0   7.0000000000000000     
  0.12727272727272729                1   7.0000000000000000     
  0.10909090909090909                1   7.0000000000000000     

  0.12727272727272729                0   8.0000000000000000     
  0.14545454545454548                0   8.0000000000000000     
  0.14545454545454548                1   8.0000000000000000     
  0.12727272727272729                1   8.0000000000000000     

  0.14545454545454548                0   7.0000000000000000     
  0.16363636363636366                0   7.0000000000000000     
  0.16363636363636366                1   7.0000000000000000     
  0.14545454545454548                1   7.0000000000000000     

  0.16363636363636366                0   8.0000000000000000     
  0.18181818181818185                0   8.0000000000000000     
  0.18181818181818185                1   8.0000000000000000     
  0.16363636363636366                1   8.0000000000000000     

  0.18181818181818185                0   7.0000000000000000     
  0.20000000000000001                0   7.0000000000000000     
  0.20000000000000001                1   7.0000000000000000     
  0.18181818181818185                1   7.0000000000000000     

  0.20000000000000001                0   8.0000000000000000     
  0.21818181818181820                0   8.0000000000000000     
  0.21818181818181820                1   8.0000000000000000     
  0.20000000000000001                1   8.0000000000000000     

  0.21818181818181820                0   7.0000000000000000     
  0.23636363636363639                0   7.0000000000000000     
  0.23636363636363639                1   7.0000000000000000     
  0.21818181818181820                1   7.0000000000000000     

  0.23636363636363639                0   8.0000000000000000     
  0.25454545454545457                0   8.0000000000000000     
  0.25454545454545457                1   8.0000000000000000     
  0.23636363636363639                1   8.0000000000000000     

  0.25454545454545457                0   7.0000000000000000     
  0.27272727272727276                0   7.0000000000000000     
  0.27272727272727276                1   7.0000000000000000     
  0.25454545454545457                1   7.0000000000000000     

  0.27272727272727276                0   7.0000000000000000     
  0.29090909090909095                0   7.0000000000000000     
  0.29090909090909095                1   7.0000000000000000     
  0.27272727272727276                1   7.0000000000000000     

  0.29090909090909095                0   7.0000000000000000     
  0.30909090909090908                0   7.0000000000000000     
  0.30909090909090908                1   7.0000000000000000     
  0.29090909090909095                1   7.0000000000000000     

  0.30909090909090908                0   7.0000000000000000     
  0.32727272727272733                0   7.0000000000000000     
  0.32727272727272733                1   7.0000000000000000     
  0.30909090909090908                1   7.0000000000000000     

  0.32727272727272733                0   7.0000000000000000     
  0.34545454545454551                0   7.0000000000000000     
  0.34545454545454551                1   7.0000000000000000     
  0.32727272727272733                1   7.0000000000000000     

  0.34545454545454551                0   7.0000000000000000     
  0.36363636363636370                0   7.0000000000000000     
  0.36363636363636370                1   7.0000000000000000     
  0.34545454545454551                1   7.0000000000000000     

  0.36363636363636370                0   7.0000000000000000     
  0.38181818181818189                0   7.0000000000000000     
  0.38181818181818189                1   7.0000000000000000     
  0.36363636363636370                1   7.0000000000000000     

  0.38181818181818189                0   7.0000000000000000     
  0.40000000000000002                0   7.0000000000000000     
  0.40000000000000002                1   7.0000000000000000     
  0.38181818181818189                1   7.0000000000000000     

  0.40000000000000002                0   7.0000000000000000     
  0.41818181818181821                0   7.0000000000000000     
  0.41818181818181821                1   7.0000000000000000     
  0.40000000000000002                1   7.0000000000000000     

  0.41818181818181821                0   7.0000000000000000     
  0.43636363636363634                0   7.0000000000000000     
  0.43636363636363634                1   7.0000000000000000     
  0.41818181818181821                1   7.0000000000000000     

  0.43636363636363634                0   7.0000000000000000     
  0.45454545454545459                0   7.0000000000000000     
  0.45454545454545459                1   7.0000000000000000     
  0.43636363636363634                1   7.0000000000000000     

  0.45454545454545459                0   7.0000000000000000     
  0.47272727272727277                0   7.0000000000000000     
  0.47272727272727277                1   7.0000000000000000     
  0.45454545454545459                1   7.0000000000000000     

  0.47272727272727277                0   7.0000000000000000     
  0.49090909090909096                0   7.0000000000000000     
  0.49090909090909096                1   7.0000000000000000     
  0.47272727272727277                1   7.0000000000000000     

  0.49090909090909096                0   4.0000000000000000     
  0.50909090909090904                0   4.0000000000000000     
  0.50909090909090904                1   4.0000000000000000     
  0.49090909090909096                1   4.0000000000000000     

  0.50909090909090904                0   7.0000000000000000     
  0.52727272727272723                0   7.0000000000000000     
  0.52727272727272723                1   7.0000000000000000     
  0.50909090909090904                1   7.0000000000000000     

  0.52727272727272723                0   7.0000000000000000     
  0.54545454545454541                0   7.0000000000000000     
  0.54545454545454541                1   7.0000000000000000     
  0.52727272727272723                1   7.0000000000000000     

  0.54545454545454541                0   7.0000000000000000     
  0.56363636363636360                0   7.0000000000000000     
  0.56363636363636360                1   7.0000000000000000     
  0.54545454545454541                1   7.0000000000000000     

  0.56363636363636360                0   7.0000000000000000     
  0.58181818181818190                0   7.0000000000000000     
  0.58181818181818190                1   7.0000000000000000     
  0.56363636363636360                1   7.0000000000000000     

  0.58181818181818190                0   7.0000000000000000     
  0.59999999999999998                0   7.0000000000000000     
  0.59999999999999998                1   7.0000000000000000     
  0.58181818181818190                1   7.0000000000000000     

  0.59999999999999998                0   8.0000000000000000     
  0.61818181818181817                0   8.0000000000000000     
  0.61818181818181817                1   8.0000000000000000     
  0.59999999999999998                1   8.0000000000000000     

  0.61818181818181817                0   8.0000000000000000     
  0.63636363636363635                0   8.0000000000000000     
  0.63636363636363635                1   8.0000000000000000     
  0.61818181818181817                1   8.0000000000000000     

  0.63636363636363635                0   8.0000000000000000     
  0.65454545454545454                0   8.0000000000000000     
  0.65454545454545454                1   8.0000000000000000     
  0.63636363636363635                1   8.0000000000000000     

  0.65454545454545454                0   8.0000000000000000     
  0.67272727272727273                0   8.0000000000000000     
  0.67272727272727273                1   8.0000000000000000     
  0.65454545454545454                1   8.0000000000000000     

  0.67272727272727273                0   8.0000000000000000     
  0.69090909090909092                0   8.0000000000000000     
  0.69090909090909092                1   8.0000000000000000     
  0.67272727272727273                1   8.0000000000000000     

  0.69090909090909092                0   8.0000000000000000     
  0.70909090909090911                0   8.0000000000000000     
  0.70909090909090911                1   8.0000000000000000     
  0.69090909090909092                1   8.0000000000000000     

  0.70909090909090911                0   8.0000000000000000     
  0.72727272727272729                0   8.0000000000000000     
  0.72727272727272729                1   8.0000000000000000     
  0.70909090909090911                1   8.0000000000000000     

  0.72727272727272729                0   8.0000000000000000     
  0.74545454545454548                0   8.0000000000000000     
  0.74545454545454548                1   8.0000000000000000     
  0.72727272727272729                1   8.0000000000000000     

  0.74545454545454548                0   8.0000000000000000     
  0.76363636363636367                0   8.0000000000000000     
  0.76363636363636367                1   8.0000000000000000     
  0.74545454545454548                1   8.0000000000000000     

  0.76363636363636367                0   8.0000000000000000     
  0.78181818181818186                0   8.0000000000000000     
  0.78181818181818186                1   8.0000000000000000     
  0.76363636363636367                1   8.0000000000000000     

  0.78181818181818186                0   8.0000000000000000     
  0.80000000000000004                0   8.0000000000000000     
  0.80000000000000004                1   8.0000000000000000     
  0.78181818181818186                1   8.0000000000000000     

  0.80000000000000004                0   8.0000000000000000     
  0.81818181818181823                0   8.0000000000000000     
  0.81818181818181823                1   8.0000000000000000     
  0.80000000000000004                1   8.0000000000000000     

  0.81818181818181823                0   8.0000000000000000     
  0.83636363636363642                0   8.0000000000000000     
  0.83636363636363642                1   8.0000000000000000     
  0.81818181818181823                1   8.0000000000000000     

  0.83636363636363642                0   8.0000000000000000     
  0.85454545454545461                0   8.0000000000000000     
  0.85454545454545461                1   8.0000000000000000     
  0.83636363636363642                1   8.0000000000000000     

  0.85454545454545461                0   8.0000000000000000     
  0.87272727272727280                0   8.0000000000000000     
  0.87272727272727280                1   8.0000000000000000     
  0.85454545454545461                1   8.0000000000000000     

  0.87272727272727280                0   8.0000000000000000     
  0.89090909090909087                0   8.0000000000000000     
  0.89090909090909087                1   8.0000000000000000     
  0.87272727272727280                1   8.0000000000000000     

  0.89090909090909087                0   8.0000000000000000     
  0.90909090909090917                0   8.0000000000000000     
  0.90909090909090917                1   8.0000000000000000     
  0.89090909090909087                1   8.0000000000000000     

  0.90909090909090917                0   8.0000000000000000     
  0.92727272727272725                0   8.0000000000000000     
  0.92727272727272725                1   8.0000000000000000     
  0.90909090909090917                1   8.0000000000000000     

  0.92727272727272725                0   8.0000000000000000     
  0.94545454545454544                0   8.0000000000000000     
  0.94545454545454544                1   8.0000000000000000     
  0.92727272727272725                1   8.0000000000000000     

  0.94545454545454544                0   8.0000000000000000     
  0.96363636363636362                0   8.0000000000000000     
  0.96363636363636362                1   8.0000000000000000     
  0.94545454545454544                1   8.0000000000000000     

  0.96363636363636362                0   8.0000000000000000     
  0.98181818181818181                0   8.0000000000000000     
  0.98181818181818181                1   8.0000000000000000     
  0.96363636363636362                1   8.0000000000000000     

  0.98181818181818181                0   8.0000000000000000     
   1.0000000000000000                0   8.0000000000000000     
   1.0000000000000000                1   8.0000000000000000     
  0.98181818181818181                1   8.0000000000000000     

