X My_beautiful_solution_real My_beautiful_solution_imag
   0.0000000000000000        4.5482607532076623E-026   0.0000000000000000     
   2.5974025974025978E-003  -2.0564007910124976E-005   0.0000000000000000     
   5.1948051948051957E-003  -4.6776375375554608E-005   0.0000000000000000     
   7.7922077922077931E-003  -7.7274694529363362E-005   0.0000000000000000     
   1.0389610389610391E-002  -1.1047377033537329E-004   0.0000000000000000     
   1.2987012987012988E-002  -1.4464804412995158E-004   0.0000000000000000     
   1.5584415584415586E-002  -1.7802127407142137E-004   0.0000000000000000     
   1.8181818181818184E-002  -2.0885883929387751E-004   0.0000000000000000     
   2.0454545454545458E-002  -2.3249678805998858E-004   0.0000000000000000     
   2.2727272727272731E-002  -2.5202136391652919E-004   0.0000000000000000     
   2.5000000000000001E-002  -2.6665480814291377E-004   0.0000000000000000     
   2.7272727272727275E-002  -2.7581419884958099E-004   0.0000000000000000     
   2.9545454545454548E-002  -2.7913467306787650E-004   0.0000000000000000     
   3.1818181818181822E-002  -2.7648396020585016E-004   0.0000000000000000     
   3.4090909090909095E-002  -2.6796765075565415E-004   0.0000000000000000     
   3.6363636363636369E-002  -2.5392499119390201E-004   0.0000000000000000     
   3.8961038961038967E-002  -2.3183614261849733E-004   0.0000000000000000     
   4.1558441558441558E-002  -2.0441454613634222E-004   0.0000000000000000     
   4.4155844155844157E-002  -1.7308546290250844E-004   0.0000000000000000     
   4.6753246753246755E-002  -1.3947726611600011E-004   0.0000000000000000     
   4.9350649350649346E-002  -1.0533677895565806E-004   0.0000000000000000     
   5.1948051948051945E-002  -7.2438488974882706E-005   0.0000000000000000     
   5.4545454545454543E-002  -4.2492329254569700E-005   0.0000000000000000     
   5.6818181818181816E-002  -1.9940059974797524E-005   0.0000000000000000     
   5.9090909090909090E-002  -1.7415893311304565E-006   0.0000000000000000     
   6.1363636363636363E-002   1.1378149100976688E-005   0.0000000000000000     
   6.3636363636363644E-002   1.8896531818317771E-005   0.0000000000000000     
   6.5909090909090917E-002   2.0514065161048283E-005   0.0000000000000000     
   6.8181818181818191E-002   1.6166314933412015E-005   0.0000000000000000     
   7.0454545454545464E-002   6.0264730056779254E-006   0.0000000000000000     
   7.2727272727272738E-002  -9.5015410221172306E-006   0.0000000000000000     
   7.5324675324675336E-002  -3.3043181029966423E-005   0.0000000000000000     
   7.7922077922077934E-002  -6.1584562980763745E-005   0.0000000000000000     
   8.0519480519480532E-002  -9.3642221336935415E-005   0.0000000000000000     
   8.3116883116883131E-002  -1.2754991615156552E-004   0.0000000000000000     
   8.5714285714285729E-002  -1.6154525750473290E-004   0.0000000000000000     
   8.8311688311688327E-002  -1.9386130014088131E-004   0.0000000000000000     
   9.0909090909090925E-002  -2.2281837621042149E-004   0.0000000000000000     
   9.3181818181818199E-002  -2.4421140518900478E-004   0.0000000000000000     
   9.5454545454545459E-002  -2.6102441099115235E-004   0.0000000000000000     
   9.7727272727272732E-002  -2.7258764976918417E-004   0.0000000000000000     
  0.10000000000000001       -2.7844050109548810E-004   0.0000000000000000     
  0.10227272727272728       -2.7834981750509769E-004   0.0000000000000000     
  0.10454545454545455       -2.7231921136940427E-004   0.0000000000000000     
  0.10681818181818181       -2.6058891102091096E-004   0.0000000000000000     
  0.10909090909090909       -2.4362619168129848E-004   0.0000000000000000     
  0.11168831168831168       -2.1870854817752680E-004   0.0000000000000000     
  0.11428571428571428       -1.8914047681361913E-004   0.0000000000000000     
  0.11688311688311688       -1.5645880875340978E-004   0.0000000000000000     
  0.11948051948051949       -1.2236221576335173E-004   0.0000000000000000     
  0.12207792207792209       -8.8622905954843906E-005   0.0000000000000000     
  0.12467532467532469       -5.6994518877437724E-005   0.0000000000000000     
  0.12727272727272729       -2.9120978422014763E-005   0.0000000000000000     
  0.12954545454545457       -8.9569693585583599E-006   0.0000000000000000     
  0.13181818181818183        6.4157310717647716E-006   0.0000000000000000     
  0.13409090909090909        1.6384753314272992E-005   0.0000000000000000     
  0.13636363636363638        2.0552982465042171E-005   0.0000000000000000     
  0.13863636363636367        1.8754377732553536E-005   0.0000000000000000     
  0.14090909090909093        1.1060586272542248E-005   0.0000000000000000     
  0.14318181818181819       -2.2219106951429294E-006   0.0000000000000000     
  0.14545454545454548       -2.0564006481827223E-005   0.0000000000000000     
  0.14805194805194807       -4.6776377307601287E-005   0.0000000000000000     
  0.15064935064935067       -7.7274693181621335E-005   0.0000000000000000     
  0.15324675324675327       -1.1047377013761524E-004   0.0000000000000000     
  0.15584415584415587       -1.4464804530382275E-004   0.0000000000000000     
  0.15844155844155847       -1.7802127295186838E-004   0.0000000000000000     
  0.16103896103896106       -2.0885883924591785E-004   0.0000000000000000     
  0.16363636363636366       -2.3555792639183727E-004   0.0000000000000000     
  0.16590909090909095       -2.5442714473373703E-004   0.0000000000000000     
  0.16818181818181821       -2.6830939723868302E-004   0.0000000000000000     
  0.17045454545454547       -2.7665168606719648E-004   0.0000000000000000     
  0.17272727272727276       -2.7912169714531686E-004   0.0000000000000000     
  0.17500000000000004       -2.7562103794552355E-004   0.0000000000000000     
  0.17727272727272730       -2.6628915670976486E-004   0.0000000000000000     
  0.17954545454545456       -2.5149778786719888E-004   0.0000000000000000     
  0.18181818181818185       -2.3183614373745254E-004   0.0000000000000000     
  0.18441558441558445       -2.0441454489500882E-004   0.0000000000000000     
  0.18701298701298705       -1.7308546367811266E-004   0.0000000000000000     
  0.18961038961038965       -1.3947726631486040E-004   0.0000000000000000     
  0.19220779220779222       -1.0533677835489484E-004   0.0000000000000000     
  0.19480519480519481       -7.2438489399197627E-005   0.0000000000000000     
  0.19740259740259741       -4.2492329620097099E-005   0.0000000000000000     
  0.20000000000000001       -1.7054782656485102E-005   0.0000000000000000     
  0.20227272727272727        4.5809749563706235E-007   0.0000000000000000     
  0.20454545454545456        1.2804621052992717E-005   0.0000000000000000     
  0.20681818181818185        1.9492965655316752E-005   0.0000000000000000     
  0.20909090909090911        2.0256701998048898E-005   0.0000000000000000     
  0.21136363636363636        1.5065406753640603E-005   0.0000000000000000     
  0.21363636363636365        4.1258743990728547E-006   0.0000000000000000     
  0.21590909090909094       -1.2126119947629353E-005   0.0000000000000000     
  0.21818181818181820       -3.3043180224004200E-005   0.0000000000000000     
  0.22077922077922080       -6.1584563527335945E-005   0.0000000000000000     
  0.22337662337662340       -9.3642221135999603E-005   0.0000000000000000     
  0.22597402597402599       -1.2754991595225168E-004   0.0000000000000000     
  0.22857142857142859       -1.6154525753042884E-004   0.0000000000000000     
  0.23116883116883119       -1.9386130041318885E-004   0.0000000000000000     
  0.23376623376623379       -2.2281837552851847E-004   0.0000000000000000     
  0.23636363636363639       -2.4691141031888010E-004   0.0000000000000000     
  0.23863636363636365       -2.6301082890626035E-004   0.0000000000000000     
  0.24090909090909093       -2.7378135172243494E-004   0.0000000000000000     
  0.24318181818181822       -2.7879393610866422E-004   0.0000000000000000     
  0.24545454545454548       -2.7784890656680240E-004   0.0000000000000000     
  0.24772727272727274       -2.7098390820384392E-004   0.0000000000000000     
  0.25000000000000000       -2.5847240721120051E-004   0.0000000000000000     
  0.25227272727272732       -2.4081279798790660E-004   0.0000000000000000     
  0.25454545454545457       -2.1870854866786632E-004   0.0000000000000000     
  0.25714285714285717       -1.8914047696359058E-004   0.0000000000000000     
  0.25974025974025977       -1.5645880837902100E-004   0.0000000000000000     
  0.26233766233766237       -1.2236221596246787E-004   0.0000000000000000     
  0.26493506493506497       -8.8622906504298390E-005   0.0000000000000000     
  0.26753246753246757       -5.6994517909395895E-005   0.0000000000000000     
  0.27012987012987016       -2.9120979418068680E-005   0.0000000000000000     
  0.27272727272727276       -6.4510432726514954E-006   0.0000000000000000     
  0.27532467532467536        9.8369845004383295E-006   0.0000000000000000     
  0.27792207792207796        1.8896538457654210E-005   0.0000000000000000     
  0.28051948051948056        2.0256698576658780E-005   0.0000000000000000     
  0.28311688311688316        1.3846800770528494E-005   0.0000000000000000     
  0.28571428571428575        6.5633068424263622E-012   0.0000000000000000     
  0.28831168831168835       -2.0564011925608889E-005   0.0000000000000000     
  0.29090909090909095       -4.6776377134457568E-005   0.0000000000000000     
  0.29350649350649355       -7.7274692335564467E-005   0.0000000000000000     
  0.29610389610389615       -1.1047377108607227E-004   0.0000000000000000     
  0.29870129870129875       -1.4464804510551669E-004   0.0000000000000000     
  0.30129870129870129       -1.7802127182901960E-004   0.0000000000000000     
  0.30389610389610389       -2.0885884090650277E-004   0.0000000000000000     
  0.30649350649350648       -2.3555792508485064E-004   0.0000000000000000     
  0.30909090909090908       -2.5673081796562090E-004   0.0000000000000000     
  0.31168831168831168       -2.7127702286270831E-004   0.0000000000000000     
  0.31428571428571428       -2.7844050766172551E-004   0.0000000000000000     
  0.31688311688311688       -2.7784890317126464E-004   0.0000000000000000     
  0.31948051948051953       -2.6953299025021067E-004   0.0000000000000000     
  0.32207792207792213       -2.5392499766513507E-004   0.0000000000000000     
  0.32467532467532473       -2.3183613836834182E-004   0.0000000000000000     
  0.32727272727272733       -2.0441454475039289E-004   0.0000000000000000     
  0.32987012987012992       -1.7308546521749624E-004   0.0000000000000000     
  0.33246753246753252       -1.3947726479542852E-004   0.0000000000000000     
  0.33506493506493512       -1.0533677855174264E-004   0.0000000000000000     
  0.33766233766233772       -7.2438491091777243E-005   0.0000000000000000     
  0.34025974025974032       -4.2492327272384248E-005   0.0000000000000000     
  0.34285714285714292       -1.7054784270138645E-005   0.0000000000000000     
  0.34545454545454551        2.5520037702415545E-006   0.0000000000000000     
  0.34805194805194811        1.5308939094414268E-005   0.0000000000000000     
  0.35064935064935071        2.0552988936765034E-005   0.0000000000000000     
  0.35324675324675331        1.8011549527720031E-005   0.0000000000000000     
  0.35584415584415591        7.8167462712094178E-006   0.0000000000000000     
  0.35844155844155851       -9.5015346640646913E-006   0.0000000000000000     
  0.36103896103896110       -3.3043185500929723E-005   0.0000000000000000     
  0.36363636363636370       -6.1584563989238597E-005   0.0000000000000000     
  0.36623376623376630       -9.3642218908310094E-005   0.0000000000000000     
  0.36883116883116890       -1.2754991803770230E-004   0.0000000000000000     
  0.37142857142857150       -1.6154525733568130E-004   0.0000000000000000     
  0.37402597402597410       -1.9386129815639991E-004   0.0000000000000000     
  0.37662337662337669       -2.2281837855570269E-004   0.0000000000000000     
  0.37922077922077929       -2.4691140840382399E-004   0.0000000000000000     
  0.38181818181818189       -2.6488813833654270E-004   0.0000000000000000     
  0.38441558441558449       -2.7581419361633156E-004   0.0000000000000000     
  0.38701298701298709       -2.7912170350141810E-004   0.0000000000000000     
  0.38961038961038968       -2.7463871882089735E-004   0.0000000000000000     
  0.39220779220779223       -2.6259827855813924E-004   0.0000000000000000     
  0.39480519480519483       -2.4362619790543316E-004   0.0000000000000000     
  0.39740259740259742       -2.1870854350034024E-004   0.0000000000000000     
  0.40000000000000002       -1.8914047618590925E-004   0.0000000000000000     
  0.40259740259740262       -1.5310020668294743E-004   0.0000000000000000     
  0.40519480519480522       -1.0910237989483186E-004   0.0000000000000000     
  0.40779220779220782       -5.9433823649635147E-005   0.0000000000000000     
  0.41038961038961042       -6.6761289288639857E-006   0.0000000000000000     
  0.41298701298701301        4.6428564765447363E-005   0.0000000000000000     
  0.41558441558441561        9.7120083431308823E-005   0.0000000000000000     
  0.41818181818181821        1.4276366920618633E-004   0.0000000000000000     
  0.42077922077922081        1.8098693925925019E-004   0.0000000000000000     
  0.42337662337662341        2.0980322921863715E-004   0.0000000000000000     
  0.42597402597402600        2.2771471760071909E-004   0.0000000000000000     
  0.42857142857142855        2.3379048326505818E-004   0.0000000000000000     
  0.43116883116883115        2.2771473157503361E-004   0.0000000000000000     
  0.43376623376623374        2.0980320682445510E-004   0.0000000000000000     
  0.43636363636363634        1.8098694300725212E-004   0.0000000000000000     
  0.43896103896103894        1.4276366222202685E-004   0.0000000000000000     
  0.44155844155844154        9.7120076554386357E-005   0.0000000000000000     
  0.44415584415584414        4.6428557565134819E-005   0.0000000000000000     
  0.44675324675324679       -6.6761369014786145E-006   0.0000000000000000     
  0.44935064935064939       -5.9433831648051279E-005   0.0000000000000000     
  0.45194805194805199       -1.0910238549277675E-004   0.0000000000000000     
  0.45454545454545459       -1.5310021388116409E-004   0.0000000000000000     
  0.45714285714285718       -1.8914047203902792E-004   0.0000000000000000     
  0.45974025974025978       -2.1534996089696287E-004   0.0000000000000000     
  0.46233766233766238       -2.3036635009692391E-004   0.0000000000000000     
  0.46493506493506498       -2.3340919505613109E-004   0.0000000000000000     
  0.46753246753246758       -2.2432034054423611E-004   0.0000000000000000     
  0.47012987012987018       -2.0357214030079055E-004   0.0000000000000000     
  0.47272727272727277       -1.7224306803905576E-004   0.0000000000000000     
  0.47532467532467537       -1.3196145236869135E-004   0.0000000000000000     
  0.47792207792207797       -8.4820987710848919E-005   0.0000000000000000     
  0.48051948051948057       -3.3271851176137372E-005   0.0000000000000000     
  0.48311688311688317        2.0006626560899346E-005   0.0000000000000000     
  0.48571428571428577        7.2245237725277435E-005   0.0000000000000000     
  0.48831168831168836        1.2072881824994886E-004   0.0000000000000000     
  0.49090909090909096        1.6293737748069277E-004   0.0000000000000000     
  0.49545454545454548        2.1535347869220984E-004   0.0000000000000000     
  0.50000000000000000        2.3378647665403646E-004   0.0000000000000000     
  0.50454545454545452        2.1535347720102316E-004   0.0000000000000000     
  0.50909090909090904        1.6293737473226363E-004   0.0000000000000000     
  0.51168831168831164        1.2072881496796411E-004   0.0000000000000000     
  0.51428571428571423        7.2245234080322627E-005   0.0000000000000000     
  0.51688311688311683        2.0006622742424489E-005   0.0000000000000000     
  0.51948051948051943       -3.3271854969663325E-005   0.0000000000000000     
  0.52207792207792203       -8.4820991282252739E-005   0.0000000000000000     
  0.52467532467532463       -1.3196145553234339E-004   0.0000000000000000     
  0.52727272727272723       -1.7224307063052295E-004   0.0000000000000000     
  0.52987012987012982       -2.0357214218537847E-004   0.0000000000000000     
  0.53246753246753242       -2.2432034162399032E-004   0.0000000000000000     
  0.53506493506493502       -2.3340919527493073E-004   0.0000000000000000     
  0.53766233766233762       -2.3036634944339650E-004   0.0000000000000000     
  0.54025974025974022       -2.1534995940507618E-004   0.0000000000000000     
  0.54285714285714282       -1.8914046978632507E-004   0.0000000000000000     
  0.54545454545454541       -1.5310021098473119E-004   0.0000000000000000     
  0.54805194805194801       -1.0910238210315970E-004   0.0000000000000000     
  0.55064935064935061       -5.9433827941429728E-005   0.0000000000000000     
  0.55324675324675321       -6.6761330705083394E-006   0.0000000000000000     
  0.55584415584415581        4.6428561321334964E-005   0.0000000000000000     
  0.55844155844155841        9.7120080040583596E-005   0.0000000000000000     
  0.56103896103896100        1.4276366525702093E-004   0.0000000000000000     
  0.56363636363636360        1.8098694543329681E-004   0.0000000000000000     
  0.56623376623376620        2.0980320851545447E-004   0.0000000000000000     
  0.56883116883116880        2.2771473244309536E-004   0.0000000000000000     
  0.57142857142857140        2.3379048326506327E-004   0.0000000000000000     
  0.57402597402597411        2.2771471673266726E-004   0.0000000000000000     
  0.57662337662337670        2.0980322752764657E-004   0.0000000000000000     
  0.57922077922077930        1.8098693683321184E-004   0.0000000000000000     
  0.58181818181818190        1.4276366617119537E-004   0.0000000000000000     
  0.58441558441558450        9.7120079945114309E-005   0.0000000000000000     
  0.58701298701298710        4.6428561009248053E-005   0.0000000000000000     
  0.58961038961038970       -6.6761327598357855E-006   0.0000000000000000     
  0.59220779220779218       -5.9433827356261509E-005   0.0000000000000000     
  0.59480519480519478       -1.0910238328445577E-004   0.0000000000000000     
  0.59740259740259738       -1.5310020957938773E-004   0.0000000000000000     
  0.59999999999999998       -1.8914047843862083E-004   0.0000000000000000     
  0.60227272727272729       -2.1266330863302561E-004   0.0000000000000000     
  0.60454545454545450       -2.2771472208053735E-004   0.0000000000000000     
  0.60681818181818181       -2.3369514715302503E-004   0.0000000000000000     
  0.60909090909090913       -2.3036635475366288E-004   0.0000000000000000     
  0.61136363636363633       -2.1786094682561781E-004   0.0000000000000000     
  0.61363636363636365       -1.9667707443750762E-004   0.0000000000000000     
  0.61590909090909085       -1.6765859511359604E-004   0.0000000000000000     
  0.61818181818181817       -1.3196145595232729E-004   0.0000000000000000     
  0.62045454545454548       -9.1007648070676040E-005   0.0000000000000000     
  0.62272727272727268       -4.6428562668792239E-005   0.0000000000000000     
  0.62500000000000000        4.0430035165690689E-013   0.0000000000000000     
  0.62727272727272720        4.6428562233843009E-005   0.0000000000000000     
  0.62954545454545452        9.1007647972900018E-005   0.0000000000000000     
  0.63181818181818183        1.3196145638168249E-004   0.0000000000000000     
  0.63409090909090904        1.6765859475894573E-004   0.0000000000000000     
  0.63636363636363635        1.9667707451659079E-004   0.0000000000000000     
  0.63863636363636367        2.1786094667486822E-004   0.0000000000000000     
  0.64090909090909087        2.3036635486823457E-004   0.0000000000000000     
  0.64318181818181819        2.3369514712993510E-004   0.0000000000000000     
  0.64545454545454550        2.2771472199080748E-004   0.0000000000000000     
  0.64772727272727271        2.1266330878936033E-004   0.0000000000000000     
  0.65000000000000002        1.8914047833501715E-004   0.0000000000000000     
  0.65227272727272723        1.5808326041772400E-004   0.0000000000000000     
  0.65454545454545454        1.2072881489262492E-004   0.0000000000000000     
  0.65681818181818186        7.8565151552255721E-005   0.0000000000000000     
  0.65909090909090906        3.3271856007240460E-005   0.0000000000000000     
  0.66136363636363638       -1.3346821387665811E-005   0.0000000000000000     
  0.66363636363636358       -5.9433828569126929E-005   0.0000000000000000     
  0.66590909090909089       -1.0315329646838911E-004   0.0000000000000000     
  0.66818181818181821       -1.4276366659464023E-004   0.0000000000000000     
  0.67045454545454541       -1.7668706198718925E-004   0.0000000000000000     
  0.67272727272727273       -2.0357215085726427E-004   0.0000000000000000     
  0.67500000000000004       -2.2234796759154992E-004   0.0000000000000000     
  0.67727272727272725       -2.3226658048852174E-004   0.0000000000000000     
  0.67954545454545456       -2.3293288211097439E-004   0.0000000000000000     
  0.68181818181818188       -2.2432033113584023E-004   0.0000000000000000     
  0.68409090909090908       -2.0677200724238373E-004   0.0000000000000000     
  0.68636363636363640       -1.8098694530547594E-004   0.0000000000000000     
  0.68863636363636360       -1.4799229098433418E-004   0.0000000000000000     
  0.69090909090909092       -1.0910238153250118E-004   0.0000000000000000     
  0.69318181818181823       -6.5866391839417097E-005   0.0000000000000000     
  0.69545454545454544       -2.0006623467023893E-005   0.0000000000000000     
  0.69772727272727275        2.6650107813831875E-005   0.0000000000000000     
  0.69999999999999996        7.2245234109074625E-005   0.0000000000000000     
  0.70227272727272727        1.1496248035144531E-004   0.0000000000000000     
  0.70454545454545459        1.5310021140091864E-004   0.0000000000000000     
  0.70681818181818179        1.8513921274403790E-004   0.0000000000000000     
  0.70909090909090911        2.0980321715477533E-004   0.0000000000000000     
  0.71136363636363642        2.2610973565347818E-004   0.0000000000000000     
  0.71363636363636362        2.3340920080039163E-004   0.0000000000000000     
  0.71590909090909094        2.3141083844619632E-004   0.0000000000000000     
  0.71818181818181825        2.2019425398619826E-004   0.0000000000000000     
  0.72045454545454546        2.0020625838581386E-004   0.0000000000000000     
  0.72272727272727277        1.7224307047889592E-004   0.0000000000000000     
  0.72499999999999998        1.3741860145828725E-004   0.0000000000000000     
  0.72727272727272729        9.7120078880996263E-005   0.0000000000000000     
  0.72954545454545461        5.2952789646877505E-005   0.0000000000000000     
  0.73181818181818181        6.6761334794800766E-006   0.0000000000000000     
  0.73409090909090913       -3.9866467127594561E-005   0.0000000000000000     
  0.73636363636363633       -8.4820990711694449E-005   0.0000000000000000     
  0.73863636363636365       -1.2639668051880773E-004   0.0000000000000000     
  0.74090909090909096       -1.6293737513983382E-004   0.0000000000000000     
  0.74318181818181817       -1.9298747787052108E-004   0.0000000000000000     
  0.74545454545454548       -2.1534994896600261E-004   0.0000000000000000     
  0.74772727272727280       -2.2913398075512684E-004   0.0000000000000000     
  0.75000000000000000       -2.3379048881388303E-004   0.0000000000000000     
  0.75227272727272732       -2.2913398072567506E-004   0.0000000000000000     
  0.75454545454545463       -2.1534994894792899E-004   0.0000000000000000     
  0.75681818181818183       -1.9298747832771483E-004   0.0000000000000000     
  0.75909090909090915       -1.6293737455752705E-004   0.0000000000000000     
  0.76136363636363635       -1.2639668101705173E-004   0.0000000000000000     
  0.76363636363636367       -8.4820990718810474E-005   0.0000000000000000     
  0.76590909090909098       -3.9866466460867349E-005   0.0000000000000000     
  0.76818181818181819        6.6761326678243252E-006   0.0000000000000000     
  0.77045454545454550        5.2952790311922822E-005   0.0000000000000000     
  0.77272727272727271        9.7120078872848321E-005   0.0000000000000000     
  0.77500000000000002        1.3741860098615485E-004   0.0000000000000000     
  0.77727272727272734        1.7224307102794637E-004   0.0000000000000000     
  0.77954545454545454        2.0020625795707641E-004   0.0000000000000000     
  0.78181818181818186        2.2019425400467883E-004   0.0000000000000000     
  0.78409090909090917        2.3141083843757052E-004   0.0000000000000000     
  0.78636363636363638        2.3340920084674775E-004   0.0000000000000000     
  0.78863636363636369        2.2610973558604504E-004   0.0000000000000000     
  0.79090909090909101        2.0980321713716762E-004   0.0000000000000000     
  0.79318181818181821        1.8513921322819667E-004   0.0000000000000000     
  0.79545454545454553        1.5310021078725504E-004   0.0000000000000000     
  0.79772727272727273        1.1496248087417590E-004   0.0000000000000000     
  0.80000000000000004        7.2245234115135559E-005   0.0000000000000000     
  0.80227272727272736        2.6650107147597483E-005   0.0000000000000000     
  0.80454545454545456       -2.0006622658015617E-005   0.0000000000000000     
  0.80681818181818188       -6.5866392500611327E-005   0.0000000000000000     
  0.80909090909090908       -1.0910238152334796E-004   0.0000000000000000     
  0.81136363636363640       -1.4799229053985354E-004   0.0000000000000000     
  0.81363636363636371       -1.8098694581947936E-004   0.0000000000000000     
  0.81590909090909092       -2.0677200684350119E-004   0.0000000000000000     
  0.81818181818181823       -2.2432033115466765E-004   0.0000000000000000     
  0.82045454545454555       -2.3293288206429933E-004   0.0000000000000000     
  0.82272727272727275       -2.3226658058108293E-004   0.0000000000000000     
  0.82500000000000007       -2.2234796748635548E-004   0.0000000000000000     
  0.82727272727272738       -2.0357215084018009E-004   0.0000000000000000     
  0.82954545454545459       -1.7668706249673408E-004   0.0000000000000000     
  0.83181818181818190       -1.4276366595162147E-004   0.0000000000000000     
  0.83409090909090911       -1.0315329701390129E-004   0.0000000000000000     
  0.83636363636363642       -5.9433828574113046E-005   0.0000000000000000     
  0.83863636363636374       -1.3346820724097469E-005   0.0000000000000000     
  0.84090909090909094        3.3271855203518374E-005   0.0000000000000000     
  0.84318181818181825        7.8565152207442089E-005   0.0000000000000000     
  0.84545454545454546        1.2072881488249618E-004   0.0000000000000000     
  0.84772727272727277        1.5808326000234493E-004   0.0000000000000000     
  0.85000000000000009        1.8914047881229685E-004   0.0000000000000000     
  0.85227272727272729        2.1266330842163364E-004   0.0000000000000000     
  0.85454545454545461        2.2771472200992020E-004   0.0000000000000000     
  0.85681818181818192        2.3369514704536288E-004   0.0000000000000000     
  0.85909090909090913        2.3036635500669884E-004   0.0000000000000000     
  0.86136363636363644        2.1786094653225536E-004   0.0000000000000000     
  0.86363636363636376        1.9667707450008573E-004   0.0000000000000000     
  0.86590909090909096        1.6765859529221434E-004   0.0000000000000000     
  0.86818181818181828        1.3196145571140597E-004   0.0000000000000000     
  0.87045454545454548        9.1007648539414369E-005   0.0000000000000000     
  0.87272727272727280        4.6428562237738032E-005   0.0000000000000000     
  0.87500000000000000       -2.5443759745929223E-013   0.0000000000000000     
  0.87727272727272732       -4.6428561872977876E-005   0.0000000000000000     
  0.87954545454545463       -9.1007648717717678E-005   0.0000000000000000     
  0.88181818181818183       -1.3196145594125610E-004   0.0000000000000000     
  0.88409090909090904       -1.6765859472867210E-004   0.0000000000000000     
  0.88636363636363635       -1.9667707487650514E-004   0.0000000000000000     
  0.88863636363636367       -2.1786094649024537E-004   0.0000000000000000     
  0.89090909090909087       -2.3036635477299776E-004   0.0000000000000000     
  0.89318181818181819       -2.3369514703083116E-004   0.0000000000000000     
  0.89545454545454550       -2.2771472226445295E-004   0.0000000000000000     
  0.89772727272727271       -2.1266330845346018E-004   0.0000000000000000     
  0.90000000000000002       -1.8914047842275014E-004   0.0000000000000000     
  0.90227272727272734       -1.5808326059807315E-004   0.0000000000000000     
  0.90454545454545454       -1.2072881463115003E-004   0.0000000000000000     
  0.90681818181818186       -7.8565152031538879E-005   0.0000000000000000     
  0.90909090909090917       -3.3271855581625140E-005   0.0000000000000000     
  0.91136363636363638        1.3346821232143294E-005   0.0000000000000000     
  0.91363636363636369        5.9433828223890496E-005   0.0000000000000000     
  0.91590909090909101        1.0315329719402307E-004   0.0000000000000000     
  0.91818181818181821        1.4276366615922469E-004   0.0000000000000000     
  0.92045454545454541        1.7668706196721602E-004   0.0000000000000000     
  0.92272727272727273        2.0357215120224539E-004   0.0000000000000000     
  0.92500000000000004        2.2234796743430017E-004   0.0000000000000000     
  0.92727272727272725        2.3226658036897731E-004   0.0000000000000000     
  0.92954545454545456        2.3293288202075308E-004   0.0000000000000000     
  0.93181818181818177        2.2432033142920306E-004   0.0000000000000000     
  0.93409090909090908        2.0677200686504158E-004   0.0000000000000000     
  0.93636363636363629        1.8098694541807681E-004   0.0000000000000000     
  0.93863636363636360        1.4799229116582312E-004   0.0000000000000000     
  0.94090909090909092        1.0910238125132234E-004   0.0000000000000000     
  0.94318181818181812        6.5866392327681785E-005   0.0000000000000000     
  0.94545454545454544        2.0006623048237739E-005   0.0000000000000000     
  0.94772727272727275       -2.6650107653154770E-005   0.0000000000000000     
  0.94999999999999996       -7.2245233780590369E-005   0.0000000000000000     
  0.95227272727272727       -1.1496248105552673E-004   0.0000000000000000     
  0.95454545454545459       -1.5310021097193353E-004   0.0000000000000000     
  0.95681818181818179       -1.8513921273442973E-004   0.0000000000000000     
  0.95909090909090911       -2.0980321748369733E-004   0.0000000000000000     
  0.96136363636363631       -2.2610973552411378E-004   0.0000000000000000     
  0.96363636363636362       -2.3340920065692875E-004   0.0000000000000000     
  0.96590909090909094       -2.3141083836515080E-004   0.0000000000000000     
  0.96818181818181814       -2.2019425429832057E-004   0.0000000000000000     
  0.97045454545454546       -2.0020625796825911E-004   0.0000000000000000     
  0.97272727272727266       -1.7224307061599592E-004   0.0000000000000000     
  0.97499999999999998       -1.3741860164032381E-004   0.0000000000000000     
  0.97727272727272729       -9.7120078581030821E-005   0.0000000000000000     
  0.97954545454545450       -5.2952790142529351E-005   0.0000000000000000     
  0.98181818181818181       -6.6761330688863560E-006   0.0000000000000000     
  0.98409090909090913        3.9866466962289692E-005   0.0000000000000000     
  0.98636363636363633        8.4820990401036930E-005   0.0000000000000000     
  0.98863636363636365        1.2639668119904227E-004   0.0000000000000000     
  0.99090909090909096        1.6293737471867917E-004   0.0000000000000000     
  0.99318181818181817        1.9298747787130968E-004   0.0000000000000000     
  0.99545454545454548        2.1534994927779292E-004   0.0000000000000000     
  0.99772727272727268        2.2913398065406990E-004   0.0000000000000000     
   1.0000000000000000        2.3379048864696989E-004   0.0000000000000000     
