X My_beautiful_solution_real My_beautiful_solution_imag
   0.0000000000000000        0.0000000000000000        0.0000000000000000     
   4.5454545454545461E-003  -3.9814505368147187E-005   0.0000000000000000     
   9.0909090909090922E-003  -9.3687967281150237E-005   0.0000000000000000     
   1.3636363636363637E-002  -1.5316706219708248E-004   0.0000000000000000     
   1.8181818181818184E-002  -2.0892175369683806E-004   0.0000000000000000     
   2.2727272727272731E-002  -2.5208665353721745E-004   0.0000000000000000     
   2.7272727272727275E-002  -2.7585438382518297E-004   0.0000000000000000     
   3.1818181818181822E-002  -2.7650176288679607E-004   0.0000000000000000     
   3.6363636363636369E-002  -2.5392159847062565E-004   0.0000000000000000     
   4.0909090909090909E-002  -2.1164196353989714E-004   0.0000000000000000     
   4.5454545454545456E-002  -1.5641113638835584E-004   0.0000000000000000     
   5.0000000000000003E-002  -9.6895069922185554E-005   0.0000000000000000     
   5.4545454545454543E-002  -4.2429922265601016E-005   0.0000000000000000     
   5.9090909090909090E-002  -1.6795948752518158E-006   0.0000000000000000     
   6.3636363636363644E-002   1.8933925735856607E-005   0.0000000000000000     
   6.8181818181818191E-002   1.6182366877148821E-005   0.0000000000000000     
   7.2727272727272738E-002  -9.5082795768603565E-006   0.0000000000000000     
   7.7272727272727285E-002  -5.4115148837016421E-005   0.0000000000000000     
   8.1818181818181832E-002  -1.1052320561807726E-004   0.0000000000000000     
   8.6363636363636379E-002  -1.6988213169678311E-004   0.0000000000000000     
   9.0909090909090925E-002  -2.2288009716854142E-004   0.0000000000000000     
   9.5454545454545459E-002  -2.6108294471962175E-004   0.0000000000000000     
  0.10000000000000001       -2.7847502455702317E-004   0.0000000000000000     
  0.10454545454545455       -2.7233350200047698E-004   0.0000000000000000     
  0.10909090909090909       -2.4361616367589157E-004   0.0000000000000000     
  0.11363636363636363       -1.9682754560544706E-004   0.0000000000000000     
  0.11818181818181819       -1.3942623434399818E-004   0.0000000000000000     
  0.12272727272727274       -8.0418048076328185E-005   0.0000000000000000     
  0.12727272727272729       -2.9060117909282272E-005   0.0000000000000000     
  0.13181818181818183        6.4706510310676920E-006   0.0000000000000000     
  0.13636363636363638        2.0584565742526260E-005   0.0000000000000000     
  0.14090909090909093        1.1073110093567604E-005   0.0000000000000000     
  0.14545454545454548       -2.0577258364203770E-005   0.0000000000000000     
  0.15000000000000002       -6.9395023941534853E-005   0.0000000000000000     
  0.15454545454545457       -1.2760237502996429E-004   0.0000000000000000     
  0.15909090909090912       -1.8606736600261124E-004   0.0000000000000000     
  0.16363636363636366       -2.3561775672811149E-004   0.0000000000000000     
  0.16818181818181821       -2.6836056328354046E-004   0.0000000000000000     
  0.17272727272727276       -2.7915028026818234E-004   0.0000000000000000     
  0.17727272727272730       -2.6629991318526461E-004   0.0000000000000000     
  0.18181818181818185       -2.3181974242361672E-004   0.0000000000000000     
  0.18636363636363640       -1.8113204871717713E-004   0.0000000000000000     
  0.19090909090909092       -1.2230850135795643E-004   0.0000000000000000     
  0.19545454545454546       -6.4577389530245938E-005   0.0000000000000000     
  0.20000000000000001       -1.6996147084521908E-005   0.0000000000000000     
  0.20454545454545456        1.2851906264554559E-005   0.0000000000000000     
  0.20909090909090911        2.0282234808417982E-005   0.0000000000000000     
  0.21363636363636365        4.1348678257330211E-006   0.0000000000000000     
  0.21818181818181820       -3.3062647996625301E-005   0.0000000000000000     
  0.22272727272727275       -8.5454951674787666E-005   0.0000000000000000     
  0.22727272727272729       -1.4470284202150325E-004   0.0000000000000000     
  0.23181818181818184       -2.0151178440473298E-004   0.0000000000000000     
  0.23636363636363639       -2.4696869211905762E-004   0.0000000000000000     
  0.24090909090909093       -2.7382464269188770E-004   0.0000000000000000     
  0.24545454545454548       -2.7787134874260544E-004   0.0000000000000000     
  0.25000000000000000       -2.5847964657541256E-004   0.0000000000000000     
  0.25454545454545457       -2.1868610556952510E-004   0.0000000000000000     
  0.25909090909090915       -1.6476006967066633E-004   0.0000000000000000     
  0.26363636363636367       -1.0528107361645294E-004   0.0000000000000000     
  0.26818181818181819       -4.9579583317159712E-005   0.0000000000000000     
  0.27272727272727276       -6.3952682578896691E-006   0.0000000000000000     
  0.27727272727272734        1.7380988726429817E-005   0.0000000000000000     
  0.28181818181818186        1.8030873932708568E-005   0.0000000000000000     
  0.28636363636363638       -4.5419172888874827E-006   0.0000000000000000     
  0.29090909090909095       -4.6801696652470833E-005   0.0000000000000000     
  0.29545454545454547       -1.0208558474596716E-004   0.0000000000000000     
  0.30000000000000004       -1.6160169547530396E-004   0.0000000000000000     
  0.30454545454545456       -2.1601406301151641E-004   0.0000000000000000     
  0.30909090909090908       -2.5678493956397651E-004   0.0000000000000000     
  0.31363636363636366       -2.7740395658300726E-004   0.0000000000000000     
  0.31818181818181823       -2.7465490134111388E-004   0.0000000000000000     
  0.32272727272727275       -2.4897464233250571E-004   0.0000000000000000     
  0.32727272727272733       -2.0438645508535233E-004   0.0000000000000000     
  0.33181818181818190       -1.4792502346475477E-004   0.0000000000000000     
  0.33636363636363642       -8.8565910142363009E-005   0.0000000000000000     
  0.34090909090909094       -3.5620131568269688E-005   0.0000000000000000     
  0.34545454545454551        2.6043320669514690E-006   0.0000000000000000     
  0.35000000000000009        1.9998860097282574E-005   0.0000000000000000     
  0.35454545454545461        1.3859830464141051E-005   0.0000000000000000     
  0.35909090909090913       -1.4844140042919529E-005   0.0000000000000000     
  0.36363636363636370       -6.1615310585979067E-005   0.0000000000000000     
  0.36818181818181828       -1.1907013650224970E-004   0.0000000000000000     
  0.37272727272727280       -1.7807865238342934E-004   0.0000000000000000     
  0.37727272727272732       -2.2938515908333564E-004   0.0000000000000000     
  0.38181818181818189       -2.6493854052889317E-004   0.0000000000000000     
  0.38636363636363641       -2.7905184723349581E-004   0.0000000000000000     
  0.39090909090909098       -2.6954286568385089E-004   0.0000000000000000     
  0.39545454545454550       -2.3790880181652729E-004   0.0000000000000000     
  0.40000000000000002       -1.8910719237576944E-004   0.0000000000000000     
  0.40454545454545454       -1.2063712720307979E-004   0.0000000000000000     
  0.40909090909090912       -3.3212831589632170E-005   0.0000000000000000     
  0.41363636363636369        5.9448824974059292E-005   0.0000000000000000     
  0.41818181818181821        1.4281185733558895E-004   0.0000000000000000     
  0.42272727272727273        2.0361155759070172E-004   0.0000000000000000     
  0.42727272727272725        2.3227156886314307E-004   0.0000000000000000     
  0.43181818181818182        2.2430446987752907E-004   0.0000000000000000     
  0.43636363636363634        1.8095126631763011E-004   0.0000000000000000     
  0.44090909090909092        1.0900895543026940E-004   0.0000000000000000     
  0.44545454545454544        1.9947898436327834E-005   0.0000000000000000     
  0.45000000000000001       -7.2258760402127574E-005   0.0000000000000000     
  0.45454545454545459       -1.5314590925359880E-004   0.0000000000000000     
  0.45909090909090911       -2.0983701391310810E-004   0.0000000000000000     
  0.46363636363636368       -2.3341078508578320E-004   0.0000000000000000     
  0.46818181818181825       -2.2017780198112509E-004   0.0000000000000000     
  0.47272727272727277       -1.7220516683203905E-004   0.0000000000000000     
  0.47727272727272729       -9.7025250423795023E-005   0.0000000000000000     
  0.48181818181818187       -6.6179051161034423E-006   0.0000000000000000     
  0.48636363636363644        8.4833023534789723E-005   0.0000000000000000     
  0.49090909090909096        1.6298047505027078E-004   0.0000000000000000     
  0.49696969696969701        2.2520172326453121E-004   0.0000000000000000     
  0.50303030303030305        2.2518601065897161E-004   0.0000000000000000     
  0.50909090909090904        1.6293765684636605E-004   0.0000000000000000     
  0.51363636363636356        8.4777383559550730E-005   0.0000000000000000     
  0.51818181818181808       -6.6775873985164822E-006   0.0000000000000000     
  0.52272727272727271       -9.7079563661193007E-005   0.0000000000000000     
  0.52727272727272723       -1.7224553970604262E-004   0.0000000000000000     
  0.53181818181818175       -2.2019785584376179E-004   0.0000000000000000     
  0.53636363636363638       -2.3340737665533809E-004   0.0000000000000000     
  0.54090909090909089       -2.0981068066801135E-004   0.0000000000000000     
  0.54545454545454541       -1.5310078537157190E-004   0.0000000000000000     
  0.54999999999999993       -7.2201975159094881E-005   0.0000000000000000     
  0.55454545454545445        2.0007386064687960E-005   0.0000000000000000     
  0.55909090909090908        1.0906176478693925E-004   0.0000000000000000     
  0.56363636363636360        1.8098906218540927E-004   0.0000000000000000     
  0.56818181818181812        2.2432128075844227E-004   0.0000000000000000     
  0.57272727272727275        2.3226476311886740E-004   0.0000000000000000     
  0.57727272727272738        2.0358220842510522E-004   0.0000000000000000     
  0.58181818181818190        1.4276457494719573E-004   0.0000000000000000     
  0.58636363636363642        5.9391079668573084E-005   0.0000000000000000     
  0.59090909090909094       -3.3271930544757339E-005   0.0000000000000000     
  0.59545454545454546       -1.2068826044105263E-004   0.0000000000000000     
  0.59999999999999998       -1.8914228796591966E-004   0.0000000000000000     
  0.60363636363636364       -2.2276244845183439E-004   0.0000000000000000     
  0.60727272727272730       -2.3377558995793068E-004   0.0000000000000000     
  0.61090909090909085       -2.2107768966897143E-004   0.0000000000000000     
  0.61454545454545451       -1.8595665685150570E-004   0.0000000000000000     
  0.61818181818181817       -1.3196266770935876E-004   0.0000000000000000     
  0.62181818181818183       -6.4584079875405623E-005   0.0000000000000000     
  0.62545454545454549        9.3453395233612769E-006   0.0000000000000000     
  0.62909090909090903        8.2326910359929677E-005   0.0000000000000000     
  0.63272727272727269        1.4695833467725413E-004   0.0000000000000000     
  0.63636363636363635        1.9667895107786096E-004   0.0000000000000000     
  0.64000000000000001        2.2645097991959526E-004   0.0000000000000000     
  0.64363636363636367        2.3324185813152203E-004   0.0000000000000000     
  0.64727272727272722        2.1637582815616597E-004   0.0000000000000000     
  0.65090909090909088        1.7756355993114222E-004   0.0000000000000000     
  0.65454545454545454        1.2072992271250475E-004   0.0000000000000000     
  0.65818181818181820        5.1650992232907750E-005   0.0000000000000000     
  0.66181818181818186       -2.2666268380392948E-005   0.0000000000000000     
  0.66545454545454541       -9.4684585077236622E-005   0.0000000000000000     
  0.66909090909090907       -1.5709935982768092E-004   0.0000000000000000     
  0.67272727272727273       -2.0357408870132031E-004   0.0000000000000000     
  0.67636363636363639       -2.2940087578494936E-004   0.0000000000000000     
  0.68000000000000005       -2.3194734028224591E-004   0.0000000000000000     
  0.68363636363636360       -2.1096819407292097E-004   0.0000000000000000     
  0.68727272727272726       -1.6859128791910178E-004   0.0000000000000000     
  0.69090909090909092       -1.0910338202873008E-004   0.0000000000000000     
  0.69454545454545458       -3.8549429886628844E-005   0.0000000000000000     
  0.69818181818181824        3.5913264623817040E-005   0.0000000000000000     
  0.70181818181818179        1.0673341853644003E-004   0.0000000000000000     
  0.70545454545454545        1.6672795981516409E-004   0.0000000000000000     
  0.70909090909090911        2.0980521034350328E-004   0.0000000000000000     
  0.71272727272727276        2.3160251410627236E-004   0.0000000000000000     
  0.71636363636363642        2.2989625885582447E-004   0.0000000000000000     
  0.71999999999999997        2.0487242598746024E-004   0.0000000000000000     
  0.72363636363636363        1.5906910648491238E-004   0.0000000000000000     
  0.72727272727272729        9.7120968995283838E-005   0.0000000000000000     
  0.73090909090909095        2.5322127385121378E-005   0.0000000000000000     
  0.73454545454545461       -4.9043119330210756E-005   0.0000000000000000     
  0.73818181818181816       -1.1843410996982563E-004   0.0000000000000000     
  0.74181818181818182       -1.7581272816597304E-004   0.0000000000000000     
  0.74545454545454548       -2.1535199139248047E-004   0.0000000000000000     
  0.74909090909090914       -2.3304871360111475E-004   0.0000000000000000     
  0.75272727272727280       -2.2709530404969243E-004   0.0000000000000000     
  0.75636363636363635       -1.9810840701679896E-004   0.0000000000000000     
  0.76000000000000001       -1.4902807498730288E-004   0.0000000000000000     
  0.76363636363636367       -8.4821767730381743E-005   0.0000000000000000     
  0.76727272727272733       -1.2012229414952351E-005   0.0000000000000000     
  0.77090909090909099        6.2013005667276805E-005   0.0000000000000000     
  0.77454545454545454        1.2974849417595111E-004   0.0000000000000000     
  0.77818181818181820        1.8432403227111702E-004   0.0000000000000000     
  0.78181818181818186        2.2019633941180956E-004   0.0000000000000000     
  0.78545454545454552        2.3373475707003910E-004   0.0000000000000000     
  0.78909090909090918        2.2355361199097675E-004   0.0000000000000000     
  0.79272727272727272        1.9069819997218594E-004   0.0000000000000000     
  0.79636363636363638        1.3850094516508970E-004   0.0000000000000000     
  0.80000000000000004        7.2245895649009843E-005   0.0000000000000000     
  0.80363636363636370       -1.3368499282154103E-006   0.0000000000000000     
  0.80727272727272736       -7.4780618585988150E-005   0.0000000000000000     
  0.81090909090909091       -1.4063966600652819E-004   0.0000000000000000     
  0.81454545454545457       -1.9223411004170077E-004   0.0000000000000000     
  0.81818181818181823       -2.2432245315426791E-004   0.0000000000000000     
  0.82181818181818189       -2.3365840678313542E-004   0.0000000000000000     
  0.82545454545454555       -2.1928273493636573E-004   0.0000000000000000     
  0.82909090909090910       -1.8266597539484078E-004   0.0000000000000000     
  0.83272727272727276       -1.2752205430787347E-004   0.0000000000000000     
  0.83636363636363642       -5.9434372608330624E-005   0.0000000000000000     
  0.84000000000000008        1.4681568747298031E-005   0.0000000000000000     
  0.84363636363636374        8.7304312810785185E-005   0.0000000000000000     
  0.84727272727272729        1.5107210074327630E-004   0.0000000000000000     
  0.85090909090909095        1.9951716046303565E-004   0.0000000000000000     
  0.85454545454545461        2.2771687410220702E-004   0.0000000000000000     
  0.85818181818181827        2.3281991177902643E-004   0.0000000000000000     
  0.86181818181818193        2.1429660359107035E-004   0.0000000000000000     
  0.86545454545454548        1.7403793271671765E-004   0.0000000000000000     
  0.86909090909090914        1.1612721325500208E-004   0.0000000000000000     
  0.87272727272727280        4.6428987109512297E-005   0.0000000000000000     
  0.87636363636363646       -2.7978399368324237E-005   0.0000000000000000     
  0.88000000000000000       -9.9543238677727842E-005   0.0000000000000000     
  0.88363636363636366       -1.6101176997210327E-004   0.0000000000000000     
  0.88727272727272721       -2.0614942775213952E-004   0.0000000000000000     
  0.89090909090909087       -2.3036853036641539E-004   0.0000000000000000     
  0.89454545454545453       -2.3122200705255754E-004   0.0000000000000000     
  0.89818181818181819       -2.0861148166978754E-004   0.0000000000000000     
  0.90181818181818185       -1.6484221480345359E-004   0.0000000000000000     
  0.90545454545454551       -1.0435358958812345E-004   0.0000000000000000     
  0.90909090909090917       -3.3272159992402067E-005   0.0000000000000000     
  0.91272727272727283        4.1183970318588467E-005   0.0000000000000000     
  0.91636363636363638        1.1145747537754167E-004   0.0000000000000000     
  0.92000000000000004        1.7042625257665493E-004   0.0000000000000000     
  0.92363636363636359        2.1210927884411478E-004   0.0000000000000000     
  0.92727272727272725        2.3226877280029657E-004   0.0000000000000000     
  0.93090909090909091        2.2886990463381209E-004   0.0000000000000000     
  0.93454545454545457        2.0224591284786922E-004   0.0000000000000000     
  0.93818181818181812        1.5510881615824368E-004   0.0000000000000000     
  0.94181818181818178        9.2239586398331947E-005   0.0000000000000000     
  0.94545454545454544        2.0006806067646334E-005   0.0000000000000000     
  0.94909090909090910       -5.4255207795283558E-005   0.0000000000000000     
  0.95272727272727276       -1.2300816116890998E-004   0.0000000000000000     
  0.95636363636363630       -1.7928484048919461E-004   0.0000000000000000     
  0.95999999999999996       -2.1737727395467127E-004   0.0000000000000000     
  0.96363636363636362       -2.3341140321157225E-004   0.0000000000000000     
  0.96727272727272728       -2.2577127658756784E-004   0.0000000000000000     
  0.97090909090909094       -1.9522066027574572E-004   0.0000000000000000     
  0.97454545454545449       -1.4486948508605620E-004   0.0000000000000000     
  0.97818181818181815       -7.9824717023329681E-005   0.0000000000000000     
  0.98181818181818181       -6.6761941375697880E-006   0.0000000000000000     
  0.98545454545454547        6.7149476163220876E-005   0.0000000000000000     
  0.98909090909090913        1.3415762013733217E-004   0.0000000000000000     
  0.99272727272727268        1.8755863885388602E-004   0.0000000000000000     
  0.99636363636363634        2.2193622998863008E-004   0.0000000000000000     
   1.0000000000000000        2.3379269457948849E-004   0.0000000000000000     
