X My_beautiful_solution_real My_beautiful_solution_imag
   0.0000000000000000        0.0000000000000000        0.0000000000000000     
   4.5454545454545461E-003   9.1409353994316599E-005   0.0000000000000000     
   9.0909090909090922E-003   1.6833585976404520E-004   0.0000000000000000     
   1.3636363636363637E-002   2.1871733410293550E-004   0.0000000000000000     
   1.8181818181818184E-002   2.3464319824769366E-004   0.0000000000000000     
   2.2727272727272731E-002   2.1349698373351127E-004   0.0000000000000000     
   2.7272727272727275E-002   1.5872226849239908E-004   0.0000000000000000     
   3.1818181818181822E-002   7.8918497577644796E-005   0.0000000000000000     
   3.6363636363636369E-002  -1.3400375925765518E-005   0.0000000000000000     
   4.0909090909090909E-002  -1.0360207836225680E-004   0.0000000000000000     
   4.5454545454545456E-002  -1.7740042281753365E-004   0.0000000000000000     
   5.0000000000000003E-002  -2.2322433683275963E-004   0.0000000000000000     
   5.4545454545454543E-002  -2.3387790832540796E-004   0.0000000000000000     
   5.9090909090909090E-002  -2.0758031192238410E-004   0.0000000000000000     
   6.3636363636363644E-002  -1.4859100377687451E-004   0.0000000000000000     
   6.8181818181818191E-002  -6.6170248100662232E-005   0.0000000000000000     
   7.2727272727272738E-002   2.6757046460846714E-005   0.0000000000000000     
   7.7272727272727285E-002   1.1545690405215921E-004   0.0000000000000000     
   8.1818181818181832E-002   1.8588639353676607E-004   0.0000000000000000     
   8.6363636363636379E-002   2.2700329231185279E-004   0.0000000000000000     
   9.0909090909090925E-002   2.3234982447760763E-004   0.0000000000000000     
   9.5454545454545459E-002   2.0098661592318979E-004   0.0000000000000000     
  0.10000000000000001        1.3797510878618346E-004   0.0000000000000000     
  0.10454545454545455        5.3206184040496850E-005   0.0000000000000000     
  0.10909090909090909       -4.0026448759901309E-005   0.0000000000000000     
  0.11363636363636363       -1.2693516649288429E-004   0.0000000000000000     
  0.11818181818181819       -1.9376609488733096E-004   0.0000000000000000     
  0.12272727272727274       -2.3004187545870149E-004   0.0000000000000000     
  0.12727272727272729       -2.3006393055712910E-004   0.0000000000000000     
  0.13181818181818183       -1.9373740110721765E-004   0.0000000000000000     
  0.13636363636363638       -1.2690920731301626E-004   0.0000000000000000     
  0.14090909090909093       -4.0068587754578910E-005   0.0000000000000000     
  0.14545454545454548        5.3165304603361309E-005   0.0000000000000000     
  0.15000000000000002        1.3799942927614673E-004   0.0000000000000000     
  0.15454545454545457        2.0101382718528643E-004   0.0000000000000000     
  0.15909090909090912        2.3233017591972361E-004   0.0000000000000000     
  0.16363636363636366        2.2702768201801390E-004   0.0000000000000000     
  0.16818181818181821        1.8585631082353781E-004   0.0000000000000000     
  0.17272727272727276        1.1542939084837605E-004   0.0000000000000000     
  0.17727272727272730        2.6800307576531404E-005   0.0000000000000000     
  0.18181818181818185       -6.6130761549550301E-005   0.0000000000000000     
  0.18636363636363640       -1.4861360625553757E-004   0.0000000000000000     
  0.19090909090909092       -2.0760595191680111E-004   0.0000000000000000     
  0.19545454545454546       -2.3386073039193339E-004   0.0000000000000000     
  0.20000000000000001       -2.2325098159951010E-004   0.0000000000000000     
  0.20454545454545456       -1.7736904928610504E-004   0.0000000000000000     
  0.20909090909090911       -1.0357310086900609E-004   0.0000000000000000     
  0.21363636363636365       -1.3444618066120924E-005   0.0000000000000000     
  0.21818181818181820        7.8880532698132354E-005   0.0000000000000000     
  0.22272727272727275        1.5874307924166836E-004   0.0000000000000000     
  0.22727272727272729        2.1352096883528321E-004   0.0000000000000000     
  0.23181818181818184        2.3462854696454152E-004   0.0000000000000000     
  0.23636363636363639        2.1874614702823987E-004   0.0000000000000000     
  0.24090909090909093        1.6830329773933982E-004   0.0000000000000000     
  0.24545454545454548        9.1379006721831649E-005   0.0000000000000000     
  0.25000000000000000        4.5078869071422749E-008   0.0000000000000000     
  0.25454545454545457       -9.1373034609041931E-005   0.0000000000000000     
  0.25909090909090915       -1.6835481090956235E-004   0.0000000000000000     
  0.26363636363636367       -2.1873958608453788E-004   0.0000000000000000     
  0.26818181818181819       -2.3463112140009482E-004   0.0000000000000000     
  0.27272727272727276       -2.1352787084387493E-004   0.0000000000000000     
  0.27727272727272734       -1.5868862417561767E-004   0.0000000000000000     
  0.28181818181818186       -7.8886879503701357E-005   0.0000000000000000     
  0.28636363636363638        1.3354607352926747E-005   0.0000000000000000     
  0.29090909090909095        1.0356752292706998E-004   0.0000000000000000     
  0.29545454545454547        1.7741745255004572E-004   0.0000000000000000     
  0.30000000000000004        2.2324478311924672E-004   0.0000000000000000     
  0.30454545454545456        2.3386844530205931E-004   0.0000000000000000     
  0.30909090909090908        2.0761317247934867E-004   0.0000000000000000     
  0.31363636363636366        1.4855638689911937E-004   0.0000000000000000     
  0.31818181818181823        6.6137462347761510E-005   0.0000000000000000     
  0.32272727272727275       -2.6710737458661215E-005   0.0000000000000000     
  0.32727272727272733       -1.1542422526977856E-004   0.0000000000000000     
  0.33181818181818190       -1.8590144631371879E-004   0.0000000000000000     
  0.33636363636363642       -2.2702186621756300E-004   0.0000000000000000     
  0.34090909090909094       -2.3234300614220475E-004   0.0000000000000000     
  0.34545454545454551       -2.0102134275188843E-004   0.0000000000000000     
  0.35000000000000009       -1.3793963225056623E-004   0.0000000000000000     
  0.35454545454545461       -5.3172337539528207E-005   0.0000000000000000     
  0.35909090909090913        3.9979750365404243E-005   0.0000000000000000     
  0.36363636363636370        1.2690447094531666E-004   0.0000000000000000     
  0.36818181818181828        1.9377912161401976E-004   0.0000000000000000     
  0.37272727272727280        2.3005851640475167E-004   0.0000000000000000     
  0.37727272727272732        2.3005977914770592E-004   0.0000000000000000     
  0.38181818181818189        1.9377388094593193E-004   0.0000000000000000     
  0.38636363636363641        1.2687298682643018E-004   0.0000000000000000     
  0.39090909090909098        4.0033790896070072E-005   0.0000000000000000     
  0.39545454545454550       -5.3118369123589525E-005   0.0000000000000000     
  0.40000000000000002       -1.3797081707706677E-004   0.0000000000000000     
  0.40454545454545454       -2.0102478537497819E-004   0.0000000000000000     
  0.40909090909090912       -2.3234482963158725E-004   0.0000000000000000     
  0.41363636363636369       -2.2702621107441223E-004   0.0000000000000000     
  0.41818181818181821       -1.8589442469309813E-004   0.0000000000000000     
  0.42272727272727273       -1.1539254454411302E-004   0.0000000000000000     
  0.42727272727272725       -2.6764673850604229E-005   0.0000000000000000     
  0.43181818181818182        6.6083742064797791E-005   0.0000000000000000     
  0.43636363636363634        1.4858717072377151E-004   0.0000000000000000     
  0.44090909090909092        2.0761480582930840E-004   0.0000000000000000     
  0.44545454545454544        2.3387334907645942E-004   0.0000000000000000     
  0.45000000000000001        2.2325219591921958E-004   0.0000000000000000     
  0.45454545454545459        1.7740867287794146E-004   0.0000000000000000     
  0.45909090909090911        1.0353574892146361E-004   0.0000000000000000     
  0.46363636363636368        1.3408263692342421E-005   0.0000000000000000     
  0.46818181818181825       -7.8833582562677225E-005   0.0000000000000000     
  0.47272727272727277       -1.5871890659683183E-004   0.0000000000000000     
  0.47727272727272729       -2.1352768959352804E-004   0.0000000000000000     
  0.48181818181818187       -2.3463908946582939E-004   0.0000000000000000     
  0.48636363636363644       -2.1875004265075113E-004   0.0000000000000000     
  0.49090909090909096       -1.6834430182091712E-004   0.0000000000000000     
  0.49696969696969701       -6.1781518472505404E-005   0.0000000000000000     
  0.50303030303030305        6.1765870852721589E-005   0.0000000000000000     
  0.50909090909090904        1.6833297859289746E-004   0.0000000000000000     
  0.51363636363636356        2.1874414995216824E-004   0.0000000000000000     
  0.51818181818181808        2.3463955138518466E-004   0.0000000000000000     
  0.52272727272727271        2.1353443329034813E-004   0.0000000000000000     
  0.52727272727272723        1.5873087369381146E-004   0.0000000000000000     
  0.53181818181818175        7.8848882337375622E-005   0.0000000000000000     
  0.53636363636363638       -1.3392045237546344E-005   0.0000000000000000     
  0.54090909090909089       -1.0352116928913000E-004   0.0000000000000000     
  0.54545454545454541       -1.7739803308587575E-004   0.0000000000000000     
  0.54999999999999993       -2.2324717698443542E-004   0.0000000000000000     
  0.55454545454545445       -2.3387473722505356E-004   0.0000000000000000     
  0.55909090909090908       -2.0762238216289519E-004   0.0000000000000000     
  0.56363636363636360       -1.4859974545487176E-004   0.0000000000000000     
  0.56818181818181812       -6.6099328468783875E-005   0.0000000000000000     
  0.57272727272727275        2.6748534672400472E-005   0.0000000000000000     
  0.57727272727272738        1.1537839759305526E-004   0.0000000000000000     
  0.58181818181818190        1.8588450303872134E-004   0.0000000000000000     
  0.58636363636363642        2.2702208227270827E-004   0.0000000000000000     
  0.59090909090909094        2.3234713948196839E-004   0.0000000000000000     
  0.59545454545454546        2.0103316963508434E-004   0.0000000000000000     
  0.59999999999999998        1.3798395842974174E-004   0.0000000000000000     
  0.60363636363636364        3.8500589342350306E-005   0.0000000000000000     
  0.60727272727272730       -1.3045846642071478E-004   0.0000000000000000     
  0.61090909090909085       -3.5172550344706561E-004   0.0000000000000000     
  0.61454545454545451       -6.0285808157862076E-004   0.0000000000000000     
  0.61818181818181817       -8.5839850359522760E-004   0.0000000000000000     
  0.62181818181818183       -1.0924143086297787E-003   0.0000000000000000     
  0.62545454545454549       -1.2811366736433661E-003   0.0000000000000000     
  0.62909090909090903       -1.4054577395062949E-003   0.0000000000000000     
  0.63272727272727269       -1.4527679999924517E-003   0.0000000000000000     
  0.63636363636363635       -1.4182258115883369E-003   0.0000000000000000     
  0.64000000000000001       -1.3053773119225036E-003   0.0000000000000000     
  0.64363636363636367       -1.1256399283832155E-003   0.0000000000000000     
  0.64727272727272722       -8.9727265606009152E-004   0.0000000000000000     
  0.65090909090909088       -6.4343809030422111E-004   0.0000000000000000     
  0.65454545454545454       -3.8987044469225899E-004   0.0000000000000000     
  0.65818181818181820       -1.6229965277719544E-004   0.0000000000000000     
  0.66181818181818186        1.6157535487003194E-005   0.0000000000000000     
  0.66545454545454541        1.2743607025255378E-004   0.0000000000000000     
  0.66909090909090907        1.6024930941081975E-004   0.0000000000000000     
  0.67272727272727273        1.1122534404479605E-004   0.0000000000000000     
  0.67636363636363639       -1.4620198061547907E-005   0.0000000000000000     
  0.68000000000000005       -2.0454964372869266E-004   0.0000000000000000     
  0.68363636363636360       -4.3927226520227154E-004   0.0000000000000000     
  0.68727272727272726       -6.9498086346627579E-004   0.0000000000000000     
  0.69090909090909092       -9.4574864819493897E-004   0.0000000000000000     
  0.69454545454545458       -1.1661321387962398E-003   0.0000000000000000     
  0.69818181818181824       -1.3337420603911731E-003   0.0000000000000000     
  0.70181818181818179       -1.4316150968176459E-003   0.0000000000000000     
  0.70545454545454545       -1.4498242847438838E-003   0.0000000000000000     
  0.70909090909090911       -1.3864784483090648E-003   0.0000000000000000     
  0.71272727272727276       -1.2480463455266828E-003   0.0000000000000000     
  0.71636363636363642       -1.0485443477491029E-003   0.0000000000000000     
  0.71999999999999997       -8.0823199308739495E-004   0.0000000000000000     
  0.72363636363636363       -5.5148343013243463E-004   0.0000000000000000     
  0.72727272727272729       -3.0433345820674436E-004   0.0000000000000000     
  0.73090909090909095       -9.1856113644006026E-005   0.0000000000000000     
  0.73454545454545461        6.4359832870638421E-005   0.0000000000000000     
  0.73818181818181816        1.4850812964034994E-004   0.0000000000000000     
  0.74181818181818182        1.5205387178260029E-004   0.0000000000000000     
  0.74545454545454548        7.4592785111766283E-005   0.0000000000000000     
  0.74909090909090914       -7.5974341861064455E-005   0.0000000000000000     
  0.75272727272727280       -2.8439815807434761E-004   0.0000000000000000     
  0.75636363636363635       -5.2951639742454743E-004   0.0000000000000000     
  0.76000000000000001       -7.8646746510657804E-004   0.0000000000000000     
  0.76363636363636367       -1.0291934728562124E-003   0.0000000000000000     
  0.76727272727272733       -1.2330716148457931E-003   0.0000000000000000     
  0.77090909090909099       -1.3773840426261521E-003   0.0000000000000000     
  0.77454545454545454       -1.4475331256436576E-003   0.0000000000000000     
  0.77818181818181820       -1.4364038565347090E-003   0.0000000000000000     
  0.78181818181818186       -1.3450801814464865E-003   0.0000000000000000     
  0.78545454545454552       -1.1828691486725986E-003   0.0000000000000000     
  0.78909090909090918       -9.6620334879888822E-004   0.0000000000000000     
  0.79272727272727272       -7.1707874904773780E-004   0.0000000000000000     
  0.79636363636363638       -4.6076329713047029E-004   0.0000000000000000     
  0.80000000000000004       -2.2325297488668048E-004   0.0000000000000000     
  0.80363636363636370        4.1311097436028160E-006   0.0000000000000000     
  0.80727272727272736        2.3108573038247931E-004   0.0000000000000000     
  0.81090909090909091        4.3460218107846317E-004   0.0000000000000000     
  0.81454545454545457        5.9403840946210980E-004   0.0000000000000000     
  0.81818181818181823        6.9319723356844724E-004   0.0000000000000000     
  0.82181818181818189        7.2204703053372862E-004   0.0000000000000000     
  0.82545454545454555        6.7762358644801518E-004   0.0000000000000000     
  0.82909090909090910        5.6447113086671426E-004   0.0000000000000000     
  0.83272727272727276        3.9406637196674629E-004   0.0000000000000000     
  0.83636363636363642        1.8366303547259161E-004   0.0000000000000000     
  0.84000000000000008       -4.5368721217899709E-005   0.0000000000000000     
  0.84363636363636374       -2.6978622633647175E-004   0.0000000000000000     
  0.84727272727272729       -4.6684030435684864E-004   0.0000000000000000     
  0.85090909090909095       -6.1654436164397563E-004   0.0000000000000000     
  0.85454545454545461       -7.0368661248523356E-004   0.0000000000000000     
  0.85818181818181827       -7.1945592826538115E-004   0.0000000000000000     
  0.86181818181818193       -6.6221553252311151E-004   0.0000000000000000     
  0.86545454545454548       -5.3780890766308182E-004   0.0000000000000000     
  0.86909090909090914       -3.5885423789931719E-004   0.0000000000000000     
  0.87272727272727280       -1.4347402575686695E-004   0.0000000000000000     
  0.87636363636363646        8.6458349438869758E-005   0.0000000000000000     
  0.88000000000000000        3.0760673620304501E-004   0.0000000000000000     
  0.88363636363636366        4.9755569247392315E-004   0.0000000000000000     
  0.88727272727272721        6.3703927542744262E-004   0.0000000000000000     
  0.89090909090909087        7.1188071325792605E-004   0.0000000000000000     
  0.89454545454545453        7.1451811165220162E-004   0.0000000000000000     
  0.89818181818181819        6.4464747041912557E-004   0.0000000000000000     
  0.90181818181818185        5.0939246459856850E-004   0.0000000000000000     
  0.90545454545454551        3.2247159657119621E-004   0.0000000000000000     
  0.90909090909090917        1.0281703386026411E-004   0.0000000000000000     
  0.91272727272727283       -1.2726596865708374E-004   0.0000000000000000     
  0.91636363636363638       -3.4442389741120487E-004   0.0000000000000000     
  0.92000000000000004       -5.2664815827566536E-004   0.0000000000000000     
  0.92363636363636359       -6.5545630070219731E-004   0.0000000000000000     
  0.92727272727272725       -7.1775280844837009E-004   0.0000000000000000     
  0.93090909090909091       -7.0724968681635809E-004   0.0000000000000000     
  0.93454545454545457       -6.2497670347004715E-004   0.0000000000000000     
  0.93818181818181812       -4.7931449015060435E-004   0.0000000000000000     
  0.94181818181818178       -2.8503712052778277E-004   0.0000000000000000     
  0.94545454545454544       -6.1824674363271587E-005   0.0000000000000000     
  0.94909090909090910        1.6765847297732132E-004   0.0000000000000000     
  0.95272727272727276        3.8011762010283238E-004   0.0000000000000000     
  0.95636363636363630        5.5402280824025439E-004   0.0000000000000000     
  0.95999999999999996        6.7173536499443422E-004   0.0000000000000000     
  0.96363636363636362        7.2128374451361902E-004   0.0000000000000000     
  0.96727272727272728        6.9767436183523865E-004   0.0000000000000000     
  0.97090909090909094        6.0326739359206280E-004   0.0000000000000000     
  0.97454545454545449        4.4767309236350638E-004   0.0000000000000000     
  0.97818181818181815        2.4667291317869995E-004   0.0000000000000000     
  0.98181818181818181        2.0630655745132274E-005   0.0000000000000000     
  0.98545454545454547       -2.0750411052211220E-004   0.0000000000000000     
  0.98909090909090913       -4.1457147884063796E-004   0.0000000000000000     
  0.99272727272727268       -5.7959035200085560E-004   0.0000000000000000     
  0.99636363636363634       -6.8582336941067968E-004   0.0000000000000000     
   1.0000000000000000       -7.2246200428078243E-004   0.0000000000000000     
