X My_beautiful_solution_real My_beautiful_solution_imag
   0.0000000000000000        0.0000000000000000        0.0000000000000000     
   6.0606060606060615E-003  -6.3076185733921235E-005   0.0000000000000000     
   1.2121212121212123E-002  -1.4437759207074554E-004   0.0000000000000000     
   1.8181818181818184E-002  -2.2155333697295145E-004   0.0000000000000000     
   2.4242424242424246E-002  -2.7288080269779157E-004   0.0000000000000000     
   3.0303030303030307E-002  -2.8450209529174949E-004   0.0000000000000000     
   3.6363636363636369E-002  -2.5322236055002858E-004   0.0000000000000000     
   4.2424242424242427E-002  -1.8722719778205659E-004   0.0000000000000000     
   4.8484848484848485E-002  -1.0526489214485386E-004   0.0000000000000000     
   5.4545454545454543E-002  -2.9868016042283607E-005   0.0000000000000000     
   6.3636363636363644E-002   2.6301236927578374E-005   0.0000000000000000     
   7.2727272727272738E-002  -1.1015121941719633E-005   0.0000000000000000     
   7.8787878787878796E-002  -7.9640341578126898E-005   0.0000000000000000     
   8.4848484848484867E-002  -1.6191239290115459E-004   0.0000000000000000     
   9.0909090909090925E-002  -2.3521355013017209E-004   0.0000000000000000     
  0.10000000000000001       -2.8516313733637568E-004   0.0000000000000000     
  0.10909090909090909       -2.4139300825855222E-004   0.0000000000000000     
  0.11515151515151516       -1.7031141304315581E-004   0.0000000000000000     
  0.12121212121212122       -8.7937835636875948E-005   0.0000000000000000     
  0.12727272727272729       -1.6917912746030017E-005   0.0000000000000000     
  0.13636363636363638        2.6685592945000018E-005   0.0000000000000000     
  0.14545454545454548       -2.3427529975200655E-005   0.0000000000000000     
  0.15151515151515155       -9.6785602720759887E-005   0.0000000000000000     
  0.15757575757575759       -1.7905222965872682E-004   0.0000000000000000     
  0.16363636363636366       -2.4761117624701282E-004   0.0000000000000000     
  0.17272727272727276       -2.8475824575831694E-004   0.0000000000000000     
  0.18181818181818185       -2.2842895863436249E-004   0.0000000000000000     
  0.18787878787878790       -1.5298006786885031E-004   0.0000000000000000     
  0.19393939393939397       -7.1028597273372563E-005   0.0000000000000000     
  0.20000000000000001       -5.1041405488359268E-006   0.0000000000000000     
  0.20909090909090911        2.5492478498110318E-005   0.0000000000000000     
  0.21818181818181820       -3.6910410907419748E-005   0.0000000000000000     
  0.22424242424242427       -1.1425916860078181E-004   0.0000000000000000     
  0.23030303030303031       -1.9568807459831501E-004   0.0000000000000000     
  0.23636363636363639       -2.5881119544082239E-004   0.0000000000000000     
  0.24242424242424246       -2.8565404585681014E-004   0.0000000000000000     
  0.24848484848484850       -2.6928095302126374E-004   0.0000000000000000     
  0.25454545454545457       -2.1419310680340358E-004   0.0000000000000000     
  0.26060606060606062       -1.3531780454396507E-004   0.0000000000000000     
  0.26666666666666672       -5.4820031250694971E-005   0.0000000000000000     
  0.27272727272727276        5.1702608870545171E-006   0.0000000000000000     
  0.27878787878787881        2.7527497361310203E-005   0.0000000000000000     
  0.28484848484848491        6.5765211602585815E-006   0.0000000000000000     
  0.29090909090909095       -5.1922954339180302E-005   0.0000000000000000     
  0.29696969696969699       -1.3206970569300903E-004   0.0000000000000000     
  0.30303030303030304       -2.1137600347685708E-004   0.0000000000000000     
  0.30909090909090908       -2.6803944861221820E-004   0.0000000000000000     
  0.31515151515151518       -2.8583876422964166E-004   0.0000000000000000     
  0.32121212121212123       -2.6037766350524706E-004   0.0000000000000000     
  0.32727272727272733       -1.9865575547997524E-004   0.0000000000000000     
  0.33333333333333337       -1.1749676257524666E-004   0.0000000000000000     
  0.33939393939393947       -3.9638429681669208E-005   0.0000000000000000     
  0.34545454545454551        1.3514909714409749E-005   0.0000000000000000     
  0.35151515151515156        2.6698738612391298E-005   0.0000000000000000     
  0.35757575757575766       -3.1901413217576934E-006   0.0000000000000000     
  0.36363636363636370       -6.7934863249668394E-005   0.0000000000000000     
  0.36969696969696975       -1.4984361640907947E-004   0.0000000000000000     
  0.37575757575757585       -2.2600217798394434E-004   0.0000000000000000     
  0.38181818181818189       -2.7547350515294935E-004   0.0000000000000000     
  0.38787878787878793       -2.8399920869867255E-004   0.0000000000000000     
  0.39393939393939398       -2.4977921502173522E-004   0.0000000000000000     
  0.40000000000000002       -1.8222107408294878E-004   0.0000000000000000     
  0.40606060606060607       -8.1734760993433078E-005   0.0000000000000000     
  0.41212121212121217        4.1250862498298794E-005   0.0000000000000000     
  0.41818181818181821        1.5292534603439533E-004   0.0000000000000000     
  0.42727272727272725        2.3326459386577053E-004   0.0000000000000000     
  0.43636363636363634        1.7340040771738634E-004   0.0000000000000000     
  0.44242424242424244        6.9080237163749234E-005   0.0000000000000000     
  0.44848484848484849       -5.4241783593542535E-005   0.0000000000000000     
  0.45454545454545459       -1.6266272393166824E-004   0.0000000000000000     
  0.46363636363636368       -2.3360617707591716E-004   0.0000000000000000     
  0.47272727272727277       -1.6414088801827546E-004   0.0000000000000000     
  0.48181818181818187        4.1649658427236773E-006   0.0000000000000000     
  0.49090909090909096        1.6996747145064722E-004   0.0000000000000000     
  0.50000000000000000        2.3342082396692857E-004   0.0000000000000000     
  0.50909090909090904        1.5657684056869821E-004   0.0000000000000000     
  0.51818181818181808       -1.4552872264675562E-005   0.0000000000000000     
  0.52727272727272723       -1.7693559683051082E-004   0.0000000000000000     
  0.53636363636363638       -2.3277317877106921E-004   0.0000000000000000     
  0.54545454545454541       -1.4870269124752175E-004   0.0000000000000000     
  0.55454545454545445        2.4911956589376896E-005   0.0000000000000000     
  0.56363636363636360        1.8355329963491517E-004   0.0000000000000000     
  0.56969696969696970        2.3169001528744029E-004   0.0000000000000000     
  0.57575757575757580        2.1580813965673423E-004   0.0000000000000000     
  0.58181818181818190        1.4027382020260722E-004   0.0000000000000000     
  0.59090909090909094       -3.5213424702422952E-005   0.0000000000000000     
  0.59999999999999998       -1.8953567845449504E-004   0.0000000000000000     
  0.60606060606060608       -2.3246362862700101E-004   0.0000000000000000     
  0.61212121212121207       -2.1116311176232034E-004   0.0000000000000000     
  0.61818181818181817       -1.3148993480441079E-004   0.0000000000000000     
  0.62424242424242427       -1.5000314131296633E-005   0.0000000000000000     
  0.63030303030303025        1.0554758272646636E-004   0.0000000000000000     
  0.63636363636363635        1.9701347020755969E-004   0.0000000000000000     
  0.64242424242424245        2.3331669183272282E-004   0.0000000000000000     
  0.64848484848484844        2.0516065351453220E-004   0.0000000000000000     
  0.65454545454545454        1.2028583994382610E-004   0.0000000000000000     
  0.66060606060606064        1.7316663322522279E-006   0.0000000000000000     
  0.66666666666666663       -1.1721500537129714E-004   0.0000000000000000     
  0.67272727272727273       -2.0385408856576586E-004   0.0000000000000000     
  0.67878787878787883       -2.3341517115920232E-004   0.0000000000000000     
  0.68484848484848482       -1.9849467256469978E-004   0.0000000000000000     
  0.69090909090909092       -1.0869272124182758E-004   0.0000000000000000     
  0.69696969696969702        1.1542581955502558E-005   0.0000000000000000     
  0.70303030303030301        1.2850333574988801E-004   0.0000000000000000     
  0.70909090909090911        2.1003540986407881E-004   0.0000000000000000     
  0.71515151515151520        2.3275874810838615E-004   0.0000000000000000     
  0.72121212121212119        1.9118672777226255E-004   0.0000000000000000     
  0.72727272727272729        9.6748072717441283E-005   0.0000000000000000     
  0.73333333333333339       -2.4779499668234947E-005   0.0000000000000000     
  0.73939393939393938       -1.3937606557789666E-004   0.0000000000000000     
  0.74545454545454548       -2.1553744271068039E-004   0.0000000000000000     
  0.75151515151515158       -2.3134954565848121E-004   0.0000000000000000     
  0.75757575757575757       -1.8326045421145114E-004   0.0000000000000000     
  0.76363636363636367       -8.4490525293936752E-005   0.0000000000000000     
  0.76969696969696977        3.7936276475323495E-005   0.0000000000000000     
  0.77575757575757576        1.4979803069031157E-004   0.0000000000000000     
  0.78181818181818186        2.2034239264236076E-004   0.0000000000000000     
  0.78787878787878796        2.2919212139790103E-004   0.0000000000000000     
  0.79393939393939394        1.7474148673163954E-004   0.0000000000000000     
  0.80000000000000004        7.1959721860179941E-005   0.0000000000000000     
  0.80606060606060614       -5.0970361234783888E-005   0.0000000000000000     
  0.81212121212121213       -1.5973552476804286E-004   0.0000000000000000     
  0.81818181818181823       -2.2443471967468681E-004   0.0000000000000000     
  0.82424242424242433       -2.2629345278528723E-004   0.0000000000000000     
  0.83030303030303032       -1.6565737705009879E-004   0.0000000000000000     
  0.83636363636363642       -5.9196189059124578E-005   0.0000000000000000     
  0.84242424242424252        6.3839599610537989E-005   0.0000000000000000     
  0.84848484848484851        1.6915640834960492E-004   0.0000000000000000     
  0.85454545454545461        2.2780118856082336E-004   0.0000000000000000     
  0.86060606060606071        2.2266291458328171E-004   0.0000000000000000     
  0.86666666666666670        1.5603750464529271E-004   0.0000000000000000     
  0.87272727272727280        4.6241206218101067E-005   0.0000000000000000     
  0.87878787878787878       -7.6502370406347244E-005   0.0000000000000000     
  0.88484848484848488       -1.7803021277532598E-004   0.0000000000000000     
  0.89090909090909087       -2.3043091159645875E-004   0.0000000000000000     
  0.89696969696969697       -2.1831224853902968E-004   0.0000000000000000     
  0.90303030303030307       -1.4591298173889745E-004   0.0000000000000000     
  0.90909090909090917       -3.3136671844803243E-005   0.0000000000000000     
  0.91515151515151516        8.8917720175486076E-005   0.0000000000000000     
  0.92121212121212126        1.8632823872792128E-004   0.0000000000000000     
  0.92727272727272725        2.3231538383240252E-004   0.0000000000000000     
  0.93333333333333335        2.1325552540947139E-004   0.0000000000000000     
  0.93939393939393934        1.3531655267385131E-004   0.0000000000000000     
  0.94545454545454544        1.9924968120744647E-005   0.0000000000000000     
  0.95151515151515154       -1.0104549567080563E-004   0.0000000000000000     
  0.95757575757575752       -1.9402364905071688E-004   0.0000000000000000     
  0.96363636363636362       -2.3344851058096326E-004   0.0000000000000000     
  0.96969696969696972       -2.0750909945424205E-004   0.0000000000000000     
  0.97575757575757571       -1.2428248801385196E-004   0.0000000000000000     
  0.98181818181818181       -6.6488238304289621E-006   0.0000000000000000     
  0.98787878787878791        1.1284647370682760E-004   0.0000000000000000     
  0.99393939393939390        2.0109155554335264E-004   0.0000000000000000     
   1.0000000000000000        2.3382662712715155E-004   0.0000000000000000     
