X My_beautiful_solution_real My_beautiful_solution_imag
   0.0000000000000000        0.0000000000000000        0.0000000000000000     
   3.0303030303030299E-003  -2.4573872743039042E-005   0.0000000000000000     
   6.0606060606060615E-003  -5.6540823587647032E-005   0.0000000000000000     
   9.0909090909090922E-003  -9.3642222575452259E-005   0.0000000000000000     
   1.2121212121212123E-002  -1.3325776707303849E-004   0.0000000000000000     
   1.5151515151515152E-002  -1.7258959233235337E-004   0.0000000000000000     
   1.8181818181818184E-002  -2.0885883965694282E-004   0.0000000000000000     
   2.1212121212121213E-002  -2.3950409932085138E-004   0.0000000000000000     
   2.4242424242424246E-002  -2.6236076449183697E-004   0.0000000000000000     
   2.7272727272727275E-002  -2.7581419210848297E-004   0.0000000000000000     
   3.0303030303030307E-002  -2.7891422904764463E-004   0.0000000000000000     
   3.3333333333333340E-002  -2.7144193282422388E-004   0.0000000000000000     
   3.6363636363636369E-002  -2.5392499117908541E-004   0.0000000000000000     
   3.9393939393939398E-002  -2.2760090325522452E-004   0.0000000000000000     
   4.2424242424242427E-002  -1.9432856022911929E-004   0.0000000000000000     
   4.5454545454545456E-002  -1.5645880771757246E-004   0.0000000000000000     
   4.8484848484848485E-002  -1.1666621359562241E-004   0.0000000000000000     
   5.1515151515151514E-002  -7.7761146876755932E-005   0.0000000000000000     
   5.4545454545454543E-002  -4.2492328901603536E-005   0.0000000000000000     
   5.7575757575757572E-002  -1.3350493219443529E-005   0.0000000000000000     
   6.0606060606060608E-002   7.6059185190549142E-006   0.0000000000000000     
   6.3636363636363644E-002   1.8896524985983624E-005   0.0000000000000000     
   6.6666666666666680E-002   1.9723923250180989E-005   0.0000000000000000     
   6.9696969696969702E-002   1.0029676906936628E-005   0.0000000000000000     
   7.2727272727272738E-002  -9.5015410506474365E-006   0.0000000000000000     
   7.5757575757575774E-002  -3.7489980452267388E-005   0.0000000000000000     
   7.8787878787878796E-002  -7.1959188192933195E-005   0.0000000000000000     
   8.1818181818181832E-002  -1.1047377096716428E-004   0.0000000000000000     
   8.4848484848484867E-002  -1.5031361954277110E-004   0.0000000000000000     
   8.7878787878787890E-002  -1.8866502748038878E-004   0.0000000000000000     
   9.0909090909090925E-002  -2.2281837655287214E-004   0.0000000000000000     
   9.3939393939393948E-002  -2.5036173364273196E-004   0.0000000000000000     
   9.6969696969696983E-002  -2.6934953648966758E-004   0.0000000000000000     
  0.10000000000000001       -2.7844049419545769E-004   0.0000000000000000     
  0.10303030303030303       -2.7699255498353650E-004   0.0000000000000000     
  0.10606060606060606       -2.6510797913698682E-004   0.0000000000000000     
  0.10909090909090909       -2.4362619164016100E-004   0.0000000000000000     
  0.11212121212121212       -2.1406469323241215E-004   0.0000000000000000     
  0.11515151515151516       -1.7851105216804044E-004   0.0000000000000000     
  0.11818181818181819       -1.3947726569446442E-004   0.0000000000000000     
  0.12121212121212122       -9.9720111970113846E-005   0.0000000000000000     
  0.12424242424242425       -6.2047457134685138E-005   0.0000000000000000     
  0.12727272727272729       -2.9120978090404468E-005   0.0000000000000000     
  0.13030303030303031       -3.2659402984886844E-006   0.0000000000000000     
  0.13333333333333336        1.3691319390816483E-005   0.0000000000000000     
  0.13636363636363638        2.0552975521085060E-005   0.0000000000000000     
  0.13939393939393940        1.6834421709784882E-005   0.0000000000000000     
  0.14242424242424245        2.7982813760041405E-006   0.0000000000000000     
  0.14545454545454548       -2.0564006534469216E-005   0.0000000000000000     
  0.14909090909090911       -5.8545879880607857E-005   0.0000000000000000     
  0.15272727272727274       -1.0369955939653093E-004   0.0000000000000000     
  0.15636363636363640       -1.5144334203535695E-004   0.0000000000000000     
  0.16000000000000003       -1.9693472165974095E-004   0.0000000000000000     
  0.16363636363636366       -2.3555792669255083E-004   0.0000000000000000     
  0.16666666666666669       -2.5964031142311841E-004   0.0000000000000000     
  0.16969696969696973       -2.7451171689577014E-004   0.0000000000000000     
  0.17272727272727276       -2.7912169015372146E-004   0.0000000000000000     
  0.17575757575757578       -2.7314465089381710E-004   0.0000000000000000     
  0.17878787878787883       -2.5700272904806323E-004   0.0000000000000000     
  0.18181818181818185       -2.3183614365570779E-004   0.0000000000000000     
  0.18484848484848487       -1.9942261410932428E-004   0.0000000000000000     
  0.18787878787878790       -1.6205117109596189E-004   0.0000000000000000     
  0.19090909090909092       -1.2236221576752591E-004   0.0000000000000000     
  0.19393939393939397       -8.3158797746169097E-005   0.0000000000000000     
  0.19696969696969699       -4.7209675468174864E-005   0.0000000000000000     
  0.20000000000000001       -1.7054782368058694E-005   0.0000000000000000     
  0.20303030303030303        5.1763975726564101E-006   0.0000000000000000     
  0.20606060606060608        1.7913441398236056E-005   0.0000000000000000     
  0.20909090909090911        2.0256695010518911E-005   0.0000000000000000     
  0.21212121212121213        1.2040666160916436E-005   0.0000000000000000     
  0.21515151515151518       -6.1543856056867100E-006   0.0000000000000000     
  0.21818181818181820       -3.3043180313894196E-005   0.0000000000000000     
  0.22121212121212122       -6.6726379265808942E-005   0.0000000000000000     
  0.22424242424242427       -1.0482526161911557E-004   0.0000000000000000     
  0.22727272727272729       -1.4464804508572724E-004   0.0000000000000000     
  0.23030303030303031       -1.8338222843339023E-004   0.0000000000000000     
  0.23333333333333336       -2.1829219306785327E-004   0.0000000000000000     
  0.23636363636363639       -2.4691141059502824E-004   0.0000000000000000     
  0.23939393939393941       -2.6721887225791385E-004   0.0000000000000000     
  0.24242424242424246       -2.7778000884699403E-004   0.0000000000000000     
  0.24545454545454548       -2.7784889960739571E-004   0.0000000000000000     
  0.24848484848484850       -2.6742068014641227E-004   0.0000000000000000     
  0.25151515151515152       -2.4723184693578533E-004   0.0000000000000000     
  0.25454545454545457       -2.1870854857093883E-004   0.0000000000000000     
  0.25757575757575762       -1.8386554780705887E-004   0.0000000000000000     
  0.26060606060606062       -1.4516349674878278E-004   0.0000000000000000     
  0.26363636363636367       -1.0533677878606962E-004   0.0000000000000000     
  0.26666666666666672       -6.7198172966863532E-005   0.0000000000000000     
  0.26969696969696971       -3.3441235024158054E-005   0.0000000000000000     
  0.27272727272727276       -6.4510430086859932E-006   0.0000000000000000     
  0.27575757575757581        1.1866461657550192E-005   0.0000000000000000     
  0.27878787878787881        2.0217242777822785E-005   0.0000000000000000     
  0.28181818181818186        1.8011545979002420E-005   0.0000000000000000     
  0.28484848484848491        5.4051505909025086E-006   0.0000000000000000     
  0.28787878787878790       -1.6711612286281389E-005   0.0000000000000000     
  0.29090909090909095       -4.6776377237374856E-005   0.0000000000000000     
  0.29393939393939394       -8.2665529187220230E-005   0.0000000000000000     
  0.29696969696969699       -1.2184451090455116E-004   0.0000000000000000     
  0.30000000000000004       -1.6154525688778342E-004   0.0000000000000000     
  0.30303030303030304       -1.9896388497386960E-004   0.0000000000000000     
  0.30606060606060603       -2.3145768810999069E-004   0.0000000000000000     
  0.30909090909090908       -2.5673081821760672E-004   0.0000000000000000     
  0.31212121212121213       -2.7299861799446256E-004   0.0000000000000000     
  0.31515151515151518       -2.7911180513371314E-004   0.0000000000000000     
  0.31818181818181823       -2.7463871530015072E-004   0.0000000000000000     
  0.32121212121212123       -2.5989526342631554E-004   0.0000000000000000     
  0.32424242424242428       -2.3592271116587316E-004   0.0000000000000000     
  0.32727272727272733       -2.0441454464251843E-004   0.0000000000000000     
  0.33030303030303038       -1.6759630446042136E-004   0.0000000000000000     
  0.33333333333333337       -1.2806818577862440E-004   0.0000000000000000     
  0.33636363636363642       -8.8622907356044500E-005   0.0000000000000000     
  0.33939393939393947       -5.2046308790031240E-005   0.0000000000000000     
  0.34242424242424246       -2.0921628492137445E-005   0.0000000000000000     
  0.34545454545454551        2.5520040105036566E-006   0.0000000000000000     
  0.34848484848484856        1.6717036716543901E-005   0.0000000000000000     
  0.35151515151515156        2.0572689929015759E-005   0.0000000000000000     
  0.35454545454545461        1.3846797349968399E-005   0.0000000000000000     
  0.35757575757575766       -2.9856209341747875E-006   0.0000000000000000     
  0.36060606060606065       -2.8735769095354845E-005   0.0000000000000000     
  0.36363636363636370       -6.1584564101082792E-005   0.0000000000000000     
  0.36666666666666675       -9.9211799069024378E-005   0.0000000000000000     
  0.36969696969696975       -1.3896012220849163E-004   0.0000000000000000     
  0.37272727272727280       -1.7802127077133043E-004   0.0000000000000000     
  0.37575757575757585       -2.1363653455558785E-004   0.0000000000000000     
  0.37878787878787884       -2.4329056977772162E-004   0.0000000000000000     
  0.38181818181818189       -2.6488813856541090E-004   0.0000000000000000     
  0.38484848484848488       -2.7690420080830300E-004   0.0000000000000000     
  0.38787878787878793       -2.7848974375465604E-004   0.0000000000000000     
  0.39090909090909098       -2.6953298689366749E-004   0.0000000000000000     
  0.39393939393939398       -2.5066650604886040E-004   0.0000000000000000     
  0.39696969696969697       -2.2322275361779989E-004   0.0000000000000000     
  0.40000000000000002       -1.8914047607103236E-004   0.0000000000000000     
  0.40303030303030307       -1.4626280652003240E-004   0.0000000000000000     
  0.40606060606060607       -9.3053440781812286E-005   0.0000000000000000     
  0.40909090909090912       -3.3271849963141069E-005   0.0000000000000000     
  0.41212121212121217        2.8859864941663813E-005   0.0000000000000000     
  0.41515151515151516        8.8953624875055047E-005   0.0000000000000000     
  0.41818181818181821        1.4276366941927919E-004   0.0000000000000000     
  0.42121212121212120        1.8648988409771219E-004   0.0000000000000000     
  0.42424242424242425        2.1704362343257546E-004   0.0000000000000000     
  0.42727272727272725        2.3226656977788551E-004   0.0000000000000000     
  0.43030303030303030        2.3108359758715506E-004   0.0000000000000000     
  0.43333333333333329        2.1357825314751927E-004   0.0000000000000000     
  0.43636363636363634        1.8098694289076932E-004   0.0000000000000000     
  0.43939393939393939        1.3561197732826909E-004   0.0000000000000000     
  0.44242424242424244        8.0657623327550203E-005   0.0000000000000000     
  0.44545454545454544        2.0006618051876281E-005   0.0000000000000000     
  0.44848484848484849       -4.2057534825085166E-005   0.0000000000000000     
  0.45151515151515154       -1.0115152774981768E-004   0.0000000000000000     
  0.45454545454545459       -1.5310021407421152E-004   0.0000000000000000     
  0.45757575757575764       -1.9423496911328346E-004   0.0000000000000000     
  0.46060606060606063       -2.2165014980386839E-004   0.0000000000000000     
  0.46363636363636368       -2.3340918977899960E-004   0.0000000000000000     
  0.46666666666666673       -2.2868160338883225E-004   0.0000000000000000     
  0.46969696969696972       -2.0780127682646119E-004   0.0000000000000000     
  0.47272727272727277       -1.7224306792287721E-004   0.0000000000000000     
  0.47575757575757582       -1.2451881005486672E-004   0.0000000000000000     
  0.47878787878787882       -6.7998717471545522E-005   0.0000000000000000     
  0.48181818181818187       -6.6761287111148602E-006   0.0000000000000000     
  0.48484848484848492        5.5118021772018334E-005   0.0000000000000000     
  0.48787878787878791        1.1301949536649251E-004   0.0000000000000000     
  0.49090909090909096        1.6293737765435924E-004   0.0000000000000000     
  0.49545454545454548        2.1535347880966308E-004   0.0000000000000000     
  0.50000000000000000        2.3378647669681360E-004   0.0000000000000000     
  0.50454545454545452        2.1535347716237864E-004   0.0000000000000000     
  0.50909090909090904        1.6293737461822418E-004   0.0000000000000000     
  0.51212121212121209        1.1301949166034371E-004   0.0000000000000000     
  0.51515151515151514        5.5118017657637129E-005   0.0000000000000000     
  0.51818181818181808       -6.6761329431121498E-006   0.0000000000000000     
  0.52121212121212113       -6.7998721522237121E-005   0.0000000000000000     
  0.52424242424242418       -1.2451881363813446E-004   0.0000000000000000     
  0.52727272727272723       -1.7224307078561986E-004   0.0000000000000000     
  0.53030303030303028       -2.0780127876647464E-004   0.0000000000000000     
  0.53333333333333333       -2.2868160426907537E-004   0.0000000000000000     
  0.53636363636363638       -2.3340918953730703E-004   0.0000000000000000     
  0.53939393939393931       -2.2165014845731195E-004   0.0000000000000000     
  0.54242424242424236       -1.9423496675696614E-004   0.0000000000000000     
  0.54545454545454541       -1.5310021087457966E-004   0.0000000000000000     
  0.54848484848484846       -1.0115152393287076E-004   0.0000000000000000     
  0.55151515151515151       -4.2057530660431857E-005   0.0000000000000000     
  0.55454545454545445        2.0006622270068916E-005   0.0000000000000000     
  0.55757575757575750        8.0657627301336063E-005   0.0000000000000000     
  0.56060606060606055        1.3561198077696195E-004   0.0000000000000000     
  0.56363636363636360        1.8098694557077403E-004   0.0000000000000000     
  0.56666666666666665        2.1357825486953915E-004   0.0000000000000000     
  0.56969696969696970        2.3108359822954683E-004   0.0000000000000000     
  0.57272727272727275        2.3226656929528367E-004   0.0000000000000000     
  0.57575757575757580        2.1704362185906754E-004   0.0000000000000000     
  0.57878787878787885        1.8648988154443182E-004   0.0000000000000000     
  0.58181818181818190        1.4276366606658526E-004   0.0000000000000000     
  0.58484848484848495        8.8953620959758643E-005   0.0000000000000000     
  0.58787878787878789        2.8859860740320011E-005   0.0000000000000000     
  0.59090909090909094       -3.3271854153773861E-005   0.0000000000000000     
  0.59393939393939399       -9.3053444665732856E-005   0.0000000000000000     
  0.59696969696969693       -1.4626280982290196E-004   0.0000000000000000     
  0.59999999999999998       -1.8914047855955773E-004   0.0000000000000000     
  0.60303030303030303       -2.1865858309975483E-004   0.0000000000000000     
  0.60606060606060608       -2.3273184552580323E-004   0.0000000000000000     
  0.60909090909090913       -2.3036634378332293E-004   0.0000000000000000     
  0.61212121212121207       -2.1172914408117117E-004   0.0000000000000000     
  0.61515151515151512       -1.7813650510222967E-004   0.0000000000000000     
  0.61818181818181817       -1.3196145585484830E-004   0.0000000000000000     
  0.62121212121212122       -7.6465569765046376E-005   0.0000000000000000     
  0.62424242424242427       -1.5568055953310450E-005   0.0000000000000000     
  0.62727272727272720        4.6428560165137810E-005   0.0000000000000000     
  0.63030303030303025        1.0514574103578845E-004   0.0000000000000000     
  0.63333333333333330        1.5643655998549870E-004   0.0000000000000000     
  0.63636363636363635        1.9667707462216324E-004   0.0000000000000000     
  0.63939393939393940        2.2302569248243751E-004   0.0000000000000000     
  0.64242424242424245        2.3362096991777156E-004   0.0000000000000000     
  0.64545454545454550        2.2771471114206265E-004   0.0000000000000000     
  0.64848484848484844        2.0572404984546040E-004   0.0000000000000000     
  0.65151515151515149        1.6920208440797044E-004   0.0000000000000000     
  0.65454545454545454        1.2072881480371849E-004   0.0000000000000000     
  0.65757575757575759        6.3728103775949257E-005   0.0000000000000000     
  0.66060606060606064        2.2254714037663677E-006   0.0000000000000000     
  0.66363636363636358       -5.9433825863920855E-005   0.0000000000000000     
  0.66666666666666663       -1.1689507385425877E-004   0.0000000000000000     
  0.66969696969696968       -1.6610004660644350E-004   0.0000000000000000     
  0.67272727272727273       -2.0357215094879590E-004   0.0000000000000000     
  0.67575757575757578       -2.2666533841453064E-004   0.0000000000000000     
  0.67878787878787883       -2.3374807126649871E-004   0.0000000000000000     
  0.68181818181818188       -2.2432032044600821E-004   0.0000000000000000     
  0.68484848484848482       -1.9904792652110950E-004   0.0000000000000000     
  0.68787878787878787       -1.5971576168484505E-004   0.0000000000000000     
  0.69090909090909092       -1.0910238145348116E-004   0.0000000000000000     
  0.69393939393939397       -5.0782769958906538E-005   0.0000000000000000     
  0.69696969696969702        1.1124372170908684E-005   0.0000000000000000     
  0.69999999999999996        7.2245230776695561E-005   0.0000000000000000     
  0.70303030303030301        1.2826311923971450E-004   0.0000000000000000     
  0.70606060606060606        1.7522174940103874E-004   0.0000000000000000     
  0.70909090909090911        2.0980321723369400E-004   0.0000000000000000     
  0.71212121212121215        2.2956564912754329E-004   0.0000000000000000     
  0.71515151515151520        2.3311273499380445E-004   0.0000000000000000     
  0.71818181818181825        2.2019424349204925E-004   0.0000000000000000     
  0.72121212121212119        1.9172255023469840E-004   0.0000000000000000     
  0.72424242424242424        1.4970847934574189E-004   0.0000000000000000     
  0.72727272727272729        9.7120078813045600E-005   0.0000000000000000     
  0.73030303030303034        3.7671793302002619E-005   0.0000000000000000     
  0.73333333333333339       -2.4437930355882516E-005   0.0000000000000000     
  0.73636363636363633       -8.4820986763624578E-005   0.0000000000000000     
  0.73939393939393938       -1.3921279699107862E-004   0.0000000000000000     
  0.74242424242424243       -1.8377191527081224E-004   0.0000000000000000     
  0.74545454545454548       -2.1534994903383013E-004   0.0000000000000000     
  0.74848484848484853       -2.3171716441079020E-004   0.0000000000000000     
  0.75151515151515158       -2.3171703343454858E-004   0.0000000000000000     
  0.75454545454545463       -2.1534993868556018E-004   0.0000000000000000     
  0.75757575757575757       -1.8377181484101506E-004   0.0000000000000000     
  0.76060606060606062       -1.3921287906553000E-004   0.0000000000000000     
  0.76363636363636367       -8.4820990662974456E-005   0.0000000000000000     
  0.76666666666666672       -2.4437939085834939E-005   0.0000000000000000     
  0.76969696969696977        3.7671777091721875E-005   0.0000000000000000     
  0.77272727272727271        9.7120074322684473E-005   0.0000000000000000     
  0.77575757575757576        1.4970839153553405E-004   0.0000000000000000     
  0.77878787878787881        1.9172265535194043E-004   0.0000000000000000     
  0.78181818181818186        2.2019425406301984E-004   0.0000000000000000     
  0.78484848484848491        2.3311286646863274E-004   0.0000000000000000     
  0.78787878787878796        2.2956551907710564E-004   0.0000000000000000     
  0.79090909090909101        2.0980320714187862E-004   0.0000000000000000     
  0.79393939393939394        1.7522165398626771E-004   0.0000000000000000     
  0.79696969696969699        1.2826319531069989E-004   0.0000000000000000     
  0.80000000000000004        7.2245234072315537E-005   0.0000000000000000     
  0.80259740259740264        2.0006626888841342E-005   0.0000000000000000     
  0.80519480519480524       -3.3271860300336090E-005   0.0000000000000000     
  0.80779220779220784       -8.4820988694044350E-005   0.0000000000000000     
  0.81038961038961044       -1.3196145311844494E-004   0.0000000000000000     
  0.81298701298701304       -1.7224307582550295E-004   0.0000000000000000     
  0.81558441558441563       -2.0357214672558023E-004   0.0000000000000000     
  0.81818181818181823       -2.2432033121586709E-004   0.0000000000000000     
  0.82121212121212128       -2.3374820281846979E-004   0.0000000000000000     
  0.82424242424242433       -2.2666520971770300E-004   0.0000000000000000     
  0.82727272727272738       -2.0357214114591525E-004   0.0000000000000000     
  0.83030303030303032       -1.6609995651346938E-004   0.0000000000000000     
  0.83333333333333337       -1.1689514366549751E-004   0.0000000000000000     
  0.83636363636363642       -5.9433828533783728E-005   0.0000000000000000     
  0.83896103896103902       -6.6761373474271845E-006   0.0000000000000000     
  0.84155844155844162        4.6428567483940315E-005   0.0000000000000000     
  0.84415584415584421        9.7120076576872263E-005   0.0000000000000000     
  0.84675324675324681        1.4276366308471676E-004   0.0000000000000000     
  0.84935064935064941        1.8098695114381703E-004   0.0000000000000000     
  0.85194805194805201        2.0980321259943973E-004   0.0000000000000000     
  0.85454545454545461        2.2771472207473321E-004   0.0000000000000000     
  0.85757575757575766        2.3362110111680267E-004   0.0000000000000000     
  0.86060606060606071        2.2302556555804453E-004   0.0000000000000000     
  0.86363636363636376        1.9667706513933200E-004   0.0000000000000000     
  0.86666666666666670        1.5643647550748414E-004   0.0000000000000000     
  0.86969696969696975        1.0514580435907668E-004   0.0000000000000000     
  0.87272727272727280        4.6428562200283807E-005   0.0000000000000000     
  0.87532467532467539       -6.6761283663343714E-006   0.0000000000000000     
  0.87792207792207799       -5.9433834330891611E-005   0.0000000000000000     
  0.88051948051948059       -1.0910237895694697E-004   0.0000000000000000     
  0.88311688311688308       -1.5310020765636461E-004   0.0000000000000000     
  0.88571428571428568       -1.8914048464681839E-004   0.0000000000000000     
  0.88831168831168827       -2.1534994400276643E-004   0.0000000000000000     
  0.89090909090909087       -2.3036635484218268E-004   0.0000000000000000     
  0.89393939393939392       -2.3273197594296351E-004   0.0000000000000000     
  0.89696969696969697       -2.1865845836085604E-004   0.0000000000000000     
  0.90000000000000002       -1.8914046942687684E-004   0.0000000000000000     
  0.90303030303030307       -1.4626273123473574E-004   0.0000000000000000     
  0.90606060606060612       -9.3053501294077597E-005   0.0000000000000000     
  0.90909090909090917       -3.3271855547365734E-005   0.0000000000000000     
  0.91212121212121222        2.8859882012085082E-005   0.0000000000000000     
  0.91515151515151516        8.8953575641707790E-005   0.0000000000000000     
  0.91818181818181821        1.4276365942124362E-004   0.0000000000000000     
  0.92121212121212126        1.8648977386928348E-004   0.0000000000000000     
  0.92424242424242420        2.1704374219689283E-004   0.0000000000000000     
  0.92727272727272725        2.3226658043373397E-004   0.0000000000000000     
  0.93030303030303030        2.3108372743183101E-004   0.0000000000000000     
  0.93333333333333335        2.1357813271884903E-004   0.0000000000000000     
  0.93636363636363629        1.8098693681762288E-004   0.0000000000000000     
  0.93939393939393934        1.3561190833835017E-004   0.0000000000000000     
  0.94242424242424239        8.0657677056936175E-005   0.0000000000000000     
  0.94545454545454544        2.0006623027523911E-005   0.0000000000000000     
  0.94848484848484849       -4.2057559311206732E-005   0.0000000000000000     
  0.95151515151515154       -1.0115147163853422E-004   0.0000000000000000     
  0.95454545454545459       -1.5310020372932574E-004   0.0000000000000000     
  0.95757575757575752       -1.9423485494469579E-004   0.0000000000000000     
  0.96060606060606057       -2.2165027163678356E-004   0.0000000000000000     
  0.96363636363636362       -2.3340920071901727E-004   0.0000000000000000     
  0.96666666666666667       -2.2868173183505382E-004   0.0000000000000000     
  0.96969696969696972       -2.0780115960242418E-004   0.0000000000000000     
  0.97272727272727266       -1.7224306244054919E-004   0.0000000000000000     
  0.97575757575757571       -1.2451874758535604E-004   0.0000000000000000     
  0.97878787878787876       -6.7998764242798069E-005   0.0000000000000000     
  0.98181818181818181       -6.6761330619553167E-006   0.0000000000000000     
  0.98484848484848486        5.5118053593974124E-005   0.0000000000000000     
  0.98787878787878791        1.1301943256029890E-004   0.0000000000000000     
  0.99090909090909096        1.6293736699636677E-004   0.0000000000000000     
  0.99393939393939390        2.0134638229708126E-004   0.0000000000000000     
  0.99696969696969695        2.2553382396298723E-004   0.0000000000000000     
   1.0000000000000000        2.3379048870816692E-004   0.0000000000000000     
