X My_beautiful_solution_real My_beautiful_solution_imag
   0.0000000000000000       -5.1097610511724366E-026   0.0000000000000000     
   2.5974025974025978E-003   5.3167617481612501E-005   0.0000000000000000     
   5.1948051948051957E-003   1.0357180533456946E-004   0.0000000000000000     
   7.7922077922077931E-003   1.4859270383335750E-004   0.0000000000000000     
   1.0389610389610391E-002   1.8589033334378706E-004   0.0000000000000000     
   1.2987012987012988E-002   2.1352610834285280E-004   0.0000000000000000     
   1.5584415584415586E-002   2.3006358926483904E-004   0.0000000000000000     
   1.8181818181818184E-002   2.3464326698369119E-004   0.0000000000000000     
   2.0454545454545458E-002   2.2863857849949243E-004   0.0000000000000000     
   2.2727272727272731E-002   2.1352610093987673E-004   0.0000000000000000     
   2.5000000000000001E-002   1.8990783608967008E-004   0.0000000000000000     
   2.7272727272727275E-002   1.5872461667639718E-004   0.0000000000000000     
   2.9545454545454548E-002   1.2121862159679708E-004   0.0000000000000000     
   3.1818181818181822E-002   7.8883896583266801E-005   0.0000000000000000     
   3.4090909090909095E-002   3.3406842370979887E-005   0.0000000000000000     
   3.6363636363636369E-002  -1.3400970100741896E-005   0.0000000000000000     
   3.8961038961038967E-002  -6.6133610846030793E-005   0.0000000000000000     
   4.1558441558441558E-002  -1.1542890042442928E-004   0.0000000000000000     
   4.4155844155844157E-002  -1.5872461292082692E-004   0.0000000000000000     
   4.6753246753246755E-002  -1.9377043931063164E-004   0.0000000000000000     
   4.9350649350649346E-002  -2.1874483402719981E-004   0.0000000000000000     
   5.1948051948051945E-002  -2.3234968402669176E-004   0.0000000000000000     
   5.4545454545454543E-002  -2.3387790941795908E-004   0.0000000000000000     
   5.6818181818181816E-002  -2.2523041631934218E-004   0.0000000000000000     
   5.9090909090909090E-002  -2.0761089790877313E-004   0.0000000000000000     
   6.1363636363636363E-002  -1.8172122353732136E-004   0.0000000000000000     
   6.3636363636363644E-002  -1.4859270736241784E-004   0.0000000000000000     
   6.5909090909090917E-002  -1.0954501888785631E-004   0.0000000000000000     
   6.8181818181818191E-002  -6.6133616972534096E-005   0.0000000000000000     
   7.0454545454545464E-002  -2.0087791746980426E-005   0.0000000000000000     
   7.2727272727272738E-002   2.6758229022436402E-005   0.0000000000000000     
   7.5324675324675336E-002   7.8883890117890511E-005   0.0000000000000000     
   7.7922077922077934E-002   1.2690949043326450E-004   0.0000000000000000     
   8.0519480519480532E-002   1.6833879531222146E-004   0.0000000000000000     
   8.3116883116883131E-002   2.0101850638007301E-004   0.0000000000000000     
   8.5714285714285729E-002   2.2325005952956344E-004   0.0000000000000000     
   8.8311688311688327E-002   2.3387790241366225E-004   0.0000000000000000     
   9.0909090909090925E-002   2.3234969072376361E-004   0.0000000000000000     
   9.3181818181818199E-002   2.2108759933581494E-004   0.0000000000000000     
   9.5454545454545459E-002   2.0101851128109043E-004   0.0000000000000000     
   9.7727272727272732E-002   1.7294187412496522E-004   0.0000000000000000     
  0.10000000000000001        1.3797611952235587E-004   0.0000000000000000     
  0.10227272727272728        9.7514103096485655E-005   0.0000000000000000     
  0.10454545454545455        5.3167623249260301E-005   0.0000000000000000     
  0.10681818181818181        6.7032189215956827E-006   0.0000000000000000     
  0.10909090909090909       -4.0028208162818698E-005   0.0000000000000000     
  0.11168831168831168       -9.1376866536382431E-005   0.0000000000000000     
  0.11428571428571428       -1.3797612806273402E-004   0.0000000000000000     
  0.11688311688311688       -1.7740389154291075E-004   0.0000000000000000     
  0.11948051948051949       -2.0761089286385845E-004   0.0000000000000000     
  0.12207792207792209       -2.2702708974077656E-004   0.0000000000000000     
  0.12467532467532469       -2.3464325969501564E-004   0.0000000000000000     
  0.12727272727272729       -2.3006359563284130E-004   0.0000000000000000     
  0.12954545454545457       -2.1622364055681707E-004   0.0000000000000000     
  0.13181818181818183       -1.9377044405176588E-004   0.0000000000000000     
  0.13409090909090909       -1.6359842426557733E-004   0.0000000000000000     
  0.13636363636363638       -1.2690948225906379E-004   0.0000000000000000     
  0.13863636363636367       -8.5165116569343413E-005   0.0000000000000000     
  0.14090909090909093       -4.0028207789959261E-005   0.0000000000000000     
  0.14318181818181819        6.7032184106321772E-006   0.0000000000000000     
  0.14545454545454548        5.3167623608128767E-005   0.0000000000000000     
  0.14805194805194807        1.0357179060912343E-004   0.0000000000000000     
  0.15064935064935067        1.4859271624111648E-004   0.0000000000000000     
  0.15324675324675327        1.8589033315319142E-004   0.0000000000000000     
  0.15584415584415587        2.1352609576752048E-004   0.0000000000000000     
  0.15844155844155847        2.3006360477335466E-004   0.0000000000000000     
  0.16103896103896106        2.3464325943438159E-004   0.0000000000000000     
  0.16363636363636366        2.2702708091220874E-004   0.0000000000000000     
  0.16590909090909095        2.1065440520490054E-004   0.0000000000000000     
  0.16818181818181821        1.8589033790957404E-004   0.0000000000000000     
  0.17045454545454547        1.5372135035054141E-004   0.0000000000000000     
  0.17272727272727276        1.1542889264306853E-004   0.0000000000000000     
  0.17500000000000004        7.2538339133716121E-005   0.0000000000000000     
  0.17727272727272730        2.6758228636801962E-005   0.0000000000000000     
  0.17954545454545456       -2.0087791237683635E-005   0.0000000000000000     
  0.18181818181818185       -6.6133617316240970E-005   0.0000000000000000     
  0.18441558441558445       -1.1542888502853057E-004   0.0000000000000000     
  0.18701298701298705       -1.5872462586445581E-004   0.0000000000000000     
  0.18961038961038965       -1.9377043913445662E-004   0.0000000000000000     
  0.19220779220779222       -2.1874482092867567E-004   0.0000000000000000     
  0.19480519480519481       -2.3234970014640802E-004   0.0000000000000000     
  0.19740259740259741       -2.3387790163261027E-004   0.0000000000000000     
  0.20000000000000001       -2.2325005104173828E-004   0.0000000000000000     
  0.20227272727272727       -2.0439805896820551E-004   0.0000000000000000     
  0.20454545454545456       -1.7740389612285319E-004   0.0000000000000000     
  0.20681818181818185       -1.4334286934199658E-004   0.0000000000000000     
  0.20909090909090911       -1.0357179797143145E-004   0.0000000000000000     
  0.21136363636363636       -5.9674956713095009E-005   0.0000000000000000     
  0.21363636363636365       -1.3400969703591222E-005   0.0000000000000000     
  0.21590909090909094        3.3406841865010292E-005   0.0000000000000000     
  0.21818181818181820        7.8883896910690314E-005   0.0000000000000000     
  0.22077922077922080        1.2690947441713169E-004   0.0000000000000000     
  0.22337662337662340        1.6833880874950129E-004   0.0000000000000000     
  0.22597402597402599        2.0101850621889381E-004   0.0000000000000000     
  0.22857142857142859        2.2325004595057243E-004   0.0000000000000000     
  0.23116883116883119        2.3387791909200005E-004   0.0000000000000000     
  0.23376623376623379        2.3234968272776993E-004   0.0000000000000000     
  0.23636363636363639        2.1874482590780302E-004   0.0000000000000000     
  0.23863636363636365        1.9747500874775972E-004   0.0000000000000000     
  0.24090909090909093        1.6833879970078462E-004   0.0000000000000000     
  0.24318181818181822        1.3249683368780077E-004   0.0000000000000000     
  0.24545454545454548        9.1376873622445978E-005   0.0000000000000000     
  0.24772727272727274        4.6616926987251359E-005   0.0000000000000000     
  0.25000000000000000       -4.0737103950112227E-013   0.0000000000000000     
  0.25227272727272732       -4.6616926317862282E-005   0.0000000000000000     
  0.25454545454545457       -9.1376873629615807E-005   0.0000000000000000     
  0.25714285714285717       -1.3797611147860886E-004   0.0000000000000000     
  0.25974025974025977       -1.7740390543001227E-004   0.0000000000000000     
  0.26233766233766237       -2.0761089271820112E-004   0.0000000000000000     
  0.26493506493506497       -2.2702707572561082E-004   0.0000000000000000     
  0.26753246753246757       -2.3464327687757391E-004   0.0000000000000000     
  0.27012987012987016       -2.3006358745228392E-004   0.0000000000000000     
  0.27272727272727276       -2.1352610061836836E-004   0.0000000000000000     
  0.27532467532467536       -1.8589033443757119E-004   0.0000000000000000     
  0.27792207792207796       -1.4859271115837889E-004   0.0000000000000000     
  0.28051948051948056       -1.0357179573603409E-004   0.0000000000000000     
  0.28311688311688316       -5.3167622232661013E-005   0.0000000000000000     
  0.28571428571428575       -3.2834129278523826E-012   0.0000000000000000     
  0.28831168831168835        5.3167626372411988E-005   0.0000000000000000     
  0.29090909090909095        1.0357179797963977E-004   0.0000000000000000     
  0.29350649350649355        1.4859269914307632E-004   0.0000000000000000     
  0.29610389610389615        1.8589034744479925E-004   0.0000000000000000     
  0.29870129870129875        2.1352609563784063E-004   0.0000000000000000     
  0.30129870129870129        2.3006359036770958E-004   0.0000000000000000     
  0.30389610389610389        2.3464327706509654E-004   0.0000000000000000     
  0.30649350649350648        2.2702707257375544E-004   0.0000000000000000     
  0.30909090909090908        2.0761089757059207E-004   0.0000000000000000     
  0.31168831168831168        1.7740389310900385E-004   0.0000000000000000     
  0.31428571428571428        1.3797612275104175E-004   0.0000000000000000     
  0.31688311688311688        9.1376871670458985E-005   0.0000000000000000     
  0.31948051948051953        4.0028207088076556E-005   0.0000000000000000     
  0.32207792207792213       -1.3400967393070166E-005   0.0000000000000000     
  0.32467532467532473       -6.6133619604277240E-005   0.0000000000000000     
  0.32727272727272733       -1.1542889265229062E-004   0.0000000000000000     
  0.32987012987012992       -1.5872460830827355E-004   0.0000000000000000     
  0.33246753246753252       -1.9377045378395785E-004   0.0000000000000000     
  0.33506493506493512       -2.1874482081539993E-004   0.0000000000000000     
  0.33766233766233772       -2.3234968539727531E-004   0.0000000000000000     
  0.34025974025974032       -2.3387791965397728E-004   0.0000000000000000     
  0.34285714285714292       -2.2325004257258969E-004   0.0000000000000000     
  0.34545454545454551       -2.0101851092734163E-004   0.0000000000000000     
  0.34805194805194811       -1.6833879715492044E-004   0.0000000000000000     
  0.35064935064935071       -1.2690948490994363E-004   0.0000000000000000     
  0.35324675324675331       -7.8883895242386526E-005   0.0000000000000000     
  0.35584415584415591       -2.6758228251924797E-005   0.0000000000000000     
  0.35844155844155851        2.6758226899339453E-005   0.0000000000000000     
  0.36103896103896110        7.8883898715018390E-005   0.0000000000000000     
  0.36363636363636370        1.2690948226927028E-004   0.0000000000000000     
  0.36623376623376630        1.6833879079244371E-004   0.0000000000000000     
  0.36883116883116890        2.0101852117850716E-004   0.0000000000000000     
  0.37142857142857150        2.2325004585407307E-004   0.0000000000000000     
  0.37402597402597410        2.3387790404749128E-004   0.0000000000000000     
  0.37662337662337669        2.3234970108101019E-004   0.0000000000000000     
  0.37922077922077929        2.1874481733558714E-004   0.0000000000000000     
  0.38181818181818189        1.9377044368360657E-004   0.0000000000000000     
  0.38441558441558449        1.5872461503412474E-004   0.0000000000000000     
  0.38701298701298709        1.1542889470749865E-004   0.0000000000000000     
  0.38961038961038968        6.6133615944233618E-005   0.0000000000000000     
  0.39220779220779223        1.3400969636975713E-005   0.0000000000000000     
  0.39480519480519483       -4.0028206631220926E-005   0.0000000000000000     
  0.39740259740259742       -9.1376874944349760E-005   0.0000000000000000     
  0.40000000000000002       -1.3797611953351429E-004   0.0000000000000000     
  0.40259740259740262       -1.7740388713065290E-004   0.0000000000000000     
  0.40519480519480522       -2.0761090793913354E-004   0.0000000000000000     
  0.40779220779220782       -2.2702707564620529E-004   0.0000000000000000     
  0.41038961038961042       -2.3464326158676447E-004   0.0000000000000000     
  0.41298701298701301       -2.3006360607753676E-004   0.0000000000000000     
  0.41558441558441561       -2.1352609197104971E-004   0.0000000000000000     
  0.41818181818181821       -1.8589033752820864E-004   0.0000000000000000     
  0.42077922077922081       -1.4859270621036473E-004   0.0000000000000000     
  0.42337662337662341       -1.0357179944267975E-004   0.0000000000000000     
  0.42597402597402600       -5.3167622536895421E-005   0.0000000000000000     
  0.42857142857142855        1.5550629091384415E-013   0.0000000000000000     
  0.43116883116883115        5.3167622673025813E-005   0.0000000000000000     
  0.43376623376623374        1.0357179880050617E-004   0.0000000000000000     
  0.43636363636363634        1.4859270737449382E-004   0.0000000000000000     
  0.43896103896103894        1.8589032886284800E-004   0.0000000000000000     
  0.44155844155844154        2.1352611107046726E-004   0.0000000000000000     
  0.44415584415584414        2.3006359030567936E-004   0.0000000000000000     
  0.44675324675324679        2.3464326157788309E-004   0.0000000000000000     
  0.44935064935064939        2.2702709141028782E-004   0.0000000000000000     
  0.45194805194805199        2.0761088887639176E-004   0.0000000000000000     
  0.45454545454545459        1.7740389572952733E-004   0.0000000000000000     
  0.45714285714285718        1.3797611886428140E-004   0.0000000000000000     
  0.45974025974025978        9.1376874495714382E-005   0.0000000000000000     
  0.46233766233766238        4.0028207395853092E-005   0.0000000000000000     
  0.46493506493506498       -1.3400969947482592E-005   0.0000000000000000     
  0.46753246753246758       -6.6133616980685548E-005   0.0000000000000000     
  0.47012987012987018       -1.1542889297661356E-004   0.0000000000000000     
  0.47272727272727277       -1.5872461668935524E-004   0.0000000000000000     
  0.47532467532467537       -1.9377043498002583E-004   0.0000000000000000     
  0.47792207792207797       -2.1874483640938299E-004   0.0000000000000000     
  0.48051948051948057       -2.3234968535282304E-004   0.0000000000000000     
  0.48311688311688317       -2.3387790402087629E-004   0.0000000000000000     
  0.48571428571428577       -2.2325006155896130E-004   0.0000000000000000     
  0.48831168831168836       -2.0101850221461922E-004   0.0000000000000000     
  0.49090909090909096       -1.6833879929678363E-004   0.0000000000000000     
  0.49545454545454548       -9.1334034230981239E-005   0.0000000000000000     
  0.50000000000000000       -2.9343732484399575E-010   0.0000000000000000     
  0.50454545454545452        9.1333493628724255E-005   0.0000000000000000     
  0.50909090909090904        1.6833839027476953E-004   0.0000000000000000     
  0.51168831168831164        2.0101819914883470E-004   0.0000000000000000     
  0.51428571428571423        2.2324988020160425E-004   0.0000000000000000     
  0.51688311688311683        2.3387785379820711E-004   0.0000000000000000     
  0.51948051948051943        2.3234976887522081E-004   0.0000000000000000     
  0.52207792207792203        2.1874504933567897E-004   0.0000000000000000     
  0.52467532467532463        1.9377076624312208E-004   0.0000000000000000     
  0.52727272727272723        1.5872504907146935E-004   0.0000000000000000     
  0.52987012987012982        1.1542940400415838E-004   0.0000000000000000     
  0.53246753246753242        6.6134180092477038E-005   0.0000000000000000     
  0.53506493506493502        1.3401555875042205E-005   0.0000000000000000     
  0.53766233766233762       -4.0027629106754187E-005   0.0000000000000000     
  0.54025974025974022       -9.1376333902287751E-005   0.0000000000000000     
  0.54285714285714282       -1.3797564406458699E-004   0.0000000000000000     
  0.54545454545454541       -1.7740351140176419E-004   0.0000000000000000     
  0.54805194805194801       -2.0761061499646399E-004   0.0000000000000000     
  0.55064935064935061       -2.2702694221342836E-004   0.0000000000000000     
  0.55324675324675321       -2.3464324481876821E-004   0.0000000000000000     
  0.55584415584415581       -2.3006370685538295E-004   0.0000000000000000     
  0.55844155844155841       -2.1352635487119020E-004   0.0000000000000000     
  0.56103896103896100       -1.8589068724275313E-004   0.0000000000000000     
  0.56363636363636360       -1.4859316170637491E-004   0.0000000000000000     
  0.56623376623376620       -1.0357232546990934E-004   0.0000000000000000     
  0.56883116883116880       -5.3168194305762984E-005   0.0000000000000000     
  0.57142857142857140       -5.8704021305367907E-010   0.0000000000000000     
  0.57402597402597411        5.3167050904196813E-005   0.0000000000000000     
  0.57662337662337670        1.0357127277322699E-004   0.0000000000000000     
  0.57922077922077930        1.4859225187850220E-004   0.0000000000000000     
  0.58181818181818190        1.8588997914829652E-004   0.0000000000000000     
  0.58441558441558450        2.1352584817032019E-004   0.0000000000000000     
  0.58701298701298710        2.3006348952782531E-004   0.0000000000000000     
  0.58961038961038970        2.3464327834586901E-004   0.0000000000000000     
  0.59220779220779218        2.2702722484305366E-004   0.0000000000000000     
  0.59480519480519478        2.0761118181905565E-004   0.0000000000000000     
  0.59740259740259738        1.7740427145840535E-004   0.0000000000000000     
  0.59999999999999998        1.3797659433322521E-004   0.0000000000000000     
  0.60227272727272729        8.4644364745726215E-005   0.0000000000000000     
  0.60454545454545450        2.1997984008814180E-006   0.0000000000000000     
  0.60681818181818181       -1.0607294318902283E-004   0.0000000000000000     
  0.60909090909090913       -2.3586082035115607E-004   0.0000000000000000     
  0.61136363636363633       -3.8199375233985032E-004   0.0000000000000000     
  0.61363636363636365       -5.3865055556235361E-004   0.0000000000000000     
  0.61590909090909085       -6.9959081689387962E-004   0.0000000000000000     
  0.61818181818181817       -8.5840350852321029E-004   0.0000000000000000     
  0.62045454545454548       -1.0087623427820246E-003   0.0000000000000000     
  0.62272727272727268       -1.1446777925115000E-003   0.0000000000000000     
  0.62500000000000000       -1.2607356868497253E-003   0.0000000000000000     
  0.62727272727272720       -1.3523128688195250E-003   0.0000000000000000     
  0.62954545454545452       -1.4157613749968432E-003   0.0000000000000000     
  0.63181818181818183       -1.4485537436070553E-003   0.0000000000000000     
  0.63409090909090904       -1.4493836901788514E-003   0.0000000000000000     
  0.63636363636363635       -1.4182181581569033E-003   0.0000000000000000     
  0.63863636363636367       -1.3562986195526532E-003   0.0000000000000000     
  0.64090909090909087       -1.2660916362355632E-003   0.0000000000000000     
  0.64318181818181819       -1.1511905843941954E-003   0.0000000000000000     
  0.64545454545454550       -1.0161725419123163E-003   0.0000000000000000     
  0.64772727272727271       -8.6641593239325488E-004   0.0000000000000000     
  0.65000000000000002       -7.0788628808339418E-004   0.0000000000000000     
  0.65227272727272723       -5.4689862675894778E-004   0.0000000000000000     
  0.65454545454545454       -3.8986586416047997E-004   0.0000000000000000     
  0.65681818181818186       -2.4304338488067626E-004   0.0000000000000000     
  0.65909090909090906       -1.1227984554629872E-004   0.0000000000000000     
  0.66136363636363638       -2.7841917533355602E-006   0.0000000000000000     
  0.66363636363636358        8.1081826058108220E-005   0.0000000000000000     
  0.66590909090909089        1.3597741753919055E-004   0.0000000000000000     
  0.66818181818181821        1.5971582499896481E-004   0.0000000000000000     
  0.67045454545454541        1.5135142790288235E-004   0.0000000000000000     
  0.67272727272727273        1.1121742479086207E-004   0.0000000000000000     
  0.67500000000000004        4.0912545834671323E-005   0.0000000000000000     
  0.67727272727272725       -5.6762618024810707E-005   0.0000000000000000     
  0.67954545454545456       -1.7791719676897962E-004   0.0000000000000000     
  0.68181818181818188       -3.1772500377983597E-004   0.0000000000000000     
  0.68409090909090908       -4.7061681589626454E-004   0.0000000000000000     
  0.68636363636363640       -6.3050221054449039E-004   0.0000000000000000     
  0.68863636363636360       -7.9101216357226783E-004   0.0000000000000000     
  0.69090909090909092       -9.4575278890789312E-004   0.0000000000000000     
  0.69318181818181823       -1.0885600087986612E-003   0.0000000000000000     
  0.69545454545454544       -1.2137451142521310E-003   0.0000000000000000     
  0.69772727272727275       -1.3163213754360794E-003   0.0000000000000000     
  0.69999999999999996       -1.3922026755708084E-003   0.0000000000000000     
  0.70227272727272727       -1.4383662943464170E-003   0.0000000000000000     
  0.70454545454545459       -1.4529733109047013E-003   0.0000000000000000     
  0.70681818181818179       -1.4354418530655090E-003   0.0000000000000000     
  0.70909090909090911       -1.3864702876396242E-003   0.0000000000000000     
  0.71136363636363642       -1.3080093882336190E-003   0.0000000000000000     
  0.71363636363636362       -1.2031846399142504E-003   0.0000000000000000     
  0.71590909090909094       -1.0761717153208897E-003   0.0000000000000000     
  0.71818181818181825       -9.3203016778815526E-004   0.0000000000000000     
  0.72045454545454546       -7.7650185438657275E-004   0.0000000000000000     
  0.72272727272727277       -6.1578222232478146E-004   0.0000000000000000     
  0.72499999999999998       -4.5627352769809159E-004   0.0000000000000000     
  0.72727272727272729       -3.0432977138196334E-004   0.0000000000000000     
  0.72954545454545461       -1.6600361834870922E-004   0.0000000000000000     
  0.73181818181818181       -4.6805274570128566E-005   0.0000000000000000     
  0.73409090909090913        4.8517011561531853E-005   0.0000000000000000     
  0.73636363636363633        1.1616608499060747E-004   0.0000000000000000     
  0.73863636363636365        1.5344715493150892E-004   0.0000000000000000     
  0.74090909090909096        1.5887513553639222E-004   0.0000000000000000     
  0.74318181818181817        1.3223380092560819E-004   0.0000000000000000     
  0.74545454545454548        7.4584408253426836E-005   0.0000000000000000     
  0.74772727272727280       -1.1776588456806394E-005   0.0000000000000000     
  0.75000000000000000       -1.2340900469510593E-004   0.0000000000000000     
  0.75227272727272732       -2.5586598537756061E-004   0.0000000000000000     
  0.75454545454545463       -4.0387111366426873E-004   0.0000000000000000     
  0.75681818181818183       -5.6152862731960245E-004   0.0000000000000000     
  0.75909090909090915       -7.2255826276111364E-004   0.0000000000000000     
  0.76136363636363635       -8.8054541477908851E-004   0.0000000000000000     
  0.76363636363636367       -1.0291966931244712E-003   0.0000000000000000     
  0.76590909090909098       -1.1625905881404218E-003   0.0000000000000000     
  0.76818181818181819       -1.2754133700223541E-003   0.0000000000000000     
  0.77045454545454550       -1.3631707596173188E-003   0.0000000000000000     
  0.77272727272727271       -1.4223669491242286E-003   0.0000000000000000     
  0.77500000000000002       -1.4506438671292312E-003   0.0000000000000000     
  0.77727272727272734       -1.4468751068361979E-003   0.0000000000000000     
  0.77954545454545454       -1.4112107939498605E-003   0.0000000000000000     
  0.78181818181818186       -1.3450716143677220E-003   0.0000000000000000     
  0.78409090909090917       -1.2510922119742002E-003   0.0000000000000000     
  0.78636363636363638       -1.1330162495556877E-003   0.0000000000000000     
  0.78863636363636369       -9.9554725992364148E-004   0.0000000000000000     
  0.79090909090909101       -8.4416131284822883E-004   0.0000000000000000     
  0.79318181818181821       -6.8488884497921543E-004   0.0000000000000000     
  0.79545454545454553       -5.2407445135841909E-004   0.0000000000000000     
  0.79772727272727273       -3.6812416320105364E-004   0.0000000000000000     
  0.80000000000000004       -2.2325023239887318E-004   0.0000000000000000     
  0.80227272727272736       -8.2353427004942949E-005   0.0000000000000000     
  0.80454545454545456        6.1823914236343606E-005   0.0000000000000000     
  0.80681818181818188        2.0353851175293467E-004   0.0000000000000000     
  0.80909090909090908        3.3714517405453734E-004   0.0000000000000000     
  0.81136363636363640        4.5732169963779047E-004   0.0000000000000000     
  0.81363636363636371        5.5928087451371177E-004   0.0000000000000000     
  0.81590909090909092        6.3896115981610453E-004   0.0000000000000000     
  0.81818181818181823        6.9318850821718033E-004   0.0000000000000000     
  0.82045454545454555        7.1980277579721452E-004   0.0000000000000000     
  0.82272727272727275        7.1774378930768623E-004   0.0000000000000000     
  0.82500000000000007        6.8709356433999623E-004   0.0000000000000000     
  0.82727272727272738        6.2907305293772252E-004   0.0000000000000000     
  0.82954545454545459        5.4599349351414593E-004   0.0000000000000000     
  0.83181818181818190        4.4116434796267708E-004   0.0000000000000000     
  0.83409090909090911        3.1876147697663829E-004   0.0000000000000000     
  0.83636363636363642        1.8366077989836178E-004   0.0000000000000000     
  0.83863636363636374        4.1243977750726457E-005   0.0000000000000000     
  0.84090909090909094       -1.0281577044500324E-004   0.0000000000000000     
  0.84318181818181825       -2.4277986919956328E-004   0.0000000000000000     
  0.84545454545454546       -3.7307285815980700E-004   0.0000000000000000     
  0.84772727272727277       -4.8850453550542533E-004   0.0000000000000000     
  0.85000000000000009       -5.8447669757129186E-004   0.0000000000000000     
  0.85227272727272729       -6.5716629767134150E-004   0.0000000000000000     
  0.85454545454545461       -7.0367776133635560E-004   0.0000000000000000     
  0.85681818181818192       -7.2215830604438285E-004   0.0000000000000000     
  0.85909090909090913       -7.1187176458124596E-004   0.0000000000000000     
  0.86136363636363644       -6.7322789578689788E-004   0.0000000000000000     
  0.86363636363636376       -6.0776607796300165E-004   0.0000000000000000     
  0.86590909090909096       -5.1809397285645909E-004   0.0000000000000000     
  0.86818181818181828       -4.0778365543552302E-004   0.0000000000000000     
  0.87045454545454548       -2.8122932862422329E-004   0.0000000000000000     
  0.87272727272727280       -1.4347226410813210E-004   0.0000000000000000     
  0.87500000000000000        7.8625764397438120E-013   0.0000000000000000     
  0.87727272727272732        1.4347226298096102E-004   0.0000000000000000     
  0.87954545454545463        2.8122932917520790E-004   0.0000000000000000     
  0.88181818181818183        4.0778365614579774E-004   0.0000000000000000     
  0.88409090909090904        5.1809397111501551E-004   0.0000000000000000     
  0.88636363636363635        6.0776607912619988E-004   0.0000000000000000     
  0.88863636363636367        6.7322789565707876E-004   0.0000000000000000     
  0.89090909090909087        7.1187176385907006E-004   0.0000000000000000     
  0.89318181818181819        7.2215830599947715E-004   0.0000000000000000     
  0.89545454545454550        7.0367776212290536E-004   0.0000000000000000     
  0.89772727272727271        6.5716629776969219E-004   0.0000000000000000     
  0.90000000000000002        5.8447669636752810E-004   0.0000000000000000     
  0.90227272727272734        4.8850453734632570E-004   0.0000000000000000     
  0.90454545454545454        3.7307285738309807E-004   0.0000000000000000     
  0.90681818181818186        2.4277986865599028E-004   0.0000000000000000     
  0.90909090909090917        1.0281577161341612E-004   0.0000000000000000     
  0.91136363636363638       -4.1243979320679833E-005   0.0000000000000000     
  0.91363636363636369       -1.8366077881611440E-004   0.0000000000000000     
  0.91590909090909101       -3.1876147753324242E-004   0.0000000000000000     
  0.91818181818181821       -4.4116434860420509E-004   0.0000000000000000     
  0.92045454545454541       -5.4599349187784286E-004   0.0000000000000000     
  0.92272727272727273       -6.2907305405656420E-004   0.0000000000000000     
  0.92500000000000004       -6.8709356417913554E-004   0.0000000000000000     
  0.92727272727272725       -7.1774378865224384E-004   0.0000000000000000     
  0.92954545454545456       -7.1980277566264812E-004   0.0000000000000000     
  0.93181818181818177       -6.9318850906554131E-004   0.0000000000000000     
  0.93409090909090908       -6.3896115988266685E-004   0.0000000000000000     
  0.93636363636363629       -5.5928087327330946E-004   0.0000000000000000     
  0.93863636363636360       -4.5732170157214435E-004   0.0000000000000000     
  0.94090909090909092       -3.3714517321393111E-004   0.0000000000000000     
  0.94318181818181812       -2.0353851121855248E-004   0.0000000000000000     
  0.94545454545454544       -6.1823915442195079E-005   0.0000000000000000     
  0.94772727272727275        8.2353428567206736E-005   0.0000000000000000     
  0.94999999999999996        2.2325023136507405E-004   0.0000000000000000     
  0.95227272727272727        3.5525389220685547E-004   0.0000000000000000     
  0.95454545454545459        4.7310605465447311E-004   0.0000000000000000     
  0.95681818181818179        5.7211209535614892E-004   0.0000000000000000     
  0.95909090909090911        6.4832812343885657E-004   0.0000000000000000     
  0.96136363636363631        6.9871807630879606E-004   0.0000000000000000     
  0.96363636363636362        7.2127468239150858E-004   0.0000000000000000     
  0.96590909090909094        7.1509939828424702E-004   0.0000000000000000     
  0.96818181818181814        6.8043821917240907E-004   0.0000000000000000     
  0.97045454545454546        6.1867186350163088E-004   0.0000000000000000     
  0.97272727272727266        5.3226079221827081E-004   0.0000000000000000     
  0.97499999999999998        4.2464717746278584E-004   0.0000000000000000     
  0.97727272727272729        3.0011779156612528E-004   0.0000000000000000     
  0.97954545454545450        1.6363325346345462E-004   0.0000000000000000     
  0.98181818181818181        2.0630402509034564E-005   0.0000000000000000     
  0.98409090909090913       -1.2319425804710232E-004   0.0000000000000000     
  0.98636363636363633       -2.6211148806239539E-004   0.0000000000000000     
  0.98863636363636365       -3.9058754252442406E-004   0.0000000000000000     
  0.99090909090909096       -5.0350458709063088E-004   0.0000000000000000     
  0.99318181818181817       -5.9636458809420435E-004   0.0000000000000000     
  0.99545454545454548       -6.6546848123896611E-004   0.0000000000000000     
  0.99772727272727268       -7.0806351530367699E-004   0.0000000000000000     
   1.0000000000000000       -7.2245292803539338E-004   0.0000000000000000     
