30.11161335 -29.76149650
15.51658279 14.57508963
21.51379343 22.29699143
13.39278231 -13.15940764
28.45869024 27.31622760
9.94623794 10.19934529
11.00527544 11.74372565
14.60861481 -13.73855028
23.61902849 24.48486361
14.84262092 -14.63943882
23.56929336 -23.32657834
28.53160509 29.24670305
3.96371962 0.99741231
18.99779136 18.56473890
23.34761182 23.19787998
9.03077616 9.04106002
15.73697497 15.28293063
11.71190234 11.80807482
6.39117768 -5.63055339
26.85301358 -27.57362433
18.67207794 -18.43604054
27.16455938 -27.83102105
17.80742034 -17.27775527
23.66818121 22.94048325
20.08798133 -19.46562744
9.06739164 8.97671084
8.42070459 -7.94712393
19.35234004 -19.78737335
26.10435226 -25.77184724
11.28548006 11.48632892
10.05308994 9.68455183
19.02661896 -17.79254872
19.05605772 -18.95083399
15.86067196 15.99077164
4.23996156 -2.41309431
22.19317616 -22.74743570
30.25199058 -30.85543259
25.67194012 25.57879969
4.41038679 2.99223694
9.20491045 9.42715511
11.54978035 12.06547156
28.29380178 28.02406859
21.00852391 20.68826189
4.65978091 3.44268121
6.29165137 5.75925175
8.45686602 -8.33321902
6.51571381 6.20969603
23.95978506 24.87095869
18.82754431 18.95083399
26.37710427 26.60838660
32.52202405 -31.17717850
17.13522008 16.56991427
4.82916344 -3.57137958
11.17626967 -10.90718629
23.84461259 23.90572097
29.55279618 31.17717850
4.33245867 2.79918940
4.04441588 1.64090413
21.51776113 -21.58915044
24.02033702 23.39092752
19.93787356 -20.43086517
27.46108885 27.50927514
26.39343487 -25.64314888
5.41399576 5.05141076
20.33602670 -20.23781762
27.57493556 -27.76667187
7.54480917 7.43233048
4.58472846 3.18528449
10.68529900 -10.39239283
11.37728698 -11.42197974
15.08717372 -14.18899455
14.24662406 -13.60985191
15.98155842 -15.99077164
25.39111286 26.28664069
17.41951693 -16.95600936
3.94143939 0.54696804
13.90139879 13.93159782
27.52914322 27.76667187
16.90864933 -17.34210444
7.93207795 7.81842557
14.64803316 14.63943882
17.46037407 -17.21340608
20.77126854 21.39610289
6.34447579 -5.82360094
18.93866479 19.14388153
22.22416100 -22.94048325
25.76029471 26.15794233
6.82151928 6.40274357
18.75207756 -19.33692907
27.73539077 -27.95971942
21.55031312 -20.62391271
14.23117379 -14.12464536
20.89486878 21.26740452
15.85799553 15.60467654
4.25397591 -2.34874513
21.76244421 -21.97524552
14.25533058 13.86724864
25.21910515 24.54921278
21.53625471 20.88130944
3.97775720 1.19045986
