935.97846464 30.11161335
242.87745840 15.51658279
486.04976165 21.51379343
179.65417695 13.39278231
848.93877250 28.45869024
106.63189085 9.94623794
129.16457612 11.00527544
209.13093108 14.60861481
591.51352025 23.61902849
217.25174479 14.84262092
588.93346074 23.56929336
852.77821650 28.53160509
1.13017241 3.96371962
377.47504507 18.99779136
577.63047450 23.34761182
86.73334675 9.03077616
251.25481650 15.73697497
143.83807928 11.71190234
36.79339424 6.39117768
764.57346028 26.85301358
364.78824031 18.67207794
780.91688014 27.16455938
331.50918938 17.80742034
594.12871778 23.66818121
422.56103165 20.08798133
87.50705882 9.06739164
74.07755899 8.42070459
391.90431147 19.35234004
724.05306157 26.10435226
134.98984941 11.28548006
108.93108592 10.05308994
378.62514215 19.02661896
379.79544002 19.05605772
256.22166345 15.86067196
6.01122238 4.23996156
519.37251382 22.19317616
943.37132611 30.25199058
700.99529478 25.67194012
8.53224850 4.41038679
90.41344211 9.20491045
140.51348639 11.54978035
840.25452922 28.29380178
461.96522204 21.00852391
11.95771410 4.65978091
35.33017972 6.29165137
74.83559070 8.45686602
38.62431670 6.51571381
609.64410384 23.95978506
370.78044539 18.82754431
738.91812673 26.37710427
1057.18496790 32.52202405
305.33064038 17.13522008
14.30124625 4.82916344
132.71922459 11.17626967
603.51715020 23.84461259
906.55481345 29.55279618
7.45879041 4.33245867
2.82286793 4.04441588
486.24711135 21.51776113
612.86488171 24.02033702
416.26089699 19.93787356
796.47272733 27.46108885
739.80843971 26.39343487
22.60289320 5.41399576
432.74437006 20.33602670
802.44515304 27.57493556
56.09842504 7.54480917
10.92956456 4.58472846
122.61046896 10.68529900
136.90786998 11.37728698
226.66029445 15.08717372
199.19312141 14.24662406
261.03814401 15.98155842
686.48338078 25.39111286
316.26450760 17.41951693
0.32063997 3.94143939
191.00918627 13.90139879
800.04297150 27.52914322
296.91384754 16.90864933
63.85730127 7.93207795
210.33965694 14.64803316
317.83935274 17.46037407
451.29705315 20.77126854
36.10678872 6.34447579
375.13110285 18.93866479
520.89154204 22.22416100
705.57094794 25.76029471
43.36139874 6.82151928
367.86517219 18.75207756
810.86284052 27.73539077
487.84413294 21.55031312
198.80716899 14.23117379
456.86407628 20.89486878
256.11496034 15.85799553
6.23522751 4.25397591
498.20389713 21.76244421
199.41076047 14.25533058
677.62436228 25.21910515
487.15769070 21.53625471
1.48909809 3.97775720
