-29.76149650 919.17366820
14.57508963 206.25092030
22.29699143 523.48112954
-13.15940764 183.98715557
27.31622760 788.28823723
10.19934529 111.97985033
11.74372565 144.33246919
-13.73855028 200.26285453
24.48486361 637.63241653
-14.63943882 225.72121704
-23.32657834 575.35803509
29.24670305 891.00812617
0.99741231 3.67627371
18.56473890 361.26656411
23.19787998 569.15253162
9.04106002 87.15620456
15.28293063 233.75334198
11.80807482 145.65127415
-5.63055339 30.68810580
-27.57362433 801.75287182
-18.43604054 350.45240959
-27.83102105 815.56715560
-17.27775527 311.33883891
22.94048325 555.54195328
-19.46562744 391.27232132
8.97671084 85.78742772
-7.94712393 58.97803870
-19.78737335 404.42095998
-25.77184724 705.05337795
11.48632892 138.97956662
9.68455183 100.84426548
-17.79254872 328.71288773
-18.95083399 370.86239624
15.99077164 261.25568669
-2.41309431 5.08843341
-22.74743570 545.03585091
-30.85543259 977.88418956
25.57879969 695.84032486
2.99223694 6.32753893
9.42715511 95.36903496
12.06547156 150.84865734
28.02406859 825.95206924
20.68826189 446.89256081
3.44268121 6.75223831
5.75925175 25.99088784
-8.33321902 67.76366751
6.20969603 33.06224724
24.87095869 658.17636969
18.95083399 376.35733225
26.60838660 750.62428205
-31.17717850 995.15198271
16.56991427 283.75768766
-3.57137958 10.75160500
-10.90718629 126.29617752
23.90572097 606.81636363
31.17717850 993.72776880
2.79918940 6.18465877
1.64090413 5.23237582
-21.58915044 484.64796175
23.39092752 579.42444662
-20.43086517 431.01763753
27.50927514 798.56009065
-25.64314888 698.14623606
5.05141076 15.79905716
-20.23781762 423.03860963
-27.76667187 812.11376940
7.43233048 53.47204915
3.18528449 6.52068347
-10.39239283 114.62069318
-11.42197974 137.93668462
-14.18899455 212.92173493
-13.60985191 196.64605136
-15.99077164 267.90404014
26.28664069 733.50428004
-16.95600936 300.48019310
0.54696804 2.98374908
13.93159782 191.83360250
27.76667187 812.25614152
-17.34210444 313.51062965
7.81842557 61.32020491
14.63943882 208.75109987
-17.21340608 309.16717132
21.39610289 480.39271626
-5.82360094 32.85791060
19.14388153 384.09490638
-22.94048325 555.14322511
26.15794233 726.65625460
6.40274357 35.95410410
-19.33692907 386.16980156
-27.95971942 822.47429750
-20.62391271 438.99660385
-14.12464536 211.11334104
21.26740452 474.26206283
15.60467654 246.25436297
-2.34874513 4.82942945
-21.97524552 504.60647727
13.86724864 190.45658938
24.54921278 641.05636767
20.88130944 456.00924176
1.19045986 4.09818662
