X My_beautiful_solution_real My_beautiful_solution_imag
   0.0000000000000000        0.0000000000000000        0.0000000000000000     
   1.1111111111111110E-002   1.2941988444937864        0.0000000000000000     
   2.2222222222222220E-002  0.74741725440266393        0.0000000000000000     
   3.3333333333333333E-002   1.4799610510569878        0.0000000000000000     
   5.0000000000000003E-002  0.79577011573977474        0.0000000000000000     
   6.6666666666666666E-002   1.3333487077747286        0.0000000000000000     
   8.3333333333333343E-002  0.85600084998035419        0.0000000000000000     
  0.10000000000000001        1.2310598811045057        0.0000000000000000     
  0.13333333333333333       0.78566387902053880        0.0000000000000000     
  0.14999999999999999        1.0809986818803803        0.0000000000000000     
  0.16666666666666666       0.84894990820479088        0.0000000000000000     
  0.18333333333333335        1.0549997521886281        0.0000000000000000     
  0.20000000000000001       0.89310344620132731        0.0000000000000000     
  0.23333333333333334        1.0853610948780721        0.0000000000000000     
  0.26666666666666672       0.91486846303265712        0.0000000000000000     
  0.30000000000000004        1.0660600422163271        0.0000000000000000     
  0.33333333333333337       0.93198449086477053        0.0000000000000000     
  0.36666666666666664        1.0508816779123769        0.0000000000000000     
  0.40000000000000002       0.94544454977582026        0.0000000000000000     
  0.43333333333333335        1.0389453992554081        0.0000000000000000     
  0.46666666666666667       0.95602955160369785        0.0000000000000000     
  0.50000000000000000        1.0295586995212518        0.0000000000000000     
  0.53333333333333333       0.96435360608493048        0.0000000000000000     
  0.56666666666666665        1.0221769908303477        0.0000000000000000     
  0.59999999999999998       0.97089964964101549        0.0000000000000000     
  0.63333333333333330        1.0163720088089141        0.0000000000000000     
  0.66666666666666674       0.97604746388643793        0.0000000000000000     
  0.69999999999999996        1.0118069659875013        0.0000000000000000     
  0.73333333333333339       0.98009570940731328        0.0000000000000000     
  0.76666666666666672        1.0082170124123853        0.0000000000000000     
  0.80000000000000004       0.98327925314373654        0.0000000000000000     
  0.80370370370370370       0.98101660519155887        0.0000000000000000     
  0.80740740740740746       0.96296985273049307        0.0000000000000000     
  0.81111111111111112       0.94462018940190562        0.0000000000000000     
  0.81481481481481488       0.92563712965514522        0.0000000000000000     
  0.81851851851851853       0.90755581126057938        0.0000000000000000     
  0.82222222222222230       0.88901477444482202        0.0000000000000000     
  0.82592592592592595       0.87008361522402045        0.0000000000000000     
  0.82962962962962972       0.85216611150119215        0.0000000000000000     
  0.83333333333333337       0.83341906175625546        0.0000000000000000     
  0.83703703703703702       0.81481719826763255        0.0000000000000000     
  0.84074074074074079       0.79629626097198314        0.0000000000000000     
  0.84444444444444444       0.77777687672125440        0.0000000000000000     
  0.84814814814814821       0.75926073993766907        0.0000000000000000     
  0.85185185185185186       0.74073997986394524        0.0000000000000000     
  0.85555555555555562       0.72222157679829091        0.0000000000000000     
  0.85925925925925928       0.70370517391712717        0.0000000000000000     
  0.86296296296296304       0.68518357395427831        0.0000000000000000     
  0.86666666666666670       0.66666622713112267        0.0000000000000000     
  0.87037037037037035       0.64814813592802190        0.0000000000000000     
  0.87407407407407411       0.62962962981074022        0.0000000000000000     
  0.87777777777777777       0.61111111573089061        0.0000000000000000     
  0.88148148148148153       0.59259258500105361        0.0000000000000000     
  0.88518518518518519       0.57407407797514209        0.0000000000000000     
  0.88888888888888895       0.55555555886468910        0.0000000000000000     
  0.89259259259259260       0.53703702949915244        0.0000000000000000     
  0.89629629629629637       0.51851852677941090        0.0000000000000000     
  0.90000000000000002       0.50000000225352625        0.0000000000000000     
  0.90370370370370368       0.48148148154413556        0.0000000000000000     
  0.90740740740740744       0.46296296296203482        0.0000000000000000     
  0.91111111111111109       0.44444444442075909        0.0000000000000000     
  0.91481481481481486       0.42592592596484941        0.0000000000000000     
  0.91851851851851851       0.40740740738740672        0.0000000000000000     
  0.92222222222222228       0.38888888887192313        0.0000000000000000     
  0.92592592592592593       0.37037037040901855        0.0000000000000000     
  0.92962962962962969       0.35185185180949824        0.0000000000000000     
  0.93333333333333335       0.33333333332177750        0.0000000000000000     
  0.93703703703703700       0.31481481481449414        0.0000000000000000     
  0.94074074074074077       0.29629629629630144        0.0000000000000000     
  0.94444444444444442       0.27777777777789980        0.0000000000000000     
  0.94814814814814818       0.25925925925906057        0.0000000000000000     
  0.95185185185185184       0.24074074074084353        0.0000000000000000     
  0.95555555555555560       0.22222222222230950        0.0000000000000000     
  0.95925925925925926       0.20370370370350627        0.0000000000000000     
  0.96296296296296302       0.18518518518540272        0.0000000000000000     
  0.96666666666666667       0.16666666666672514        0.0000000000000000     
  0.97037037037037033       0.14814814814815030        0.0000000000000000     
  0.97407407407407409       0.12962962962963004        0.0000000000000000     
  0.97777777777777775       0.11111111111111097        0.0000000000000000     
  0.98148148148148151        9.2592592592594294E-002   0.0000000000000000     
  0.98518518518518516        7.4074074074073890E-002   0.0000000000000000     
  0.98888888888888893        5.5555555555555407E-002   0.0000000000000000     
  0.99259259259259258        3.7037037037038610E-002   0.0000000000000000     
  0.99629629629629635        1.8518518518517796E-002   0.0000000000000000     
   1.0000000000000000        1.8371761596662532E-030   0.0000000000000000     
