X My_beautiful_solution_real My_beautiful_solution_imag
   0.0000000000000000        0.0000000000000000        0.0000000000000000     
   3.3333333333333333E-002   3.3335956264321898E-002   0.0000000000000000     
   6.6666666666666666E-002   6.6666331824412811E-002   0.0000000000000000     
  0.10000000000000001       0.10000300051906218        0.0000000000000000     
  0.13333333333333333       0.13333257270027316        0.0000000000000000     
  0.16666666666666666       0.16667014733280811        0.0000000000000000     
  0.20000000000000001       0.19999869792448863        0.0000000000000000     
  0.23333333333333334       0.23333742456223872        0.0000000000000000     
  0.26666666666666672       0.26666467608420857        0.0000000000000000     
  0.30000000000000004       0.30000486763035589        0.0000000000000000     
  0.33333333333333337       0.33333046723434584        0.0000000000000000     
  0.36666666666666664       0.36667252158161961        0.0000000000000000     
  0.40000000000000002       0.39999602058008393        0.0000000000000000     
  0.43333333333333335       0.43334044369529084        0.0000000000000000     
  0.46666666666666667       0.46666127152991571        0.0000000000000000     
  0.50000000000000000       0.50000870680860121        0.0000000000000000     
  0.53333333333333333       0.53332613794823946        0.0000000000000000     
  0.56666666666666665       0.56667740354254814        0.0000000000000000     
  0.59999999999999998       0.59999051539010095        0.0000000000000000     
  0.63333333333333330       0.63334665167548487        0.0000000000000000     
  0.66666666666666674       0.66665427104161223        0.0000000000000000     
  0.69999999999999996       0.70001660097626317        0.0000000000000000     
  0.73333333333333339       0.73331723601449361        0.0000000000000000     
  0.76666666666666672       0.76668744189336868        0.0000000000000000     
  0.80000000000000004       0.79997919554768693        0.0000000000000000     
  0.80666666666666675       0.80666867507850049        0.0000000000000000     
  0.81333333333333335       0.81332185919389988        0.0000000000000000     
  0.82000000000000006       0.82001910729531358        0.0000000000000000     
  0.82666666666666666       0.82665362010431842        0.0000000000000000     
  0.83333333333333337       0.83346617874792872        0.0000000000000000     
  0.84000000000000008       0.83999660046796687        0.0000000000000000     
  0.84666666666666668       0.84674378878531165        0.0000000000000000     
  0.85333333333333339       0.85322781438077777        0.0000000000000000     
  0.85999999999999999       0.86008651307783002        0.0000000000000000     
  0.86666666666666670       0.86588187114929627        0.0000000000000000     
  0.87333333333333341       0.87336223158814463        0.0000000000000000     
  0.88000000000000000       0.87954799993671573        0.0000000000000000     
  0.88666666666666671       0.88730545129564375        0.0000000000000000     
  0.89333333333333331       0.89282524777702488        0.0000000000000000     
  0.90000000000000002       0.90469561847166902        0.0000000000000000     
  0.90666666666666673       0.90650267330486489        0.0000000000000000     
  0.91333333333333333       0.91604140221068076        0.0000000000000000     
  0.92000000000000004       0.91619359085194674        0.0000000000000000     
  0.92666666666666664       0.92970969414257265        0.0000000000000000     
  0.93333333333333335       0.90529835267303516        0.0000000000000000     
  0.94000000000000006       0.94098801051818082        0.0000000000000000     
  0.94666666666666666       0.93050190040198766        0.0000000000000000     
  0.95333333333333337       0.97607489225318267        0.0000000000000000     
  0.95999999999999996       0.94183476522378995        0.0000000000000000     
  0.96666666666666667        1.1341081813368468        0.0000000000000000     
  0.97333333333333338       0.96744124733515868        0.0000000000000000     
  0.97999999999999998        1.0765492007372295        0.0000000000000000     
  0.98666666666666669       0.85085617051611218        0.0000000000000000     
  0.99333333333333329        1.1018299039331287        0.0000000000000000     
   1.0000000000000000        0.0000000000000000        0.0000000000000000     
