X My_beautiful_solution_real My_beautiful_solution_imag
   0.0000000000000000        0.0000000000000000        0.0000000000000000     
   3.3333333333333333E-002   3.3333333613170965E-002   0.0000000000000000     
   6.6666666666666666E-002   6.6666666630942728E-002   0.0000000000000000     
  0.10000000000000001       0.10000000032012224        0.0000000000000000     
  0.13333333333333333       0.13333333325218222        0.0000000000000000     
  0.16666666666666666       0.16666666703801516        0.0000000000000000     
  0.20000000000000001       0.19999999986108299        0.0000000000000000     
  0.23333333333333334       0.23333333376982196        0.0000000000000000     
  0.26666666666666672       0.26666666645429371        0.0000000000000000     
  0.30000000000000004       0.30000000051932196        0.0000000000000000     
  0.33333333333333337       0.33333333302755253        0.0000000000000000     
  0.36666666666666664       0.36666666729132102        0.0000000000000000     
  0.40000000000000002       0.39999999957544019        0.0000000000000000     
  0.43333333333333335       0.43333333409193003        0.0000000000000000     
  0.46666666666666667       0.46666666609106561        0.0000000000000000     
  0.50000000000000000       0.50000000092891983        0.0000000000000000     
  0.53333333333333333       0.53333333256566573        0.0000000000000000     
  0.56666666666666665       0.56666666781217223        0.0000000000000000     
  0.59999999999999998       0.59999999898809753        0.0000000000000000     
  0.63333333333333330       0.63333333475425269        0.0000000000000000     
  0.66666666666666674       0.66666666534419139        0.0000000000000000     
  0.69999999999999996       0.70000000177113997        0.0000000000000000     
  0.73333333333333339       0.73333333161592829        0.0000000000000000     
  0.76666666666666672       0.76666666888315282        0.0000000000000000     
  0.80000000000000004       0.79999999778039632        0.0000000000000000     
  0.80476190476190479       0.80476190208970522        0.0000000000000000     
  0.80952380952380953       0.80952381057170497        0.0000000000000000     
  0.81428571428571428       0.81428571649747206        0.0000000000000000     
  0.81904761904761914       0.81904761575109897        0.0000000000000000     
  0.82380952380952388       0.82380952613174918        0.0000000000000000     
  0.82857142857142863       0.82857142812546147        0.0000000000000000     
  0.83333333333333337       0.83333339794067418        0.0000000000000000     
  0.83809523809523812       0.83809531511428192        0.0000000000000000     
  0.84285714285714286       0.84285711785868722        0.0000000000000000     
  0.84761904761904761       0.84761899070357538        0.0000000000000000     
  0.85238095238095246       0.85238104652095770        0.0000000000000000     
  0.85714285714285721       0.85714279719799469        0.0000000000000000     
  0.86190476190476195       0.86190477787303099        0.0000000000000000     
  0.86666666666666670       0.86666489865479956        0.0000000000000000     
  0.87142857142857144       0.87142646304613414        0.0000000000000000     
  0.87619047619047619       0.87619116547042364        0.0000000000000000     
  0.88095238095238093       0.88095394550409345        0.0000000000000000     
  0.88571428571428579       0.88571170781759323        0.0000000000000000     
  0.89047619047619053       0.89047783810395609        0.0000000000000000     
  0.89523809523809528       0.89523766107289848        0.0000000000000000     
  0.90000000000000002       0.90004848856031938        0.0000000000000000     
  0.90476190476190477       0.90481972742614813        0.0000000000000000     
  0.90952380952380951       0.90950491089157248        0.0000000000000000     
  0.91428571428571426       0.91424281276272201        0.0000000000000000     
  0.91904761904761911       0.91911831736925331        0.0000000000000000     
  0.92380952380952386       0.92376434406220731        0.0000000000000000     
  0.92857142857142860       0.92858333857730713        0.0000000000000000     
  0.93333333333333335       0.93200361793459052        0.0000000000000000     
  0.93809523809523809       0.93650955022518123        0.0000000000000000     
  0.94285714285714284       0.94337541054858942        0.0000000000000000     
  0.94761904761904758       0.94879555517104919        0.0000000000000000     
  0.95238095238095244       0.95044217075181869        0.0000000000000000     
  0.95714285714285718       0.95838184125557158        0.0000000000000000     
  0.96190476190476193       0.96157815329094498        0.0000000000000000     
  0.96666666666666667        1.0031319315091756        0.0000000000000000     
  0.97142857142857142        1.0149134609296913        0.0000000000000000     
  0.97619047619047616       0.96197783960873540        0.0000000000000000     
  0.98095238095238091       0.94868859718005771        0.0000000000000000     
  0.98571428571428577        1.0388821916948274        0.0000000000000000     
  0.99047619047619051       0.95649908962756625        0.0000000000000000     
  0.99523809523809526        1.0041948038419972        0.0000000000000000     
   1.0000000000000000        4.1229317974612900E-017   0.0000000000000000     
