X My_beautiful_solution_real My_beautiful_solution_imag
   0.0000000000000000        0.0000000000000000        0.0000000000000000     
   1.6666666666666666E-002   1.6670435136437626E-002   0.0000000000000000     
   3.3333333333333333E-002   3.3332305568850348E-002   0.0000000000000000     
   5.0000000000000003E-002   5.0004373648376024E-002   0.0000000000000000     
   6.6666666666666666E-002   6.6664165789585769E-002   0.0000000000000000     
   8.3333333333333343E-002   8.3338574394664230E-002   0.0000000000000000     
  0.10000000000000001        9.9995387685170425E-002   0.0000000000000000     
  0.11666666666666667       0.11667315100597862        0.0000000000000000     
  0.13333333333333333       0.13332569465828337        0.0000000000000000     
  0.14999999999999999       0.15000826635113171        0.0000000000000000     
  0.16666666666666666       0.16665469025720347        0.0000000000000000     
  0.18333333333333335       0.18334415387280756        0.0000000000000000     
  0.20000000000000001       0.19998180624082668        0.0000000000000000     
  0.21666666666666667       0.21668114816844014        0.0000000000000000     
  0.23333333333333334       0.23330622813935639        0.0000000000000000     
  0.25000000000000000       0.25001972882231505        0.0000000000000000     
  0.26666666666666672       0.26662678855915556        0.0000000000000000     
  0.28333333333333338       0.28336058323087826        0.0000000000000000     
  0.30000000000000004       0.29994181425474614        0.0000000000000000     
  0.31666666666666671       0.31670469665133688        0.0000000000000000     
  0.33333333333333337       0.33324890693446396        0.0000000000000000     
  0.34999999999999998       0.35005348126987573        0.0000000000000000     
  0.36666666666666664       0.36654462908541213        0.0000000000000000     
  0.38333333333333330       0.38340896119736273        0.0000000000000000     
  0.40000000000000002       0.39982405366094070        0.0000000000000000     
  0.41666666666666669       0.41677403762689025        0.0000000000000000     
  0.43333333333333335       0.43308011863992424        0.0000000000000000     
  0.45000000000000001       0.45015286888866329        0.0000000000000000     
  0.46666666666666667       0.46630270190541967        0.0000000000000000     
  0.48333333333333334       0.48355141518924044        0.0000000000000000     
  0.50000000000000000       0.49947729525225659        0.0000000000000000     
  0.51666666666666661       0.51697821939570077        0.0000000000000000     
  0.53333333333333333       0.53258310381919627        0.0000000000000000     
  0.55000000000000004       0.55044552614708886        0.0000000000000000     
  0.56666666666666665       0.56559032197219539        0.0000000000000000     
  0.58333333333333326       0.58397088589618984        0.0000000000000000     
  0.59999999999999998       0.59845622878080285        0.0000000000000000     
  0.61666666666666670       0.61757945401033176        0.0000000000000000     
  0.63333333333333330       0.63111959159699249        0.0000000000000000     
  0.65000000000000002       0.65130728611230593        0.0000000000000000     
  0.66666666666666674       0.66349264460796753        0.0000000000000000     
  0.68333333333333335       0.68520606134946416        0.0000000000000000     
  0.69999999999999996       0.69544959155725616        0.0000000000000000     
  0.71666666666666667       0.71934985233695559        0.0000000000000000     
  0.73333333333333339       0.72681012649612620        0.0000000000000000     
  0.75000000000000000       0.75384482863438562        0.0000000000000000     
  0.76666666666666672       0.75731581379175250        0.0000000000000000     
  0.78333333333333344       0.78884316490662876        0.0000000000000000     
  0.80000000000000004       0.78659623318466498        0.0000000000000000     
  0.81111111111111112       0.81795759675721613        0.0000000000000000     
  0.82222222222222230       0.81395361810689182        0.0000000000000000     
  0.83333333333333337       0.86084122948460784        0.0000000000000000     
  0.84444444444444444       0.83040467165360998        0.0000000000000000     
  0.85555555555555562       0.87252758109336892        0.0000000000000000     
  0.86666666666666670       0.81023564738740406        0.0000000000000000     
  0.87777777777777777       0.90659057448599978        0.0000000000000000     
  0.88888888888888895       0.85407443291413421        0.0000000000000000     
  0.90000000000000002        1.0157873901607384        0.0000000000000000     
  0.91111111111111109       0.85200281279813461        0.0000000000000000     
  0.92222222222222228       0.99365866823784321        0.0000000000000000     
  0.93333333333333335       0.69577829110836853        0.0000000000000000     
  0.94444444444444442        1.0657248378736706        0.0000000000000000     
  0.95555555555555560       0.80899584033306093        0.0000000000000000     
  0.96666666666666667        1.4540682358180355        0.0000000000000000     
  0.97777777777777775       0.72895267945195130        0.0000000000000000     
  0.98888888888888893        1.2895943302375745        0.0000000000000000     
   1.0000000000000000        0.0000000000000000        0.0000000000000000     
