X My_beautiful_solution_real My_beautiful_solution_imag
   0.0000000000000000        0.0000000000000000        0.0000000000000000     
   6.6666666666666671E-003   1.1029527280514166        0.0000000000000000     
   1.3333333333333334E-002  0.85986749630484516        0.0000000000000000     
   2.0000000000000004E-002   1.0910651096929496        0.0000000000000000     
   2.6666666666666668E-002  0.98913615504695562        0.0000000000000000     
   3.3333333333333333E-002   1.1616028750988614        0.0000000000000000     
   4.1666666666666664E-002  0.96236470683817910        0.0000000000000000     
   5.0000000000000003E-002   1.0275885689323783        0.0000000000000000     
   5.8333333333333334E-002  0.97773920773076473        0.0000000000000000     
   6.6666666666666666E-002   1.0454350045031187        0.0000000000000000     
   7.4999999999999997E-002  0.98512045166327378        0.0000000000000000     
   8.3333333333333343E-002   1.0048654037025442        0.0000000000000000     
   9.1666666666666674E-002  0.98977471120885829        0.0000000000000000     
  0.10000000000000001        1.0102679818863891        0.0000000000000000     
  0.13333333333333333       0.98146046889320604        0.0000000000000000     
  0.14444444444444443       0.99907136890667558        0.0000000000000000     
  0.15555555555555556       0.99163100071807053        0.0000000000000000     
  0.16666666666666666        1.0015991409410774        0.0000000000000000     
  0.20000000000000001       0.98914793161829362        0.0000000000000000     
  0.23333333333333334        1.0001895700743471        0.0000000000000000     
  0.26666666666666672       0.99039792842463970        0.0000000000000000     
  0.30000000000000004       0.99908108234041737        0.0000000000000000     
  0.33333333333333337       0.99138092698114277        0.0000000000000000     
  0.36666666666666664       0.99820936663936699        0.0000000000000000     
  0.40000000000000002       0.99215395788584770        0.0000000000000000     
  0.43333333333333335       0.99752384866726984        0.0000000000000000     
  0.46666666666666667       0.99276187004978245        0.0000000000000000     
  0.50000000000000000       0.99698475674830911        0.0000000000000000     
  0.53333333333333333       0.99323993269489852        0.0000000000000000     
  0.56666666666666665       0.99656081440263977        0.0000000000000000     
  0.59999999999999998       0.99361588156747283        0.0000000000000000     
  0.63333333333333330       0.99622742577979029        0.0000000000000000     
  0.66666666666666674       0.99391152808207506        0.0000000000000000     
  0.69999999999999996       0.99596524868193581        0.0000000000000000     
  0.73333333333333339       0.99414402475375752        0.0000000000000000     
  0.76666666666666672       0.99575907238817962        0.0000000000000000     
  0.80000000000000004       0.99432686033501272        0.0000000000000000     
  0.80370370370370370       0.98132375478767142        0.0000000000000000     
  0.80740740740740746       0.96296530057466101        0.0000000000000000     
  0.81111111111111112       0.94450407250398405        0.0000000000000000     
  0.81481481481481488       0.92582794097388155        0.0000000000000000     
  0.81851851851851853       0.90745775897322556        0.0000000000000000     
  0.82222222222222230       0.88893160027892149        0.0000000000000000     
  0.82592592592592595       0.87027307794624165        0.0000000000000000     
  0.82962962962962972       0.85195847620883192        0.0000000000000000     
  0.83333333333333337       0.83336241991185833        0.0000000000000000     
  0.83703703703703702       0.81481562349045766        0.0000000000000000     
  0.84074074074074079       0.79629628431119948        0.0000000000000000     
  0.84444444444444444       0.77777747206060188        0.0000000000000000     
  0.84814814814814821       0.75925976163487041        0.0000000000000000     
  0.85185185185185186       0.74074048258478764        0.0000000000000000     
  0.85555555555555562       0.72222200323797792        0.0000000000000000     
  0.85925925925925928       0.70370420252867660        0.0000000000000000     
  0.86296296296296304       0.68518463851474909        0.0000000000000000     
  0.86666666666666670       0.66666651753776685        0.0000000000000000     
  0.87037037037037035       0.64814814400201237        0.0000000000000000     
  0.87407407407407411       0.62962962969107783        0.0000000000000000     
  0.87777777777777777       0.61111111267854412        0.0000000000000000     
  0.88148148148148153       0.59259259001687892        0.0000000000000000     
  0.88518518518518519       0.57407407539765709        0.0000000000000000     
  0.88888888888888895       0.55555555667830281        0.0000000000000000     
  0.89259259259259260       0.53703703447952766        0.0000000000000000     
  0.89629629629629637       0.51851852132133536        0.0000000000000000     
  0.90000000000000002       0.50000000076459072        0.0000000000000000     
  0.90370370370370368       0.48148148150273884        0.0000000000000000     
  0.90740740740740744       0.46296296296264761        0.0000000000000000     
  0.91111111111111109       0.44444444443640785        0.0000000000000000     
  0.91481481481481486       0.42592592593913214        0.0000000000000000     
  0.91851851851851851       0.40740740740062081        0.0000000000000000     
  0.92222222222222228       0.38888888888313211        0.0000000000000000     
  0.92592592592592593       0.37037037038348308        0.0000000000000000     
  0.92962962962962969       0.35185185183748141        0.0000000000000000     
  0.93333333333333335       0.33333333332941073        0.0000000000000000     
  0.93703703703703700       0.31481481481470563        0.0000000000000000     
  0.94074074074074077       0.29629629629629756        0.0000000000000000     
  0.94444444444444442       0.27777777777781887        0.0000000000000000     
  0.94814814814814818       0.25925925925919169        0.0000000000000000     
  0.95185185185185184       0.24074074074077509        0.0000000000000000     
  0.95555555555555560       0.22222222222225138        0.0000000000000000     
  0.95925925925925926       0.20370370370363647        0.0000000000000000     
  0.96296296296296302       0.18518518518525851        0.0000000000000000     
  0.96666666666666667       0.16666666666668523        0.0000000000000000     
  0.96969696969696972       0.15151515151515238        0.0000000000000000     
  0.97272727272727277       0.13636363636363583        0.0000000000000000     
  0.97575757575757571       0.12121212121212112        0.0000000000000000     
  0.97878787878787876       0.10606060606060609        0.0000000000000000     
  0.98181818181818181        9.0909090909090551E-002   0.0000000000000000     
  0.98484848484848486        7.5757575757575510E-002   0.0000000000000000     
  0.98787878787878791        6.0606060606060275E-002   0.0000000000000000     
  0.99090909090909096        4.5454545454544949E-002   0.0000000000000000     
  0.99393939393939390        3.0303030303030231E-002   0.0000000000000000     
  0.99696969696969695        1.5151515151514753E-002   0.0000000000000000     
   1.0000000000000000        7.2027061589998272E-031   0.0000000000000000     
