X My_beautiful_solution_real My_beautiful_solution_imag
   0.0000000000000000        1.4408178903287260E-034   0.0000000000000000     
   3.7037037037037034E-003   3.7037037037036943E-003   0.0000000000000000     
   7.4074074074074068E-003   7.4074074074073981E-003   0.0000000000000000     
   1.1111111111111110E-002   1.1111111111111101E-002   0.0000000000000000     
   1.4814814814814814E-002   1.4814814814814800E-002   0.0000000000000000     
   1.8518518518518517E-002   1.8518518518518507E-002   0.0000000000000000     
   2.2222222222222220E-002   2.2222222222222206E-002   0.0000000000000000     
   2.5925925925925922E-002   2.5925925925925911E-002   0.0000000000000000     
   2.9629629629629627E-002   2.9629629629629613E-002   0.0000000000000000     
   3.3333333333333333E-002   3.3333333333333326E-002   0.0000000000000000     
   3.7499999999999999E-002   3.7499999999999992E-002   0.0000000000000000     
   4.1666666666666664E-002   4.1666666666666644E-002   0.0000000000000000     
   4.5833333333333337E-002   4.5833333333333323E-002   0.0000000000000000     
   5.0000000000000003E-002   4.9999999999999996E-002   0.0000000000000000     
   5.4166666666666669E-002   5.4166666666666655E-002   0.0000000000000000     
   5.8333333333333334E-002   5.8333333333333307E-002   0.0000000000000000     
   6.2500000000000000E-002   6.2499999999999986E-002   0.0000000000000000     
   6.6666666666666666E-002   6.6666666666666652E-002   0.0000000000000000     
  0.10000000000000001        9.9999999999999978E-002   0.0000000000000000     
  0.13333333333333333       0.13333333333333330        0.0000000000000000     
  0.16666666666666666       0.16666666666666666        0.0000000000000000     
  0.20000000000000001       0.19999999999999996        0.0000000000000000     
  0.23333333333333334       0.23333333333333325        0.0000000000000000     
  0.26666666666666672       0.26666666666666666        0.0000000000000000     
  0.30000000000000004       0.29999999999999988        0.0000000000000000     
  0.33333333333333337       0.33333333333333343        0.0000000000000000     
  0.36666666666666664       0.36666666666666647        0.0000000000000000     
  0.40000000000000002       0.40000000000000008        0.0000000000000000     
  0.43333333333333335       0.43333333333333340        0.0000000000000000     
  0.46666666666666667       0.46666666666666667        0.0000000000000000     
  0.50000000000000000       0.49999999999999994        0.0000000000000000     
  0.53333333333333333       0.53333333333333333        0.0000000000000000     
  0.56666666666666665       0.56666666666666654        0.0000000000000000     
  0.59999999999999998       0.59999999999999987        0.0000000000000000     
  0.63333333333333330       0.63333333333333297        0.0000000000000000     
  0.66666666666666674       0.66666666666666663        0.0000000000000000     
  0.69999999999999996       0.69999999999999873        0.0000000000000000     
  0.73333333333333339       0.73333333333333339        0.0000000000000000     
  0.76666666666666672       0.76666666666666483        0.0000000000000000     
  0.80000000000000004       0.80000000000000027        0.0000000000000000     
  0.80303030303030309       0.80303030303030332        0.0000000000000000     
  0.80606060606060614       0.80606060606060626        0.0000000000000000     
  0.80909090909090908       0.80909090909090942        0.0000000000000000     
  0.81212121212121213       0.81212121212121235        0.0000000000000000     
  0.81515151515151518       0.81515151515151540        0.0000000000000000     
  0.81818181818181823       0.81818181818181845        0.0000000000000000     
  0.82121212121212128       0.82121212121212128        0.0000000000000000     
  0.82424242424242433       0.82424242424242444        0.0000000000000000     
  0.82727272727272727       0.82727272727272749        0.0000000000000000     
  0.83030303030303032       0.83030303030303032        0.0000000000000000     
  0.83333333333333337       0.83333333333333404        0.0000000000000000     
  0.83703703703703702       0.83703703703704013        0.0000000000000000     
  0.84074074074074079       0.84074074074073757        0.0000000000000000     
  0.84444444444444444       0.84444444444444577        0.0000000000000000     
  0.84814814814814821       0.84814814814814954        0.0000000000000000     
  0.85185185185185186       0.85185185185184875        0.0000000000000000     
  0.85555555555555562       0.85555555555555729        0.0000000000000000     
  0.85925925925925928       0.85925925925925917        0.0000000000000000     
  0.86296296296296304       0.86296296296295816        0.0000000000000000     
  0.86666666666666670       0.86666666666649461        0.0000000000000000     
  0.87037037037037035       0.87037037036973985        0.0000000000000000     
  0.87407407407407411       0.87407407407464954        0.0000000000000000     
  0.87777777777777777       0.87777777777752508        0.0000000000000000     
  0.88148148148148153       0.88148148148118366        0.0000000000000000     
  0.88518518518518519       0.88518518518576483        0.0000000000000000     
  0.88888888888888895       0.88888888888853612        0.0000000000000000     
  0.89259259259259260       0.89259259259257873        0.0000000000000000     
  0.89629629629629637       0.89629629629722929        0.0000000000000000     
  0.90000000000000002       0.90000000003355474        0.0000000000000000     
  0.90370370370370368       0.90370370382670706        0.0000000000000000     
  0.90740740740740744       0.90740740729516955        0.0000000000000000     
  0.91111111111111109       0.91111111116038368        0.0000000000000000     
  0.91481481481481486       0.91481481487290106        0.0000000000000000     
  0.91851851851851851       0.91851851840548160        0.0000000000000000     
  0.92222222222222228       0.92222222229100981        0.0000000000000000     
  0.92592592592592593       0.92592592592862233        0.0000000000000000     
  0.92962962962962969       0.92962962944767369        0.0000000000000000     
  0.93333333333333335       0.93333332678872138        0.0000000000000000     
  0.93703703703703700       0.93703701304607423        0.0000000000000000     
  0.94074074074074077       0.94074076263197604        0.0000000000000000     
  0.94444444444444442       0.94444443483418816        0.0000000000000000     
  0.94814814814814818       0.94814813681881782        0.0000000000000000     
  0.95185185185185184       0.95185187389890902        0.0000000000000000     
  0.95555555555555560       0.95555554213897209        0.0000000000000000     
  0.95925925925925926       0.95925925873328588        0.0000000000000000     
  0.96296296296296302       0.96296299845218247        0.0000000000000000     
  0.96666666666666667       0.96666794314875659        0.0000000000000000     
  0.96888888888888891       0.96879608594275868        0.0000000000000000     
  0.97111111111111115       0.97124119618271398        0.0000000000000000     
  0.97333333333333338       0.97327603180805111        0.0000000000000000     
  0.97555555555555551       0.97547067585071845        0.0000000000000000     
  0.97777777777777775       0.97797018118801327        0.0000000000000000     
  0.97999999999999998       0.97986258637923340        0.0000000000000000     
  0.98222222222222222       0.98216711033680260        0.0000000000000000     
  0.98444444444444446       0.98463524567205840        0.0000000000000000     
  0.98666666666666669       0.98653283942496683        0.0000000000000000     
  0.98888888888888893       0.98882980925885855        0.0000000000000000     
  0.99111111111111116       0.99114391108731370        0.0000000000000000     
  0.99333333333333329       0.99187108210272401        0.0000000000000000     
  0.99555555555555553       0.98398163959484219        0.0000000000000000     
  0.99777777777777776       0.88923908419722608        0.0000000000000000     
   1.0000000000000000        3.0990763788478463E-017   0.0000000000000000     
