X My_beautiful_solution_real My_beautiful_solution_imag
   0.0000000000000000        0.0000000000000000        0.0000000000000000     
   1.6666666666666666E-002   1.4038600741960596        0.0000000000000000     
   3.3333333333333333E-002  0.30082715875629845        0.0000000000000000     
   5.0000000000000003E-002   1.2802753865376943        0.0000000000000000     
   6.6666666666666666E-002  0.51070892185231120        0.0000000000000000     
   8.3333333333333343E-002   1.1940525460048006        0.0000000000000000     
  0.10000000000000001       0.65713969845641607        0.0000000000000000     
  0.11666666666666667        1.1338964023075149        0.0000000000000000     
  0.13333333333333333       0.75930184928165145        0.0000000000000000     
  0.14999999999999999        1.0919265297985248        0.0000000000000000     
  0.16666666666666666       0.83057856653526707        0.0000000000000000     
  0.18333333333333335        1.0626448955354504        0.0000000000000000     
  0.20000000000000001       0.88030706560673511        0.0000000000000000     
  0.21666666666666667        1.0422156196320556        0.0000000000000000     
  0.23333333333333334       0.91500175575501808        0.0000000000000000     
  0.25000000000000000        1.0279624768536375        0.0000000000000000     
  0.26666666666666672       0.93920762456186468        0.0000000000000000     
  0.28333333333333338        1.0180183124093065        0.0000000000000000     
  0.30000000000000004       0.95609562910060208        0.0000000000000000     
  0.31666666666666671        1.0110804455799898        0.0000000000000000     
  0.33333333333333337       0.96787808977475664        0.0000000000000000     
  0.34999999999999998        1.0062400191760630        0.0000000000000000     
  0.36666666666666664       0.97609850321789393        0.0000000000000000     
  0.38333333333333330        1.0028629396863225        0.0000000000000000     
  0.40000000000000002       0.98183373960398568        0.0000000000000000     
  0.41666666666666669        1.0005068113355704        0.0000000000000000     
  0.43333333333333335       0.98583511211789665        0.0000000000000000     
  0.45000000000000001       0.99886298245263039        0.0000000000000000     
  0.46666666666666667       0.98862679861819680        0.0000000000000000     
  0.48333333333333334       0.99771611225112966        0.0000000000000000     
  0.50000000000000000       0.99057450868239649        0.0000000000000000     
  0.51666666666666661       0.99691596129092930        0.0000000000000000     
  0.53333333333333333       0.99193339138422498        0.0000000000000000     
  0.55000000000000004       0.99635771018433317        0.0000000000000000     
  0.56666666666666665       0.99288145969853370        0.0000000000000000     
  0.58333333333333326       0.99596822830714127        0.0000000000000000     
  0.59999999999999998       0.99354291011466400        0.0000000000000000     
  0.61666666666666670       0.99569649372234892        0.0000000000000000     
  0.63333333333333330       0.99400439231631077        0.0000000000000000     
  0.65000000000000002       0.99550690933114483        0.0000000000000000     
  0.66666666666666674       0.99432636024806098        0.0000000000000000     
  0.68333333333333335       0.99537463967023443        0.0000000000000000     
  0.69999999999999996       0.99455099155281235        0.0000000000000000     
  0.71666666666666667       0.99528235747819171        0.0000000000000000     
  0.73333333333333339       0.99470771282253645        0.0000000000000000     
  0.75000000000000000       0.99521797383261823        0.0000000000000000     
  0.76666666666666672       0.99481705446755386        0.0000000000000000     
  0.78333333333333344       0.99517305450717097        0.0000000000000000     
  0.80000000000000004       0.99489334019032905        0.0000000000000000     
  0.81111111111111112       0.94607028571083662        0.0000000000000000     
  0.82222222222222230       0.88767033907942594        0.0000000000000000     
  0.83333333333333337       0.83592552089256889        0.0000000000000000     
  0.84444444444444444       0.77708855749973715        0.0000000000000000     
  0.85555555555555562       0.72291935258314000        0.0000000000000000     
  0.86666666666666670       0.66550645109831241        0.0000000000000000     
  0.87777777777777777       0.61155024729523066        0.0000000000000000     
  0.88888888888888895       0.55531898715374284        0.0000000000000000     
  0.90000000000000002       0.50066869836606287        0.0000000000000000     
  0.91111111111111109       0.44433362189906034        0.0000000000000000     
  0.92222222222222228       0.38910740343516087        0.0000000000000000     
  0.93333333333333335       0.33311062263012220        0.0000000000000000     
  0.94444444444444442       0.27793500403992943        0.0000000000000000     
  0.95555555555555560       0.22221893023098552        0.0000000000000000     
  0.96666666666666667       0.16687842699778405        0.0000000000000000     
  0.97777777777777775       0.11113769090950699        0.0000000000000000     
  0.98888888888888893        5.5660371636240033E-002   0.0000000000000000     
   1.0000000000000000        0.0000000000000000        0.0000000000000000     
