X My_beautiful_solution_real My_beautiful_solution_imag
   0.0000000000000000       -1.3876907246034686E-033   0.0000000000000000     
   3.0303030303030312E-003   3.0303030303030333E-003   0.0000000000000000     
   6.0606060606060606E-003   6.0606060606060623E-003   0.0000000000000000     
   9.0909090909090905E-003   9.0909090909090922E-003   0.0000000000000000     
   1.2121212121212121E-002   1.2121212121212126E-002   0.0000000000000000     
   1.5151515151515152E-002   1.5151515151515157E-002   0.0000000000000000     
   1.8181818181818181E-002   1.8181818181818184E-002   0.0000000000000000     
   2.1212121212121210E-002   2.1212121212121213E-002   0.0000000000000000     
   2.4242424242424242E-002   2.4242424242424249E-002   0.0000000000000000     
   2.7272727272727275E-002   2.7272727272727278E-002   0.0000000000000000     
   3.0303030303030304E-002   3.0303030303030314E-002   0.0000000000000000     
   3.3333333333333333E-002   3.3333333333333326E-002   0.0000000000000000     
   3.8095238095238092E-002   3.8095238095238113E-002   0.0000000000000000     
   4.2857142857142858E-002   4.2857142857142858E-002   0.0000000000000000     
   4.7619047619047616E-002   4.7619047619047630E-002   0.0000000000000000     
   5.2380952380952375E-002   5.2380952380952389E-002   0.0000000000000000     
   5.7142857142857134E-002   5.7142857142857148E-002   0.0000000000000000     
   6.1904761904761907E-002   6.1904761904761907E-002   0.0000000000000000     
   6.6666666666666666E-002   6.6666666666666707E-002   0.0000000000000000     
  0.10000000000000001       0.10000000000000002        0.0000000000000000     
  0.13333333333333333       0.13333333333333336        0.0000000000000000     
  0.16666666666666666       0.16666666666666669        0.0000000000000000     
  0.20000000000000001       0.20000000000000001        0.0000000000000000     
  0.23333333333333334       0.23333333333333331        0.0000000000000000     
  0.26666666666666672       0.26666666666666672        0.0000000000000000     
  0.30000000000000004       0.29999999999999993        0.0000000000000000     
  0.33333333333333337       0.33333333333333337        0.0000000000000000     
  0.36666666666666664       0.36666666666666647        0.0000000000000000     
  0.40000000000000002       0.40000000000000002        0.0000000000000000     
  0.43333333333333335       0.43333333333333318        0.0000000000000000     
  0.46666666666666667       0.46666666666666667        0.0000000000000000     
  0.50000000000000000       0.49999999999999972        0.0000000000000000     
  0.53333333333333333       0.53333333333333321        0.0000000000000000     
  0.56666666666666665       0.56666666666666621        0.0000000000000000     
  0.59999999999999998       0.59999999999999998        0.0000000000000000     
  0.63333333333333330       0.63333333333333297        0.0000000000000000     
  0.66666666666666674       0.66666666666666685        0.0000000000000000     
  0.69999999999999996       0.69999999999999984        0.0000000000000000     
  0.73333333333333339       0.73333333333333350        0.0000000000000000     
  0.76666666666666672       0.76666666666666561        0.0000000000000000     
  0.80000000000000004       0.80000000000000038        0.0000000000000000     
  0.80277777777777781       0.80277777777777815        0.0000000000000000     
  0.80555555555555558       0.80555555555555591        0.0000000000000000     
  0.80833333333333335       0.80833333333333379        0.0000000000000000     
  0.81111111111111112       0.81111111111111167        0.0000000000000000     
  0.81388888888888888       0.81388888888888922        0.0000000000000000     
  0.81666666666666665       0.81666666666666698        0.0000000000000000     
  0.81944444444444453       0.81944444444444486        0.0000000000000000     
  0.82222222222222230       0.82222222222222263        0.0000000000000000     
  0.82500000000000007       0.82500000000000040        0.0000000000000000     
  0.82777777777777783       0.82777777777777817        0.0000000000000000     
  0.83055555555555560       0.83055555555555616        0.0000000000000000     
  0.83333333333333337       0.83333333333333559        0.0000000000000000     
  0.83750000000000002       0.83750000000000435        0.0000000000000000     
  0.84166666666666667       0.84166666666666456        0.0000000000000000     
  0.84583333333333333       0.84583333333333366        0.0000000000000000     
  0.85000000000000009       0.85000000000000386        0.0000000000000000     
  0.85416666666666674       0.85416666666666419        0.0000000000000000     
  0.85833333333333339       0.85833333333333517        0.0000000000000000     
  0.86250000000000004       0.86250000000000226        0.0000000000000000     
  0.86666666666666670       0.86666666666678316        0.0000000000000000     
  0.87083333333333335       0.87083333333359392        0.0000000000000000     
  0.87500000000000000       0.87499999999982025        0.0000000000000000     
  0.87916666666666665       0.87916666666664189        0.0000000000000000     
  0.88333333333333330       0.88333333333355524        0.0000000000000000     
  0.88750000000000007       0.88749999999977947        0.0000000000000000     
  0.89166666666666672       0.89166666666674477        0.0000000000000000     
  0.89583333333333337       0.89583333333344206        0.0000000000000000     
  0.90000000000000002       0.90000000000804015        0.0000000000000000     
  0.90416666666666667       0.90416666668470513        0.0000000000000000     
  0.90833333333333333       0.90833333332083954        0.0000000000000000     
  0.91249999999999998       0.91249999999825004        0.0000000000000000     
  0.91666666666666674       0.91666666668202912        0.0000000000000000     
  0.92083333333333339       0.92083333331800910        0.0000000000000000     
  0.92500000000000004       0.92500000000539118        0.0000000000000000     
  0.92916666666666670       0.92916666667416947        0.0000000000000000     
  0.93333333333333335       0.93333333389072881        0.0000000000000000     
  0.93750000000000000       0.93750000125056943        0.0000000000000000     
  0.94166666666666665       0.94166666580045022        0.0000000000000000     
  0.94583333333333330       0.94583333321198704        0.0000000000000000     
  0.94999999999999996       0.95000000106503790        0.0000000000000000     
  0.95416666666666672       0.95416666560421648        0.0000000000000000     
  0.95833333333333337       0.95833333370706608        0.0000000000000000     
  0.96250000000000002       0.96250000052013074        0.0000000000000000     
  0.96666666666666667       0.96666670531058063        0.0000000000000000     
  0.96862745098039216       0.96860255984176558        0.0000000000000000     
  0.97058823529411764       0.97061833561286748        0.0000000000000000     
  0.97254901960784312       0.97252045337482151        0.0000000000000000     
  0.97450980392156861       0.97452584238467255        0.0000000000000000     
  0.97647058823529409       0.97647970346418445        0.0000000000000000     
  0.97843137254901957       0.97840169448261105        0.0000000000000000     
  0.98039215686274506       0.98041559930834787        0.0000000000000000     
  0.98235294117647054       0.98235972616898737        0.0000000000000000     
  0.98431372549019613       0.98428363660657148        0.0000000000000000     
  0.98627450980392162       0.98629530701792767        0.0000000000000000     
  0.98823529411764710       0.98823427889492566        0.0000000000000000     
  0.99019607843137258       0.99011302278226687        0.0000000000000000     
  0.99215686274509807       0.99179315735692020        0.0000000000000000     
  0.99411764705882355       0.99131020713711215        0.0000000000000000     
  0.99607843137254903       0.97628349539007253        0.0000000000000000     
  0.99803921568627452       0.85726711973476588        0.0000000000000000     
   1.0000000000000000        3.0976503185139847E-017   0.0000000000000000     
