X My_beautiful_solution_real My_beautiful_solution_imag
   0.0000000000000000       -2.6046489926686623E-034   0.0000000000000000     
   4.7619047619047615E-003   4.7619047619047684E-003   0.0000000000000000     
   9.5238095238095229E-003   9.5238095238095281E-003   0.0000000000000000     
   1.4285714285714285E-002   1.4285714285714294E-002   0.0000000000000000     
   1.9047619047619046E-002   1.9047619047619053E-002   0.0000000000000000     
   2.3809523809523805E-002   2.3809523809523819E-002   0.0000000000000000     
   2.8571428571428571E-002   2.8571428571428581E-002   0.0000000000000000     
   3.3333333333333333E-002   3.3333333333333340E-002   0.0000000000000000     
   3.8888888888888890E-002   3.8888888888888883E-002   0.0000000000000000     
   4.4444444444444439E-002   4.4444444444444439E-002   0.0000000000000000     
   5.0000000000000003E-002   4.9999999999999996E-002   0.0000000000000000     
   5.5555555555555552E-002   5.5555555555555552E-002   0.0000000000000000     
   6.1111111111111109E-002   6.1111111111111102E-002   0.0000000000000000     
   6.6666666666666666E-002   6.6666666666666680E-002   0.0000000000000000     
   8.3333333333333343E-002   8.3333333333333315E-002   0.0000000000000000     
  0.10000000000000001       0.10000000000000001        0.0000000000000000     
  0.13333333333333333       0.13333333333333333        0.0000000000000000     
  0.14444444444444443       0.14444444444444443        0.0000000000000000     
  0.15555555555555556       0.15555555555555556        0.0000000000000000     
  0.16666666666666666       0.16666666666666657        0.0000000000000000     
  0.20000000000000001       0.20000000000000004        0.0000000000000000     
  0.23333333333333334       0.23333333333333328        0.0000000000000000     
  0.26666666666666672       0.26666666666666666        0.0000000000000000     
  0.30000000000000004       0.29999999999999982        0.0000000000000000     
  0.33333333333333337       0.33333333333333343        0.0000000000000000     
  0.36666666666666664       0.36666666666666647        0.0000000000000000     
  0.40000000000000002       0.40000000000000008        0.0000000000000000     
  0.43333333333333335       0.43333333333333335        0.0000000000000000     
  0.46666666666666667       0.46666666666666667        0.0000000000000000     
  0.50000000000000000       0.49999999999999972        0.0000000000000000     
  0.53333333333333333       0.53333333333333333        0.0000000000000000     
  0.56666666666666665       0.56666666666666643        0.0000000000000000     
  0.59999999999999998       0.60000000000000009        0.0000000000000000     
  0.63333333333333330       0.63333333333333330        0.0000000000000000     
  0.66666666666666674       0.66666666666666685        0.0000000000000000     
  0.69999999999999996       0.69999999999999918        0.0000000000000000     
  0.73333333333333339       0.73333333333333350        0.0000000000000000     
  0.76666666666666672       0.76666666666666483        0.0000000000000000     
  0.80000000000000004       0.80000000000000038        0.0000000000000000     
  0.80303030303030309       0.80303030303030343        0.0000000000000000     
  0.80606060606060614       0.80606060606060637        0.0000000000000000     
  0.80909090909090908       0.80909090909090942        0.0000000000000000     
  0.81212121212121213       0.81212121212121269        0.0000000000000000     
  0.81515151515151518       0.81515151515151540        0.0000000000000000     
  0.81818181818181823       0.81818181818181834        0.0000000000000000     
  0.82121212121212128       0.82121212121212162        0.0000000000000000     
  0.82424242424242433       0.82424242424242444        0.0000000000000000     
  0.82727272727272727       0.82727272727272749        0.0000000000000000     
  0.83030303030303032       0.83030303030303154        0.0000000000000000     
  0.83333333333333337       0.83333333333335402        0.0000000000000000     
  0.83703703703703702       0.83703703703711252        0.0000000000000000     
  0.84074074074074079       0.84074074074067229        0.0000000000000000     
  0.84444444444444444       0.84444444444447497        0.0000000000000000     
  0.84814814814814821       0.84814814814818396        0.0000000000000000     
  0.85185185185185186       0.85185185185178303        0.0000000000000000     
  0.85555555555555562       0.85555555555559759        0.0000000000000000     
  0.85925925925925928       0.85925925925926117        0.0000000000000000     
  0.86296296296296304       0.86296296296285202        0.0000000000000000     
  0.86666666666666670       0.86666666666266767        0.0000000000000000     
  0.87037037037037035       0.87037037035570997        0.0000000000000000     
  0.87407407407407411       0.87407407408745175        0.0000000000000000     
  0.87777777777777777       0.87777777777190535        0.0000000000000000     
  0.88148148148148153       0.88148148147455874        0.0000000000000000     
  0.88518518518518519       0.88518518519865819        0.0000000000000000     
  0.88888888888888895       0.88888888888069029        0.0000000000000000     
  0.89259259259259260       0.89259259259227153        0.0000000000000000     
  0.89629629629629637       0.89629629631798358        0.0000000000000000     
  0.90000000000000002       0.90000000078004194        0.0000000000000000     
  0.90370370370370368       0.90370370656314791        0.0000000000000000     
  0.90740740740740744       0.90740740479822679        0.0000000000000000     
  0.91111111111111109       0.91111111225654240        0.0000000000000000     
  0.91481481481481486       0.91481481616513960        0.0000000000000000     
  0.91851851851851851       0.91851851589076572        0.0000000000000000     
  0.92222222222222228       0.92222222382132324        0.0000000000000000     
  0.92592592592592593       0.92592592598861612        0.0000000000000000     
  0.92962962962962969       0.92962962539972738        0.0000000000000000     
  0.93333333333333335       0.93333318119150310        0.0000000000000000     
  0.93703703703703700       0.93703647932190981        0.0000000000000000     
  0.94074074074074077       0.94074124964375583        0.0000000000000000     
  0.94444444444444442       0.94444422103593850        0.0000000000000000     
  0.94814814814814818       0.94814788477652534        0.0000000000000000     
  0.95185185185185184       0.95185236437724108        0.0000000000000000     
  0.95555555555555560       0.95555524366180300        0.0000000000000000     
  0.95925925925925926       0.95925924703202148        0.0000000000000000     
  0.96296296296296302       0.96296378797673754        0.0000000000000000     
  0.96666666666666667       0.96669634089778156        0.0000000000000000     
  0.96923076923076923       0.96933034227367343        0.0000000000000000     
  0.97179487179487178       0.97170830657765417        0.0000000000000000     
  0.97435897435897434       0.97499795138890710        0.0000000000000000     
  0.97692307692307689       0.97587391448599192        0.0000000000000000     
  0.97948717948717945       0.98014999908636791        0.0000000000000000     
  0.98205128205128200       0.98241725858544737        0.0000000000000000     
  0.98461538461538467       0.98358688049176413        0.0000000000000000     
  0.98717948717948723       0.98785048008715681        0.0000000000000000     
  0.98974358974358978       0.98993654393197550        0.0000000000000000     
  0.99230769230769234       0.99099657519641360        0.0000000000000000     
  0.99487179487179489       0.98995068412037623        0.0000000000000000     
  0.99743589743589745       0.91959558002493313        0.0000000000000000     
   1.0000000000000000        3.1317922089317972E-017   0.0000000000000000     
