X My_beautiful_solution_real My_beautiful_solution_imag
   0.0000000000000000        0.0000000000000000        0.0000000000000000     
   3.3333333333333333E-002   1.8773584908351371        0.0000000000000000     
   6.6666666666666666E-002  0.21253114990586436        0.0000000000000000     
  0.10000000000000001        1.6888874711072948        0.0000000000000000     
  0.13333333333333333       0.37966582777772434        0.0000000000000000     
  0.16666666666666666        1.5406737001643249        0.0000000000000000     
  0.20000000000000001       0.51110068125545272        0.0000000000000000     
  0.23333333333333334        1.4241182640614336        0.0000000000000000     
  0.26666666666666672       0.61446116232782866        0.0000000000000000     
  0.30000000000000004        1.3324589695255533        0.0000000000000000     
  0.33333333333333337       0.69574393295398618        0.0000000000000000     
  0.36666666666666664        1.2603780219891492        0.0000000000000000     
  0.40000000000000002       0.75966477322211778        0.0000000000000000     
  0.43333333333333335        1.2036935032608060        0.0000000000000000     
  0.46666666666666667       0.80993217662272399        0.0000000000000000     
  0.50000000000000000        1.1591167493017780        0.0000000000000000     
  0.53333333333333333       0.84946250560525827        0.0000000000000000     
  0.56666666666666665        1.1240615519021719        0.0000000000000000     
  0.59999999999999998       0.88054919009170129        0.0000000000000000     
  0.63333333333333330        1.0964941147160809        0.0000000000000000     
  0.66666666666666674       0.90499578533219704        0.0000000000000000     
  0.69999999999999996        1.0748150585594147        0.0000000000000000     
  0.73333333333333339       0.92422060871641065        0.0000000000000000     
  0.76666666666666672        1.0577666302753008        0.0000000000000000     
  0.80000000000000004       0.93933902625137911        0.0000000000000000     
  0.80476190476190479       0.97673379899182033        0.0000000000000000     
  0.80952380952380953       0.95031986848838745        0.0000000000000000     
  0.81428571428571428       0.93179664566218590        0.0000000000000000     
  0.81904761904761914       0.90280475235175905        0.0000000000000000     
  0.82380952380952388       0.88009022871052700        0.0000000000000000     
  0.82857142857142863       0.85978069302384441        0.0000000000000000     
  0.83333333333333337       0.83554535194623925        0.0000000000000000     
  0.83809523809523812       0.80950399726185962        0.0000000000000000     
  0.84285714285714286       0.78578944383183202        0.0000000000000000     
  0.84761904761904761       0.76178715365763561        0.0000000000000000     
  0.85238095238095246       0.73816660632376596        0.0000000000000000     
  0.85714285714285721       0.71431715304325283        0.0000000000000000     
  0.86190476190476195       0.69038000124036103        0.0000000000000000     
  0.86666666666666670       0.66658600497023823        0.0000000000000000     
  0.87142857142857144       0.64285786546434154        0.0000000000000000     
  0.87619047619047619       0.61904487853479007        0.0000000000000000     
  0.88095238095238093       0.59524238400178120        0.0000000000000000     
  0.88571428571428579       0.57142596911504828        0.0000000000000000     
  0.89047619047619053       0.54761790134425448        0.0000000000000000     
  0.89523809523809528       0.52381303152329250        0.0000000000000000     
  0.90000000000000002       0.50000294149793734        0.0000000000000000     
  0.90476190476190477       0.47619044998823562        0.0000000000000000     
  0.90952380952380951       0.45238105246230037        0.0000000000000000     
  0.91428571428571426       0.42857127232834824        0.0000000000000000     
  0.91904761904761911       0.40476199980377808        0.0000000000000000     
  0.92380952380952386       0.38095242289941694        0.0000000000000000     
  0.92857142857142860       0.35714272938096842        0.0000000000000000     
  0.93333333333333335       0.33333322621865674        0.0000000000000000     
  0.93809523809523809       0.30952381062710349        0.0000000000000000     
  0.94285714285714284       0.28571428221261519        0.0000000000000000     
  0.94761904761904758       0.26190476775002980        0.0000000000000000     
  0.95238095238095244       0.23809523477733308        0.0000000000000000     
  0.95714285714285718       0.21428571290392681        0.0000000000000000     
  0.96190476190476193       0.19047619528288390        0.0000000000000000     
  0.96666666666666667       0.16666667072045510        0.0000000000000000     
  0.97142857142857142       0.14285714296473345        0.0000000000000000     
  0.97619047619047616       0.11904761932313082        0.0000000000000000     
  0.98095238095238091        9.5238095172768572E-002   0.0000000000000000     
  0.98571428571428577        7.1428571697381982E-002   0.0000000000000000     
  0.99047619047619051        4.7619047817257197E-002   0.0000000000000000     
  0.99523809523809526        2.3809523782068846E-002   0.0000000000000000     
   1.0000000000000000        1.6125462604942807E-025   0.0000000000000000     
