X My_beautiful_solution_real My_beautiful_solution_imag
   0.0000000000000000        0.0000000000000000        0.0000000000000000     
   1.1111111111111110E-002   1.1111111111111393E-002   0.0000000000000000     
   2.2222222222222220E-002   2.2222222222222286E-002   0.0000000000000000     
   3.3333333333333333E-002   3.3333333333333888E-002   0.0000000000000000     
   5.0000000000000003E-002   4.9999999999999975E-002   0.0000000000000000     
   6.6666666666666666E-002   6.6666666666667387E-002   0.0000000000000000     
   8.3333333333333343E-002   8.3333333333333204E-002   0.0000000000000000     
  0.10000000000000001       0.10000000000000094        0.0000000000000000     
  0.13333333333333333       0.13333333333333258        0.0000000000000000     
  0.14999999999999999       0.15000000000000052        0.0000000000000000     
  0.16666666666666666       0.16666666666666555        0.0000000000000000     
  0.18333333333333335       0.18333333333333449        0.0000000000000000     
  0.20000000000000001       0.19999999999999832        0.0000000000000000     
  0.23333333333333334       0.23333333333333589        0.0000000000000000     
  0.26666666666666672       0.26666666666666450        0.0000000000000000     
  0.30000000000000004       0.30000000000000326        0.0000000000000000     
  0.33333333333333337       0.33333333333333043        0.0000000000000000     
  0.36666666666666664       0.36666666666667080        0.0000000000000000     
  0.40000000000000002       0.39999999999999619        0.0000000000000000     
  0.43333333333333335       0.43333333333333862        0.0000000000000000     
  0.46666666666666667       0.46666666666666179        0.0000000000000000     
  0.50000000000000000       0.50000000000000666        0.0000000000000000     
  0.53333333333333333       0.53333333333332700        0.0000000000000000     
  0.56666666666666665       0.56666666666667498        0.0000000000000000     
  0.59999999999999998       0.59999999999999176        0.0000000000000000     
  0.63333333333333330       0.63333333333334363        0.0000000000000000     
  0.66666666666666674       0.66666666666665630        0.0000000000000000     
  0.69999999999999996       0.70000000000001328        0.0000000000000000     
  0.73333333333333339       0.73333333333331985        0.0000000000000000     
  0.76666666666666672       0.76666666666668337        0.0000000000000000     
  0.80000000000000004       0.79999999999998295        0.0000000000000000     
  0.80370370370370370       0.80370370370363819        0.0000000000000000     
  0.80740740740740746       0.80740740740746941        0.0000000000000000     
  0.81111111111111112       0.81111111111108580        0.0000000000000000     
  0.81481481481481488       0.81481481481478435        0.0000000000000000     
  0.81851851851851853       0.81851851851858082        0.0000000000000000     
  0.82222222222222230       0.82222222222218622        0.0000000000000000     
  0.82592592592592595       0.82592592592592551        0.0000000000000000     
  0.82962962962962972       0.82962962962972941        0.0000000000000000     
  0.83333333333333337       0.83333333333687720        0.0000000000000000     
  0.83703703703703702       0.83703703705002497        0.0000000000000000     
  0.84074074074074079       0.84074074072889160        0.0000000000000000     
  0.84444444444444444       0.84444444444964795        0.0000000000000000     
  0.84814814814814821       0.84814814815428219        0.0000000000000000     
  0.85185185185185186       0.85185185183991818        0.0000000000000000     
  0.85555555555555562       0.85555555556281959        0.0000000000000000     
  0.85925925925925928       0.85925925925954527        0.0000000000000000     
  0.86296296296296304       0.86296296294375252        0.0000000000000000     
  0.86666666666666670       0.86666666597566999        0.0000000000000000     
  0.87037037037037035       0.87037036783734067        0.0000000000000000     
  0.87407407407407411       0.87407407638541101        0.0000000000000000     
  0.87777777777777777       0.87777777676310220        0.0000000000000000     
  0.88148148148148153       0.88148148028530171        0.0000000000000000     
  0.88518518518518519       0.88518518751297426        0.0000000000000000     
  0.88888888888888895       0.88888888747233075        0.0000000000000000     
  0.89259259259259260       0.89259259253706003        0.0000000000000000     
  0.89629629629629637       0.89629630004334504        0.0000000000000000     
  0.90000000000000002       0.90000013477442631        0.0000000000000000     
  0.90370370370370368       0.90370419775412714        0.0000000000000000     
  0.90740740740740744       0.90740695659706316        0.0000000000000000     
  0.91111111111111109       0.91111130901692761        0.0000000000000000     
  0.91481481481481486       0.91481504812184899        0.0000000000000000     
  0.91851851851851851       0.91851806449930418        0.0000000000000000     
  0.92222222222222228       0.92222249851245230        0.0000000000000000     
  0.92592592592592593       0.92592593675739276        0.0000000000000000     
  0.92962962962962969       0.92962889879343302        0.0000000000000000     
  0.93333333333333335       0.93330704649676466        0.0000000000000000     
  0.93703703703703700       0.93694067585645624        0.0000000000000000     
  0.94074074074074077       0.94082866823795108        0.0000000000000000     
  0.94444444444444442       0.94440584425885588        0.0000000000000000     
  0.94814814814814818       0.94810264319539872        0.0000000000000000     
  0.95185185185185184       0.95194040521738588        0.0000000000000000     
  0.95555555555555560       0.95550166702224415        0.0000000000000000     
  0.95925925925925926       0.95925714665544848        0.0000000000000000     
  0.96296296296296302       0.96310550760149971        0.0000000000000000     
  0.96666666666666667       0.97179373567047711        0.0000000000000000     
  0.97037037037037033       0.98916496441822210        0.0000000000000000     
  0.97407407407407409       0.95692441270928419        0.0000000000000000     
  0.97777777777777775       0.98530648190895076        0.0000000000000000     
  0.98148148148148151       0.99035691356880873        0.0000000000000000     
  0.98518518518518516       0.96791345245307991        0.0000000000000000     
  0.98888888888888893       0.99939948144622726        0.0000000000000000     
  0.99259259259259258       0.99300464162298085        0.0000000000000000     
  0.99629629629629635       0.96849393232773873        0.0000000000000000     
   1.0000000000000000        3.0380670699716994E-017   0.0000000000000000     
