X My_beautiful_solution_real My_beautiful_solution_imag
   0.0000000000000000        0.0000000000000000        0.0000000000000000     
   3.3333333333333333E-002   1.9345780374678134        0.0000000000000000     
   6.6666666666666666E-002  0.21900883443031827        0.0000000000000000     
  0.10000000000000001        1.7403626559918703        0.0000000000000000     
  0.13333333333333333       0.39123756894672024        0.0000000000000000     
  0.16666666666666666        1.5876315140622308        0.0000000000000000     
  0.20000000000000001       0.52667839292206098        0.0000000000000000     
  0.23333333333333334        1.4675236135557965        0.0000000000000000     
  0.26666666666666672       0.63318917261644692        0.0000000000000000     
  0.30000000000000004        1.3730706579777558        0.0000000000000000     
  0.33333333333333337       0.71694934077055705        0.0000000000000000     
  0.36666666666666664        1.2987927730109030        0.0000000000000000     
  0.40000000000000002       0.78281840857135088        0.0000000000000000     
  0.43333333333333335        1.2403805808101984        0.0000000000000000     
  0.46666666666666667       0.83461789976820178        0.0000000000000000     
  0.50000000000000000        1.1944451829563874        0.0000000000000000     
  0.53333333333333333       0.87535306390271284        0.0000000000000000     
  0.56666666666666665        1.1583215468371033        0.0000000000000000     
  0.59999999999999998       0.90738723178207792        0.0000000000000000     
  0.63333333333333330        1.1299138885289874        0.0000000000000000     
  0.66666666666666674       0.93257892877229409        0.0000000000000000     
  0.69999999999999996        1.1075740817640787        0.0000000000000000     
  0.73333333333333339       0.95238970080910035        0.0000000000000000     
  0.76666666666666672        1.0900060386370998        0.0000000000000000     
  0.80000000000000004       0.96796890886510012        0.0000000000000000     
  0.83333333333333337       0.91895781010945177        0.0000000000000000     
  0.86666666666666670       0.64795507378584427        0.0000000000000000     
  0.90000000000000002       0.57381284624891771        0.0000000000000000     
  0.93333333333333335       0.32509620525965122        0.0000000000000000     
  0.96666666666666667       0.23119083657717654        0.0000000000000000     
   1.0000000000000000        0.0000000000000000        0.0000000000000000     
