X My_beautiful_solution_real My_beautiful_solution_imag
   0.0000000000000000        0.0000000000000000        0.0000000000000000     
   6.6666666666666671E-003   6.6666666666666654E-003   0.0000000000000000     
   1.3333333333333334E-002   1.3333333333333334E-002   0.0000000000000000     
   2.0000000000000004E-002   2.0000000000000004E-002   0.0000000000000000     
   2.6666666666666668E-002   2.6666666666666672E-002   0.0000000000000000     
   3.3333333333333333E-002   3.3333333333333326E-002   0.0000000000000000     
   4.1666666666666664E-002   4.1666666666666664E-002   0.0000000000000000     
   5.0000000000000003E-002   5.0000000000000003E-002   0.0000000000000000     
   5.8333333333333334E-002   5.8333333333333341E-002   0.0000000000000000     
   6.6666666666666666E-002   6.6666666666666666E-002   0.0000000000000000     
   7.4999999999999997E-002   7.4999999999999983E-002   0.0000000000000000     
   8.3333333333333343E-002   8.3333333333333329E-002   0.0000000000000000     
   9.1666666666666674E-002   9.1666666666666660E-002   0.0000000000000000     
  0.10000000000000001       0.10000000000000003        0.0000000000000000     
  0.13333333333333333       0.13333333333333325        0.0000000000000000     
  0.14444444444444443       0.14444444444444446        0.0000000000000000     
  0.15555555555555556       0.15555555555555550        0.0000000000000000     
  0.16666666666666666       0.16666666666666674        0.0000000000000000     
  0.20000000000000001       0.19999999999999984        0.0000000000000000     
  0.23333333333333334       0.23333333333333342        0.0000000000000000     
  0.26666666666666672       0.26666666666666644        0.0000000000000000     
  0.30000000000000004       0.30000000000000010        0.0000000000000000     
  0.33333333333333337       0.33333333333333298        0.0000000000000000     
  0.36666666666666664       0.36666666666666670        0.0000000000000000     
  0.40000000000000002       0.39999999999999974        0.0000000000000000     
  0.43333333333333335       0.43333333333333374        0.0000000000000000     
  0.46666666666666667       0.46666666666666634        0.0000000000000000     
  0.50000000000000000       0.50000000000000033        0.0000000000000000     
  0.53333333333333333       0.53333333333333288        0.0000000000000000     
  0.56666666666666665       0.56666666666666721        0.0000000000000000     
  0.59999999999999998       0.59999999999999953        0.0000000000000000     
  0.63333333333333330       0.63333333333333475        0.0000000000000000     
  0.66666666666666674       0.66666666666666619        0.0000000000000000     
  0.69999999999999996       0.70000000000000151        0.0000000000000000     
  0.73333333333333339       0.73333333333333250        0.0000000000000000     
  0.76666666666666672       0.76666666666666861        0.0000000000000000     
  0.80000000000000004       0.79999999999999882        0.0000000000000000     
  0.80370370370370370       0.80370370370369804        0.0000000000000000     
  0.80740740740740746       0.80740740740741368        0.0000000000000000     
  0.81111111111111112       0.81111111111110945        0.0000000000000000     
  0.81481481481481488       0.81481481481481244        0.0000000000000000     
  0.81851851851851853       0.81851851851852486        0.0000000000000000     
  0.82222222222222230       0.82222222222221941        0.0000000000000000     
  0.82592592592592595       0.82592592592592651        0.0000000000000000     
  0.82962962962962972       0.82962962962963949        0.0000000000000000     
  0.83333333333333337       0.83333333333366244        0.0000000000000000     
  0.83703703703703702       0.83703703703824139        0.0000000000000000     
  0.84074074074074079       0.84074074073964311        0.0000000000000000     
  0.84444444444444444       0.84444444444492739        0.0000000000000000     
  0.84814814814814821       0.84814814814871731        0.0000000000000000     
  0.85185185185185186       0.85185185185074630        0.0000000000000000     
  0.85555555555555562       0.85555555555622920        0.0000000000000000     
  0.85925925925925928       0.85925925925928626        0.0000000000000000     
  0.86296296296296304       0.86296296296118313        0.0000000000000000     
  0.86666666666666670       0.86666666660262526        0.0000000000000000     
  0.87037037037037035       0.87037037013560836        0.0000000000000000     
  0.87407407407407411       0.87407407428829087        0.0000000000000000     
  0.87777777777777777       0.87777777768373755        0.0000000000000000     
  0.88148148148148153       0.88148148137061932        0.0000000000000000     
  0.88518518518518519       0.88518518540092672        0.0000000000000000     
  0.88888888888888895       0.88888888875760197        0.0000000000000000     
  0.89259259259259260       0.89259259258744617        0.0000000000000000     
  0.89629629629629637       0.89629629664357569        0.0000000000000000     
  0.90000000000000002       0.90000001249097683        0.0000000000000000     
  0.90370370370370368       0.90370374949259991        0.0000000000000000     
  0.90740740740740744       0.90740736562602931        0.0000000000000000     
  0.91111111111111109       0.91111112945314376        0.0000000000000000     
  0.91481481481481486       0.91481483643785411        0.0000000000000000     
  0.91851851851851851       0.91851847643974038        0.0000000000000000     
  0.92222222222222228       0.92222224782897044        0.0000000000000000     
  0.92592592592592593       0.92592592692979336        0.0000000000000000     
  0.92962962962962969       0.92962956189528390        0.0000000000000000     
  0.93333333333333335       0.93333089705322914        0.0000000000000000     
  0.93703703703703700       0.93702810622383381        0.0000000000000000     
  0.94074074074074077       0.94074888991500771        0.0000000000000000     
  0.94444444444444442       0.94444086695561547        0.0000000000000000     
  0.94814814814814818       0.94814393072127201        0.0000000000000000     
  0.95185185185185184       0.95186005903197812        0.0000000000000000     
  0.95555555555555560       0.95555056113330072        0.0000000000000000     
  0.95925925925925926       0.95925906346184520        0.0000000000000000     
  0.96296296296296302       0.96297617408732195        0.0000000000000000     
  0.96666666666666667       0.96714184656048019        0.0000000000000000     
  0.96969696969696972       0.97310060742188464        0.0000000000000000     
  0.97272727272727277       0.96879776652482597        0.0000000000000000     
  0.97575757575757571       0.98049296581894874        0.0000000000000000     
  0.97878787878787876       0.97622650026620317        0.0000000000000000     
  0.98181818181818181       0.97982471666820292        0.0000000000000000     
  0.98484848484848486       0.98947684839099392        0.0000000000000000     
  0.98787878787878791       0.98498395638455749        0.0000000000000000     
  0.99090909090909096       0.98995993172418406        0.0000000000000000     
  0.99393939393939390       0.99476597242222153        0.0000000000000000     
  0.99696969696969695       0.94594211347509727        0.0000000000000000     
   1.0000000000000000        3.3863266612106089E-017   0.0000000000000000     
