X My_beautiful_solution_real My_beautiful_solution_imag
   0.0000000000000000        0.0000000000000000        0.0000000000000000     
   2.0833333333333333E-003  -3.6384632622655914E-004   0.0000000000000000     
   3.1250000000000002E-003  -5.4481517938664262E-004   0.0000000000000000     
   4.1666666666666666E-003  -7.2464086300318132E-004   0.0000000000000000     
   5.2083333333333339E-003  -9.0294605417395944E-004   0.0000000000000000     
   6.2500000000000003E-003  -1.0793566204009950E-003   0.0000000000000000     
   7.2916666666666668E-003  -1.2535024046216720E-003   0.0000000000000000     
   8.3333333333333332E-003  -1.4250180018983353E-003   0.0000000000000000     
   9.3750000000000014E-003  -1.5935435261366390E-003   0.0000000000000000     
   1.0416666666666668E-002  -1.7587253652238738E-003   0.0000000000000000     
   1.1458333333333334E-002  -1.9202169230027810E-003   0.0000000000000000     
   1.2500000000000001E-002  -2.0776793465239994E-003   0.0000000000000000     
   1.3541666666666667E-002  -2.2307822370511623E-003   0.0000000000000000     
   1.4583333333333334E-002  -2.3792043433267774E-003   0.0000000000000000     
   1.5625000000000000E-002  -2.5226342356442165E-003   0.0000000000000000     
   1.6666666666666666E-002  -2.6607709593114387E-003   0.0000000000000000     
   1.8750000000000003E-002  -2.9200233652959626E-003   0.0000000000000000     
   2.0833333333333336E-002  -3.1547934625996287E-003   0.0000000000000000     
   2.1875000000000002E-002  -3.2623722496056347E-003   0.0000000000000000     
   2.2916666666666669E-002  -3.3631056976112608E-003   0.0000000000000000     
   2.3958333333333335E-002  -3.4567824406081188E-003   0.0000000000000000     
   2.5000000000000001E-002  -3.5432059194627913E-003   0.0000000000000000     
   2.6041666666666668E-002  -3.6221947943510381E-003   0.0000000000000000     
   2.7083333333333334E-002  -3.6935833252577728E-003   0.0000000000000000     
   2.8125000000000001E-002  -3.7572217197444223E-003   0.0000000000000000     
   2.9166666666666667E-002  -3.8129764472539674E-003   0.0000000000000000     
   2.9687499999999999E-002  -3.8378600917844531E-003   0.0000000000000000     
   3.0208333333333334E-002  -3.8607299911214135E-003   0.0000000000000000     
   3.0729166666666669E-002  -3.8815741453094646E-003   0.0000000000000000     
   3.1250000000000000E-002  -3.9003816173122613E-003   0.0000000000000000     
   3.1770833333333331E-002  -3.9171425387512174E-003   0.0000000000000000     
   3.2291666666666663E-002  -3.9318481150834956E-003   0.0000000000000000     
   3.2812499999999994E-002  -3.9444906302165449E-003   0.0000000000000000     
   3.3333333333333333E-002  -3.9550634505567828E-003   0.0000000000000000     
   3.3854166666666671E-002  -3.9635610284902683E-003   0.0000000000000000     
   3.4375000000000003E-002  -3.9699789052935709E-003   0.0000000000000000     
   3.4895833333333334E-002  -3.9743137134732797E-003   0.0000000000000000     
   3.5416666666666666E-002  -3.9765631785329504E-003   0.0000000000000000     
   3.5937499999999997E-002  -3.9767261201665407E-003   0.0000000000000000     
   3.6458333333333336E-002  -3.9748024528777270E-003   0.0000000000000000     
   3.6979166666666674E-002  -3.9707931860247635E-003   0.0000000000000000     
   3.7500000000000006E-002  -3.9647004232908605E-003   0.0000000000000000     
   3.8020833333333337E-002  -3.9565273615803850E-003   0.0000000000000000     
   3.8541666666666669E-002  -3.9462782893414138E-003   0.0000000000000000     
   3.9062500000000000E-002  -3.9339585843155703E-003   0.0000000000000000     
   3.9583333333333338E-002  -3.9195747107162917E-003   0.0000000000000000     
   4.0104166666666677E-002  -3.9031342158370279E-003   0.0000000000000000     
   4.0625000000000008E-002  -3.8846457260911312E-003   0.0000000000000000     
   4.1145833333333340E-002  -3.8641189424855342E-003   0.0000000000000000     
   4.1666666666666671E-002  -3.8415646355305848E-003   0.0000000000000000     
   4.2187500000000003E-002  -3.8169946395886973E-003   0.0000000000000000     
   4.2708333333333334E-002  -3.7904218466648034E-003   0.0000000000000000     
   4.3229166666666666E-002  -3.7618601996418496E-003   0.0000000000000000     
   4.3750000000000004E-002  -3.7313246849648976E-003   0.0000000000000000     
   4.4270833333333343E-002  -3.6988313247776523E-003   0.0000000000000000     
   4.4791666666666674E-002  -3.6643971685155637E-003   0.0000000000000000     
   4.5312500000000006E-002  -3.6280402839598950E-003   0.0000000000000000     
   4.5833333333333337E-002  -3.5897797477574709E-003   0.0000000000000000     
   4.6354166666666669E-002  -3.5496356354110560E-003   0.0000000000000000     
   4.6875000000000000E-002  -3.5076290107456309E-003   0.0000000000000000     
   4.7395833333333331E-002  -3.4637819148561032E-003   0.0000000000000000     
   4.7916666666666670E-002  -3.4181173545422220E-003   0.0000000000000000     
   4.8437500000000008E-002  -3.3706592902367923E-003   0.0000000000000000     
   4.8958333333333340E-002  -3.3214326234335127E-003   0.0000000000000000     
   4.9479166666666671E-002  -3.2704631836210302E-003   0.0000000000000000     
   5.0000000000000003E-002  -3.2177777147300714E-003   0.0000000000000000     
   5.0520833333333334E-002  -3.1634038611007683E-003   0.0000000000000000     
   5.1041666666666666E-002  -3.1073701529775212E-003   0.0000000000000000     
   5.1562499999999997E-002  -3.0497059915390373E-003   0.0000000000000000     
   5.2083333333333336E-002  -2.9904416334713729E-003   0.0000000000000000     
   5.2604166666666674E-002  -2.9296081750921047E-003   0.0000000000000000     
   5.3125000000000006E-002  -2.8672375360339090E-003   0.0000000000000000     
   5.3645833333333337E-002  -2.8033624424961875E-003   0.0000000000000000     
   5.4166666666666669E-002  -2.7380164100734407E-003   0.0000000000000000     
   5.4687500000000000E-002  -2.6712337261694734E-003   0.0000000000000000     
   5.5208333333333331E-002  -2.6030494320066076E-003   0.0000000000000000     
   5.5729166666666663E-002  -2.5334993042393766E-003   0.0000000000000000     
   5.6250000000000001E-002  -2.4626198361823197E-003   0.0000000000000000     
   5.6770833333333340E-002  -2.3904482186617618E-003   0.0000000000000000     
   5.7291666666666671E-002  -2.3170223205015829E-003   0.0000000000000000     
   5.7812500000000003E-002  -2.2423806686532499E-003   0.0000000000000000     
   5.8333333333333334E-002  -2.1665624279805298E-003   0.0000000000000000     
   5.8854166666666666E-002  -2.0896073807094759E-003   0.0000000000000000     
   5.9374999999999997E-002  -2.0115559055544907E-003   0.0000000000000000     
   5.9895833333333329E-002  -1.9324489565314010E-003   0.0000000000000000     
   6.0416666666666667E-002  -1.8523280414686728E-003   0.0000000000000000     
   6.1458333333333337E-002  -1.6892132264063196E-003   0.0000000000000000     
   6.2500000000000000E-002  -1.5225539852963045E-003   0.0000000000000000     
   6.3541666666666663E-002  -1.3527000142847610E-003   0.0000000000000000     
   6.4583333333333326E-002  -1.1800077129248891E-003   0.0000000000000000     
   6.5624999999999989E-002  -1.0048394363543376E-003   0.0000000000000000     
   6.6666666666666666E-002  -8.2756273497615221E-004   0.0000000000000000     
   6.8750000000000006E-002  -4.6817702533338048E-004   0.0000000000000000     
   7.0833333333333331E-002  -1.0486598598684136E-004   0.0000000000000000     
   7.2916666666666671E-002   2.5932427969383310E-004   0.0000000000000000     
   7.5000000000000011E-002   6.2134029665466520E-004   0.0000000000000000     
   7.6041666666666674E-002   8.0058259711124021E-004   0.0000000000000000     
   7.7083333333333337E-002   9.7814505883215435E-004   0.0000000000000000     
   7.8125000000000000E-002   1.1536551077666187E-003   0.0000000000000000     
   7.9166666666666677E-002   1.3267444763807635E-003   0.0000000000000000     
   8.0208333333333354E-002   1.4970499763824880E-003   0.0000000000000000     
   8.1250000000000017E-002   1.6642142607886919E-003   0.0000000000000000     
   8.2291666666666680E-002   1.8278865737358617E-003   0.0000000000000000     
   8.3333333333333343E-002   1.9877234864607005E-003   0.0000000000000000     
   8.4375000000000006E-002   2.1433896179065227E-003   0.0000000000000000     
   8.5416666666666669E-002   2.2945583384433835E-003   0.0000000000000000     
   8.6458333333333331E-002   2.4409124552253574E-003   0.0000000000000000     
   8.7500000000000008E-002   2.5821448777468788E-003   0.0000000000000000     
   8.9583333333333348E-002   2.8480766102533858E-003   0.0000000000000000     
   9.1666666666666674E-002   3.0901292561924159E-003   0.0000000000000000     
   9.2708333333333337E-002   3.2015566621867507E-003   0.0000000000000000     
   9.3750000000000000E-002   3.3062663367253195E-003   0.0000000000000000     
   9.4791666666666663E-002   3.4040385706014483E-003   0.0000000000000000     
   9.5833333333333340E-002   3.4946682112345926E-003   0.0000000000000000     
   9.6875000000000017E-002   3.5779650931359154E-003   0.0000000000000000     
   9.7916666666666680E-002   3.6537544369268926E-003   0.0000000000000000     
   9.8958333333333343E-002   3.7218772160737120E-003   0.0000000000000000     
  0.10000000000000001        3.7821904905679300E-003   0.0000000000000000     
  0.10052083333333334        3.8093782368919926E-003   0.0000000000000000     
  0.10104166666666667        3.8345671826002423E-003   0.0000000000000000     
  0.10156250000000000        3.8577441109215781E-003   0.0000000000000000     
  0.10208333333333333        3.8788968608009068E-003   0.0000000000000000     
  0.10260416666666666        3.8980143332801179E-003   0.0000000000000000     
  0.10312499999999999        3.9150864973217609E-003   0.0000000000000000     
  0.10364583333333333        3.9301043950723770E-003   0.0000000000000000     
  0.10416666666666667        3.9430601465627454E-003   0.0000000000000000     
  0.10468750000000002        3.9539469538425300E-003   0.0000000000000000     
  0.10520833333333335        3.9627591045472083E-003   0.0000000000000000     
  0.10572916666666668        3.9694919748953748E-003   0.0000000000000000     
  0.10625000000000001        3.9741420321148663E-003   0.0000000000000000     
  0.10677083333333334        3.9767068362964227E-003   0.0000000000000000     
  0.10729166666666667        3.9771850416739224E-003   0.0000000000000000     
  0.10781250000000001        3.9755763973305129E-003   0.0000000000000000     
  0.10833333333333334        3.9718817473302611E-003   0.0000000000000000     
  0.10885416666666667        3.9661030302752826E-003   0.0000000000000000     
  0.10937500000000000        3.9582432782885356E-003   0.0000000000000000     
  0.10989583333333333        3.9483066154228520E-003   0.0000000000000000     
  0.11041666666666666        3.9362982554970276E-003   0.0000000000000000     
  0.11093749999999999        3.9222244993601064E-003   0.0000000000000000     
  0.11145833333333333        3.9060927315852879E-003   0.0000000000000000     
  0.11197916666666666        3.8879114165952032E-003   0.0000000000000000     
  0.11250000000000000        3.8676900942205897E-003   0.0000000000000000     
  0.11302083333333335        3.8454393746946941E-003   0.0000000000000000     
  0.11354166666666668        3.8211709330860251E-003   0.0000000000000000     
  0.11406250000000001        3.7948975031723842E-003   0.0000000000000000     
  0.11458333333333334        3.7666328707593880E-003   0.0000000000000000     
  0.11510416666666667        3.7363918664469822E-003   0.0000000000000000     
  0.11562500000000001        3.7041903578477488E-003   0.0000000000000000     
  0.11614583333333334        3.6700452412610873E-003   0.0000000000000000     
  0.11666666666666667        3.6339744328076390E-003   0.0000000000000000     
  0.11718750000000000        3.5959968590286054E-003   0.0000000000000000     
  0.11770833333333333        3.5561324469548907E-003   0.0000000000000000     
  0.11822916666666666        3.5144021136512887E-003   0.0000000000000000     
  0.11874999999999999        3.4708277552411870E-003   0.0000000000000000     
  0.11927083333333333        3.4254322354175574E-003   0.0000000000000000     
  0.11979166666666666        3.3782393734462591E-003   0.0000000000000000     
  0.12031249999999999        3.3292739316679409E-003   0.0000000000000000     
  0.12083333333333333        3.2785616025051193E-003   0.0000000000000000     
  0.12135416666666668        3.2261289949812233E-003   0.0000000000000000     
  0.12187500000000001        3.1720036207587075E-003   0.0000000000000000     
  0.12239583333333334        3.1162138797035332E-003   0.0000000000000000     
  0.12291666666666667        3.0587890449836129E-003   0.0000000000000000     
  0.12343750000000001        2.9997592477090320E-003   0.0000000000000000     
  0.12395833333333334        2.9391554611220877E-003   0.0000000000000000     
  0.12447916666666667        2.8770094843454776E-003   0.0000000000000000     
  0.12500000000000000        2.8133539256971277E-003   0.0000000000000000     
  0.12552083333333333        2.7482221855804406E-003   0.0000000000000000     
  0.12604166666666666        2.6816484389589309E-003   0.0000000000000000     
  0.12656249999999999        2.6136676174244398E-003   0.0000000000000000     
  0.12708333333333333        2.5443153908683517E-003   0.0000000000000000     
  0.12760416666666666        2.4736281487654100E-003   0.0000000000000000     
  0.12812499999999999        2.4016429810799784E-003   0.0000000000000000     
  0.12864583333333332        2.3283976588047341E-003   0.0000000000000000     
  0.12916666666666665        2.2539306141420396E-003   0.0000000000000000     
  0.12968749999999998        2.1782809203383605E-003   0.0000000000000000     
  0.13020833333333331        2.1014882711823295E-003   0.0000000000000000     
  0.13072916666666665        2.0235929601772110E-003   0.0000000000000000     
  0.13124999999999998        1.9446358593986886E-003   0.0000000000000000     
  0.13177083333333331        1.8646583980490745E-003   0.0000000000000000     
  0.13229166666666664        1.7837025407191915E-003   0.0000000000000000     
  0.13333333333333333        1.6190262752468891E-003   0.0000000000000000     
  0.13437500000000002        1.4509528549263237E-003   0.0000000000000000     
  0.13541666666666669        1.2798349432339574E-003   0.0000000000000000     
  0.13645833333333335        1.1060315918122569E-003   0.0000000000000000     
  0.13750000000000001        9.2990748708228542E-004   0.0000000000000000     
  0.13854166666666667        7.5183218503298906E-004   0.0000000000000000     
  0.13958333333333334        5.7217933579281990E-004   0.0000000000000000     
  0.14062500000000000        3.9132589961074439E-004   0.0000000000000000     
  0.14166666666666666        2.0965135589172642E-004   0.0000000000000000     
  0.14374999999999999       -1.5463526131938199E-004   0.0000000000000000     
  0.14583333333333331       -5.1762537239784766E-004   0.0000000000000000     
  0.14687499999999998       -6.9768166381890589E-004   0.0000000000000000     
  0.14791666666666664       -8.7627403048282820E-004   0.0000000000000000     
  0.14895833333333330       -1.0530277373198072E-003   0.0000000000000000     
  0.14999999999999999       -1.2275719072654605E-003   0.0000000000000000     
  0.15104166666666669       -1.3995402994611680E-003   0.0000000000000000     
  0.15208333333333335       -1.5685720777264204E-003   0.0000000000000000     
  0.15312500000000001       -1.7343125676906931E-003   0.0000000000000000     
  0.15416666666666667       -1.8964140009961508E-003   0.0000000000000000     
  0.15520833333333334       -2.0545362450096884E-003   0.0000000000000000     
  0.15625000000000000       -2.2083475165131580E-003   0.0000000000000000     
  0.15729166666666666       -2.3575250778742592E-003   0.0000000000000000     
  0.15833333333333333       -2.5017559142373482E-003   0.0000000000000000     
  0.16041666666666665       -2.7741836925354482E-003   0.0000000000000000     
  0.16249999999999998       -3.0233519235623673E-003   0.0000000000000000     
  0.16354166666666664       -3.1385510300528138E-003   0.0000000000000000     
  0.16458333333333330       -3.2471646079380249E-003   0.0000000000000000     
  0.16562499999999997       -3.3489647565666390E-003   0.0000000000000000     
  0.16666666666666666       -3.4437378717039704E-003   0.0000000000000000     
  0.16770833333333335       -3.5312850937314292E-003   0.0000000000000000     
  0.16875000000000001       -3.6114227249077788E-003   0.0000000000000000     
  0.16979166666666667       -3.6839826148166647E-003   0.0000000000000000     
  0.17083333333333334       -3.7488125131916353E-003   0.0000000000000000     
  0.17187500000000000       -3.8057763893783775E-003   0.0000000000000000     
  0.17239583333333333       -3.8312704337209579E-003   0.0000000000000000     
  0.17291666666666666       -3.8547541904979435E-003   0.0000000000000000     
  0.17343749999999999       -3.8762153376597536E-003   0.0000000000000000     
  0.17395833333333333       -3.8956426144306153E-003   0.0000000000000000     
  0.17447916666666666       -3.9130258272171495E-003   0.0000000000000000     
  0.17499999999999999       -3.9283558549570007E-003   0.0000000000000000     
  0.17552083333333332       -3.9416246539047172E-003   0.0000000000000000     
  0.17604166666666665       -3.9528252618523290E-003   0.0000000000000000     
  0.17656249999999998       -3.9619518017824677E-003   0.0000000000000000     
  0.17708333333333331       -3.9689994849520654E-003   0.0000000000000000     
  0.17760416666666665       -3.9739646134050273E-003   0.0000000000000000     
  0.17812499999999998       -3.9768445819125756E-003   0.0000000000000000     
  0.17864583333333334       -3.9776378793402248E-003   0.0000000000000000     
  0.17916666666666667       -3.9763440894406768E-003   0.0000000000000000     
  0.17968750000000000       -3.9729638910722407E-003   0.0000000000000000     
  0.18020833333333336       -3.9674990578426137E-003   0.0000000000000000     
  0.18072916666666669       -3.9599524571782771E-003   0.0000000000000000     
  0.18125000000000002       -3.9503280488199320E-003   0.0000000000000000     
  0.18177083333333335       -3.9386308827448072E-003   0.0000000000000000     
  0.18229166666666669       -3.9248670965169128E-003   0.0000000000000000     
  0.18281250000000002       -3.9090439120666167E-003   0.0000000000000000     
  0.18333333333333335       -3.8911696319012742E-003   0.0000000000000000     
  0.18385416666666668       -3.8712536347488514E-003   0.0000000000000000     
  0.18437500000000001       -3.8493063706368565E-003   0.0000000000000000     
  0.18489583333333334       -3.8253393554091627E-003   0.0000000000000000     
  0.18541666666666667       -3.7993651646835778E-003   0.0000000000000000     
  0.18593750000000001       -3.7713974272533569E-003   0.0000000000000000     
  0.18645833333333334       -3.7414508179360994E-003   0.0000000000000000     
  0.18697916666666667       -3.7095410498738006E-003   0.0000000000000000     
  0.18750000000000000       -3.6756848662880793E-003   0.0000000000000000     
  0.18802083333333333       -3.6399000316949246E-003   0.0000000000000000     
  0.18854166666666666       -3.6022053225835638E-003   0.0000000000000000     
  0.18906249999999999       -3.5626205175643354E-003   0.0000000000000000     
  0.18958333333333333       -3.5211663869907550E-003   0.0000000000000000     
  0.19010416666666666       -3.4778646820611972E-003   0.0000000000000000     
  0.19062499999999999       -3.4327381234059316E-003   0.0000000000000000     
  0.19114583333333335       -3.3858103891654875E-003   0.0000000000000000     
  0.19166666666666668       -3.3371061025666187E-003   0.0000000000000000     
  0.19218750000000001       -3.2866508190023533E-003   0.0000000000000000     
  0.19270833333333337       -3.2344710126229544E-003   0.0000000000000000     
  0.19322916666666670       -3.1805940624447995E-003   0.0000000000000000     
  0.19375000000000003       -3.1250482379844595E-003   0.0000000000000000     
  0.19427083333333336       -3.0678626844255386E-003   0.0000000000000000     
  0.19479166666666670       -3.0090674073260481E-003   0.0000000000000000     
  0.19531250000000003       -2.9486932568743279E-003   0.0000000000000000     
  0.19583333333333336       -2.8867719117017989E-003   0.0000000000000000     
  0.19635416666666669       -2.8233358622610136E-003   0.0000000000000000     
  0.19687500000000002       -2.7584183937777495E-003   0.0000000000000000     
  0.19739583333333335       -2.6920535687860766E-003   0.0000000000000000     
  0.19791666666666669       -2.6242762092555712E-003   0.0000000000000000     
  0.19843750000000002       -2.5551218783200387E-003   0.0000000000000000     
  0.19895833333333335       -2.4846268616173649E-003   0.0000000000000000     
  0.19947916666666668       -2.4128281482502394E-003   0.0000000000000000     
  0.20000000000000001       -2.3397634113777903E-003   0.0000000000000000     
  0.20208333333333334       -2.0356265587967047E-003   0.0000000000000000     
  0.20416666666666666       -1.7144224325890722E-003   0.0000000000000000     
  0.20624999999999999       -1.3788440997559469E-003   0.0000000000000000     
  0.20833333333333334       -1.0317051447462262E-003   0.0000000000000000     
  0.21041666666666670       -6.7591607956221688E-004   0.0000000000000000     
  0.21250000000000002       -3.1445994119692634E-004   0.0000000000000000     
  0.21458333333333335        4.9632718998855539E-005   0.0000000000000000     
  0.21666666666666667        4.1330924432337490E-004   0.0000000000000000     
  0.21875000000000000        7.7352046706832020E-004   0.0000000000000000     
  0.22083333333333333        1.1272462736105057E-003   0.0000000000000000     
  0.22291666666666665        1.4715209259058208E-003   0.0000000000000000     
  0.22500000000000001        1.8034579270828188E-003   0.0000000000000000     
  0.22708333333333336        2.1202742226557009E-003   0.0000000000000000     
  0.22916666666666669        2.4193135344468537E-003   0.0000000000000000     
  0.23125000000000001        2.6980686315806689E-003   0.0000000000000000     
  0.23333333333333334        2.9542023518222475E-003   0.0000000000000000     
  0.23437500000000000        3.0731054985352834E-003   0.0000000000000000     
  0.23541666666666666        3.1855604390621768E-003   0.0000000000000000     
  0.23645833333333333        3.2913312125341871E-003   0.0000000000000000     
  0.23749999999999999        3.3901958832721979E-003   0.0000000000000000     
  0.23854166666666665        3.4819470064677721E-003   0.0000000000000000     
  0.23958333333333331        3.5663920634584519E-003   0.0000000000000000     
  0.24062499999999998        3.6433538656839562E-003   0.0000000000000000     
  0.24166666666666667        3.7126709264756895E-003   0.0000000000000000     
  0.24270833333333336        3.7741977998994262E-003   0.0000000000000000     
  0.24322916666666669        3.8019987955933469E-003   0.0000000000000000     
  0.24375000000000002        3.8278048627027662E-003   0.0000000000000000     
  0.24427083333333335        3.8516024606497674E-003   0.0000000000000000     
  0.24479166666666669        3.8733791027106721E-003   0.0000000000000000     
  0.24531250000000002        3.8931233625678872E-003   0.0000000000000000     
  0.24583333333333335        3.9108248803053584E-003   0.0000000000000000     
  0.24635416666666668        3.9264743678444651E-003   0.0000000000000000     
  0.24687500000000001        3.9400636138175295E-003   0.0000000000000000     
  0.24739583333333334        3.9515854878763588E-003   0.0000000000000000     
  0.24791666666666667        3.9610339444335835E-003   0.0000000000000000     
  0.24843750000000001        3.9684040258347996E-003   0.0000000000000000     
  0.24895833333333334        3.9736918649598846E-003   0.0000000000000000     
  0.24947916666666667        3.9768946872520850E-003   0.0000000000000000     
  0.25000000000000000        3.9780108121738557E-003   0.0000000000000000     
  0.25052083333333330        3.9770396540886278E-003   0.0000000000000000     
  0.25104166666666666        3.9739817225681144E-003   0.0000000000000000     
  0.25156250000000002        3.9688386221249199E-003   0.0000000000000000     
  0.25208333333333333        3.9616130513706544E-003   0.0000000000000000     
  0.25260416666666663        3.9523088015999529E-003   0.0000000000000000     
  0.25312499999999999        3.9409307548011648E-003   0.0000000000000000     
  0.25364583333333335        3.9274848810947503E-003   0.0000000000000000     
  0.25416666666666665        3.9119782356007229E-003   0.0000000000000000     
  0.25468749999999996        3.8944189547367972E-003   0.0000000000000000     
  0.25520833333333331        3.8748162519491609E-003   0.0000000000000000     
  0.25572916666666667        3.8531804128781400E-003   0.0000000000000000     
  0.25624999999999998        3.8295227899612658E-003   0.0000000000000000     
  0.25677083333333334        3.8038557964765844E-003   0.0000000000000000     
  0.25729166666666670        3.7761929000293582E-003   0.0000000000000000     
  0.25781250000000000        3.7465486154855394E-003   0.0000000000000000     
  0.25833333333333336        3.7149384973557313E-003   0.0000000000000000     
  0.25885416666666672        3.6813791316336738E-003   0.0000000000000000     
  0.25937500000000002        3.6458881270934815E-003   0.0000000000000000     
  0.25989583333333338        3.6084841060502132E-003   0.0000000000000000     
  0.26041666666666674        3.5691866945886668E-003   0.0000000000000000     
  0.26093750000000004        3.5280165122654633E-003   0.0000000000000000     
  0.26145833333333340        3.4849951612898411E-003   0.0000000000000000     
  0.26197916666666676        3.4401452151888979E-003   0.0000000000000000     
  0.26250000000000007        3.3934902069631171E-003   0.0000000000000000     
  0.26302083333333337        3.3450546167384828E-003   0.0000000000000000     
  0.26354166666666673        3.2948638589216333E-003   0.0000000000000000     
  0.26406250000000009        3.2429442688647970E-003   0.0000000000000000     
  0.26458333333333339        3.1893230890474968E-003   0.0000000000000000     
  0.26510416666666670        3.1340284547822558E-003   0.0000000000000000     
  0.26562500000000006        3.0770893794518678E-003   0.0000000000000000     
  0.26614583333333341        3.0185357392859386E-003   0.0000000000000000     
  0.26666666666666672        2.9583982576846580E-003   0.0000000000000000     
  0.26718750000000002        2.8967084890980589E-003   0.0000000000000000     
  0.26770833333333338        2.8334988024692471E-003   0.0000000000000000     
  0.26822916666666674        2.7688023642502588E-003   0.0000000000000000     
  0.26875000000000004        2.7026531209994394E-003   0.0000000000000000     
  0.26927083333333335        2.6350857815694941E-003   0.0000000000000000     
  0.26979166666666671        2.5661357988955814E-003   0.0000000000000000     
  0.27031250000000007        2.4958393513929947E-003   0.0000000000000000     
  0.27083333333333337        2.4242333239741379E-003   0.0000000000000000     
  0.27135416666666667        2.3513552886948105E-003   0.0000000000000000     
  0.27187500000000003        2.2772434850399639E-003   0.0000000000000000     
  0.27239583333333339        2.2019367998592620E-003   0.0000000000000000     
  0.27291666666666670        2.1254747469629347E-003   0.0000000000000000     
  0.27343750000000000        2.0478974463886573E-003   0.0000000000000000     
  0.27395833333333336        1.9692456033503763E-003   0.0000000000000000     
  0.27447916666666672        1.8895604868800827E-003   0.0000000000000000     
  0.27500000000000002        1.8088839081737253E-003   0.0000000000000000     
  0.27604166666666669        1.6447264254602081E-003   0.0000000000000000     
  0.27708333333333335        1.4771178620349432E-003   0.0000000000000000     
  0.27812500000000001        1.3064099059789413E-003   0.0000000000000000     
  0.27916666666666667        1.1329607487369127E-003   0.0000000000000000     
  0.28020833333333334        9.5713433353477012E-004   0.0000000000000000     
  0.28125000000000000        7.7929959172834775E-004   0.0000000000000000     
  0.28229166666666672        5.9982966868565944E-004   0.0000000000000000     
  0.28333333333333338        4.1910114082707283E-004   0.0000000000000000     
  0.28541666666666676        5.5387507371380339E-005   0.0000000000000000     
  0.28750000000000009       -3.0879051074253673E-004   0.0000000000000000     
  0.28854166666666675       -4.9009866681992242E-004   0.0000000000000000     
  0.28958333333333341       -6.7037846339038109E-004   0.0000000000000000     
  0.29062500000000008       -8.4925162469994485E-004   0.0000000000000000     
  0.29166666666666674       -1.0263428264957232E-003   0.0000000000000000     
  0.29270833333333340       -1.2012804835576591E-003   0.0000000000000000     
  0.29375000000000007       -1.3736975293847835E-003   0.0000000000000000     
  0.29479166666666673       -1.5432321863999754E-003   0.0000000000000000     
  0.29583333333333339       -1.7095287250571279E-003   0.0000000000000000     
  0.29687500000000006       -1.8722382102579133E-003   0.0000000000000000     
  0.29791666666666672       -2.0310192335119587E-003   0.0000000000000000     
  0.29895833333333338       -2.1855386293041573E-003   0.0000000000000000     
  0.30000000000000004       -2.3354721741660031E-003   0.0000000000000000     
  0.30416666666666670       -2.8833279592845955E-003   0.0000000000000000     
  0.30833333333333335       -3.3348888506040354E-003   0.0000000000000000     
  0.30937500000000001       -3.4308775128681600E-003   0.0000000000000000     
  0.31041666666666667       -3.5196672665322002E-003   0.0000000000000000     
  0.31145833333333334       -3.6010718066876142E-003   0.0000000000000000     
  0.31250000000000000       -3.6749203246004823E-003   0.0000000000000000     
  0.31354166666666666       -3.7410578661144066E-003   0.0000000000000000     
  0.31458333333333333       -3.7993456567862287E-003   0.0000000000000000     
  0.31510416666666669       -3.8255068933959221E-003   0.0000000000000000     
  0.31562500000000004       -3.8496608665996692E-003   0.0000000000000000     
  0.31614583333333335       -3.8717949026818351E-003   0.0000000000000000     
  0.31666666666666671       -3.8918973877983261E-003   0.0000000000000000     
  0.31718750000000007       -3.9099577740704244E-003   0.0000000000000000     
  0.31770833333333337       -3.9259665851193162E-003   0.0000000000000000     
  0.31822916666666673       -3.9399154210384103E-003   0.0000000000000000     
  0.31875000000000009       -3.9517969628007944E-003   0.0000000000000000     
  0.31927083333333339       -3.9616049760995767E-003   0.0000000000000000     
  0.31979166666666675       -3.9693343146190605E-003   0.0000000000000000     
  0.32031250000000011       -3.9749809227350380E-003   0.0000000000000000     
  0.32083333333333341       -3.9785418376427984E-003   0.0000000000000000     
  0.32135416666666672       -3.9800151909117299E-003   0.0000000000000000     
  0.32187500000000008       -3.9794002094656966E-003   0.0000000000000000     
  0.32239583333333344       -3.9766972159886666E-003   0.0000000000000000     
  0.32291666666666674       -3.9719076287554047E-003   0.0000000000000000     
  0.32343750000000004       -3.9650339608872966E-003   0.0000000000000000     
  0.32395833333333340       -3.9560798190336980E-003   0.0000000000000000     
  0.32447916666666676       -3.9450499014795108E-003   0.0000000000000000     
  0.32500000000000007       -3.9319499956799661E-003   0.0000000000000000     
  0.32552083333333337       -3.9167869752239140E-003   0.0000000000000000     
  0.32604166666666673       -3.8995687962272165E-003   0.0000000000000000     
  0.32656250000000009       -3.8803044931581391E-003   0.0000000000000000     
  0.32708333333333339       -3.8590041740969106E-003   0.0000000000000000     
  0.32760416666666670       -3.8356790154319620E-003   0.0000000000000000     
  0.32812500000000006       -3.8103412559956137E-003   0.0000000000000000     
  0.32864583333333341       -3.7830041906423088E-003   0.0000000000000000     
  0.32916666666666672       -3.7536821632727260E-003   0.0000000000000000     
  0.32968750000000002       -3.7223905593074514E-003   0.0000000000000000     
  0.33020833333333338       -3.6891457976141783E-003   0.0000000000000000     
  0.33072916666666674       -3.6539653218926453E-003   0.0000000000000000     
  0.33125000000000004       -3.6168675915218330E-003   0.0000000000000000     
  0.33177083333333335       -3.5778720718742207E-003   0.0000000000000000     
  0.33229166666666671       -3.5369992241022119E-003   0.0000000000000000     
  0.33281250000000007       -3.4942704944020703E-003   0.0000000000000000     
  0.33333333333333337       -3.4497083027609822E-003   0.0000000000000000     
  0.33385416666666667       -3.4033360311931603E-003   0.0000000000000000     
  0.33437500000000003       -3.3551780114711880E-003   0.0000000000000000     
  0.33489583333333339       -3.3052595123590246E-003   0.0000000000000000     
  0.33541666666666670       -3.2536067263533399E-003   0.0000000000000000     
  0.33593750000000000       -3.2002467559401654E-003   0.0000000000000000     
  0.33645833333333336       -3.1452075993740917E-003   0.0000000000000000     
  0.33697916666666672       -3.0885181359874415E-003   0.0000000000000000     
  0.33750000000000002       -3.0302081110371356E-003   0.0000000000000000     
  0.33802083333333333       -2.9703081200971762E-003   0.0000000000000000     
  0.33854166666666669       -2.9088495930050078E-003   0.0000000000000000     
  0.33906250000000004       -2.8458647773701314E-003   0.0000000000000000     
  0.33958333333333335       -2.7813867216536030E-003   0.0000000000000000     
  0.34010416666666665       -2.7154492578273159E-003   0.0000000000000000     
  0.34062500000000001       -2.6480869836222063E-003   0.0000000000000000     
  0.34114583333333337       -2.5793352443746580E-003   0.0000000000000000     
  0.34166666666666667       -2.5092301144806015E-003   0.0000000000000000     
  0.34218749999999998       -2.4378083784670820E-003   0.0000000000000000     
  0.34270833333333334       -2.3651075116912362E-003   0.0000000000000000     
  0.34322916666666670       -2.2911656606767949E-003   0.0000000000000000     
  0.34375000000000000       -2.2160216230983857E-003   0.0000000000000000     
  0.34427083333333330       -2.1397148274241778E-003   0.0000000000000000     
  0.34479166666666666       -2.0622853122275737E-003   0.0000000000000000     
  0.34531250000000002       -1.9837737051787755E-003   0.0000000000000000     
  0.34583333333333333       -1.9042212017272222E-003   0.0000000000000000     
  0.34635416666666663       -1.8236695434861038E-003   0.0000000000000000     
  0.34687499999999999       -1.7421609963303342E-003   0.0000000000000000     
  0.34791666666666665       -1.5764450151729739E-003   0.0000000000000000     
  0.34895833333333331       -1.4074212261633297E-003   0.0000000000000000     
  0.34999999999999998       -1.2354442869083129E-003   0.0000000000000000     
  0.35208333333333330       -8.8408214638864698E-004   0.0000000000000000     
  0.35416666666666663       -5.2530760901477755E-004   0.0000000000000000     
  0.35624999999999996       -1.6212874282999835E-004   0.0000000000000000     
  0.35833333333333328        2.0240945697353832E-004   0.0000000000000000     
  0.36041666666666661        5.6525059816293975E-004   0.0000000000000000     
  0.36249999999999993        9.2335251712873372E-004   0.0000000000000000     
  0.36458333333333326        1.2737127852521888E-003   0.0000000000000000     
  0.36666666666666664        1.6133938821231519E-003   0.0000000000000000     
  0.36875000000000002        1.9395478245489166E-003   0.0000000000000000     
  0.37083333333333335        2.2494400448575683E-003   0.0000000000000000     
  0.37291666666666667        2.5404723182932600E-003   0.0000000000000000     
  0.37500000000000000        2.8102045472735452E-003   0.0000000000000000     
  0.37708333333333333        3.0563752198634326E-003   0.0000000000000000     
  0.37916666666666665        3.2769203709364274E-003   0.0000000000000000     
  0.38124999999999998        3.4699908870467928E-003   0.0000000000000000     
  0.38333333333333330        3.6339680099240416E-003   0.0000000000000000     
  0.38437499999999997        3.7046050173906828E-003   0.0000000000000000     
  0.38541666666666663        3.7674687619473021E-003   0.0000000000000000     
  0.38645833333333329        3.8224273384618638E-003   0.0000000000000000     
  0.38697916666666665        3.8469053646609025E-003   0.0000000000000000     
  0.38749999999999996        3.8693648995645892E-003   0.0000000000000000     
  0.38802083333333326        3.8897941585379005E-003   0.0000000000000000     
  0.38854166666666662        3.9081824222421749E-003   0.0000000000000000     
  0.38906249999999998        3.9245200422596046E-003   0.0000000000000000     
  0.38958333333333328        3.9387984461558088E-003   0.0000000000000000     
  0.39010416666666664        3.9510101419778492E-003   0.0000000000000000     
  0.39062500000000000        3.9611487221852745E-003   0.0000000000000000     
  0.39114583333333330        3.9692088670122061E-003   0.0000000000000000     
  0.39166666666666666        3.9751863472586458E-003   0.0000000000000000     
  0.39218750000000002        3.9790780265095502E-003   0.0000000000000000     
  0.39270833333333333        3.9808818627805349E-003   0.0000000000000000     
  0.39322916666666669        3.9805969095893061E-003   0.0000000000000000     
  0.39375000000000004        3.9782233164522857E-003   0.0000000000000000     
  0.39427083333333335        3.9737623288061685E-003   0.0000000000000000     
  0.39479166666666671        3.9672162873544215E-003   0.0000000000000000     
  0.39531250000000007        3.9585886268391126E-003   0.0000000000000000     
  0.39583333333333337        3.9478838742386824E-003   0.0000000000000000     
  0.39635416666666667        3.9351076463926167E-003   0.0000000000000000     
  0.39687500000000003        3.9202666470542560E-003   0.0000000000000000     
  0.39739583333333339        3.9033686633733050E-003   0.0000000000000000     
  0.39791666666666670        3.8844225618098797E-003   0.0000000000000000     
  0.39843750000000000        3.8634382834822159E-003   0.0000000000000000     
  0.39895833333333336        3.8404268389505229E-003   0.0000000000000000     
  0.39947916666666672        3.8154003024396879E-003   0.0000000000000000     
  0.40000000000000002        3.7883718055038611E-003   0.0000000000000000     
  0.40104166666666669        3.7283672186966006E-003   0.0000000000000000     
  0.40208333333333335        3.6605395094565854E-003   0.0000000000000000     
  0.40312500000000001        3.5850309986558224E-003   0.0000000000000000     
  0.40416666666666667        3.5020001235645843E-003   0.0000000000000000     
  0.40520833333333334        3.4116211054071857E-003   0.0000000000000000     
  0.40625000000000000        3.3140835837987522E-003   0.0000000000000000     
  0.40729166666666666        3.2095922188300338E-003   0.0000000000000000     
  0.40833333333333333        3.0983662616352057E-003   0.0000000000000000     
  0.40937499999999999        2.9806390943437067E-003   0.0000000000000000     
  0.41041666666666665        2.8566577403814396E-003   0.0000000000000000     
  0.41145833333333331        2.7266823461488338E-003   0.0000000000000000     
  0.41249999999999998        2.5909856351633664E-003   0.0000000000000000     
  0.41354166666666664        2.4498523358118863E-003   0.0000000000000000     
  0.41458333333333330        2.3035785839134806E-003   0.0000000000000000     
  0.41562500000000002        2.1524713013464534E-003   0.0000000000000000     
  0.41666666666666669        1.9968475520432769E-003   0.0000000000000000     
  0.41770833333333335        1.8370338767046922E-003   0.0000000000000000     
  0.41875000000000007        1.6733656076290582E-003   0.0000000000000000     
  0.41979166666666673        1.5061861650945535E-003   0.0000000000000000     
  0.42083333333333339        1.3358463367705367E-003   0.0000000000000000     
  0.42187500000000006        1.1627035416702067E-003   0.0000000000000000     
  0.42291666666666672        9.8712108018887516E-004   0.0000000000000000     
  0.42395833333333338        8.0946737180151343E-004   0.0000000000000000     
  0.42500000000000004        6.3011518201908740E-004   0.0000000000000000     
  0.42708333333333337        2.6782443838630962E-004   0.0000000000000000     
  0.42916666666666670       -9.6711821721020847E-005   0.0000000000000000     
  0.43125000000000002       -4.6043722233297810E-004   0.0000000000000000     
  0.43333333333333335       -8.2030218595690110E-004   0.0000000000000000     
  0.43437500000000001       -9.9784161761899259E-004   0.0000000000000000     
  0.43541666666666667       -1.1732873077891022E-003   0.0000000000000000     
  0.43645833333333334       -1.3462711239754473E-003   0.0000000000000000     
  0.43750000000000000       -1.5164300993634598E-003   0.0000000000000000     
  0.43854166666666666       -1.6834071944182949E-003   0.0000000000000000     
  0.43958333333333333       -1.8468520460503065E-003   0.0000000000000000     
  0.44062499999999999       -2.0064217027715332E-003   0.0000000000000000     
  0.44166666666666665       -2.1617813443006394E-003   0.0000000000000000     
  0.44270833333333331       -2.3126049841063904E-003   0.0000000000000000     
  0.44374999999999998       -2.4585761534155304E-003   0.0000000000000000     
  0.44479166666666664       -2.5993885652498250E-003   0.0000000000000000     
  0.44583333333333330       -2.7347467570989553E-003   0.0000000000000000     
  0.44687499999999997       -2.8643667108807420E-003   0.0000000000000000     
  0.44791666666666663       -2.9879764488878716E-003   0.0000000000000000     
  0.44895833333333335       -3.1053166044706653E-003   0.0000000000000000     
  0.45000000000000001       -3.2161409662584068E-003   0.0000000000000000     
  0.45104166666666667       -3.3202169947774019E-003   0.0000000000000000     
  0.45208333333333339       -3.4173263103816445E-003   0.0000000000000000     
  0.45312500000000006       -3.5072651514723410E-003   0.0000000000000000     
  0.45416666666666672       -3.5898448020448641E-003   0.0000000000000000     
  0.45520833333333338       -3.6648919876659347E-003   0.0000000000000000     
  0.45625000000000004       -3.7322492390502297E-003   0.0000000000000000     
  0.45729166666666671       -3.7917752224735186E-003   0.0000000000000000     
  0.45833333333333337       -3.8433450363290311E-003   0.0000000000000000     
  0.46041666666666670       -3.9222087943577557E-003   0.0000000000000000     
  0.46250000000000002       -3.9681876352466120E-003   0.0000000000000000     
  0.46458333333333335       -3.9808960592804905E-003   0.0000000000000000     
  0.46666666666666667       -3.9602275154078702E-003   0.0000000000000000     
  0.46770833333333334       -3.9374179593911849E-003   0.0000000000000000     
  0.46875000000000000       -3.9063466359684417E-003   0.0000000000000000     
  0.46979166666666666       -3.8670787411766807E-003   0.0000000000000000     
  0.47083333333333333       -3.8196966696757107E-003   0.0000000000000000     
  0.47187499999999999       -3.7642998418618437E-003   0.0000000000000000     
  0.47291666666666665       -3.7010044952570128E-003   0.0000000000000000     
  0.47395833333333331       -3.6299434406110408E-003   0.0000000000000000     
  0.47499999999999998       -3.5512657832287640E-003   0.0000000000000000     
  0.47604166666666664       -3.4651366101068012E-003   0.0000000000000000     
  0.47708333333333330       -3.3717366435363980E-003   0.0000000000000000     
  0.47812499999999997       -3.2712618618991980E-003   0.0000000000000000     
  0.47916666666666663       -3.1639230884516140E-003   0.0000000000000000     
  0.48020833333333329       -3.0499455489606401E-003   0.0000000000000000     
  0.48124999999999996       -2.9295683991192971E-003   0.0000000000000000     
  0.48229166666666667       -2.8030442227333224E-003   0.0000000000000000     
  0.48333333333333334       -2.6706385017320859E-003   0.0000000000000000     
  0.48437500000000000       -2.5326290591156878E-003   0.0000000000000000     
  0.48541666666666672       -2.3893054760072033E-003   0.0000000000000000     
  0.48645833333333338       -2.2409684840332261E-003   0.0000000000000000     
  0.48750000000000004       -2.0879293343075618E-003   0.0000000000000000     
  0.48854166666666671       -1.9305091443422673E-003   0.0000000000000000     
  0.48958333333333337       -1.7690382242562903E-003   0.0000000000000000     
  0.49062500000000003       -1.6038553836955336E-003   0.0000000000000000     
  0.49166666666666670       -1.4353072209186172E-003   0.0000000000000000     
  0.49270833333333336       -1.2637473955400256E-003   0.0000000000000000     
  0.49375000000000002       -1.0895358864566195E-003   0.0000000000000000     
  0.49479166666666669       -9.1303823651458604E-004   0.0000000000000000     
  0.49583333333333335       -7.3462478550171914E-004   0.0000000000000000     
  0.49687500000000001       -5.5466989307441882E-004   0.0000000000000000     
  0.49791666666666667       -3.7355115324991928E-004   0.0000000000000000     
  0.50000000000000000       -9.3443418394889213E-006   0.0000000000000000     
  0.50208333333333333        3.5494081519791578E-004   0.0000000000000000     
  0.50312500000000004        5.3615734321462425E-004   0.0000000000000000     
  0.50416666666666665        7.1624886816880557E-004   0.0000000000000000     
  0.50520833333333326        8.9483750935126331E-004   0.0000000000000000     
  0.50624999999999998        1.0715485395092759E-003   0.0000000000000000     
  0.50729166666666670        1.2460111711256479E-003   0.0000000000000000     
  0.50833333333333330        1.4178593344312046E-003   0.0000000000000000     
  0.50937499999999991        1.5867324455181781E-003   0.0000000000000000     
  0.51041666666666663        1.7522761629426933E-003   0.0000000000000000     
  0.51145833333333335        1.9141431312288853E-003   0.0000000000000000     
  0.51249999999999996        2.0719937097146333E-003   0.0000000000000000     
  0.51354166666666656        2.2254966852095319E-003   0.0000000000000000     
  0.51458333333333328        2.3743299669696737E-003   0.0000000000000000     
  0.51562500000000000        2.5181812625310806E-003   0.0000000000000000     
  0.51666666666666661        2.6567487329837609E-003   0.0000000000000000     
  0.51770833333333321        2.7897416263113753E-003   0.0000000000000000     
  0.51874999999999993        2.9168808874675428E-003   0.0000000000000000     
  0.51979166666666665        3.0378997439087481E-003   0.0000000000000000     
  0.52083333333333326        3.1525442653552952E-003   0.0000000000000000     
  0.52187499999999987        3.2605738966057069E-003   0.0000000000000000     
  0.52291666666666659        3.3617619622865508E-003   0.0000000000000000     
  0.52395833333333330        3.4558961424786300E-003   0.0000000000000000     
  0.52499999999999991        3.5427789182216137E-003   0.0000000000000000     
  0.52604166666666652        3.6222279859622203E-003   0.0000000000000000     
  0.52708333333333324        3.6940766400763475E-003   0.0000000000000000     
  0.52812499999999996        3.7581741226625272E-003   0.0000000000000000     
  0.52916666666666656        3.8143859398727794E-003   0.0000000000000000     
  0.53020833333333328        3.8625941441170833E-003   0.0000000000000000     
  0.53125000000000000        3.9026975815492724E-003   0.0000000000000000     
  0.53229166666666661        3.9346121043151759E-003   0.0000000000000000     
  0.53333333333333333        3.9582707471175708E-003   0.0000000000000000     
  0.53750000000000009        3.9697896718561615E-003   0.0000000000000000     
  0.53854166666666670        3.9518602791500908E-003   0.0000000000000000     
  0.53958333333333341        3.9256388151464568E-003   0.0000000000000000     
  0.54062500000000013        3.8911802995660202E-003   0.0000000000000000     
  0.54166666666666674        3.8485570356907393E-003   0.0000000000000000     
  0.54270833333333335        3.7978584586519206E-003   0.0000000000000000     
  0.54375000000000007        3.7391909477711423E-003   0.0000000000000000     
  0.54479166666666679        3.6726776033476896E-003   0.0000000000000000     
  0.54583333333333339        3.5984579883608348E-003   0.0000000000000000     
  0.54687500000000000        3.5166878356289611E-003   0.0000000000000000     
  0.54791666666666672        3.4275387210400106E-003   0.0000000000000000     
  0.54895833333333344        3.3311977035389130E-003   0.0000000000000000     
  0.55000000000000004        3.2278669326273224E-003   0.0000000000000000     
  0.55104166666666665        3.1177632241992910E-003   0.0000000000000000     
  0.55208333333333337        3.0011176056029217E-003   0.0000000000000000     
  0.55312500000000009        2.8781748308825553E-003   0.0000000000000000     
  0.55416666666666670        2.7491928672185935E-003   0.0000000000000000     
  0.55520833333333330        2.6144423536425825E-003   0.0000000000000000     
  0.55625000000000002        2.4742060331633749E-003   0.0000000000000000     
  0.55729166666666674        2.3287781594958888E-003   0.0000000000000000     
  0.55833333333333335        2.1784638796372318E-003   0.0000000000000000     
  0.55937499999999996        2.0235785935857646E-003   0.0000000000000000     
  0.56041666666666667        1.8644472925466650E-003   0.0000000000000000     
  0.56145833333333339        1.7014038770125489E-003   0.0000000000000000     
  0.56250000000000000        1.5347904561499289E-003   0.0000000000000000     
  0.56354166666666661        1.3649566299616554E-003   0.0000000000000000     
  0.56458333333333333        1.1922587557316258E-003   0.0000000000000000     
  0.56562500000000004        1.0170592002908942E-003   0.0000000000000000     
  0.56666666666666665        8.3972557967405403E-004   0.0000000000000000     
  0.56874999999999998        4.8014966829165484E-004   0.0000000000000000     
  0.57083333333333330        1.1654804515234459E-004   0.0000000000000000     
  0.57291666666666663       -2.4803075003684800E-004   0.0000000000000000     
  0.57499999999999996       -6.1052998467973961E-004   0.0000000000000000     
  0.57604166666666656       -7.9004817189349901E-004   0.0000000000000000     
  0.57708333333333328       -9.6790862444382929E-004   0.0000000000000000     
  0.57812500000000000       -1.1437381430145959E-003   0.0000000000000000     
  0.57916666666666661       -1.3171677897382405E-003   0.0000000000000000     
  0.58020833333333321       -1.4878336623272113E-003   0.0000000000000000     
  0.58124999999999993       -1.6553776576393082E-003   0.0000000000000000     
  0.58229166666666665       -1.8194482230748581E-003   0.0000000000000000     
  0.58333333333333326       -1.9797010942291535E-003   0.0000000000000000     
  0.58437499999999987       -2.1358000172522823E-003   0.0000000000000000     
  0.58541666666666659       -2.2874174544005770E-003   0.0000000000000000     
  0.58645833333333330       -2.4342352712993275E-003   0.0000000000000000     
  0.58749999999999991       -2.5759454044747415E-003   0.0000000000000000     
  0.58854166666666652       -2.7122505077544316E-003   0.0000000000000000     
  0.58958333333333324       -2.8428645761800421E-003   0.0000000000000000     
  0.59062499999999996       -2.9675135461229530E-003   0.0000000000000000     
  0.59166666666666656       -3.0859358703438961E-003   0.0000000000000000     
  0.59270833333333317       -3.1978830667898014E-003   0.0000000000000000     
  0.59374999999999989       -3.3031202399762950E-003   0.0000000000000000     
  0.59479166666666661       -3.4014265738619115E-003   0.0000000000000000     
  0.59583333333333321       -3.4925957951798766E-003   0.0000000000000000     
  0.59687499999999993       -3.5764366062552124E-003   0.0000000000000000     
  0.59791666666666665       -3.6527730863989247E-003   0.0000000000000000     
  0.59895833333333326       -3.7214450610371982E-003   0.0000000000000000     
  0.59999999999999998       -3.7823084378009819E-003   0.0000000000000000     
  0.60208333333333330       -3.8909591847546038E-003   0.0000000000000000     
  0.60416666666666674       -3.9886580839908949E-003   0.0000000000000000     
  0.60625000000000007       -4.0745860000750717E-003   0.0000000000000000     
  0.60833333333333339       -4.1480224888521796E-003   0.0000000000000000     
  0.61041666666666672       -4.2083518378563355E-003   0.0000000000000000     
  0.61250000000000004       -4.2550682286196500E-003   0.0000000000000000     
  0.61354166666666665       -4.2731936794507810E-003   0.0000000000000000     
  0.61458333333333337       -4.2877762645489306E-003   0.0000000000000000     
  0.61562500000000009       -4.2987853857079893E-003   0.0000000000000000     
  0.61666666666666670       -4.3061979428153201E-003   0.0000000000000000     
  0.61770833333333330       -4.3099983823220393E-003   0.0000000000000000     
  0.61875000000000002       -4.3101787298785695E-003   0.0000000000000000     
  0.61979166666666674       -4.3067386070669766E-003   0.0000000000000000     
  0.62083333333333335       -4.2996852321949986E-003   0.0000000000000000     
  0.62187499999999996       -4.2890334051500787E-003   0.0000000000000000     
  0.62291666666666667       -4.2748054763452042E-003   0.0000000000000000     
  0.62395833333333339       -4.2570312998216932E-003   0.0000000000000000     
  0.62500000000000000       -4.2357481706073556E-003   0.0000000000000000     
  0.62604166666666661       -4.2110007464614234E-003   0.0000000000000000     
  0.62708333333333333       -4.1828409541705110E-003   0.0000000000000000     
  0.62812500000000004       -4.1513278805921745E-003   0.0000000000000000     
  0.62916666666666665       -4.1165276486747190E-003   0.0000000000000000     
  0.63020833333333326       -4.0785132787133534E-003   0.0000000000000000     
  0.63124999999999998       -4.0373645351338867E-003   0.0000000000000000     
  0.63229166666666670       -3.9931677591253968E-003   0.0000000000000000     
  0.63333333333333330       -3.9460156874730739E-003   0.0000000000000000     
  0.63437499999999991       -3.8960072579713573E-003   0.0000000000000000     
  0.63541666666666663       -3.8432474018257035E-003   0.0000000000000000     
  0.63645833333333335       -3.7878468234785567E-003   0.0000000000000000     
  0.63749999999999996       -3.7299217683214969E-003   0.0000000000000000     
  0.63854166666666656       -3.6695937787809552E-003   0.0000000000000000     
  0.63958333333333328       -3.6069894392893632E-003   0.0000000000000000     
  0.64062500000000000       -3.5422401106767996E-003   0.0000000000000000     
  0.64166666666666661       -3.4754816545404434E-003   0.0000000000000000     
  0.64270833333333321       -3.4068541481701957E-003   0.0000000000000000     
  0.64374999999999993       -3.3365015906286683E-003   0.0000000000000000     
  0.64479166666666665       -3.2645716006022298E-003   0.0000000000000000     
  0.64583333333333326       -3.1912151066570845E-003   0.0000000000000000     
  0.64687499999999998       -3.1165860305503042E-003   0.0000000000000000     
  0.64791666666666670       -3.0408409642604145E-003   0.0000000000000000     
  0.65000000000000002       -2.8866414381619665E-003   0.0000000000000000     
  0.65416666666666679       -2.5719674602526950E-003   0.0000000000000000     
  0.65833333333333344       -2.2577195166481544E-003   0.0000000000000000     
  0.66041666666666676       -2.1040494079366335E-003   0.0000000000000000     
  0.66250000000000009       -1.9544094127005658E-003   0.0000000000000000     
  0.66458333333333341       -1.8100541553371099E-003   0.0000000000000000     
  0.66666666666666674       -1.6721939514939008E-003   0.0000000000000000     
  0.66875000000000007       -1.5419846604374792E-003   0.0000000000000000     
  0.67083333333333339       -1.4205179939995546E-003   0.0000000000000000     
  0.67291666666666672       -1.3088123633536496E-003   0.0000000000000000     
  0.67500000000000004       -1.2078043403653763E-003   0.0000000000000000     
  0.67708333333333337       -1.1183408051068024E-003   0.0000000000000000     
  0.67916666666666670       -1.0411718453723993E-003   0.0000000000000000     
  0.68125000000000002       -9.7694446772905079E-004   0.0000000000000000     
  0.68333333333333335       -9.2619717282846814E-004   0.0000000000000000     
  0.68437499999999996       -9.0601696174864464E-004   0.0000000000000000     
  0.68541666666666667       -8.8935913204540482E-004   0.0000000000000000     
  0.68645833333333339       -8.7625863634910827E-004   0.0000000000000000     
  0.68750000000000000       -8.6674296304159991E-004   0.0000000000000000     
  0.68854166666666661       -8.6083207857815154E-004   0.0000000000000000     
  0.68958333333333333       -8.5853838559244475E-004   0.0000000000000000     
  0.69062500000000004       -8.5986669687249117E-004   0.0000000000000000     
  0.69166666666666665       -8.6481422526209987E-004   0.0000000000000000     
  0.69270833333333326       -8.7337058950908678E-004   0.0000000000000000     
  0.69374999999999998       -8.8551783604794967E-004   0.0000000000000000     
  0.69479166666666670       -9.0123047667129829E-004   0.0000000000000000     
  0.69583333333333330       -9.2047554201100566E-004   0.0000000000000000     
  0.69687499999999991       -9.4321265071686030E-004   0.0000000000000000     
  0.69791666666666663       -9.6939409418755548E-004   0.0000000000000000     
  0.69895833333333335       -9.9896493667622700E-004   0.0000000000000000     
  0.69999999999999996       -1.0318631305605045E-003   0.0000000000000000     
  0.70104166666666656       -1.0680196465352081E-003   0.0000000000000000     
  0.70208333333333328       -1.1073586184544876E-003   0.0000000000000000     
  0.70312500000000000       -1.1497975025194995E-003   0.0000000000000000     
  0.70416666666666661       -1.1952472504776189E-003   0.0000000000000000     
  0.70520833333333321       -1.2436124964697595E-003   0.0000000000000000     
  0.70624999999999993       -1.2947917571337227E-003   0.0000000000000000     
  0.70729166666666665       -1.3486776445437152E-003   0.0000000000000000     
  0.70833333333333326       -1.4051570915392620E-003   0.0000000000000000     
  0.70937499999999987       -1.4641115889706888E-003   0.0000000000000000     
  0.71041666666666659       -1.5254174343633489E-003   0.0000000000000000     
  0.71145833333333330       -1.5889459914788470E-003   0.0000000000000000     
  0.71249999999999991       -1.6545639602286535E-003   0.0000000000000000     
  0.71354166666666663       -1.7221336563737573E-003   0.0000000000000000     
  0.71458333333333335       -1.7915133004233765E-003   0.0000000000000000     
  0.71562499999999996       -1.8625573151266840E-003   0.0000000000000000     
  0.71666666666666667       -1.9351166309332635E-003   0.0000000000000000     
  0.71770833333333339       -2.0090389987812798E-003   0.0000000000000000     
  0.71875000000000000       -2.0841693095571988E-003   0.0000000000000000     
  0.72083333333333344       -2.2374200480384347E-003   0.0000000000000000     
  0.72291666666666676       -2.3935826825113998E-003   0.0000000000000000     
  0.72500000000000009       -2.5513479009113341E-003   0.0000000000000000     
  0.72708333333333341       -2.7093929546527736E-003   0.0000000000000000     
  0.72916666666666674       -2.8663927489309409E-003   0.0000000000000000     
  0.73125000000000007       -3.0210309526945063E-003   0.0000000000000000     
  0.73333333333333339       -3.1720110351405352E-003   0.0000000000000000     
  0.73541666666666672       -3.3180671361985109E-003   0.0000000000000000     
  0.73750000000000004       -3.4579746798621852E-003   0.0000000000000000     
  0.73958333333333337       -3.5905606413840648E-003   0.0000000000000000     
  0.74166666666666670       -3.7147133822494349E-003   0.0000000000000000     
  0.74375000000000002       -3.8293919704707083E-003   0.0000000000000000     
  0.74583333333333335       -3.9336349080580785E-003   0.0000000000000000     
  0.74791666666666667       -4.0265681924928857E-003   0.0000000000000000     
  0.75000000000000000       -4.1074126446139989E-003   0.0000000000000000     
  0.75208333333333333       -4.1754904414781175E-003   0.0000000000000000     
  0.75416666666666665       -4.2302307994206527E-003   0.0000000000000000     
  0.75624999999999998       -4.2711747596687437E-003   0.0000000000000000     
  0.75833333333333330       -4.2979790363825172E-003   0.0000000000000000     
  0.76041666666666663       -4.3104188948614669E-003   0.0000000000000000     
  0.76249999999999996       -4.3083900357842736E-003   0.0000000000000000     
  0.76458333333333339       -4.2919094696840694E-003   0.0000000000000000     
  0.76666666666666672       -4.2611153743272717E-003   0.0000000000000000     
  0.76770833333333344       -4.2404258897894885E-003   0.0000000000000000     
  0.76875000000000004       -4.2162622952005950E-003   0.0000000000000000     
  0.76979166666666676       -4.1886752923149424E-003   0.0000000000000000     
  0.77083333333333348       -4.1577227661230591E-003   0.0000000000000000     
  0.77187500000000009       -4.1234696633932781E-003   0.0000000000000000     
  0.77291666666666681       -4.0859878563958502E-003   0.0000000000000000     
  0.77395833333333353       -4.0453559920955043E-003   0.0000000000000000     
  0.77500000000000013       -4.0016593271288538E-003   0.0000000000000000     
  0.77604166666666674       -3.9549895489128977E-003   0.0000000000000000     
  0.77708333333333346       -3.9054445832600528E-003   0.0000000000000000     
  0.77812500000000018       -3.8531283889033274E-003   0.0000000000000000     
  0.77916666666666679       -3.7981507393627873E-003   0.0000000000000000     
  0.78020833333333339       -3.7406269926110150E-003   0.0000000000000000     
  0.78125000000000011       -3.6806778490209142E-003   0.0000000000000000     
  0.78229166666666683       -3.6184290981036964E-003   0.0000000000000000     
  0.78333333333333344       -3.5540113545684754E-003   0.0000000000000000     
  0.78437500000000004       -3.4875597842572762E-003   0.0000000000000000     
  0.78541666666666676       -3.4192138205305679E-003   0.0000000000000000     
  0.78645833333333348       -3.3491168716983915E-003   0.0000000000000000     
  0.78750000000000009       -3.2774160201109394E-003   0.0000000000000000     
  0.78854166666666670       -3.2042617135400022E-003   0.0000000000000000     
  0.78958333333333341       -3.1298074494988857E-003   0.0000000000000000     
  0.79062500000000013       -3.0542094531631420E-003   0.0000000000000000     
  0.79166666666666674       -2.9776263495678978E-003   0.0000000000000000     
  0.79375000000000007       -2.8221500124633874E-003   0.0000000000000000     
  0.79583333333333339       -2.6646830285647796E-003   0.0000000000000000     
  0.79791666666666672       -2.5065456459744248E-003   0.0000000000000000     
  0.80000000000000004       -2.3490637336085005E-003   0.0000000000000000     
  0.80208333333333337       -2.1827221328422439E-003   0.0000000000000000     
  0.80416666666666670       -1.9980799672052103E-003   0.0000000000000000     
  0.80625000000000002       -1.7966853292737651E-003   0.0000000000000000     
  0.80833333333333335       -1.5802267691297691E-003   0.0000000000000000     
  0.81041666666666667       -1.3505191370751215E-003   0.0000000000000000     
  0.81250000000000000       -1.1094883674092350E-003   0.0000000000000000     
  0.81458333333333333       -8.5915533084659720E-004   0.0000000000000000     
  0.81666666666666665       -6.0161889096034993E-004   0.0000000000000000     
  0.82499999999999996        4.5678344462006819E-004   0.0000000000000000     
  0.82708333333333328        7.1735573872873002E-004   0.0000000000000000     
  0.82916666666666661        9.7191351773512564E-004   0.0000000000000000     
  0.83125000000000004        1.2183224966205882E-003   0.0000000000000000     
  0.83333333333333337        1.4545167122306498E-003   0.0000000000000000     
  0.83437500000000009        1.5681597659043050E-003   0.0000000000000000     
  0.83541666666666670        1.6785123964186449E-003   0.0000000000000000     
  0.83645833333333341        1.7853430541197428E-003   0.0000000000000000     
  0.83750000000000013        1.8884275794048039E-003   0.0000000000000000     
  0.83854166666666674        1.9875496730696563E-003   0.0000000000000000     
  0.83958333333333346        2.0825013501629894E-003   0.0000000000000000     
  0.84062500000000018        2.1730833763949470E-003   0.0000000000000000     
  0.84166666666666679        2.2591056861845692E-003   0.0000000000000000     
  0.84270833333333339        2.3403877814687840E-003   0.0000000000000000     
  0.84375000000000011        2.4167591104361239E-003   0.0000000000000000     
  0.84479166666666683        2.4880594253905179E-003   0.0000000000000000     
  0.84583333333333344        2.5541391189943074E-003   0.0000000000000000     
  0.84687500000000004        2.6148595381848957E-003   0.0000000000000000     
  0.84791666666666676        2.6700932751063488E-003   0.0000000000000000     
  0.84895833333333348        2.7197244344455080E-003   0.0000000000000000     
  0.85000000000000009        2.7636488766117065E-003   0.0000000000000000     
  0.85104166666666670        2.8017744362497971E-003   0.0000000000000000     
  0.85208333333333341        2.8340211156279676E-003   0.0000000000000000     
  0.85312500000000013        2.8603212524946093E-003   0.0000000000000000     
  0.85416666666666674        2.8806196620520244E-003   0.0000000000000000     
  0.85520833333333335        2.8948737527490481E-003   0.0000000000000000     
  0.85625000000000007        2.9030536156496398E-003   0.0000000000000000     
  0.85729166666666679        2.9051420871899097E-003   0.0000000000000000     
  0.85833333333333339        2.9011347851919229E-003   0.0000000000000000     
  0.85937500000000000        2.8910401180586944E-003   0.0000000000000000     
  0.86041666666666672        2.8748792671310797E-003   0.0000000000000000     
  0.86145833333333344        2.8526861422436003E-003   0.0000000000000000     
  0.86250000000000004        2.8245073105724466E-003   0.0000000000000000     
  0.86354166666666665        2.7904018989249415E-003   0.0000000000000000     
  0.86458333333333337        2.7504414696755165E-003   0.0000000000000000     
  0.86562500000000009        2.7047098706085107E-003   0.0000000000000000     
  0.86666666666666670        2.6533030589828495E-003   0.0000000000000000     
  0.86770833333333330        2.5963289001877548E-003   0.0000000000000000     
  0.86875000000000002        2.5339069414120046E-003   0.0000000000000000     
  0.86979166666666674        2.4661681608016293E-003   0.0000000000000000     
  0.87083333333333335        2.3932546926323313E-003   0.0000000000000000     
  0.87187499999999996        2.3153195290733374E-003   0.0000000000000000     
  0.87291666666666667        2.2325261991684732E-003   0.0000000000000000     
  0.87395833333333339        2.1450484257080379E-003   0.0000000000000000     
  0.87500000000000000        2.0530697607114060E-003   0.0000000000000000     
  0.87604166666666661        1.9567832002852460E-003   0.0000000000000000     
  0.87708333333333333        1.8563907796655245E-003   0.0000000000000000     
  0.87812500000000004        1.7521031492929832E-003   0.0000000000000000     
  0.87916666666666665        1.6441391328115434E-003   0.0000000000000000     
  0.88020833333333326        1.5327252679171132E-003   0.0000000000000000     
  0.88124999999999998        1.4180953310202781E-003   0.0000000000000000     
  0.88229166666666670        1.3004898467202108E-003   0.0000000000000000     
  0.88333333333333330        1.1801555831190119E-003   0.0000000000000000     
  0.88749999999999996        6.7669665625245349E-004   0.0000000000000000     
  0.89166666666666661        1.5063799964018835E-004   0.0000000000000000     
  0.89583333333333326       -3.8045153461842968E-004   0.0000000000000000     
  0.90000000000000002       -8.9883507752292586E-004   0.0000000000000000     
  0.90208333333333335       -1.1478092833871226E-003   0.0000000000000000     
  0.90312500000000007       -1.2688143688180510E-003   0.0000000000000000     
  0.90416666666666679       -1.3871571386643118E-003   0.0000000000000000     
  0.90520833333333339       -1.5025892777993943E-003   0.0000000000000000     
  0.90625000000000011       -1.6148685783869828E-003   0.0000000000000000     
  0.90729166666666683       -1.7237594480984020E-003   0.0000000000000000     
  0.90833333333333344       -1.8290334044490588E-003   0.0000000000000000     
  0.90937500000000004       -1.9304695542164889E-003   0.0000000000000000     
  0.91041666666666676       -2.0278550569340350E-003   0.0000000000000000     
  0.91145833333333348       -2.1209855714876677E-003   0.0000000000000000     
  0.91250000000000009       -2.2096656848789157E-003   0.0000000000000000     
  0.91354166666666670       -2.2937093222541809E-003   0.0000000000000000     
  0.91458333333333341       -2.3729401373400742E-003   0.0000000000000000     
  0.91562500000000013       -2.4471918824655521E-003   0.0000000000000000     
  0.91666666666666674       -2.5163087573945022E-003   0.0000000000000000     
  0.91770833333333335       -2.5801457362367715E-003   0.0000000000000000     
  0.91875000000000007       -2.6385688717516769E-003   0.0000000000000000     
  0.91979166666666679       -2.6914555764055194E-003   0.0000000000000000     
  0.92083333333333339       -2.7386948795933880E-003   0.0000000000000000     
  0.92187500000000000       -2.7801876604854983E-003   0.0000000000000000     
  0.92291666666666672       -2.8158468560094824E-003   0.0000000000000000     
  0.92395833333333344       -2.8455976435322419E-003   0.0000000000000000     
  0.92500000000000004       -2.8693775978580775E-003   0.0000000000000000     
  0.92604166666666665       -2.8871368222136260E-003   0.0000000000000000     
  0.92708333333333337       -2.8988380529447765E-003   0.0000000000000000     
  0.92812500000000009       -2.9044567377058852E-003   0.0000000000000000     
  0.92916666666666670       -2.9039810869772482E-003   0.0000000000000000     
  0.93020833333333330       -2.8974120988026920E-003   0.0000000000000000     
  0.93125000000000002       -2.8847635566954092E-003   0.0000000000000000     
  0.93229166666666674       -2.8660620007164221E-003   0.0000000000000000     
  0.93333333333333335       -2.8413466717863633E-003   0.0000000000000000     
  0.93437499999999996       -2.8106694293474075E-003   0.0000000000000000     
  0.93541666666666667       -2.7740946425481396E-003   0.0000000000000000     
  0.93645833333333339       -2.7316990551796917E-003   0.0000000000000000     
  0.93750000000000000       -2.6835716246465142E-003   0.0000000000000000     
  0.93854166666666661       -2.6298133353096775E-003   0.0000000000000000     
  0.93958333333333333       -2.5705369865943900E-003   0.0000000000000000     
  0.94062500000000004       -2.5058669563063200E-003   0.0000000000000000     
  0.94166666666666665       -2.4359389396533225E-003   0.0000000000000000     
  0.94270833333333326       -2.3608996645201911E-003   0.0000000000000000     
  0.94374999999999998       -2.2809065835938959E-003   0.0000000000000000     
  0.94479166666666670       -2.1961275439852991E-003   0.0000000000000000     
  0.94583333333333330       -2.1067404350405198E-003   0.0000000000000000     
  0.94687499999999991       -2.0129328150809713E-003   0.0000000000000000     
  0.94791666666666663       -1.9149015178553115E-003   0.0000000000000000     
  0.94895833333333335       -1.8128522395290439E-003   0.0000000000000000     
  0.94999999999999996       -1.7069991070783311E-003   0.0000000000000000     
  0.95104166666666656       -1.5975642289936831E-003   0.0000000000000000     
  0.95208333333333328       -1.4847772292363160E-003   0.0000000000000000     
  0.95312500000000000       -1.3688747654250239E-003   0.0000000000000000     
  0.95416666666666661       -1.2501000322644898E-003   0.0000000000000000     
  0.95520833333333321       -1.1287022512570188E-003   0.0000000000000000     
  0.95624999999999993       -1.0049361477684688E-003   0.0000000000000000     
  0.95833333333333326       -7.5134410991690775E-004   0.0000000000000000     
  0.96249999999999991       -2.2745779047147365E-004   0.0000000000000000     
  0.96666666666666667        3.0402496756387197E-004   0.0000000000000000     
  0.96875000000000000        5.6705682428362836E-004   0.0000000000000000     
  0.97083333333333344        8.2533431486486177E-004   0.0000000000000000     
  0.97291666666666676        1.0766919671661649E-003   0.0000000000000000     
  0.97395833333333348        1.1991138611296525E-003   0.0000000000000000     
  0.97500000000000009        1.3190196900179417E-003   0.0000000000000000     
  0.97604166666666670        1.4361578589840870E-003   0.0000000000000000     
  0.97708333333333341        1.5502825804799276E-003   0.0000000000000000     
  0.97812500000000013        1.6611543899847920E-003   0.0000000000000000     
  0.97916666666666674        1.7685406484668307E-003   0.0000000000000000     
  0.98020833333333335        1.8722160305226214E-003   0.0000000000000000     
  0.98125000000000007        1.9719629971707625E-003   0.0000000000000000     
  0.98229166666666679        2.0675722523074503E-003   0.0000000000000000     
  0.98333333333333339        2.1588431818663112E-003   0.0000000000000000     
  0.98437500000000000        2.2455842747609723E-003   0.0000000000000000     
  0.98541666666666672        2.3276135247270739E-003   0.0000000000000000     
  0.98645833333333344        2.4047588122206058E-003   0.0000000000000000     
  0.98750000000000004        2.4768582655712626E-003   0.0000000000000000     
  0.98854166666666665        2.5437606006329886E-003   0.0000000000000000     
  0.98958333333333337        2.6053254382189975E-003   0.0000000000000000     
  0.99062500000000009        2.6614235986552473E-003   0.0000000000000000     
  0.99166666666666670        2.7119373728343422E-003   0.0000000000000000     
  0.99270833333333330        2.7567607692010661E-003   0.0000000000000000     
  0.99375000000000002        2.7957997361513134E-003   0.0000000000000000     
  0.99479166666666674        2.8289723593777735E-003   0.0000000000000000     
  0.99583333333333335        2.8562090337483068E-003   0.0000000000000000     
  0.99687499999999996        2.8774526093563323E-003   0.0000000000000000     
  0.99791666666666667        2.8926585114367738E-003   0.0000000000000000     
  0.99895833333333339        2.9017948338959706E-003   0.0000000000000000     
   1.0000000000000000        2.9048424062592909E-003   0.0000000000000000     
