X My_beautiful_solution_real My_beautiful_solution_imag
   0.0000000000000000        0.0000000000000000        0.0000000000000000     
   1.6666666666666666E-002  -2.7899845668859454E-003   0.0000000000000000     
   2.5000000000000001E-002  -3.7267412686781262E-003   0.0000000000000000     
   3.3333333333333333E-002  -4.1738248810393314E-003   0.0000000000000000     
   4.1666666666666671E-002  -4.0724911022014566E-003   0.0000000000000000     
   5.0000000000000003E-002  -3.4360546274894229E-003   0.0000000000000000     
   5.8333333333333334E-002  -2.3481396723587194E-003   0.0000000000000000     
   6.6666666666666666E-002  -9.5169221526895844E-004   0.0000000000000000     
   8.3333333333333343E-002   2.0210434309150065E-003   0.0000000000000000     
  0.10000000000000001        3.9970461641968312E-003   0.0000000000000000     
  0.10833333333333334        4.2621719994478885E-003   0.0000000000000000     
  0.11666666666666667        3.9672721231753406E-003   0.0000000000000000     
  0.12500000000000000        3.1510947400642999E-003   0.0000000000000000     
  0.13333333333333333        1.9208810219317281E-003   0.0000000000000000     
  0.14999999999999999       -1.0983693269332683E-003   0.0000000000000000     
  0.16666666666666666       -3.5759287640988032E-003   0.0000000000000000     
  0.17499999999999999       -4.1913071207955914E-003   0.0000000000000000     
  0.18333333333333335       -4.2559710171558279E-003   0.0000000000000000     
  0.19166666666666668       -3.7614239766005008E-003   0.0000000000000000     
  0.20000000000000001       -2.7726467315601104E-003   0.0000000000000000     
  0.23333333333333334        2.9468053974200216E-003   0.0000000000000000     
  0.24166666666666667        3.8783739406653916E-003   0.0000000000000000     
  0.25000000000000000        4.3003457041568948E-003   0.0000000000000000     
  0.25833333333333336        4.1572759434959448E-003   0.0000000000000000     
  0.26666666666666672        3.4679632300499163E-003   0.0000000000000000     
  0.27500000000000002        2.3229794231571766E-003   0.0000000000000000     
  0.28333333333333338        8.7276903120948217E-004   0.0000000000000000     
  0.30000000000000004       -2.1716714716845296E-003   0.0000000000000000     
  0.30833333333333335       -3.3658790215879432E-003   0.0000000000000000     
  0.31666666666666671       -4.1178287756512763E-003   0.0000000000000000     
  0.32500000000000007       -4.3287187155364821E-003   0.0000000000000000     
  0.33333333333333337       -3.9708390752715003E-003   0.0000000000000000     
  0.34166666666666667       -3.0912132504877579E-003   0.0000000000000000     
  0.34999999999999998       -1.8054191855907948E-003   0.0000000000000000     
  0.36666666666666664        1.2754317394649147E-003   0.0000000000000000     
  0.38333333333333330        3.7272685753433556E-003   0.0000000000000000     
  0.39166666666666666        4.2991128646124241E-003   0.0000000000000000     
  0.40000000000000002        4.3060776179930441E-003   0.0000000000000000     
  0.40833333333333333        3.7472477056011894E-003   0.0000000000000000     
  0.41666666666666669        2.6960502719416890E-003   0.0000000000000000     
  0.42500000000000004        1.2906068172292731E-003   0.0000000000000000     
  0.43333333333333335       -2.8441520005866022E-004   0.0000000000000000     
  0.45000000000000001       -3.1350675666181596E-003   0.0000000000000000     
  0.46666666666666667       -4.4395755109345389E-003   0.0000000000000000     
  0.47499999999999998       -4.2596774360626538E-003   0.0000000000000000     
  0.48333333333333334       -3.5200814214311673E-003   0.0000000000000000     
  0.49166666666666670       -2.3179662726790055E-003   0.0000000000000000     
  0.50000000000000000       -8.1128323898158842E-004   0.0000000000000000     
  0.51666666666666661        2.3163972383367067E-003   0.0000000000000000     
  0.53333333333333333        4.3016829845529177E-003   0.0000000000000000     
  0.54166666666666674        4.5117138828178307E-003   0.0000000000000000     
  0.55000000000000004        4.1289306530411501E-003   0.0000000000000000     
  0.55833333333333335        3.2036288841016899E-003   0.0000000000000000     
  0.56666666666666665        1.8573880855996007E-003   0.0000000000000000     
  0.58333333333333326       -1.3561259808036324E-003   0.0000000000000000     
  0.59999999999999998       -3.9008293831546475E-003   0.0000000000000000     
  0.61666666666666670       -5.1590956822173814E-003   0.0000000000000000     
  0.62500000000000000       -5.3221739496176175E-003   0.0000000000000000     
  0.63333333333333330       -5.1255665179454658E-003   0.0000000000000000     
  0.64166666666666661       -4.5951065109761527E-003   0.0000000000000000     
  0.65000000000000002       -3.8004934253222556E-003   0.0000000000000000     
  0.66666666666666674       -1.8595460927626317E-003   0.0000000000000000     
  0.68333333333333335       -2.7624013943723874E-004   0.0000000000000000     
  0.69166666666666665        1.1243930044808662E-004   0.0000000000000000     
  0.69999999999999996        1.4672646399375796E-004   0.0000000000000000     
  0.70833333333333326       -1.7788379152165352E-004   0.0000000000000000     
  0.71666666666666667       -8.1873948271118436E-004   0.0000000000000000     
  0.73333333333333339       -2.6746447272993829E-003   0.0000000000000000     
  0.76666666666666672       -5.5454954029605591E-003   0.0000000000000000     
  0.77500000000000013       -5.5263944689294157E-003   0.0000000000000000     
  0.78333333333333344       -5.1207743946484457E-003   0.0000000000000000     
  0.79166666666666674       -4.3819314034368607E-003   0.0000000000000000     
  0.80000000000000004       -3.4069453578415266E-003   0.0000000000000000     
  0.83333333333333337        2.3870514637693470E-003   0.0000000000000000     
  0.84166666666666679        3.5272492935108251E-003   0.0000000000000000     
  0.85000000000000009        4.2039861705794705E-003   0.0000000000000000     
  0.85833333333333339        4.3283426306402802E-003   0.0000000000000000     
  0.86666666666666670        3.8839789260159819E-003   0.0000000000000000     
  0.88333333333333330        1.6134211234715441E-003   0.0000000000000000     
  0.90000000000000002       -1.4528394885902486E-003   0.0000000000000000     
  0.90833333333333344       -2.8003496442971327E-003   0.0000000000000000     
  0.91666666666666674       -3.7799094211207630E-003   0.0000000000000000     
  0.92500000000000004       -4.2628101087916967E-003   0.0000000000000000     
  0.93333333333333335       -4.1856012409178722E-003   0.0000000000000000     
  0.94166666666666665       -3.5584276336100840E-003   0.0000000000000000     
  0.94999999999999996       -2.4636964130300308E-003   0.0000000000000000     
  0.96666666666666667        5.0207137274395569E-004   0.0000000000000000     
  0.98333333333333339        3.2202289121546087E-003   0.0000000000000000     
  0.99166666666666670        4.0339151086629535E-003   0.0000000000000000     
   1.0000000000000000        4.3175672804422610E-003   0.0000000000000000     
