X My_beautiful_solution_real My_beautiful_solution_imag
   0.0000000000000000        0.0000000000000000        0.0000000000000000     
   2.0833333333333333E-003  -4.8116275038152617E-005   0.0000000000000000     
   4.1666666666666666E-003  -1.0016334226035321E-004   0.0000000000000000     
   6.2500000000000003E-003  -1.5570482421126654E-004   0.0000000000000000     
   8.3333333333333332E-003  -2.1427504526587009E-004   0.0000000000000000     
   1.0416666666666668E-002  -2.7538293598670423E-004   0.0000000000000000     
   1.2500000000000001E-002  -3.3851615039008810E-004   0.0000000000000000     
   1.4583333333333334E-002  -4.0314536160096710E-004   0.0000000000000000     
   1.6666666666666666E-002  -4.6872869988039682E-004   0.0000000000000000     
   2.0833333333333336E-002  -6.0055551261033234E-004   0.0000000000000000     
   2.2916666666666669E-002  -6.6569371346610388E-004   0.0000000000000000     
   2.5000000000000001E-002  -7.2958476112999868E-004   0.0000000000000000     
   2.7083333333333334E-002  -7.9169297483677313E-004   0.0000000000000000     
   2.8125000000000001E-002  -8.2191491776350178E-004   0.0000000000000000     
   2.9166666666666667E-002  -8.5149695096133310E-004   0.0000000000000000     
   3.0208333333333334E-002  -8.8037700332676736E-004   0.0000000000000000     
   3.1250000000000000E-002  -9.0849447670187983E-004   0.0000000000000000     
   3.2291666666666663E-002  -9.3579037302564004E-004   0.0000000000000000     
   3.3333333333333333E-002  -9.6220741812779430E-004   0.0000000000000000     
   3.4375000000000003E-002  -9.8769018190555924E-004   0.0000000000000000     
   3.5416666666666666E-002  -1.0121851946309642E-003   0.0000000000000000     
   3.6458333333333336E-002  -1.0356410591447964E-003   0.0000000000000000     
   3.7500000000000006E-002  -1.0580085587017375E-003   0.0000000000000000     
   3.8541666666666669E-002  -1.0792407602403997E-003   0.0000000000000000     
   3.9583333333333338E-002  -1.0992931128615804E-003   0.0000000000000000     
   4.0625000000000008E-002  -1.1181235413080903E-003   0.0000000000000000     
   4.1666666666666671E-002  -1.1356925342500207E-003   0.0000000000000000     
   4.2708333333333334E-002  -1.1519632271901963E-003   0.0000000000000000     
   4.3750000000000004E-002  -1.1669014798158549E-003   0.0000000000000000     
   4.4791666666666674E-002  -1.1804759476342554E-003   0.0000000000000000     
   4.5833333333333337E-002  -1.1926581477418982E-003   0.0000000000000000     
   4.6875000000000000E-002  -1.2034225185893564E-003   0.0000000000000000     
   4.7916666666666670E-002  -1.2127464736163174E-003   0.0000000000000000     
   4.8958333333333340E-002  -1.2206104486442936E-003   0.0000000000000000     
   5.0000000000000003E-002  -1.2269979429275588E-003   0.0000000000000000     
   5.1041666666666666E-002  -1.2318955537761720E-003   0.0000000000000000     
   5.2083333333333336E-002  -1.2352930046784466E-003   0.0000000000000000     
   5.3125000000000006E-002  -1.2371831668638482E-003   0.0000000000000000     
   5.4166666666666669E-002  -1.2375620742610847E-003   0.0000000000000000     
   5.5208333333333331E-002  -1.2364289318199946E-003   0.0000000000000000     
   5.6250000000000001E-002  -1.2337861171797776E-003   0.0000000000000000     
   5.7291666666666671E-002  -1.2296391756800649E-003   0.0000000000000000     
   5.8333333333333334E-002  -1.2239968087252968E-003   0.0000000000000000     
   5.9374999999999997E-002  -1.2168708555268255E-003   0.0000000000000000     
   6.0416666666666667E-002  -1.2082762682610465E-003   0.0000000000000000     
   6.1458333333333337E-002  -1.1982310806956907E-003   0.0000000000000000     
   6.2500000000000000E-002  -1.1867563703501051E-003   0.0000000000000000     
   6.4583333333333326E-002  -1.1596190831348599E-003   0.0000000000000000     
   6.6666666666666666E-002  -1.1270934315616712E-003   0.0000000000000000     
   7.0833333333333331E-002  -1.0470307824007896E-003   0.0000000000000000     
   7.5000000000000011E-002  -9.4926478048085183E-004   0.0000000000000000     
   7.7083333333333337E-002  -8.9473981417253329E-004   0.0000000000000000     
   7.9166666666666677E-002  -8.3704730684041576E-004   0.0000000000000000     
   8.1250000000000017E-002  -7.7667096891978731E-004   0.0000000000000000     
   8.3333333333333343E-002  -7.1411701284701469E-004   0.0000000000000000     
   8.5416666666666669E-002  -6.4990990883010444E-004   0.0000000000000000     
   8.7500000000000008E-002  -5.8458798754090226E-004   0.0000000000000000     
   9.1666666666666674E-002  -4.5279522007379743E-004   0.0000000000000000     
   9.3750000000000000E-002  -3.8742936204543563E-004   0.0000000000000000     
   9.5833333333333340E-002  -3.2314939850807664E-004   0.0000000000000000     
   9.7916666666666680E-002  -2.6049427100856591E-004   0.0000000000000000     
  0.10000000000000001       -1.9998929800500655E-004   0.0000000000000000     
  0.10104166666666667       -1.7070266010472146E-004   0.0000000000000000     
  0.10208333333333333       -1.4214253185499998E-004   0.0000000000000000     
  0.10312499999999999       -1.1436884012647659E-004   0.0000000000000000     
  0.10416666666666667       -8.7439861633341554E-005   0.0000000000000000     
  0.10520833333333335       -6.1412100653039981E-005   0.0000000000000000     
  0.10625000000000001       -3.6340170465020118E-005   0.0000000000000000     
  0.10729166666666667       -1.2276678757307296E-005   0.0000000000000000     
  0.10833333333333334        1.0727882758647675E-005   0.0000000000000000     
  0.10937500000000000        3.2625244293230576E-005   0.0000000000000000     
  0.11041666666666666        5.3369459261732638E-005   0.0000000000000000     
  0.11145833333333333        7.2917000692707414E-005   0.0000000000000000     
  0.11250000000000000        9.1226852559325285E-005   0.0000000000000000     
  0.11354166666666668        1.0826059584208595E-004   0.0000000000000000     
  0.11458333333333334        1.2398248914230917E-004   0.0000000000000000     
  0.11562500000000001        1.3835954367725253E-004   0.0000000000000000     
  0.11666666666666667        1.5136159249949595E-004   0.0000000000000000     
  0.11770833333333333        1.6296135379535357E-004   0.0000000000000000     
  0.11874999999999999        1.7313448812949470E-004   0.0000000000000000     
  0.11979166666666666        1.8185964951565991E-004   0.0000000000000000     
  0.12083333333333333        1.8911853020631101E-004   0.0000000000000000     
  0.12187500000000001        1.9489589910723519E-004   0.0000000000000000     
  0.12291666666666667        1.9917963373649862E-004   0.0000000000000000     
  0.12395833333333334        2.0196074566069112E-004   0.0000000000000000     
  0.12500000000000000        2.0323339935508945E-004   0.0000000000000000     
  0.12604166666666666        2.0299492444816585E-004   0.0000000000000000     
  0.12708333333333333        2.0124582132474952E-004   0.0000000000000000     
  0.12812499999999999        1.9798976007608403E-004   0.0000000000000000     
  0.12916666666666665        1.9323357279898352E-004   0.0000000000000000     
  0.13020833333333331        1.8698723926024652E-004   0.0000000000000000     
  0.13124999999999998        1.7926386595640701E-004   0.0000000000000000     
  0.13229166666666664        1.7007965861276129E-004   0.0000000000000000     
  0.13333333333333333        1.5945388817937450E-004   0.0000000000000000     
  0.13541666666666669        1.3397127996167421E-004   0.0000000000000000     
  0.13750000000000001        1.0303120556771436E-004   0.0000000000000000     
  0.13958333333333334        6.6893075405275785E-005   0.0000000000000000     
  0.14166666666666666        2.5859881864179999E-005   0.0000000000000000     
  0.14583333333333331       -6.9459998829813076E-005   0.0000000000000000     
  0.14791666666666664       -1.2294749691788717E-004   0.0000000000000000     
  0.14999999999999999       -1.7973838088401972E-004   0.0000000000000000     
  0.15208333333333335       -2.3935649976036452E-004   0.0000000000000000     
  0.15416666666666667       -3.0130199823526460E-004   0.0000000000000000     
  0.15625000000000000       -3.6505550758274545E-004   0.0000000000000000     
  0.15833333333333333       -4.3008250019803391E-004   0.0000000000000000     
  0.16249999999999998       -5.6176927095552781E-004   0.0000000000000000     
  0.16458333333333330       -6.2732494965483617E-004   0.0000000000000000     
  0.16666666666666666       -6.9195516982077502E-004   0.0000000000000000     
  0.16875000000000001       -7.5511805325503205E-004   0.0000000000000000     
  0.16979166666666667       -7.8598300040196760E-004   0.0000000000000000     
  0.17083333333333334       -8.1628343269724642E-004   0.0000000000000000     
  0.17187500000000000       -8.4595577164183519E-004   0.0000000000000000     
  0.17291666666666666       -8.7493775664636200E-004   0.0000000000000000     
  0.17395833333333333       -9.0316857567066693E-004   0.0000000000000000     
  0.17499999999999999       -9.3058899282390316E-004   0.0000000000000000     
  0.17604166666666665       -9.5714147265745083E-004   0.0000000000000000     
  0.17708333333333331       -9.8277030088984407E-004   0.0000000000000000     
  0.17812499999999998       -1.0074217013103961E-003   0.0000000000000000     
  0.17916666666666667       -1.0310439486162289E-003   0.0000000000000000     
  0.18020833333333336       -1.0535874769459425E-003   0.0000000000000000     
  0.18125000000000002       -1.0750049838821919E-003   0.0000000000000000     
  0.18229166666666669       -1.0952515297049507E-003   0.0000000000000000     
  0.18333333333333335       -1.1142846316871909E-003   0.0000000000000000     
  0.18437500000000001       -1.1320643532351314E-003   0.0000000000000000     
  0.18541666666666667       -1.1485533876860069E-003   0.0000000000000000     
  0.18645833333333334       -1.1637171365875356E-003   0.0000000000000000     
  0.18750000000000000       -1.1775237822948242E-003   0.0000000000000000     
  0.18854166666666666       -1.1899443547323896E-003   0.0000000000000000     
  0.18958333333333333       -1.2009527921812101E-003   0.0000000000000000     
  0.19062499999999999       -1.2105259959632575E-003   0.0000000000000000     
  0.19166666666666668       -1.2186438789087688E-003   0.0000000000000000     
  0.19270833333333337       -1.2252894075045592E-003   0.0000000000000000     
  0.19375000000000003       -1.2304486376349378E-003   0.0000000000000000     
  0.19479166666666670       -1.2341107438402323E-003   0.0000000000000000     
  0.19583333333333336       -1.2362680420315310E-003   0.0000000000000000     
  0.19687500000000002       -1.2369160056139776E-003   0.0000000000000000     
  0.19791666666666669       -1.2360532749847914E-003   0.0000000000000000     
  0.19895833333333335       -1.2336816603860815E-003   0.0000000000000000     
  0.20000000000000001       -1.2298061381064704E-003   0.0000000000000000     
  0.20416666666666666       -1.1995052398064627E-003   0.0000000000000000     
  0.20833333333333334       -1.1464087786726884E-003   0.0000000000000000     
  0.21250000000000002       -1.0722900243984297E-003   0.0000000000000000     
  0.21666666666666667       -9.7962433104404668E-004   0.0000000000000000     
  0.22083333333333333       -8.7150646730265672E-004   0.0000000000000000     
  0.22500000000000001       -7.5154726009155201E-004   0.0000000000000000     
  0.22916666666666669       -6.2375300327731462E-004   0.0000000000000000     
  0.23333333333333334       -4.9239165893773902E-004   0.0000000000000000     
  0.23541666666666666       -4.2674443501235817E-004   0.0000000000000000     
  0.23749999999999999       -3.6185347679362691E-004   0.0000000000000000     
  0.23958333333333331       -2.9826284858205362E-004   0.0000000000000000     
  0.24166666666666667       -2.3650571234051375E-004   0.0000000000000000     
  0.24270833333333336       -2.0647740401210840E-004   0.0000000000000000     
  0.24375000000000002       -1.7710054024942698E-004   0.0000000000000000     
  0.24479166666666669       -1.4843676165502347E-004   0.0000000000000000     
  0.24583333333333335       -1.2054621258597851E-004   0.0000000000000000     
  0.24687500000000001       -9.3487414954776955E-005   0.0000000000000000     
  0.24791666666666667       -6.7317145434513248E-005   0.0000000000000000     
  0.24895833333333334       -4.2090316326081132E-005   0.0000000000000000     
  0.25000000000000000       -1.7859860337320001E-005   0.0000000000000000     
  0.25104166666666666        5.3233804841170452E-006   0.0000000000000000     
  0.25208333333333333        2.7410761431124732E-005   0.0000000000000000     
  0.25312499999999999        4.8355937206892951E-005   0.0000000000000000     
  0.25416666666666665        6.8114959169869702E-005   0.0000000000000000     
  0.25520833333333331        8.6646367549892469E-005   0.0000000000000000     
  0.25624999999999998        1.0391127844199602E-004   0.0000000000000000     
  0.25729166666666670        1.1987346539535762E-004   0.0000000000000000     
  0.25833333333333336        1.3449943542618242E-004   0.0000000000000000     
  0.25937500000000002        1.4775849929504376E-004   0.0000000000000000     
  0.26041666666666674        1.5962283590120142E-004   0.0000000000000000     
  0.26145833333333340        1.7006755065879152E-004   0.0000000000000000     
  0.26250000000000007        1.7907072773240177E-004   0.0000000000000000     
  0.26354166666666673        1.8661347602241690E-004   0.0000000000000000     
  0.26458333333333339        1.9267996880365388E-004   0.0000000000000000     
  0.26562500000000006        1.9725747693410977E-004   0.0000000000000000     
  0.26666666666666672        2.0033639556414404E-004   0.0000000000000000     
  0.26770833333333338        2.0191026429004877E-004   0.0000000000000000     
  0.26875000000000004        2.0197578070972315E-004   0.0000000000000000     
  0.26979166666666671        2.0053280735200557E-004   0.0000000000000000     
  0.27083333333333337        1.9758437196512537E-004   0.0000000000000000     
  0.27187500000000003        1.9313666116366833E-004   0.0000000000000000     
  0.27291666666666670        1.8719900744738687E-004   0.0000000000000000     
  0.27395833333333336        1.7978386961909235E-004   0.0000000000000000     
  0.27500000000000002        1.7090680664271814E-004   0.0000000000000000     
  0.27604166666666669        1.6058644499640712E-004   0.0000000000000000     
  0.27708333333333335        1.4884443958912443E-004   0.0000000000000000     
  0.27916666666666667        1.2119841561380898E-004   0.0000000000000000     
  0.28125000000000000        8.8202016799727659E-005   0.0000000000000000     
  0.28333333333333338        5.0131894365059373E-005   0.0000000000000000     
  0.28750000000000009       -3.9894545400734864E-005   0.0000000000000000     
  0.28958333333333341       -9.1096055385460659E-005   0.0000000000000000     
  0.29166666666666674       -1.4586800281803471E-004   0.0000000000000000     
  0.29375000000000007       -2.0375116407030629E-004   0.0000000000000000     
  0.29583333333333339       -2.6426023021014689E-004   0.0000000000000000     
  0.29791666666666672       -3.2688787596994669E-004   0.0000000000000000     
  0.30000000000000004       -3.9110901330634620E-004   0.0000000000000000     
  0.30833333333333335       -6.5305345288695570E-004   0.0000000000000000     
  0.31041666666666667       -7.1705926423136230E-004   0.0000000000000000     
  0.31250000000000000       -7.7938725895689898E-004   0.0000000000000000     
  0.31354166666666666       -8.0975793876137498E-004   0.0000000000000000     
  0.31458333333333333       -8.3951421746568204E-004   0.0000000000000000     
  0.31562500000000004       -8.6859365835214035E-004   0.0000000000000000     
  0.31666666666666671       -8.9693524489179821E-004   0.0000000000000000     
  0.31770833333333337       -9.2447950877361565E-004   0.0000000000000000     
  0.31875000000000009       -9.5116865468505450E-004   0.0000000000000000     
  0.31979166666666675       -9.7694668158226461E-004   0.0000000000000000     
  0.32083333333333341       -1.0017595001954253E-003   0.0000000000000000     
  0.32187500000000008       -1.0255550465226478E-003   0.0000000000000000     
  0.32291666666666674       -1.0482833910743323E-003   0.0000000000000000     
  0.32395833333333340       -1.0698968436387340E-003   0.0000000000000000     
  0.32500000000000007       -1.0903500533489226E-003   0.0000000000000000     
  0.32604166666666673       -1.1096001038411588E-003   0.0000000000000000     
  0.32708333333333339       -1.1276066033050333E-003   0.0000000000000000     
  0.32812500000000006       -1.1443317692364013E-003   0.0000000000000000     
  0.32916666666666672       -1.1597405077152941E-003   0.0000000000000000     
  0.33020833333333338       -1.1738004870424489E-003   0.0000000000000000     
  0.33125000000000004       -1.1864822055799569E-003   0.0000000000000000     
  0.33229166666666671       -1.1977590536536740E-003   0.0000000000000000     
  0.33333333333333337       -1.2076073693875141E-003   0.0000000000000000     
  0.33437500000000003       -1.2160064883524591E-003   0.0000000000000000     
  0.33541666666666670       -1.2229387869261193E-003   0.0000000000000000     
  0.33645833333333336       -1.2283897192718600E-003   0.0000000000000000     
  0.33750000000000002       -1.2323478478598947E-003   0.0000000000000000     
  0.33854166666666669       -1.2348048674663203E-003   0.0000000000000000     
  0.33958333333333335       -1.2357556225997175E-003   0.0000000000000000     
  0.34062500000000001       -1.2351981183187696E-003   0.0000000000000000     
  0.34166666666666667       -1.2331335244181846E-003   0.0000000000000000     
  0.34270833333333334       -1.2295661729741544E-003   0.0000000000000000     
  0.34375000000000000       -1.2245035492544833E-003   0.0000000000000000     
  0.34479166666666666       -1.2179562760124749E-003   0.0000000000000000     
  0.34583333333333333       -1.2099380911975240E-003   0.0000000000000000     
  0.34687499999999999       -1.2004658191291822E-003   0.0000000000000000     
  0.34791666666666665       -1.1895593351951891E-003   0.0000000000000000     
  0.34895833333333331       -1.1772415241475351E-003   0.0000000000000000     
  0.34999999999999998       -1.1635382320840625E-003   0.0000000000000000     
  0.35416666666666663       -1.0955146156336867E-003   0.0000000000000000     
  0.35833333333333328       -1.0081684252887955E-003   0.0000000000000000     
  0.36249999999999993       -9.0441677358108603E-004   0.0000000000000000     
  0.36666666666666664       -7.8772466845407156E-004   0.0000000000000000     
  0.37083333333333335       -6.6198929192418782E-004   0.0000000000000000     
  0.37500000000000000       -5.3140984536592943E-004   0.0000000000000000     
  0.37916666666666665       -4.0034730821564003E-004   0.0000000000000000     
  0.38333333333333330       -2.7317879375150062E-004   0.0000000000000000     
  0.38437499999999997       -2.4249861147379663E-004   0.0000000000000000     
  0.38541666666666663       -2.1239429152980390E-004   0.0000000000000000     
  0.38645833333333329       -1.8292900092182235E-004   0.0000000000000000     
  0.38749999999999996       -1.5416456579583484E-004   0.0000000000000000     
  0.38854166666666662       -1.2616134171353948E-004   0.0000000000000000     
  0.38958333333333328       -9.8978087010061564E-005   0.0000000000000000     
  0.39062500000000000       -7.2671839503080383E-005   0.0000000000000000     
  0.39166666666666666       -4.7297796812071868E-005   0.0000000000000000     
  0.39270833333333333       -2.2909200538771038E-005   0.0000000000000000     
  0.39375000000000004        4.4277544809790568E-007   0.0000000000000000     
  0.39479166666666671        2.2709132389430845E-005   0.0000000000000000     
  0.39583333333333337        4.3843149448394605E-005   0.0000000000000000     
  0.39687500000000003        6.3800481743369296E-005   0.0000000000000000     
  0.39791666666666670        8.2539253395500699E-005   0.0000000000000000     
  0.39895833333333336        1.0002014539561518E-004   0.0000000000000000     
  0.40000000000000002        1.1620647810613196E-004   0.0000000000000000     
  0.40208333333333335        1.4673093143979652E-004   0.0000000000000000     
  0.40416666666666667        1.7602515079683160E-004   0.0000000000000000     
  0.40625000000000000        2.0384352508748119E-004   0.0000000000000000     
  0.40833333333333333        2.2995281712793447E-004   0.0000000000000000     
  0.41041666666666665        2.5413411916739388E-004   0.0000000000000000     
  0.41249999999999998        2.7618468827309033E-004   0.0000000000000000     
  0.41458333333333330        2.9591964618485260E-004   0.0000000000000000     
  0.41666666666666669        3.1317352938716922E-004   0.0000000000000000     
  0.41875000000000007        3.2780167640249002E-004   0.0000000000000000     
  0.42083333333333339        3.3968144067431322E-004   0.0000000000000000     
  0.42291666666666672        3.4871321887089331E-004   0.0000000000000000     
  0.42500000000000004        3.5482128598798108E-004   0.0000000000000000     
  0.42916666666666670        3.5809891138048372E-004   0.0000000000000000     
  0.43333333333333335        3.4941705900011028E-004   0.0000000000000000     
  0.43541666666666667        3.4066351661451657E-004   0.0000000000000000     
  0.43750000000000000        3.2905375414891085E-004   0.0000000000000000     
  0.43958333333333333        3.1468511116289105E-004   0.0000000000000000     
  0.44166666666666665        2.9767805845716723E-004   0.0000000000000000     
  0.44374999999999998        2.7817518801200963E-004   0.0000000000000000     
  0.44583333333333330        2.5634001745541946E-004   0.0000000000000000     
  0.44791666666666663        2.3235561908470042E-004   0.0000000000000000     
  0.45000000000000001        2.0642308493610596E-004   0.0000000000000000     
  0.45208333333333339        1.7875984077185767E-004   0.0000000000000000     
  0.45416666666666672        1.4959782312054453E-004   0.0000000000000000     
  0.45625000000000004        1.1918153465511746E-004   0.0000000000000000     
  0.45833333333333337        8.7765994212749696E-005   0.0000000000000000     
  0.46250000000000002        2.2998861007531672E-005   0.0000000000000000     
  0.46666666666666667       -4.2536368269134013E-005   0.0000000000000000     
  0.46875000000000000       -7.4906393856353853E-005   0.0000000000000000     
  0.47083333333333333       -1.0664838287429260E-004   0.0000000000000000     
  0.47291666666666665       -1.3749620143425689E-004   0.0000000000000000     
  0.47499999999999998       -1.6719121262768921E-004   0.0000000000000000     
  0.47708333333333330       -1.9548444501177182E-004   0.0000000000000000     
  0.47916666666666663       -2.2213868005700965E-004   0.0000000000000000     
  0.48124999999999996       -2.4693044105503637E-004   0.0000000000000000     
  0.48333333333333334       -2.6965186681107256E-004   0.0000000000000000     
  0.48541666666666672       -2.9011245441146292E-004   0.0000000000000000     
  0.48750000000000004       -3.0814065645443686E-004   0.0000000000000000     
  0.48958333333333337       -3.2358531935245088E-004   0.0000000000000000     
  0.49166666666666670       -3.3631695064697387E-004   0.0000000000000000     
  0.49375000000000002       -3.4622880471019043E-004   0.0000000000000000     
  0.49583333333333335       -3.5323777773078906E-004   0.0000000000000000     
  0.49791666666666667       -3.5728510448001654E-004   0.0000000000000000     
  0.50000000000000000       -3.5833685101611604E-004   0.0000000000000000     
  0.50208333333333333       -3.5638419919617226E-004   0.0000000000000000     
  0.50416666666666665       -3.5144352060993700E-004   0.0000000000000000     
  0.50624999999999998       -3.4355623931575115E-004   0.0000000000000000     
  0.50833333333333330       -3.3278848452942606E-004   0.0000000000000000     
  0.51041666666666663       -3.1923053617803724E-004   0.0000000000000000     
  0.51249999999999996       -3.0299606796726917E-004   0.0000000000000000     
  0.51458333333333328       -2.8422119430864624E-004   0.0000000000000000     
  0.51666666666666661       -2.6306332909748804E-004   0.0000000000000000     
  0.51874999999999993       -2.3969986590991575E-004   0.0000000000000000     
  0.52083333333333326       -2.1432669068451800E-004   0.0000000000000000     
  0.52291666666666659       -1.8715653935877559E-004   0.0000000000000000     
  0.52499999999999991       -1.5841721423028919E-004   0.0000000000000000     
  0.52708333333333324       -1.2834967399734783E-004   0.0000000000000000     
  0.52916666666666656       -9.7206013492481211E-005   0.0000000000000000     
  0.53125000000000000       -6.5247350047484916E-005   0.0000000000000000     
  0.53333333333333333       -3.2741634211247325E-005   0.0000000000000000     
  0.53750000000000009        3.2818505603573768E-005   0.0000000000000000     
  0.53958333333333341        6.5323254672296067E-005   0.0000000000000000     
  0.54166666666666674        9.7280314943753101E-005   0.0000000000000000     
  0.54375000000000007        1.2842174931052404E-004   0.0000000000000000     
  0.54583333333333339        1.5848645910538826E-004   0.0000000000000000     
  0.54791666666666672        1.8722237322701612E-004   0.0000000000000000     
  0.55000000000000004        2.1438856157597307E-004   0.0000000000000000     
  0.55208333333333337        2.3975725508138578E-004   0.0000000000000000     
  0.55416666666666670        2.6311575538179218E-004   0.0000000000000000     
  0.55625000000000002        2.8426821814886503E-004   0.0000000000000000     
  0.55833333333333335        3.0303729510211492E-004   0.0000000000000000     
  0.56041666666666667        3.1926562094745377E-004   0.0000000000000000     
  0.56250000000000000        3.3281713277270023E-004   0.0000000000000000     
  0.56458333333333333        3.4357821083784109E-004   0.0000000000000000     
  0.56666666666666665        3.5145863119533506E-004   0.0000000000000000     
  0.57083333333333330        3.5835039246609213E-004   0.0000000000000000     
  0.57499999999999996        3.5327427721614684E-004   0.0000000000000000     
  0.57708333333333328        3.4628265125148617E-004   0.0000000000000000     
  0.57916666666666661        3.3638769277944850E-004   0.0000000000000000     
  0.58124999999999993        3.2367236395389019E-004   0.0000000000000000     
  0.58333333333333326        3.0824327371807737E-004   0.0000000000000000     
  0.58541666666666659        2.9022978396489997E-004   0.0000000000000000     
  0.58749999999999991        2.6978292492986858E-004   0.0000000000000000     
  0.58958333333333324        2.4707412891054577E-004   0.0000000000000000     
  0.59166666666666656        2.2229379292927189E-004   0.0000000000000000     
  0.59374999999999989        1.9564968239022768E-004   0.0000000000000000     
  0.59583333333333321        1.6736518911503247E-004   0.0000000000000000     
  0.59791666666666665        1.3767745836199818E-004   0.0000000000000000     
  0.59999999999999998        1.0683540053265701E-004   0.0000000000000000     
  0.60416666666666674        4.2732796728026547E-005   0.0000000000000000     
  0.60833333333333339       -2.2796960068136075E-005   0.0000000000000000     
  0.61250000000000004       -8.7565363705829227E-005   0.0000000000000000     
  0.61458333333333337       -1.1898406524243585E-004   0.0000000000000000     
  0.61666666666666670       -1.4940517044197574E-004   0.0000000000000000     
  0.61875000000000002       -1.7857362008240305E-004   0.0000000000000000     
  0.62083333333333335       -2.0624485756313507E-004   0.0000000000000000     
  0.62291666666666667       -2.3218687933733846E-004   0.0000000000000000     
  0.62500000000000000       -2.5618218009583341E-004   0.0000000000000000     
  0.62708333333333333       -2.7802957639363720E-004   0.0000000000000000     
  0.62916666666666665       -2.9754589342934507E-004   0.0000000000000000     
  0.63124999999999998       -3.1456750083490569E-004   0.0000000000000000     
  0.63333333333333330       -3.2895168459929437E-004   0.0000000000000000     
  0.63541666666666663       -3.4057784362348314E-004   0.0000000000000000     
  0.63749999999999996       -3.4934850087445045E-004   0.0000000000000000     
  0.63958333333333328       -3.5519012066042590E-004   0.0000000000000000     
  0.64166666666666661       -3.5805372517510301E-004   0.0000000000000000     
  0.64374999999999993       -3.5791530514153497E-004   0.0000000000000000     
  0.64583333333333326       -3.5477602111276042E-004   0.0000000000000000     
  0.64791666666666670       -3.4866219374139529E-004   0.0000000000000000     
  0.65000000000000002       -3.3962508309977595E-004   0.0000000000000000     
  0.65833333333333344       -2.7632825167765561E-004   0.0000000000000000     
  0.66250000000000009       -2.3030849476866498E-004   0.0000000000000000     
  0.66666666666666674       -1.7659709391283252E-004   0.0000000000000000     
  0.67083333333333339       -1.1698785602850108E-004   0.0000000000000000     
  0.67500000000000004       -5.3471558894881130E-005   0.0000000000000000     
  0.67916666666666670        1.1830535122675435E-005   0.0000000000000000     
  0.68333333333333335        7.6737523158771655E-005   0.0000000000000000     
  0.68541666666666667        1.0836198293220515E-004   0.0000000000000000     
  0.68750000000000000        1.3907790493606259E-004   0.0000000000000000     
  0.68958333333333333        1.6862775812012941E-004   0.0000000000000000     
  0.69166666666666665        1.9676378808773724E-004   0.0000000000000000     
  0.69374999999999998        2.2325009433928492E-004   0.0000000000000000     
  0.69583333333333330        2.4786460812930514E-004   0.0000000000000000     
  0.69791666666666663        2.7040095435416044E-004   0.0000000000000000     
  0.69999999999999996        2.9067018185977028E-004   0.0000000000000000     
  0.70208333333333328        3.0850234766197467E-004   0.0000000000000000     
  0.70416666666666661        3.2374794179698127E-004   0.0000000000000000     
  0.70624999999999993        3.3627914085554227E-004   0.0000000000000000     
  0.70833333333333326        3.4599087969087148E-004   0.0000000000000000     
  0.71041666666666659        3.5280173231480068E-004   0.0000000000000000     
  0.71249999999999991        3.5665459459648574E-004   0.0000000000000000     
  0.71458333333333335        3.5751716303972675E-004   0.0000000000000000     
  0.71666666666666667        3.5538220562469219E-004   0.0000000000000000     
  0.71875000000000000        3.5026762244323652E-004   0.0000000000000000     
  0.72083333333333344        3.4221629561942386E-004   0.0000000000000000     
  0.72500000000000009        3.1760908185475204E-004   0.0000000000000000     
  0.72916666666666674        2.8239463462974290E-004   0.0000000000000000     
  0.73333333333333339        2.3774901560079208E-004   0.0000000000000000     
  0.73750000000000004        1.8516326054450854E-004   0.0000000000000000     
  0.74166666666666670        1.2639358303423456E-004   0.0000000000000000     
  0.74583333333333335        6.3402721937825724E-005   0.0000000000000000     
  0.75000000000000000       -1.7056084377611565E-006   0.0000000000000000     
  0.75416666666666665       -6.6756976377684631E-005   0.0000000000000000     
  0.75833333333333330       -1.2957885254927086E-004   0.0000000000000000     
  0.76249999999999996       -1.8807316625795087E-004   0.0000000000000000     
  0.76666666666666672       -2.4028637499799260E-004   0.0000000000000000     
  0.76875000000000004       -2.6348047773037681E-004   0.0000000000000000     
  0.77083333333333348       -2.8446548499323955E-004   0.0000000000000000     
  0.77291666666666681       -3.0306545250079490E-004   0.0000000000000000     
  0.77500000000000013       -3.1912443282077803E-004   0.0000000000000000     
  0.77708333333333346       -3.3250778288218958E-004   0.0000000000000000     
  0.77916666666666679       -3.4310329286120375E-004   0.0000000000000000     
  0.78125000000000011       -3.5082212698033292E-004   0.0000000000000000     
  0.78333333333333344       -3.5559956833292289E-004   0.0000000000000000     
  0.78541666666666676       -3.5739556148815419E-004   0.0000000000000000     
  0.78750000000000009       -3.5619504832719914E-004   0.0000000000000000     
  0.78958333333333341       -3.5200809429478363E-004   0.0000000000000000     
  0.79166666666666674       -3.4486980400762825E-004   0.0000000000000000     
  0.79583333333333339       -3.2201457543121968E-004   0.0000000000000000     
  0.80000000000000004       -2.8840498252969907E-004   0.0000000000000000     
  0.80416666666666670       -2.4516348942257897E-004   0.0000000000000000     
  0.80833333333333335       -1.9373423810316228E-004   0.0000000000000000     
  0.81250000000000000       -1.3583481823308487E-004   0.0000000000000000     
  0.81666666666666665       -7.3398904568098530E-005   0.0000000000000000     
  0.82499999999999996        5.6655145834053762E-005   0.0000000000000000     
  0.82916666666666661        1.1992984986135478E-004   0.0000000000000000     
  0.83333333333333337        1.7919924047345598E-004   0.0000000000000000     
  0.83541666666666670        2.0670448233889389E-004   0.0000000000000000     
  0.83750000000000013        2.3247665487260028E-004   0.0000000000000000     
  0.83958333333333346        2.5629967682986557E-004   0.0000000000000000     
  0.84166666666666679        2.7797380920031173E-004   0.0000000000000000     
  0.84375000000000011        2.9731732987671547E-004   0.0000000000000000     
  0.84583333333333344        3.1416805726498337E-004   0.0000000000000000     
  0.84791666666666676        3.2838471006089000E-004   0.0000000000000000     
  0.85000000000000009        3.3984809179282715E-004   0.0000000000000000     
  0.85104166666666670        3.4451615620956390E-004   0.0000000000000000     
  0.85208333333333341        3.4846133258657866E-004   0.0000000000000000     
  0.85312500000000013        3.5167534287720706E-004   0.0000000000000000     
  0.85416666666666674        3.5415144321891364E-004   0.0000000000000000     
  0.85520833333333335        3.5588443808373915E-004   0.0000000000000000     
  0.85625000000000007        3.5687069117992158E-004   0.0000000000000000     
  0.85729166666666679        3.5710813308181995E-004   0.0000000000000000     
  0.85833333333333339        3.5659626557212867E-004   0.0000000000000000     
  0.85937500000000000        3.5533616268727277E-004   0.0000000000000000     
  0.86041666666666672        3.5333046846378806E-004   0.0000000000000000     
  0.86145833333333344        3.5058339139041841E-004   0.0000000000000000     
  0.86250000000000004        3.4710069557756883E-004   0.0000000000000000     
  0.86354166666666665        3.4288968866264219E-004   0.0000000000000000     
  0.86458333333333337        3.3795920647664083E-004   0.0000000000000000     
  0.86666666666666670        3.2598341696742837E-004   0.0000000000000000     
  0.86875000000000002        3.1127448952038706E-004   0.0000000000000000     
  0.87083333333333335        2.9395574797819651E-004   0.0000000000000000     
  0.87291666666666667        2.7417239760922521E-004   0.0000000000000000     
  0.87500000000000000        2.5209030766514792E-004   0.0000000000000000     
  0.87708333333333333        2.2789462068583424E-004   0.0000000000000000     
  0.87916666666666665        2.0178820021149186E-004   0.0000000000000000     
  0.88124999999999998        1.7398992991688893E-004   0.0000000000000000     
  0.88333333333333330        1.4473287842819985E-004   0.0000000000000000     
  0.89166666666666661        1.8221621321068529E-005   0.0000000000000000     
  0.90000000000000002       -1.1068385555165982E-004   0.0000000000000000     
  0.90208333333333335       -1.4126569991640279E-004   0.0000000000000000     
  0.90416666666666679       -1.7066313236428567E-004   0.0000000000000000     
  0.90625000000000011       -1.9862967643755945E-004   0.0000000000000000     
  0.90833333333333344       -2.2493085265469948E-004   0.0000000000000000     
  0.91041666666666676       -2.4934614445324598E-004   0.0000000000000000     
  0.91250000000000009       -2.7167084706355586E-004   0.0000000000000000     
  0.91458333333333341       -2.9171778381197305E-004   0.0000000000000000     
  0.91666666666666674       -3.0931887546344311E-004   0.0000000000000000     
  0.91875000000000007       -3.2432654944575544E-004   0.0000000000000000     
  0.92083333333333339       -3.3661497714007670E-004   0.0000000000000000     
  0.92187500000000000       -3.4170617325335605E-004   0.0000000000000000     
  0.92291666666666672       -3.4608037743086750E-004   0.0000000000000000     
  0.92395833333333344       -3.4972841140962842E-004   0.0000000000000000     
  0.92500000000000004       -3.5264262062806247E-004   0.0000000000000000     
  0.92604166666666665       -3.5481689028733884E-004   0.0000000000000000     
  0.92708333333333337       -3.5624665818187321E-004   0.0000000000000000     
  0.92812500000000009       -3.5692892427206796E-004   0.0000000000000000     
  0.92916666666666670       -3.5686225697920723E-004   0.0000000000000000     
  0.93020833333333330       -3.5604679618929597E-004   0.0000000000000000     
  0.93125000000000002       -3.5448425295954043E-004   0.0000000000000000     
  0.93229166666666674       -3.5217790592808880E-004   0.0000000000000000     
  0.93333333333333335       -3.4913259443456124E-004   0.0000000000000000     
  0.93437499999999996       -3.4535470836580696E-004   0.0000000000000000     
  0.93541666666666667       -3.4085217474819356E-004   0.0000000000000000     
  0.93750000000000000       -3.2971319376175131E-004   0.0000000000000000     
  0.93958333333333333       -3.1580980332510979E-004   0.0000000000000000     
  0.94166666666666665       -2.9925857342891568E-004   0.0000000000000000     
  0.94374999999999998       -2.8019827430500428E-004   0.0000000000000000     
  0.94583333333333330       -2.5878871293719857E-004   0.0000000000000000     
  0.94791666666666663       -2.3520939319398066E-004   0.0000000000000000     
  0.94999999999999996       -2.0965801081686375E-004   0.0000000000000000     
  0.95208333333333328       -1.8234879588291292E-004   0.0000000000000000     
  0.95416666666666661       -1.5351071663868092E-004   0.0000000000000000     
  0.95624999999999993       -1.2338555976512764E-004   0.0000000000000000     
  0.95833333333333326       -9.2225903169129795E-005   0.0000000000000000     
  0.96666666666666667        3.7427576585343157E-005   0.0000000000000000     
  0.97083333333333344        1.0146186940660182E-004   0.0000000000000000     
  0.97291666666666676        1.3233720838579097E-004   0.0000000000000000     
  0.97500000000000009        1.6210299446750342E-004   0.0000000000000000     
  0.97708333333333341        1.9050966281207316E-004   0.0000000000000000     
  0.97916666666666674        2.1731904381056086E-004   0.0000000000000000     
  0.98125000000000007        2.4230635996668051E-004   0.0000000000000000     
  0.98333333333333339        2.6526211049543468E-004   0.0000000000000000     
  0.98541666666666672        2.8599382783744531E-004   0.0000000000000000     
  0.98750000000000004        3.0432769136186263E-004   0.0000000000000000     
  0.98958333333333337        3.2010998472810815E-004   0.0000000000000000     
  0.99166666666666670        3.3320838468751317E-004   0.0000000000000000     
  0.99270833333333330        3.3871571374650039E-004   0.0000000000000000     
  0.99375000000000002        3.4351232566227116E-004   0.0000000000000000     
  0.99479166666666674        3.4758815584620499E-004   0.0000000000000000     
  0.99583333333333335        3.5093465210462704E-004   0.0000000000000000     
  0.99687499999999996        3.5354479258362304E-004   0.0000000000000000     
  0.99791666666666667        3.5541310050278606E-004   0.0000000000000000     
  0.99895833333333339        3.5653565564698234E-004   0.0000000000000000     
   1.0000000000000000        3.5691010259202325E-004   0.0000000000000000     
