X My_beautiful_solution_real My_beautiful_solution_imag
   0.0000000000000000        0.0000000000000000        0.0000000000000000     
   8.3333333333333332E-003  -2.4648192158579379E-004   0.0000000000000000     
   1.6666666666666666E-002  -5.2850116406469002E-004   0.0000000000000000     
   2.0833333333333336E-002  -6.7128652054565345E-004   0.0000000000000000     
   2.5000000000000001E-002  -8.0891730619660717E-004   0.0000000000000000     
   2.9166666666666667E-002  -9.3679704705589939E-004   0.0000000000000000     
   3.3333333333333333E-002  -1.0506549261235234E-003   0.0000000000000000     
   3.7500000000000006E-002  -1.1466884164140529E-003   0.0000000000000000     
   4.1666666666666671E-002  -1.2216902744646308E-003   0.0000000000000000     
   4.5833333333333337E-002  -1.2731556530786474E-003   0.0000000000000000     
   5.0000000000000003E-002  -1.2993657560463232E-003   0.0000000000000000     
   5.4166666666666669E-002  -1.2994452410141776E-003   0.0000000000000000     
   5.8333333333333334E-002  -1.2733914534119894E-003   0.0000000000000000     
   6.2500000000000000E-002  -1.2220745151078380E-003   0.0000000000000000     
   6.6666666666666666E-002  -1.1472082648303994E-003   0.0000000000000000     
   7.5000000000000011E-002  -9.3782518079930802E-004   0.0000000000000000     
   8.3333333333333343E-002  -6.7314075589491266E-004   0.0000000000000000     
   9.1666666666666674E-002  -3.8793305243039556E-004   0.0000000000000000     
  0.10000000000000001       -1.1967677745310722E-004   0.0000000000000000     
  0.10416666666666667       -3.2103137309302743E-006   0.0000000000000000     
  0.10833333333333334        9.6098889391256172E-005   0.0000000000000000     
  0.11250000000000000        1.7493418902614694E-004   0.0000000000000000     
  0.11666666666666667        2.3066271201010443E-004   0.0000000000000000     
  0.12083333333333333        2.6142328532427608E-004   0.0000000000000000     
  0.12500000000000000        2.6618859394161089E-004   0.0000000000000000     
  0.12916666666666665        2.4479949020575281E-004   0.0000000000000000     
  0.13333333333333333        1.9797030890684260E-004   0.0000000000000000     
  0.14166666666666666        3.5398314563705401E-005   0.0000000000000000     
  0.14999999999999999       -1.9974849700879515E-004   0.0000000000000000     
  0.15833333333333333       -4.7657314171887317E-004   0.0000000000000000     
  0.16666666666666666       -7.5870239984636911E-004   0.0000000000000000     
  0.17083333333333334       -8.9001158999758466E-004   0.0000000000000000     
  0.17499999999999999       -1.0088614185937998E-003   0.0000000000000000     
  0.17916666666666667       -1.1112826418360690E-003   0.0000000000000000     
  0.18333333333333335       -1.1938546842802644E-003   0.0000000000000000     
  0.18750000000000000       -1.2538198762577868E-003   0.0000000000000000     
  0.19166666666666668       -1.2891755521424366E-003   0.0000000000000000     
  0.19583333333333336       -1.2987409336451719E-003   0.0000000000000000     
  0.20000000000000001       -1.2821965644263180E-003   0.0000000000000000     
  0.21666666666666667       -9.8524062026670960E-004   0.0000000000000000     
  0.23333333333333334       -4.5733177552115712E-004   0.0000000000000000     
  0.23749999999999999       -3.1931267422044454E-004   0.0000000000000000     
  0.24166666666666667       -1.8789392023658893E-004   0.0000000000000000     
  0.24583333333333335       -6.7464523469537550E-005   0.0000000000000000     
  0.25000000000000000        3.7953519229938905E-005   0.0000000000000000     
  0.25416666666666665        1.2483954723301063E-004   0.0000000000000000     
  0.25833333333333336        1.9029181611194331E-004   0.0000000000000000     
  0.26250000000000007        2.3212440759118371E-004   0.0000000000000000     
  0.26666666666666672        2.4894023295563580E-004   0.0000000000000000     
  0.27083333333333337        2.4017769181142190E-004   0.0000000000000000     
  0.27500000000000002        2.0612942793018631E-004   0.0000000000000000     
  0.27916666666666667        1.4793255578547749E-004   0.0000000000000000     
  0.28333333333333338        6.7530684186889326E-005   0.0000000000000000     
  0.29166666666666674       -1.4822959325122928E-004   0.0000000000000000     
  0.30000000000000004       -4.1243700143797385E-004   0.0000000000000000     
  0.30833333333333335       -6.9037615540559814E-004   0.0000000000000000     
  0.31250000000000000       -8.2297816034715605E-004   0.0000000000000000     
  0.31666666666666671       -9.4535952824939084E-004   0.0000000000000000     
  0.32083333333333341       -1.0534330720175429E-003   0.0000000000000000     
  0.32500000000000007       -1.1435894448944583E-003   0.0000000000000000     
  0.32916666666666672       -1.2128176823023684E-003   0.0000000000000000     
  0.33333333333333337       -1.2588057594340957E-003   0.0000000000000000     
  0.33750000000000002       -1.2800178062582171E-003   0.0000000000000000     
  0.34166666666666667       -1.2757454011782180E-003   0.0000000000000000     
  0.34583333333333333       -1.2461312302843581E-003   0.0000000000000000     
  0.34999999999999998       -1.1921643220470170E-003   0.0000000000000000     
  0.36666666666666664       -7.8480435663331040E-004   0.0000000000000000     
  0.38333333333333330       -2.4534212285985088E-004   0.0000000000000000     
  0.38749999999999996       -1.2189313574108332E-004   0.0000000000000000     
  0.39166666666666666       -1.1637742964899012E-005   0.0000000000000000     
  0.39583333333333337        8.1741841205151830E-005   0.0000000000000000     
  0.40000000000000002        1.5512700616783238E-004   0.0000000000000000     
  0.40416666666666667        2.1469913558514719E-004   0.0000000000000000     
  0.40833333333333333        2.6710092893529071E-004   0.0000000000000000     
  0.41249999999999998        3.1058231643889977E-004   0.0000000000000000     
  0.41666666666666669        3.4369114431706874E-004   0.0000000000000000     
  0.42083333333333339        3.6532167256749307E-004   0.0000000000000000     
  0.42500000000000004        3.7475150351286816E-004   0.0000000000000000     
  0.43333333333333335        3.5637121004371188E-004   0.0000000000000000     
  0.44166666666666665        2.9116572029033510E-004   0.0000000000000000     
  0.45000000000000001        1.8770267319342479E-004   0.0000000000000000     
  0.45833333333333337        5.9576538092640541E-005   0.0000000000000000     
  0.46666666666666667       -7.6377622986391984E-005   0.0000000000000000     
  0.47083333333333333       -1.4166363269558198E-004   0.0000000000000000     
  0.47499999999999998       -2.0221848290496682E-004   0.0000000000000000     
  0.47916666666666663       -2.5601981509263094E-004   0.0000000000000000     
  0.48333333333333334       -3.0127081889138056E-004   0.0000000000000000     
  0.48750000000000004       -3.3646024040757635E-004   0.0000000000000000     
  0.49166666666666670       -3.6041285377180413E-004   0.0000000000000000     
  0.50000000000000000       -3.7201408607853372E-004   0.0000000000000000     
  0.50833333333333330       -3.3473473513336255E-004   0.0000000000000000     
  0.51666666666666661       -2.5347310045139985E-004   0.0000000000000000     
  0.52499999999999991       -1.3890650917670075E-004   0.0000000000000000     
  0.53333333333333333       -6.0883746402500834E-006   0.0000000000000000     
  0.54166666666666674        1.2752973848466909E-004   0.0000000000000000     
  0.54583333333333339        1.8906571871073248E-004   0.0000000000000000     
  0.55000000000000004        2.4428744555965735E-004   0.0000000000000000     
  0.55416666666666670        2.9135067155165235E-004   0.0000000000000000     
  0.55833333333333335        3.2868361976340506E-004   0.0000000000000000     
  0.56250000000000000        3.5503947667455825E-004   0.0000000000000000     
  0.56666666666666665        3.6953803216746898E-004   0.0000000000000000     
  0.57499999999999996        3.6164245310369190E-004   0.0000000000000000     
  0.58333333333333326        3.0622906571524589E-004   0.0000000000000000     
  0.59166666666666656        2.1057888111669130E-004   0.0000000000000000     
  0.59999999999999998        8.7259801939386071E-005   0.0000000000000000     
  0.60833333333333339       -4.7524730221713481E-005   0.0000000000000000     
  0.61666666666666670       -1.7606477697470715E-004   0.0000000000000000     
  0.62083333333333335       -2.3258792893092543E-004   0.0000000000000000     
  0.62500000000000000       -2.8134331036931280E-004   0.0000000000000000     
  0.62916666666666665       -3.2070263122226583E-004   0.0000000000000000     
  0.63333333333333330       -3.4935140292828120E-004   0.0000000000000000     
  0.63749999999999996       -3.6633283858421691E-004   0.0000000000000000     
  0.64166666666666661       -3.7107980688689250E-004   0.0000000000000000     
  0.65000000000000002       -3.4384944406028650E-004   0.0000000000000000     
  0.66666666666666674       -1.6556199111338851E-004   0.0000000000000000     
  0.68333333333333335        9.4376891557417769E-005   0.0000000000000000     
  0.69166666666666665        2.1428406549858946E-004   0.0000000000000000     
  0.69583333333333330        2.6450408062224801E-004   0.0000000000000000     
  0.69999999999999996        3.0589041719368207E-004   0.0000000000000000     
  0.70416666666666661        3.3706089013330347E-004   0.0000000000000000     
  0.70833333333333326        3.5697449494083498E-004   0.0000000000000000     
  0.71249999999999991        3.6496617426339228E-004   0.0000000000000000     
  0.71666666666666667        3.6076902890584033E-004   0.0000000000000000     
  0.72500000000000009        3.1696032465410452E-004   0.0000000000000000     
  0.73333333333333339        2.3150479541216224E-004   0.0000000000000000     
  0.75000000000000000       -1.4499776572589006E-005   0.0000000000000000     
  0.76666666666666672       -2.5335338667371518E-004   0.0000000000000000     
  0.77083333333333348       -2.9689923735252819E-004   0.0000000000000000     
  0.77500000000000013       -3.3052950404865463E-004   0.0000000000000000     
  0.77916666666666679       -3.5312103219706860E-004   0.0000000000000000     
  0.78333333333333344       -3.6391932947690635E-004   0.0000000000000000     
  0.79166666666666674       -3.4929848205630433E-004   0.0000000000000000     
  0.80000000000000004       -2.8878175549871876E-004   0.0000000000000000     
  0.81666666666666665       -6.8394199494600089E-005   0.0000000000000000     
  0.83333333333333337        1.8572382892049583E-004   0.0000000000000000     
  0.83750000000000013        2.3905098529591279E-004   0.0000000000000000     
  0.84166666666666679        2.8439452358600847E-004   0.0000000000000000     
  0.84583333333333344        3.2024009951022396E-004   0.0000000000000000     
  0.85000000000000009        3.4539057352164196E-004   0.0000000000000000     
  0.85416666666666674        3.5900599183833864E-004   0.0000000000000000     
  0.85833333333333339        3.6063163849343432E-004   0.0000000000000000     
  0.86250000000000004        3.5021322154573536E-004   0.0000000000000000     
  0.86666666666666670        3.2809868627503677E-004   0.0000000000000000     
  0.87500000000000000        2.5226328963903202E-004   0.0000000000000000     
  0.88333333333333330        1.4328189882689284E-004   0.0000000000000000     
  0.90000000000000002       -1.1424163754704269E-004   0.0000000000000000     
  0.90833333333333344       -2.2894662174825325E-004   0.0000000000000000     
  0.91250000000000009       -2.7578757638229350E-004   0.0000000000000000     
  0.91666666666666674       -3.1341801603022455E-004   0.0000000000000000     
  0.92083333333333339       -3.4058119180996208E-004   0.0000000000000000     
  0.92500000000000004       -3.5636993146642687E-004   0.0000000000000000     
  0.92916666666666670       -3.6025693632603368E-004   0.0000000000000000     
  0.93333333333333335       -3.5211239156180546E-004   0.0000000000000000     
  0.93750000000000000       -3.3220830163670602E-004   0.0000000000000000     
  0.94166666666666665       -3.0120940613380463E-004   0.0000000000000000     
  0.94583333333333330       -2.6015097935851975E-004   0.0000000000000000     
  0.94999999999999996       -2.1040425514263095E-004   0.0000000000000000     
  0.95833333333333326       -9.1810455205872728E-005   0.0000000000000000     
  0.96666666666666667        3.8846728261311418E-005   0.0000000000000000     
  0.97500000000000009        1.6439966754554770E-004   0.0000000000000000     
  0.98333333333333339        2.6835140424965052E-004   0.0000000000000000     
  0.98750000000000004        3.0775194294441693E-004   0.0000000000000000     
  0.99166666666666670        3.3687444838011957E-004   0.0000000000000000     
  0.99583333333333335        3.5474631230417804E-004   0.0000000000000000     
   1.0000000000000000        3.6077066566011926E-004   0.0000000000000000     
