X My_beautiful_solution_real My_beautiful_solution_imag
   0.0000000000000000        0.0000000000000000        0.0000000000000000     
   8.3333333333333332E-003  -1.4162059540293933E-003   0.0000000000000000     
   1.6666666666666666E-002  -2.6463303169892531E-003   0.0000000000000000     
   2.0833333333333336E-002  -3.1390933786657289E-003   0.0000000000000000     
   2.5000000000000001E-002  -3.5270197142421166E-003   0.0000000000000000     
   2.9166666666666667E-002  -3.7971536954257926E-003   0.0000000000000000     
   3.3333333333333333E-002  -3.9404736211140923E-003   0.0000000000000000     
   3.7500000000000006E-002  -3.9521930163661338E-003   0.0000000000000000     
   4.1666666666666671E-002  -3.8319204869537468E-003   0.0000000000000000     
   4.5833333333333337E-002  -3.5836727908074430E-003   0.0000000000000000     
   5.0000000000000003E-002  -3.2157406898085804E-003   0.0000000000000000     
   5.4166666666666669E-002  -2.7404120620935671E-003   0.0000000000000000     
   5.8333333333333334E-002  -2.1735615221259164E-003   0.0000000000000000     
   6.2500000000000000E-002  -1.5341202540501211E-003   0.0000000000000000     
   6.6666666666666666E-002  -8.4344376437451164E-004   0.0000000000000000     
   7.5000000000000011E-002   5.9833931906402740E-004   0.0000000000000000     
   8.3333333333333343E-002   1.9615039415547685E-003   0.0000000000000000     
   9.1666666666666674E-002   3.0669378481879938E-003   0.0000000000000000     
  0.10000000000000001        3.7693931676472049E-003   0.0000000000000000     
  0.10416666666666667        3.9376554261107135E-003   0.0000000000000000     
  0.10833333333333334        3.9744112737776262E-003   0.0000000000000000     
  0.11250000000000000        3.8784331706325295E-003   0.0000000000000000     
  0.11666666666666667        3.6529265103662921E-003   0.0000000000000000     
  0.12083333333333333        3.3054225694094776E-003   0.0000000000000000     
  0.12500000000000000        2.8475269838748522E-003   0.0000000000000000     
  0.12916666666666665        2.2945321545585792E-003   0.0000000000000000     
  0.13333333333333333        1.6649065245626653E-003   0.0000000000000000     
  0.14166666666666666        2.6226799383187351E-004   0.0000000000000000     
  0.14999999999999999       -1.1748310935997246E-003   0.0000000000000000     
  0.15833333333333333       -2.4575639050578362E-003   0.0000000000000000     
  0.16666666666666666       -3.4173864785614436E-003   0.0000000000000000     
  0.17083333333333334       -3.7341152187960777E-003   0.0000000000000000     
  0.17499999999999999       -3.9261352080646955E-003   0.0000000000000000     
  0.17916666666666667       -3.9870335288168029E-003   0.0000000000000000     
  0.18333333333333335       -3.9147763515983147E-003   0.0000000000000000     
  0.18750000000000000       -3.7117768591289004E-003   0.0000000000000000     
  0.19166666666666668       -3.3848146529123269E-003   0.0000000000000000     
  0.19583333333333336       -2.9448093339681657E-003   0.0000000000000000     
  0.20000000000000001       -2.4064558194397717E-003   0.0000000000000000     
  0.21666666666666667        3.2277436893706434E-004   0.0000000000000000     
  0.23333333333333334        2.8928195383085770E-003   0.0000000000000000     
  0.23749999999999999        3.3474462085927204E-003   0.0000000000000000     
  0.24166666666666667        3.6902777651379513E-003   0.0000000000000000     
  0.24583333333333335        3.9098646160855895E-003   0.0000000000000000     
  0.25000000000000000        3.9988731896774855E-003   0.0000000000000000     
  0.25416666666666665        3.9543308545438201E-003   0.0000000000000000     
  0.25833333333333336        3.7777251970749822E-003   0.0000000000000000     
  0.26250000000000007        3.4749543402977077E-003   0.0000000000000000     
  0.26666666666666672        3.0561299634626984E-003   0.0000000000000000     
  0.27083333333333337        2.5352396009251581E-003   0.0000000000000000     
  0.27500000000000002        1.9296794985682636E-003   0.0000000000000000     
  0.27916666666666667        1.2596736290267242E-003   0.0000000000000000     
  0.28333333333333338        5.4759826893758601E-004   0.0000000000000000     
  0.29166666666666674       -9.0712529182804908E-004   0.0000000000000000     
  0.30000000000000004       -2.2426576310608814E-003   0.0000000000000000     
  0.30833333333333335       -3.2835172222907250E-003   0.0000000000000000     
  0.31250000000000000       -3.6481473469329438E-003   0.0000000000000000     
  0.31666666666666671       -3.8909398012521084E-003   0.0000000000000000     
  0.32083333333333341       -4.0037860128159242E-003   0.0000000000000000     
  0.32500000000000007       -3.9829172414354123E-003   0.0000000000000000     
  0.32916666666666672       -3.8290304442906704E-003   0.0000000000000000     
  0.33333333333333337       -3.5472649995576832E-003   0.0000000000000000     
  0.33750000000000002       -3.1470310659003167E-003   0.0000000000000000     
  0.34166666666666667       -2.6416953101287941E-003   0.0000000000000000     
  0.34583333333333333       -2.0481344988205123E-003   0.0000000000000000     
  0.34999999999999998       -1.3861718626642389E-003   0.0000000000000000     
  0.36666666666666664        1.4849059394897498E-003   0.0000000000000000     
  0.38333333333333330        3.6236617144108922E-003   0.0000000000000000     
  0.38749999999999996        3.9004435546990072E-003   0.0000000000000000     
  0.39166666666666666        4.0469617540926190E-003   0.0000000000000000     
  0.39583333333333337        4.0583230244713711E-003   0.0000000000000000     
  0.40000000000000002        3.9341479319519200E-003   0.0000000000000000     
  0.40416666666666667        3.6785835688926505E-003   0.0000000000000000     
  0.40833333333333333        3.3001650528893252E-003   0.0000000000000000     
  0.41249999999999998        2.8115304782984412E-003   0.0000000000000000     
  0.41666666666666669        2.2289988400908236E-003   0.0000000000000000     
  0.42083333333333339        1.5720250261696106E-003   0.0000000000000000     
  0.42500000000000004        8.6255007984785436E-004   0.0000000000000000     
  0.43333333333333335       -6.1809526144770857E-004   0.0000000000000000     
  0.44166666666666665       -2.0175263207700285E-003   0.0000000000000000     
  0.45000000000000001       -3.1518656349790218E-003   0.0000000000000000     
  0.45833333333333337       -3.8720673228593299E-003   0.0000000000000000     
  0.46666666666666667       -4.0835008855132264E-003   0.0000000000000000     
  0.47083333333333333       -3.9864171386690345E-003   0.0000000000000000     
  0.47499999999999998       -3.7561984795193753E-003   0.0000000000000000     
  0.47916666666666663       -3.4005335517587735E-003   0.0000000000000000     
  0.48333333333333334       -2.9313005450799703E-003   0.0000000000000000     
  0.48750000000000004       -2.3641704976663648E-003   0.0000000000000000     
  0.49166666666666670       -1.7180839284104286E-003   0.0000000000000000     
  0.50000000000000000       -2.7782382666305443E-004   0.0000000000000000     
  0.50833333333333330        1.1989407817596344E-003   0.0000000000000000     
  0.51666666666666661        2.5181712351865664E-003   0.0000000000000000     
  0.52499999999999991        3.5065279843363596E-003   0.0000000000000000     
  0.53333333333333333        4.0341464456695774E-003   0.0000000000000000     
  0.54166666666666674        4.0317004858768466E-003   0.0000000000000000     
  0.54583333333333339        3.8284862144035130E-003   0.0000000000000000     
  0.55000000000000004        3.4974114710610757E-003   0.0000000000000000     
  0.55416666666666670        3.0495332038276814E-003   0.0000000000000000     
  0.55833333333333335        2.4998092637654361E-003   0.0000000000000000     
  0.56250000000000000        1.8665988556455799E-003   0.0000000000000000     
  0.56666666666666665        1.1710493931038300E-003   0.0000000000000000     
  0.57499999999999996       -3.1260373476356504E-004   0.0000000000000000     
  0.58333333333333326       -1.7551824693383905E-003   0.0000000000000000     
  0.59166666666666656       -2.9671399827676812E-003   0.0000000000000000     
  0.59999999999999998       -3.7892317938614459E-003   0.0000000000000000     
  0.60833333333333339       -4.2832487964381289E-003   0.0000000000000000     
  0.61666666666666670       -4.5540890907115553E-003   0.0000000000000000     
  0.62083333333333335       -4.5931138355559138E-003   0.0000000000000000     
  0.62500000000000000       -4.5650641158680007E-003   0.0000000000000000     
  0.62916666666666665       -4.4708767119296935E-003   0.0000000000000000     
  0.63333333333333330       -4.3136972132082748E-003   0.0000000000000000     
  0.63749999999999996       -4.0987749646795926E-003   0.0000000000000000     
  0.64166666666666661       -3.8332877537439660E-003   0.0000000000000000     
  0.65000000000000002       -3.1879934717200108E-003   0.0000000000000000     
  0.66666666666666674       -1.7538269259392059E-003   0.0000000000000000     
  0.68333333333333335       -7.2944006156151807E-004   0.0000000000000000     
  0.69166666666666665       -5.4925795528753228E-004   0.0000000000000000     
  0.69583333333333330       -5.5963061639940296E-004   0.0000000000000000     
  0.69999999999999996       -6.3763559753975216E-004   0.0000000000000000     
  0.70416666666666661       -7.8066775580399748E-004   0.0000000000000000     
  0.70833333333333326       -9.8395022685883677E-004   0.0000000000000000     
  0.71249999999999991       -1.2406939585264136E-003   0.0000000000000000     
  0.71666666666666667       -1.5423244456780653E-003   0.0000000000000000     
  0.72500000000000009       -2.2384014155667022E-003   0.0000000000000000     
  0.73333333333333339       -2.9799832577119554E-003   0.0000000000000000     
  0.75000000000000000       -4.2255144253840323E-003   0.0000000000000000     
  0.76666666666666672       -4.6618448985698913E-003   0.0000000000000000     
  0.77083333333333348       -4.6066104214080115E-003   0.0000000000000000     
  0.77500000000000013       -4.4838507324108708E-003   0.0000000000000000     
  0.77916666666666679       -4.2976656535139972E-003   0.0000000000000000     
  0.78333333333333344       -4.0542732329770861E-003   0.0000000000000000     
  0.79166666666666674       -3.4306655507883158E-003   0.0000000000000000     
  0.80000000000000004       -2.6959058601066263E-003   0.0000000000000000     
  0.81666666666666665       -6.3849020827637501E-004   0.0000000000000000     
  0.83333333333333337        1.7338143744002092E-003   0.0000000000000000     
  0.83750000000000013        2.2316470478218062E-003   0.0000000000000000     
  0.84166666666666679        2.6549491029780586E-003   0.0000000000000000     
  0.84583333333333344        2.9895834638853148E-003   0.0000000000000000     
  0.85000000000000009        3.2243743015362130E-003   0.0000000000000000     
  0.85416666666666674        3.3514802745724789E-003   0.0000000000000000     
  0.85833333333333339        3.3666564076227355E-003   0.0000000000000000     
  0.86250000000000004        3.2693958613190729E-003   0.0000000000000000     
  0.86666666666666670        3.0629468592799696E-003   0.0000000000000000     
  0.87500000000000000        2.3549897729971334E-003   0.0000000000000000     
  0.88333333333333330        1.3376001196042974E-003   0.0000000000000000     
  0.90000000000000002       -1.0664963913643631E-003   0.0000000000000000     
  0.90833333333333344       -2.1373183293965717E-003   0.0000000000000000     
  0.91250000000000009       -2.5745994307349077E-003   0.0000000000000000     
  0.91666666666666674       -2.9258962866946874E-003   0.0000000000000000     
  0.92083333333333339       -3.1794765886678346E-003   0.0000000000000000     
  0.92500000000000004       -3.3268714810150081E-003   0.0000000000000000     
  0.92916666666666670       -3.3631583965827165E-003   0.0000000000000000     
  0.93333333333333335       -3.2871254563442850E-003   0.0000000000000000     
  0.93750000000000000       -3.1013119426875927E-003   0.0000000000000000     
  0.94166666666666665       -2.8119234946577601E-003   0.0000000000000000     
  0.94583333333333330       -2.4286248573906970E-003   0.0000000000000000     
  0.94999999999999996       -1.9642171073127397E-003   0.0000000000000000     
  0.95833333333333326       -8.5709134838217720E-004   0.0000000000000000     
  0.96666666666666667        3.6265145000167337E-004   0.0000000000000000     
  0.97500000000000009        1.5347438634764762E-003   0.0000000000000000     
  0.98333333333333339        2.5051794634155275E-003   0.0000000000000000     
  0.98750000000000004        2.8730009796160191E-003   0.0000000000000000     
  0.99166666666666670        3.1448724935539767E-003   0.0000000000000000     
  0.99583333333333335        3.3117142755103544E-003   0.0000000000000000     
   1.0000000000000000        3.3679542879293768E-003   0.0000000000000000     
