X My_beautiful_solution_real My_beautiful_solution_imag
   0.0000000000000000        0.0000000000000000        0.0000000000000000     
   4.1666666666666666E-003  -1.0447989260843489E-004   0.0000000000000000     
   8.3333333333333332E-003  -2.2273493199533238E-004   0.0000000000000000     
   1.2500000000000001E-002  -3.5081573861740892E-004   0.0000000000000000     
   1.6666666666666666E-002  -4.8444478045418533E-004   0.0000000000000000     
   2.0833333333333336E-002  -6.1915923032337082E-004   0.0000000000000000     
   2.5000000000000001E-002  -7.5046001152382421E-004   0.0000000000000000     
   2.7083333333333334E-002  -8.1344883090812500E-004   0.0000000000000000     
   2.9166666666666667E-002  -8.7395167605638089E-004   0.0000000000000000     
   3.1250000000000000E-002  -9.3146127385954926E-004   0.0000000000000000     
   3.3333333333333333E-002  -9.8549544744799865E-004   0.0000000000000000     
   3.5416666666666666E-002  -1.0356011588998995E-003   0.0000000000000000     
   3.7500000000000006E-002  -1.0813583076403667E-003   0.0000000000000000     
   3.9583333333333338E-002  -1.1223832526844908E-003   0.0000000000000000     
   4.1666666666666671E-002  -1.1583320291927701E-003   0.0000000000000000     
   4.3750000000000004E-002  -1.1889032323704229E-003   0.0000000000000000     
   4.5833333333333337E-002  -1.2138405445311475E-003   0.0000000000000000     
   4.7916666666666670E-002  -1.2329348841377042E-003   0.0000000000000000     
   5.0000000000000003E-002  -1.2460261588011559E-003   0.0000000000000000     
   5.2083333333333336E-002  -1.2530046075411121E-003   0.0000000000000000     
   5.4166666666666669E-002  -1.2538117210530940E-003   0.0000000000000000     
   5.6250000000000001E-002  -1.2484407322672299E-003   0.0000000000000000     
   5.8333333333333334E-002  -1.2369366730852981E-003   0.0000000000000000     
   6.0416666666666667E-002  -1.2193959968204203E-003   0.0000000000000000     
   6.2500000000000000E-002  -1.1959657695049749E-003   0.0000000000000000     
   6.4583333333333326E-002  -1.1668424368470407E-003   0.0000000000000000     
   6.6666666666666666E-002  -1.1322701771735507E-003   0.0000000000000000     
   7.5000000000000011E-002  -9.4628880729136211E-004   0.0000000000000000     
   7.9166666666666677E-002  -8.3023702202183753E-004   0.0000000000000000     
   8.3333333333333343E-002  -7.0372217452794596E-004   0.0000000000000000     
   8.7500000000000008E-002  -5.7096949828138138E-004   0.0000000000000000     
   9.1666666666666674E-002  -4.3641255236429835E-004   0.0000000000000000     
   9.5833333333333340E-002  -3.0454515329704827E-004   0.0000000000000000     
  0.10000000000000001       -1.7977129444010260E-004   0.0000000000000000     
  0.10208333333333333       -1.2136326853749367E-004   0.0000000000000000     
  0.10416666666666667       -6.6271911135502905E-005   0.0000000000000000     
  0.10625000000000001       -1.4959123886560119E-005   0.0000000000000000     
  0.10833333333333334        3.2144872166710363E-005   0.0000000000000000     
  0.11041666666666666        7.4645143687410373E-005   0.0000000000000000     
  0.11250000000000000        1.1218535627809798E-004   0.0000000000000000     
  0.11458333333333334        1.4445076209000101E-004   0.0000000000000000     
  0.11666666666666667        1.7117083875874776E-004   0.0000000000000000     
  0.11874999999999999        1.9212155754102253E-004   0.0000000000000000     
  0.12083333333333333        2.0712726163544170E-004   0.0000000000000000     
  0.12291666666666667        2.1606213893927352E-004   0.0000000000000000     
  0.12500000000000000        2.1885127689298927E-004   0.0000000000000000     
  0.12708333333333333        2.1547129056852726E-004   0.0000000000000000     
  0.12916666666666665        2.0595051873519864E-004   0.0000000000000000     
  0.13124999999999998        1.9036878625936366E-004   0.0000000000000000     
  0.13333333333333333        1.6885673482998589E-004   0.0000000000000000     
  0.13750000000000001        1.0883438687553338E-004   0.0000000000000000     
  0.14166666666666666        2.7912806301947287E-005   0.0000000000000000     
  0.14583333333333331       -7.1205457920475756E-005   0.0000000000000000     
  0.14999999999999999       -1.8521013971668955E-004   0.0000000000000000     
  0.15416666666666667       -3.1029380931068672E-004   0.0000000000000000     
  0.15833333333333333       -4.4227903047264851E-004   0.0000000000000000     
  0.16249999999999998       -5.7675787492167266E-004   0.0000000000000000     
  0.16666666666666666       -7.0923913450270006E-004   0.0000000000000000     
  0.16875000000000001       -7.7333907882775612E-004   0.0000000000000000     
  0.17083333333333334       -8.3528934051744857E-004   0.0000000000000000     
  0.17291666666666666       -8.9457051090965098E-004   0.0000000000000000     
  0.17499999999999999       -9.5068555976489584E-004   0.0000000000000000     
  0.17708333333333331       -1.0031640025096543E-003   0.0000000000000000     
  0.17916666666666667       -1.0515658449131834E-003   0.0000000000000000     
  0.18125000000000002       -1.0954852721246388E-003   0.0000000000000000     
  0.18333333333333335       -1.1345540511405259E-003   0.0000000000000000     
  0.18541666666666667       -1.1684446181752196E-003   0.0000000000000000     
  0.18750000000000000       -1.1968728250491630E-003   0.0000000000000000     
  0.18958333333333333       -1.2196003215682440E-003   0.0000000000000000     
  0.19166666666666668       -1.2364365539197990E-003   0.0000000000000000     
  0.19375000000000003       -1.2472403623301242E-003   0.0000000000000000     
  0.19583333333333336       -1.2519211645882779E-003   0.0000000000000000     
  0.19791666666666669       -1.2504397155131707E-003   0.0000000000000000     
  0.20000000000000001       -1.2428084359963551E-003   0.0000000000000000     
  0.20833333333333334       -1.1533009818092252E-003   0.0000000000000000     
  0.21666666666666667       -9.8017986411321227E-004   0.0000000000000000     
  0.22500000000000001       -7.4619223556429411E-004   0.0000000000000000     
  0.23333333333333334       -4.8208277004771011E-004   0.0000000000000000     
  0.23749999999999999       -3.4956935102496570E-004   0.0000000000000000     
  0.23958333333333331       -2.8513986937069008E-004   0.0000000000000000     
  0.24166666666666667       -2.2265390648680962E-004   0.0000000000000000     
  0.24375000000000002       -1.6263536250704489E-004   0.0000000000000000     
  0.24583333333333335       -1.0558745002132038E-004   0.0000000000000000     
  0.24791666666666667       -5.1988474997893379E-005   0.0000000000000000     
  0.25000000000000000       -2.2878265297063987E-006   0.0000000000000000     
  0.25208333333333333        4.3097790971934249E-005   0.0000000000000000     
  0.25416666666666665        8.3787851545985637E-005   0.0000000000000000     
  0.25624999999999998        1.1944119811985164E-004   0.0000000000000000     
  0.25833333333333336        1.4975890286757763E-004   0.0000000000000000     
  0.26041666666666674        1.7448677350599435E-004   0.0000000000000000     
  0.26250000000000007        1.9341748451531804E-004   0.0000000000000000     
  0.26458333333333339        2.0639231541543700E-004   0.0000000000000000     
  0.26666666666666672        2.1330248152368284E-004   0.0000000000000000     
  0.26875000000000004        2.1409004603663512E-004   0.0000000000000000     
  0.27083333333333337        2.0874840578880509E-004   0.0000000000000000     
  0.27291666666666670        1.9732234661545814E-004   0.0000000000000000     
  0.27500000000000002        1.7990766785539830E-004   0.0000000000000000     
  0.27708333333333335        1.5665037914198982E-004   0.0000000000000000     
  0.27916666666666667        1.2774547621674918E-004   0.0000000000000000     
  0.28333333333333338        5.4028898983737500E-005   0.0000000000000000     
  0.28750000000000009       -3.8756564577360712E-005   0.0000000000000000     
  0.29166666666666674       -1.4751214579163477E-004   0.0000000000000000     
  0.29583333333333339       -2.6860571980510533E-004   0.0000000000000000     
  0.30000000000000004       -3.9799310814968026E-004   0.0000000000000000     
  0.30833333333333335       -6.6423988372560068E-004   0.0000000000000000     
  0.31041666666666667       -7.2910934851007695E-004   0.0000000000000000     
  0.31250000000000000       -7.9219996533242505E-004   0.0000000000000000     
  0.31458333333333333       -8.5298276446785898E-004   0.0000000000000000     
  0.31666666666666671       -9.1094812559326687E-004   0.0000000000000000     
  0.31875000000000009       -9.6561005058933870E-004   0.0000000000000000     
  0.32083333333333341       -1.0165102382874087E-003   0.0000000000000000     
  0.32291666666666674       -1.0632219269971616E-003   0.0000000000000000     
  0.32500000000000007       -1.1053534725983523E-003   0.0000000000000000     
  0.32708333333333339       -1.1425516321968076E-003   0.0000000000000000     
  0.32916666666666672       -1.1745045258135960E-003   0.0000000000000000     
  0.33125000000000004       -1.2009442512757173E-003   0.0000000000000000     
  0.33333333333333337       -1.2216491303843281E-003   0.0000000000000000     
  0.33541666666666670       -1.2364455675279817E-003   0.0000000000000000     
  0.33750000000000002       -1.2452095051577441E-003   0.0000000000000000     
  0.33958333333333335       -1.2478674639210664E-003   0.0000000000000000     
  0.34166666666666667       -1.2443971587336299E-003   0.0000000000000000     
  0.34375000000000000       -1.2348276856238528E-003   0.0000000000000000     
  0.34583333333333333       -1.2192392777834863E-003   0.0000000000000000     
  0.34791666666666665       -1.1977626328696543E-003   0.0000000000000000     
  0.34999999999999998       -1.1705778171984210E-003   0.0000000000000000     
  0.35833333333333328       -1.0103936732831762E-003   0.0000000000000000     
  0.36666666666666664       -7.8537309191881025E-004   0.0000000000000000     
  0.37500000000000000       -5.2508252682947161E-004   0.0000000000000000     
  0.38333333333333330       -2.6372271156977270E-004   0.0000000000000000     
  0.38541666666666663       -2.0232090155959768E-004   0.0000000000000000     
  0.38749999999999996       -1.4355698816579017E-004   0.0000000000000000     
  0.38958333333333328       -8.7923664797622556E-005   0.0000000000000000     
  0.39166666666666666       -3.5887377104751218E-005   0.0000000000000000     
  0.39375000000000004        1.2115587836135293E-005   0.0000000000000000     
  0.39583333333333337        5.5682759476599035E-005   0.0000000000000000     
  0.39791666666666670        9.4448858224316538E-005   0.0000000000000000     
  0.40000000000000002        1.2808885805135466E-004   0.0000000000000000     
  0.40416666666666667        1.8756351814268140E-004   0.0000000000000000     
  0.40625000000000000        2.1506663227300986E-004   0.0000000000000000     
  0.40833333333333333        2.4076656642168552E-004   0.0000000000000000     
  0.41041666666666665        2.6444784501122376E-004   0.0000000000000000     
  0.41249999999999998        2.8591191744806524E-004   0.0000000000000000     
  0.41458333333333330        3.0497882282737879E-004   0.0000000000000000     
  0.41666666666666669        3.2148869877661224E-004   0.0000000000000000     
  0.42083333333333339        3.4631800387158927E-004   0.0000000000000000     
  0.42500000000000004        3.5958127975502143E-004   0.0000000000000000     
  0.43333333333333335        3.5023691513646669E-004   0.0000000000000000     
  0.43750000000000000        3.2794134964338309E-004   0.0000000000000000     
  0.44166666666666665        2.9469348254528352E-004   0.0000000000000000     
  0.44583333333333330        2.5160369735610362E-004   0.0000000000000000     
  0.45000000000000001        2.0011106945929302E-004   0.0000000000000000     
  0.45416666666666672        1.4193530511261458E-004   0.0000000000000000     
  0.45833333333333337        7.9019308185678878E-005   0.0000000000000000     
  0.46666666666666667       -5.2533006020102894E-005   0.0000000000000000     
  0.47083333333333333       -1.1677585287020819E-004   0.0000000000000000     
  0.47499999999999998       -1.7711872076917393E-004   0.0000000000000000     
  0.47708333333333330       -2.0518911686881935E-004   0.0000000000000000     
  0.47916666666666663       -2.3153914889301294E-004   0.0000000000000000     
  0.48124999999999996       -2.5594789065827496E-004   0.0000000000000000     
  0.48333333333333334       -2.7821069231230995E-004   0.0000000000000000     
  0.48541666666666672       -2.9814089617673272E-004   0.0000000000000000     
  0.48750000000000004       -3.1557140173827969E-004   0.0000000000000000     
  0.49166666666666670       -3.4238249503705325E-004   0.0000000000000000     
  0.49583333333333335       -3.5775899384506957E-004   0.0000000000000000     
  0.50000000000000000       -3.6118736715211075E-004   0.0000000000000000     
  0.50416666666666665       -3.5255311711118650E-004   0.0000000000000000     
  0.50833333333333330       -3.3214460293861433E-004   0.0000000000000000     
  0.51249999999999996       -3.0064341054227500E-004   0.0000000000000000     
  0.51666666666666661       -2.5910158950486807E-004   0.0000000000000000     
  0.52083333333333326       -2.0890651764171971E-004   0.0000000000000000     
  0.52499999999999991       -1.5173456655625381E-004   0.0000000000000000     
  0.52916666666666656       -8.9495115630838884E-005   0.0000000000000000     
  0.53333333333333333       -2.4266784225328402E-005   0.0000000000000000     
  0.53750000000000009        4.1771988254809242E-005   0.0000000000000000     
  0.54166666666666674        1.0641569599393164E-004   0.0000000000000000     
  0.54583333333333339        1.6750542434222502E-004   0.0000000000000000     
  0.54791666666666672        1.9607171706769843E-004   0.0000000000000000     
  0.55000000000000004        2.2299408859792122E-004   0.0000000000000000     
  0.55208333333333337        2.4804681409176457E-004   0.0000000000000000     
  0.55416666666666670        2.7101984435368902E-004   0.0000000000000000     
  0.55625000000000002        2.9172056694610544E-004   0.0000000000000000     
  0.55833333333333335        3.0997542110698423E-004   0.0000000000000000     
  0.56250000000000000        3.3856849617546728E-004   0.0000000000000000     
  0.56666666666666665        3.5585435338898090E-004   0.0000000000000000     
  0.57499999999999996        3.5479028828093201E-004   0.0000000000000000     
  0.57916666666666661        3.3647590268568779E-004   0.0000000000000000     
  0.58333333333333326        3.0692418586325575E-004   0.0000000000000000     
  0.58749999999999991        2.6712208049694592E-004   0.0000000000000000     
  0.59166666666666656        2.1839886288253636E-004   0.0000000000000000     
  0.59583333333333321        1.6238174890805139E-004   0.0000000000000000     
  0.59999999999999998        1.0094154970468178E-004   0.0000000000000000     
  0.60833333333333339       -2.9867992477194104E-005   0.0000000000000000     
  0.61250000000000004       -9.4868671484694671E-005   0.0000000000000000     
  0.61666666666666670       -1.5670100864052740E-004   0.0000000000000000     
  0.62083333333333335       -2.1329998101845827E-004   0.0000000000000000     
  0.62500000000000000       -2.6277534508350407E-004   0.0000000000000000     
  0.62916666666666665       -3.0347476541090781E-004   0.0000000000000000     
  0.63333333333333330       -3.3403899795578240E-004   0.0000000000000000     
  0.63749999999999996       -3.5344728491030223E-004   0.0000000000000000     
  0.64166666666666661       -3.6105144509025944E-004   0.0000000000000000     
  0.64583333333333326       -3.5659752132973286E-004   0.0000000000000000     
  0.65000000000000002       -3.4023426192290364E-004   0.0000000000000000     
  0.65833333333333344       -2.7451658520108484E-004   0.0000000000000000     
  0.66666666666666674       -1.7272895495036599E-004   0.0000000000000000     
  0.67500000000000004       -4.8245700048803190E-005   0.0000000000000000     
  0.68333333333333335        8.2576771688984229E-005   0.0000000000000000     
  0.68750000000000000        1.4494354008542080E-004   0.0000000000000000     
  0.69166666666666665        2.0246960947137714E-004   0.0000000000000000     
  0.69583333333333330        2.5323377392771202E-004   0.0000000000000000     
  0.69999999999999996        2.9554065578870232E-004   0.0000000000000000     
  0.70416666666666661        3.2797732639922982E-004   0.0000000000000000     
  0.70833333333333326        3.4946049388416073E-004   0.0000000000000000     
  0.71249999999999991        3.5927268199360487E-004   0.0000000000000000     
  0.71666666666666667        3.5708619175426508E-004   0.0000000000000000     
  0.72083333333333344        3.4297404567636624E-004   0.0000000000000000     
  0.72500000000000009        3.1740754901100774E-004   0.0000000000000000     
  0.73333333333333339        2.3583518873225348E-004   0.0000000000000000     
  0.74166666666666670        1.2327539542893068E-004   0.0000000000000000     
  0.75000000000000000       -5.4820996676052670E-006   0.0000000000000000     
  0.75833333333333330       -1.3351927733739455E-004   0.0000000000000000     
  0.76666666666666672       -2.4401276406682020E-004   0.0000000000000000     
  0.77083333333333348       -2.8795805798846109E-004   0.0000000000000000     
  0.77500000000000013       -3.2228637770384728E-004   0.0000000000000000     
  0.77916666666666679       -3.4585125567686379E-004   0.0000000000000000     
  0.78333333333333344       -3.5786569249091809E-004   0.0000000000000000     
  0.78750000000000009       -3.5792844037489197E-004   0.0000000000000000     
  0.79166666666666674       -3.4603740372921824E-004   0.0000000000000000     
  0.80000000000000004       -2.8854539079161144E-004   0.0000000000000000     
  0.80833333333333335       -1.9314011724278111E-004   0.0000000000000000     
  0.81666666666666665       -7.2357305763371814E-005   0.0000000000000000     
  0.82499999999999996        5.7932853530558311E-005   0.0000000000000000     
  0.83333333333333337        1.8061095786207974E-004   0.0000000000000000     
  0.83750000000000013        2.3392645145972114E-004   0.0000000000000000     
  0.84166666666666679        2.7942947172161341E-004   0.0000000000000000     
  0.84375000000000011        2.9876213485171595E-004   0.0000000000000000     
  0.84583333333333344        3.1558989103671573E-004   0.0000000000000000     
  0.84791666666666676        3.2977165156950763E-004   0.0000000000000000     
  0.85000000000000009        3.4118851252516795E-004   0.0000000000000000     
  0.85208333333333341        3.4974475168537316E-004   0.0000000000000000     
  0.85416666666666674        3.5536863110077776E-004   0.0000000000000000     
  0.85625000000000007        3.5801299856244112E-004   0.0000000000000000     
  0.85833333333333339        3.5765568293939505E-004   0.0000000000000000     
  0.86041666666666672        3.5429968006772910E-004   0.0000000000000000     
  0.86250000000000004        3.4797312763264638E-004   0.0000000000000000     
  0.86458333333333337        3.3872906925408534E-004   0.0000000000000000     
  0.86666666666666670        3.2664500975388349E-004   0.0000000000000000     
  0.87083333333333335        2.9439602832101913E-004   0.0000000000000000     
  0.87500000000000000        2.5231506291603016E-004   0.0000000000000000     
  0.87916666666666665        2.0180749723160086E-004   0.0000000000000000     
  0.88333333333333330        1.4456013926956624E-004   0.0000000000000000     
  0.90000000000000002       -1.1134222326917079E-004   0.0000000000000000     
  0.90416666666666679       -1.7136303931389495E-004   0.0000000000000000     
  0.90833333333333344       -2.2566082075941573E-004   0.0000000000000000     
  0.91250000000000009       -2.7242217725553564E-004   0.0000000000000000     
  0.91458333333333341       -2.9247477279812766E-004   0.0000000000000000     
  0.91666666666666674       -3.1007517643222055E-004   0.0000000000000000     
  0.91875000000000007       -3.2507582135413762E-004   0.0000000000000000     
  0.92083333333333339       -3.3735093787869250E-004   0.0000000000000000     
  0.92291666666666672       -3.4679760792809879E-004   0.0000000000000000     
  0.92500000000000004       -3.5333662792648641E-004   0.0000000000000000     
  0.92708333333333337       -3.5691317286527016E-004   0.0000000000000000     
  0.92916666666666670       -3.5749725597165817E-004   0.0000000000000000     
  0.93125000000000002       -3.5508398012630701E-004   0.0000000000000000     
  0.93333333333333335       -3.4969357892216659E-004   0.0000000000000000     
  0.93541666666666667       -3.4137124702026664E-004   0.0000000000000000     
  0.93750000000000000       -3.3018676122478909E-004   0.0000000000000000     
  0.93958333333333333       -3.1623389545444152E-004   0.0000000000000000     
  0.94166666666666665       -2.9962963451517856E-004   0.0000000000000000     
  0.94374999999999998       -2.8051319326622494E-004   0.0000000000000000     
  0.94583333333333330       -2.5904484940299195E-004   0.0000000000000000     
  0.94999999999999996       -2.0979889007070949E-004   0.0000000000000000     
  0.95416666666666661       -1.5354624883341352E-004   0.0000000000000000     
  0.95833333333333326       -9.2165602758145407E-005   0.0000000000000000     
  0.96666666666666667        3.7661956416073357E-005   0.0000000000000000     
  0.97083333333333344        1.0177300096332903E-004   0.0000000000000000     
  0.97500000000000009        1.6248511883357175E-004   0.0000000000000000     
  0.97916666666666674        2.1777069921554909E-004   0.0000000000000000     
  0.98333333333333339        2.6578336210439059E-004   0.0000000000000000     
  0.98541666666666672        2.8654772625017106E-004   0.0000000000000000     
  0.98750000000000004        3.0490959253609502E-004   0.0000000000000000     
  0.98958333333333337        3.2071500983844495E-004   0.0000000000000000     
  0.99166666666666670        3.3383146103087719E-004   0.0000000000000000     
  0.99375000000000002        3.4414897404580214E-004   0.0000000000000000     
  0.99583333333333335        3.5158104391156401E-004   0.0000000000000000     
  0.99791666666666667        3.5606535803479314E-004   0.0000000000000000     
   1.0000000000000000        3.5756431864696070E-004   0.0000000000000000     
