X My_beautiful_solution_real My_beautiful_solution_imag
   0.0000000000000000        0.0000000000000000        0.0000000000000000     
   1.6666666666666666E-002  -6.5595054222403984E-004   0.0000000000000000     
   2.5000000000000001E-002  -9.7807600716206633E-004   0.0000000000000000     
   3.3333333333333333E-002  -1.2396113963573051E-003   0.0000000000000000     
   4.1666666666666671E-002  -1.4061924132863777E-003   0.0000000000000000     
   5.0000000000000003E-002  -1.4559312381841241E-003   0.0000000000000000     
   5.8333333333333334E-002  -1.3822924659079743E-003   0.0000000000000000     
   6.6666666666666666E-002  -1.1949518218498216E-003   0.0000000000000000     
   8.3333333333333343E-002  -5.9258528410035800E-004   0.0000000000000000     
  0.10000000000000001        4.7085422596231216E-005   0.0000000000000000     
  0.10833333333333334        2.7676741243349255E-004   0.0000000000000000     
  0.11666666666666667        4.0216002711368417E-004   0.0000000000000000     
  0.12500000000000000        4.0678737400150748E-004   0.0000000000000000     
  0.13333333333333333        2.9004144543475277E-004   0.0000000000000000     
  0.14999999999999999       -2.2754682843506753E-004   0.0000000000000000     
  0.16666666666666666       -8.8785964410735487E-004   0.0000000000000000     
  0.17499999999999999       -1.1666021898401018E-003   0.0000000000000000     
  0.18333333333333335       -1.3599833672569858E-003   0.0000000000000000     
  0.19166666666666668       -1.4425939644603643E-003   0.0000000000000000     
  0.20000000000000001       -1.4035794081284191E-003   0.0000000000000000     
  0.23333333333333334       -4.0917924304359937E-004   0.0000000000000000     
  0.24166666666666667       -1.1431703533804074E-004   0.0000000000000000     
  0.25000000000000000        1.2764211999550699E-004   0.0000000000000000     
  0.25833333333333336        2.8490613475814635E-004   0.0000000000000000     
  0.26666666666666672        3.3681139148537354E-004   0.0000000000000000     
  0.27500000000000002        2.7653782793328024E-004   0.0000000000000000     
  0.28333333333333338        1.1200505535141091E-004   0.0000000000000000     
  0.30000000000000004       -4.2941241797992200E-004   0.0000000000000000     
  0.30833333333333335       -7.3515787193855452E-004   0.0000000000000000     
  0.31666666666666671       -1.0122313429808184E-003   0.0000000000000000     
  0.32500000000000007       -1.2242269169894823E-003   0.0000000000000000     
  0.33333333333333337       -1.3432895538137877E-003   0.0000000000000000     
  0.34166666666666667       -1.3537750847266072E-003   0.0000000000000000     
  0.34999999999999998       -1.2543057692447047E-003   0.0000000000000000     
  0.36666666666666664       -7.9489383225627049E-004   0.0000000000000000     
  0.38333333333333330       -1.9840372571095996E-004   0.0000000000000000     
  0.39166666666666666        5.6653405819104823E-005   0.0000000000000000     
  0.40000000000000002        2.3634291926490219E-004   0.0000000000000000     
  0.40833333333333333        3.5101644899613433E-004   0.0000000000000000     
  0.41666666666666669        4.1956836828297073E-004   0.0000000000000000     
  0.42500000000000004        4.3299133594352200E-004   0.0000000000000000     
  0.43333333333333335        3.8952164863220972E-004   0.0000000000000000     
  0.45000000000000001        1.6386438981814830E-004   0.0000000000000000     
  0.46666666666666667       -1.4260708015337889E-004   0.0000000000000000     
  0.47499999999999998       -2.7780331050426647E-004   0.0000000000000000     
  0.48333333333333334       -3.7649772988907512E-004   0.0000000000000000     
  0.49166666666666670       -4.2572244014542414E-004   0.0000000000000000     
  0.50000000000000000       -4.1900958793716811E-004   0.0000000000000000     
  0.51666666666666661       -2.5142700079894579E-004   0.0000000000000000     
  0.53333333333333333        4.0153696946491438E-005   0.0000000000000000     
  0.54166666666666674        1.8760810768183296E-004   0.0000000000000000     
  0.55000000000000004        3.1041185579592557E-004   0.0000000000000000     
  0.55833333333333335        3.9242921133130648E-004   0.0000000000000000     
  0.56666666666666665        4.2288354962408689E-004   0.0000000000000000     
  0.58333333333333326        3.2361992632041873E-004   0.0000000000000000     
  0.59999999999999998        6.4754274232791528E-005   0.0000000000000000     
  0.61666666666666670       -2.2604672144598930E-004   0.0000000000000000     
  0.62500000000000000       -3.3644770368319762E-004   0.0000000000000000     
  0.63333333333333330       -4.0264132763686596E-004   0.0000000000000000     
  0.64166666666666661       -4.1593011902445014E-004   0.0000000000000000     
  0.65000000000000002       -3.7456800451688479E-004   0.0000000000000000     
  0.66666666666666674       -1.5839713881804417E-004   0.0000000000000000     
  0.68333333333333335        1.3589161349048293E-004   0.0000000000000000     
  0.69166666666666665        2.6591986215485335E-004   0.0000000000000000     
  0.69999999999999996        3.6100771891790665E-004   0.0000000000000000     
  0.70833333333333326        4.0866116790044300E-004   0.0000000000000000     
  0.71666666666666667        4.0261881076460605E-004   0.0000000000000000     
  0.73333333333333339        2.4235721597969630E-004   0.0000000000000000     
  0.76666666666666672       -3.0240826071284969E-004   0.0000000000000000     
  0.77500000000000013       -3.8399969060395656E-004   0.0000000000000000     
  0.78333333333333344       -4.1513569542465652E-004   0.0000000000000000     
  0.79166666666666674       -3.9172517719580484E-004   0.0000000000000000     
  0.80000000000000004       -3.1684414789672735E-004   0.0000000000000000     
  0.83333333333333337        2.2199454572491411E-004   0.0000000000000000     
  0.84166666666666679        3.2803235139932513E-004   0.0000000000000000     
  0.85000000000000009        3.9096852930766508E-004   0.0000000000000000     
  0.85833333333333339        4.0253361547282256E-004   0.0000000000000000     
  0.86666666666666670        3.6120802185158561E-004   0.0000000000000000     
  0.88333333333333330        1.5004732608590908E-004   0.0000000000000000     
  0.90000000000000002       -1.3511331748646921E-004   0.0000000000000000     
  0.90833333333333344       -2.6043106174804124E-004   0.0000000000000000     
  0.91666666666666674       -3.5152961197492993E-004   0.0000000000000000     
  0.92500000000000004       -3.9643912499417512E-004   0.0000000000000000     
  0.93333333333333335       -3.8925874040266769E-004   0.0000000000000000     
  0.94166666666666665       -3.3093192082706702E-004   0.0000000000000000     
  0.94999999999999996       -2.2912248617843373E-004   0.0000000000000000     
  0.96666666666666667        4.6692376769195723E-005   0.0000000000000000     
  0.98333333333333339        2.9947961547303827E-004   0.0000000000000000     
  0.99166666666666670        3.7515200892502859E-004   0.0000000000000000     
   1.0000000000000000        4.0153151350370207E-004   0.0000000000000000     
