X My_beautiful_solution_real My_beautiful_solution_imag
   0.0000000000000000        0.0000000000000000        0.0000000000000000     
   3.3333333333333333E-002   3.8738819329840906E-003   0.0000000000000000     
   6.6666666666666666E-002   1.6173987472713940E-003   0.0000000000000000     
  0.10000000000000001       -3.1985958109674714E-003   0.0000000000000000     
  0.13333333333333333       -2.9528562927472798E-003   0.0000000000000000     
  0.16666666666666666        1.9657378789543129E-003   0.0000000000000000     
  0.20000000000000001        3.7735787716163031E-003   0.0000000000000000     
  0.23333333333333334       -3.9021707488049747E-004   0.0000000000000000     
  0.26666666666666672       -3.9364997431363237E-003   0.0000000000000000     
  0.30000000000000004       -1.2533254654773012E-003   0.0000000000000000     
  0.33333333333333337        3.4132192010716852E-003   0.0000000000000000     
  0.36666666666666664        2.6783912148930305E-003   0.0000000000000000     
  0.40000000000000002       -2.2949541969718651E-003   0.0000000000000000     
  0.43333333333333335       -3.6365660140842411E-003   0.0000000000000000     
  0.46666666666666667        7.7663809511308154E-004   0.0000000000000000     
  0.50000000000000000        3.9608230523341193E-003   0.0000000000000000     
  0.53333333333333333        8.7705975986360955E-004   0.0000000000000000     
  0.56666666666666665       -3.5946385941018496E-003   0.0000000000000000     
  0.59999999999999998       -2.3778705898196929E-003   0.0000000000000000     
  0.63333333333333330        5.5669983796021816E-004   0.0000000000000000     
  0.66666666666666674       -1.4799900609636209E-003   0.0000000000000000     
  0.69999999999999996       -5.2649064074076369E-003   0.0000000000000000     
  0.73333333333333339       -4.8084709052795237E-003   0.0000000000000000     
  0.76666666666666672       -8.3298648729298263E-004   0.0000000000000000     
  0.80000000000000004        3.7039718645537329E-004   0.0000000000000000     
  0.83333333333333337       -1.0575128436389159E-003   0.0000000000000000     
  0.86666666666666670       -8.1192327788362636E-004   0.0000000000000000     
  0.90000000000000002        7.1852375846618124E-004   0.0000000000000000     
  0.93333333333333335        1.1119167848960422E-003   0.0000000000000000     
  0.96666666666666667       -2.5428327667752795E-004   0.0000000000000000     
   1.0000000000000000       -1.2180835344937737E-003   0.0000000000000000     
