935.97846464 -30.97716951
242.87745840 -15.52237111
486.04976165 -22.22590721
179.65417695 -13.51040804
848.93877250 -29.31266087
106.63189085 -10.36848933
129.16457612 -11.58865634
209.13093108 -14.78972822
591.51352025 -24.44832051
217.25174479 -14.87473896
588.93346074 -24.39726233
852.77821650 -29.38338268
1.13017241 -2.06234264
377.47504507 -19.62844115
577.63047450 -24.17136955
86.73334675 -9.34580049
251.25481650 -15.75966829
143.83807928 -12.38522127
36.79339424 -5.36988178
764.57346028 -27.73483586
364.78824031 -19.25281209
780.91688014 -28.04117310
331.50918938 -18.33103681
594.12871778 -24.50006908
422.56103165 -20.78646129
87.50705882 -9.38598436
74.07755899 -8.70295984
391.90431147 -20.01845849
724.05306157 -26.96104825
134.98984941 -11.92219752
108.93108592 -10.50450513
378.62514215 -19.66114765
379.79544002 -19.69445407
256.22166345 -15.92094469
6.01122238 -2.08900961
519.37251382 -22.96564293
943.37132611 -31.11620557
700.99529478 -26.51350737
8.53224850 -2.14915118
90.41344211 -9.53733650
140.51348639 -12.22975329
840.25452922 -29.15230304
461.96522204 -21.68884635
11.95771410 -2.33510497
35.33017972 -5.19646928
74.83559070 -8.74415177
38.62431670 -5.57091178
609.64410384 -24.79722065
370.78044539 -19.43234771
738.91812673 -27.24681115
1057.18496790 -33.29014528
305.33064038 -17.72775650
14.30124625 -2.53504971
132.71922459 -11.78612369
603.51715020 -24.68138283
906.55481345 -30.40988249
7.45879041 -2.11655974
2.82286793 -2.06493902
486.24711135 -22.23029745
612.86488171 -24.85741532
416.26089699 -20.63953972
796.47272733 -28.33306110
739.80843971 -27.26390004
22.60289320 -3.56396887
432.74437006 -21.02098703
802.44515304 -28.44648153
56.09842504 -7.24170680
10.92956456 -2.26577479
122.61046896 -11.22923300
136.90786998 -12.04126114
226.66029445 -15.05520988
199.19312141 -14.41399294
261.03814401 -16.09018037
686.48338078 -26.23685932
316.26450760 -17.98418623
0.32063997 -2.06205547
191.00918627 -13.96640682
800.04297150 -28.40081871
296.91384754 -17.39634651
63.85730127 -7.96018714
210.33965694 -14.80296090
317.83935274 -18.01663506
451.29705315 -21.44582927
36.10678872 -5.28829354
375.13110285 -19.56164342
520.89154204 -22.99873495
705.57094794 -26.60180587
43.36139874 -6.04078692
367.86517219 -19.34533167
810.86284052 -28.60653645
487.84413294 -22.26585406
198.80716899 -14.39290425
456.86407628 -21.57361042
256.11496034 -15.91711602
6.23522751 -2.09209773
498.20389713 -22.49671340
199.41076047 -14.42588711
677.62436228 -26.06843501
487.15769070 -22.25055707
1.48909809 -2.06247640
