932.52117832 935.97846464
234.51311158 242.87745840
529.80659016 486.04976165
185.90588478 179.65417695
791.20822059 848.93877250
120.99598712 106.63189085
154.28985078 129.16457612
203.85684246 209.13093108
638.97713113 591.51352025
231.83028680 217.25174479
577.32464248 588.93346074
898.43296810 852.77821650
18.47678622 1.13017241
369.92669362 377.47504507
573.63663784 577.63047450
97.72581094 86.73334675
254.98523209 251.25481650
156.11205390 143.83807928
46.46254650 36.79339424
807.36203806 764.57346028
362.52980885 364.78824031
822.11307133 780.91688014
320.24519460 331.50918938
561.11367910 594.12871778
400.17236510 422.56103165
96.51949658 87.50705882
77.62640120 74.07755899
411.93570818 391.90431147
704.13922820 724.05306157
147.18605431 134.98984941
110.53329840 108.93108592
339.03268090 378.62514215
381.35110237 379.79544002
276.44436646 256.22166345
17.92675688 6.01122238
549.08982335 519.37251382
994.94236562 943.37132611
696.26263803 700.99529478
22.48826871 8.53224850
105.36695135 90.41344211
163.40089720 140.51348639
830.66192642 840.25452922
454.20144827 461.96522204
25.06885589 11.95771410
44.21316541 35.33017972
84.50807991 74.83559070
51.54332864 38.62431670
659.19551273 609.64410384
385.28631847 370.78044539
751.75426845 738.91812673
1013.29377569 1057.18496790
295.36976036 305.33064038
25.70164827 14.30124625
134.32022013 132.71922459
608.64958952 603.51715020
1005.88205023 906.55481345
21.57005470 7.45879041
19.23846479 2.82286793
492.62033904 486.24711135
583.02876452 612.86488171
436.65023483 416.26089699
801.96827740 796.47272733
696.79677983 739.80843971
35.66523401 22.60289320
429.04865933 432.74437006
818.42518985 802.44515304
70.41376271 56.09842504
23.50424040 10.92956456
124.67620193 122.61046896
145.30568921 136.90786998
217.82482902 226.66029445
199.86583520 199.19312141
275.82776952 261.03814401
733.83644061 686.48338078
308.50312728 316.26450760
18.21177824 0.32063997
216.26221487 191.00918627
816.31510191 800.04297150
322.59362654 296.91384754
76.39317654 63.85730127
236.36458043 210.33965694
317.89682424 317.83935274
485.97645011 451.29705315
48.64905477 36.10678872
392.96616168 375.13110285
558.50140920 520.89154204
726.68334964 705.57094794
54.61978587 43.36139874
395.46703402 367.86517219
829.48846480 810.86284052
445.56228664 487.84413294
215.82943316 198.80716899
479.71506311 456.86407628
264.46989757 256.11496034
17.77736467 6.23522751
511.44344916 498.20389713
214.43582433 199.41076047
642.34689218 677.62436228
461.90201304 487.15769070
18.63350641 1.48909809
