-30.55555556 932.52117832
14.96396396 234.51311158
22.89189189 529.80659016
-13.51051051 185.90588478
28.04504505 791.20822059
10.47147147 120.99598712
12.05705706 154.28985078
-14.10510511 203.85684246
25.13813814 638.97713113
-15.03003003 231.83028680
-23.94894895 577.32464248
30.02702703 898.43296810
1.02402402 18.47678622
19.06006006 369.92669362
23.81681682 573.63663784
9.28228228 97.72581094
15.69069069 254.98523209
12.12312312 156.11205390
-5.78078078 46.46254650
-28.30930931 807.36203806
-18.92792793 362.52980885
-28.57357357 822.11307133
-17.73873874 320.24519460
23.55255255 561.11367910
-19.98498498 400.17236510
9.21621622 96.51949658
-8.15915916 77.62640120
-20.31531532 411.93570818
-26.45945946 704.13922820
11.79279279 147.18605431
9.94294294 110.53329840
-18.26726727 339.03268090
-19.45645646 381.35110237
16.41741742 276.44436646
-2.47747748 17.92675688
-23.35435435 549.08982335
-31.67867868 994.94236562
26.26126126 696.26263803
3.07207207 22.48826871
9.67867868 105.36695135
12.38738739 163.40089720
28.77177177 830.66192642
21.24024024 454.20144827
3.53453453 25.06885589
5.91291291 44.21316541
-8.55555556 84.50807991
6.37537538 51.54332864
25.53453453 659.19551273
19.45645646 385.28631847
27.31831832 751.75426845
-32.00900901 1013.29377569
17.01201201 295.36976036
-3.66666667 25.70164827
-11.19819820 134.32022013
24.54354354 608.64958952
32.00900901 1005.88205023
2.87387387 21.57005470
1.68468468 19.23846479
-22.16516517 492.62033904
24.01501502 583.02876452
-20.97597598 436.65023483
28.24324324 801.96827740
-26.32732733 696.79677983
5.18618619 35.66523401
-20.77777778 429.04865933
-28.50750751 818.42518985
7.63063063 70.41376271
3.27027027 23.50424040
-10.66966967 124.67620193
-11.72672673 145.30568921
-14.56756757 217.82482902
-13.97297297 199.86583520
-16.41741742 275.82776952
26.98798799 733.83644061
-17.40840841 308.50312728
0.56156156 18.21177824
14.30330330 216.26221487
28.50750751 816.31510191
-17.80480480 322.59362654
8.02702703 76.39317654
15.03003003 236.36458043
-17.67267267 317.89682424
21.96696697 485.97645011
-5.97897898 48.64905477
19.65465465 392.96616168
-23.55255255 558.50140920
26.85585586 726.68334964
6.57357357 54.61978587
-19.85285285 395.46703402
-28.70570571 829.48846480
-21.17417417 445.56228664
-14.50150150 215.82943316
21.83483483 479.71506311
16.02102102 264.46989757
-2.41141141 17.77736467
-22.56156156 511.44344916
14.23723724 214.43582433
25.20420420 642.34689218
21.43843844 461.90201304
1.22222222 18.63350641
