X My_beautiful_solution_real My_beautiful_solution_imag
   0.0000000000000000        0.0000000000000000        0.0000000000000000     
   1.0416666666666667E-003   1.0416666666666671E-003   0.0000000000000000     
   2.0833333333333333E-003   2.0833333333333342E-003   0.0000000000000000     
   3.1250000000000002E-003   3.1250000000000006E-003   0.0000000000000000     
   4.1666666666666666E-003   4.1666666666666675E-003   0.0000000000000000     
   6.2500000000000003E-003   6.2500000000000012E-003   0.0000000000000000     
   8.3333333333333332E-003   8.3333333333333037E-003   0.0000000000000000     
   1.6666666666666666E-002   1.6666666666666722E-002   0.0000000000000000     
   3.3333333333333333E-002   3.3333333333333277E-002   0.0000000000000000     
   6.6666666666666666E-002   6.6666666666666735E-002   0.0000000000000000     
  0.10000000000000001        9.9999999999999950E-002   0.0000000000000000     
  0.13333333333333333       0.13333333333333339        0.0000000000000000     
  0.16666666666666666       0.16666666666666660        0.0000000000000000     
  0.20000000000000001       0.20000000000000015        0.0000000000000000     
  0.23333333333333334       0.23333333333333320        0.0000000000000000     
  0.26666666666666672       0.26666666666666689        0.0000000000000000     
  0.30000000000000004       0.29999999999999982        0.0000000000000000     
  0.33333333333333337       0.33333333333333359        0.0000000000000000     
  0.36666666666666664       0.36666666666666636        0.0000000000000000     
  0.40000000000000002       0.40000000000000036        0.0000000000000000     
  0.43333333333333335       0.43333333333333313        0.0000000000000000     
  0.46666666666666667       0.46666666666666701        0.0000000000000000     
  0.50000000000000000       0.49999999999999972        0.0000000000000000     
  0.53333333333333333       0.53333333333333366        0.0000000000000000     
  0.56666666666666665       0.56666666666666621        0.0000000000000000     
  0.59999999999999998       0.60000000000000042        0.0000000000000000     
  0.63333333333333330       0.63333333333333275        0.0000000000000000     
  0.66666666666666674       0.66666666666666730        0.0000000000000000     
  0.69999999999999996       0.69999999999999918        0.0000000000000000     
  0.73333333333333339       0.73333333333333406        0.0000000000000000     
  0.76666666666666672       0.76666666666666639        0.0000000000000000     
  0.80000000000000004       0.80000000000000082        0.0000000000000000     
  0.80104166666666665       0.80104166666666743        0.0000000000000000     
  0.80208333333333337       0.80208333333333404        0.0000000000000000     
  0.80416666666666670       0.80416666666667469        0.0000000000000000     
  0.80833333333333335       0.80833333333331359        0.0000000000000000     
  0.81666666666666665       0.81666666666670107        0.0000000000000000     
  0.82499999999999996       0.82499999999994600        0.0000000000000000     
  0.83333333333333337       0.83333333333342363        0.0000000000000000     
  0.84166666666666679       0.84166666666652168        0.0000000000000000     
  0.85000000000000009       0.85000000000023912        0.0000000000000000     
  0.85833333333333339       0.85833333333294548        0.0000000000000000     
  0.86666666666666670       0.86666666666730152        0.0000000000000000     
  0.87500000000000000       0.87499999999896672        0.0000000000000000     
  0.88333333333333330       0.88333333333502184        0.0000000000000000     
  0.89166666666666661       0.89166666666391425        0.0000000000000000     
  0.90000000000000002       0.90000000000449354        0.0000000000000000     
  0.90833333333333344       0.90833333332600408        0.0000000000000000     
  0.91666666666666674       0.91666666667862717        0.0000000000000000     
  0.92500000000000004       0.92499999998048799        0.0000000000000000     
  0.93333333333333335       0.93333333336517121        0.0000000000000000     
  0.94166666666666665       0.94166666661472376        0.0000000000000000     
  0.94999999999999996       0.95000000008475216        0.0000000000000000     
  0.95833333333333326       0.95833333319505642        0.0000000000000000     
  0.96666666666666667       0.96666666689227931        0.0000000000000000     
  0.97500000000000009       0.97499999963189821        0.0000000000000000     
  0.98333333333333339       0.98333333393392353        0.0000000000000000     
  0.98750000000000004       0.98749999829063329        0.0000000000000000     
  0.98958333333333337       0.98958341709236963        0.0000000000000000     
  0.99166666666666670       0.99166256247396833        0.0000000000000000     
  0.99375000000000002       0.99395110544228282        0.0000000000000000     
  0.99583333333333335       0.98597916666153240        0.0000000000000000     
  0.99687499999999996       0.96559873186776202        0.0000000000000000     
  0.99791666666666667       0.89864851129042345        0.0000000000000000     
  0.99895833333333339       0.68388984018262367        0.0000000000000000     
   1.0000000000000000        0.0000000000000000        0.0000000000000000     
