X My_beautiful_solution_real My_beautiful_solution_imag
   0.0000000000000000        0.0000000000000000        0.0000000000000000     
   8.3333333333333332E-003   8.3333333018412413E-003   0.0000000000000000     
   1.6666666666666666E-002   1.6666666686556416E-002   0.0000000000000000     
   2.5000000000000001E-002   2.4999999936056214E-002   0.0000000000000000     
   3.3333333333333333E-002   3.3333333406170576E-002   0.0000000000000000     
   4.1666666666666671E-002   4.1666666516334876E-002   0.0000000000000000     
   5.0000000000000003E-002   5.0000000213786124E-002   0.0000000000000000     
   6.6666666666666666E-002   6.6666666367377531E-002   0.0000000000000000     
   7.5000000000000011E-002   7.5000000456821675E-002   0.0000000000000000     
   8.3333333333333343E-002   8.3333332556500550E-002   0.0000000000000000     
   9.1666666666666674E-002   9.1666667902638541E-002   0.0000000000000000     
  0.10000000000000001        9.9999997951922159E-002   0.0000000000000000     
  0.11666666666666667       0.11666666924611342        0.0000000000000000     
  0.13333333333333333       0.13333333002320333        0.0000000000000000     
  0.14999999999999999       0.15000000418569487        0.0000000000000000     
  0.16666666666666666       0.16666666131222077        0.0000000000000000     
  0.20000000000000001       0.20000000601253032        0.0000000000000000     
  0.21666666666666667       0.21666665898715759        0.0000000000000000     
  0.23333333333333334       0.23333334308005618        0.0000000000000000     
  0.25000000000000000       0.24999998756788205        0.0000000000000000     
  0.26666666666666672       0.26666668246216435        0.0000000000000000     
  0.28333333333333338       0.28333331320277522        0.0000000000000000     
  0.30000000000000004       0.30000002559351291        0.0000000000000000     
  0.31666666666666671       0.31666663406590762        0.0000000000000000     
  0.33333333333333337       0.33333337479801139        0.0000000000000000     
  0.34999999999999998       0.34999994719957683        0.0000000000000000     
  0.36666666666666664       0.36666673384000859        0.0000000000000000     
  0.40000000000000002       0.39999992422587677        0.0000000000000000     
  0.43333333333333335       0.43333341875528791        0.0000000000000000     
  0.46666666666666667       0.46666657031432063        0.0000000000000000     
  0.50000000000000000       0.50000010862718447        0.0000000000000000     
  0.53333333333333333       0.53333321081338758        0.0000000000000000     
  0.56666666666666665       0.56666680480199560        0.0000000000000000     
  0.59999999999999998       0.59999984420491259        0.0000000000000000     
  0.63333333333333330       0.63333350899169416        0.0000000000000000     
  0.66666666666666674       0.66666646855837330        0.0000000000000000     
  0.69999999999999996       0.70000022337325263        0.0000000000000000     
  0.73333333333333339       0.73333308141888531        0.0000000000000000     
  0.76666666666666672       0.76666695071494506        0.0000000000000000     
  0.80000000000000004       0.79999967966477803        0.0000000000000000     
  0.80416666666666670       0.80416757834396568        0.0000000000000000     
  0.80833333333333335       0.80833073851345738        0.0000000000000000     
  0.81666666666666665       0.81667090028865774        0.0000000000000000     
  0.82499999999999996       0.82499309247999730        0.0000000000000000     
  0.83333333333333337       0.83334460346605743        0.0000000000000000     
  0.84166666666666679       0.84164827852388924        0.0000000000000000     
  0.85000000000000009       0.85003000167514609        0.0000000000000000     
  0.85833333333333339       0.85828438320028810        0.0000000000000000     
  0.86666666666666670       0.86674653264172297        0.0000000000000000     
  0.87500000000000000       0.87486969232499634        0.0000000000000000     
  0.88333333333333330       0.88354594056105917        0.0000000000000000     
  0.89166666666666661       0.89131978115835941        0.0000000000000000     
  0.90000000000000002       0.90056597106100977        0.0000000000000000     
  0.90833333333333344       0.90740990683387968        0.0000000000000000     
  0.91666666666666674       0.91817330987112722        0.0000000000000000     
  0.92500000000000004       0.92254179263491620        0.0000000000000000     
  0.93333333333333335       0.93734409268697960        0.0000000000000000     
  0.94166666666666665       0.93512279611080562        0.0000000000000000     
  0.94999999999999996       0.96067684140175613        0.0000000000000000     
  0.95833333333333326       0.94091322364634566        0.0000000000000000     
  0.96666666666666667       0.99508895086131355        0.0000000000000000     
  0.97500000000000009       0.92862679944040250        0.0000000000000000     
  0.98333333333333339        1.0589948710569768        0.0000000000000000     
  0.98750000000000004       0.77215562335591292        0.0000000000000000     
  0.99166666666666670        1.6045698924538165        0.0000000000000000     
   1.0000000000000000        0.0000000000000000        0.0000000000000000     
