X My_beautiful_solution_real My_beautiful_solution_imag
   0.0000000000000000        0.0000000000000000        0.0000000000000000     
   1.0416666666666667E-003  0.68150684931506877        0.0000000000000000     
   2.0833333333333333E-003  0.89622818540063842        0.0000000000000000     
   3.1250000000000002E-003  0.96388011320842071        0.0000000000000000     
   4.1666666666666666E-003  0.98519510416155764        0.0000000000000000     
   6.2500000000000003E-003  0.99520009991507097        0.0000000000000000     
   8.3333333333333332E-003  0.99499591632826467        0.0000000000000000     
   1.6666666666666666E-002  0.99500250289558090        0.0000000000000000     
   3.3333333333333333E-002  0.99499803343918780        0.0000000000000000     
   6.6666666666666666E-002  0.99500174393128782        0.0000000000000000     
  0.10000000000000001       0.99499845349489768        0.0000000000000000     
  0.13333333333333333       0.99500137142905487        0.0000000000000000     
  0.16666666666666666       0.99499878382706664        0.0000000000000000     
  0.20000000000000001       0.99500107849298058        0.0000000000000000     
  0.23333333333333334       0.99499904360056635        0.0000000000000000     
  0.26666666666666672       0.99500084812780210        0.0000000000000000     
  0.30000000000000004       0.99499924788666827        0.0000000000000000     
  0.33333333333333337       0.99500066696842882        0.0000000000000000     
  0.36666666666666664       0.99499940853743307        0.0000000000000000     
  0.40000000000000002       0.99500052450454235        0.0000000000000000     
  0.43333333333333335       0.99499953487333226        0.0000000000000000     
  0.46666666666666667       0.99500041247082038        0.0000000000000000     
  0.50000000000000000       0.99499963422399107        0.0000000000000000     
  0.53333333333333333       0.99500032436740571        0.0000000000000000     
  0.56666666666666665       0.99499971235343432        0.0000000000000000     
  0.59999999999999998       0.99500025508280499        0.0000000000000000     
  0.63333333333333330       0.99499977379449511        0.0000000000000000     
  0.66666666666666674       0.99500020059733596        0.0000000000000000     
  0.69999999999999996       0.99499982211179738        0.0000000000000000     
  0.73333333333333339       0.99500015774991668        0.0000000000000000     
  0.76666666666666672       0.99499986010856445        0.0000000000000000     
  0.80000000000000004       0.99500012405466920        0.0000000000000000     
  0.80104166666666665       0.99321636328663110        0.0000000000000000     
  0.80208333333333337       0.98908700487113022        0.0000000000000000     
  0.80416666666666670       0.97917679581895656        0.0000000000000000     
  0.80833333333333335       0.95832977444198830        0.0000000000000000     
  0.81666666666666665       0.91666884792265257        0.0000000000000000     
  0.82499999999999996       0.87499866310117025        0.0000000000000000     
  0.83333333333333337       0.83333415272293854        0.0000000000000000     
  0.84166666666666679       0.79166616446013405        0.0000000000000000     
  0.85000000000000009       0.75000030780400373        0.0000000000000000     
  0.85833333333333339       0.70833314467926656        0.0000000000000000     
  0.86666666666666670       0.66666678229335297        0.0000000000000000     
  0.87500000000000000       0.62499992913203084        0.0000000000000000     
  0.88333333333333330       0.58333337676854025        0.0000000000000000     
  0.89166666666666661       0.54166664004508858        0.0000000000000000     
  0.90000000000000002       0.50000001631645108        0.0000000000000000     
  0.90833333333333344       0.45833332333292726        0.0000000000000000     
  0.91666666666666674       0.41666667279594727        0.0000000000000000     
  0.92500000000000004       0.37499999624334379        0.0000000000000000     
  0.93333333333333335       0.33333333563579992        0.0000000000000000     
  0.94166666666666665       0.29166666525547758        0.0000000000000000     
  0.94999999999999996       0.25000000086492274        0.0000000000000000     
  0.95833333333333326       0.20833333280321972        0.0000000000000000     
  0.96666666666666667       0.16666666699157509        0.0000000000000000     
  0.97500000000000009       0.12499999980086210        0.0000000000000000     
  0.98333333333333339        8.3333333455385059E-002   0.0000000000000000     
  0.98750000000000004        6.2499999957116664E-002   0.0000000000000000     
  0.98958333333333337        5.2083333334208344E-002   0.0000000000000000     
  0.99166666666666670        4.1666666666648658E-002   0.0000000000000000     
  0.99375000000000002        3.1250000000000264E-002   0.0000000000000000     
  0.99583333333333335        2.0833333333333263E-002   0.0000000000000000     
  0.99687499999999996        1.5625000000000226E-002   0.0000000000000000     
  0.99791666666666667        1.0416666666666630E-002   0.0000000000000000     
  0.99895833333333339        5.2083333333330364E-003   0.0000000000000000     
   1.0000000000000000        0.0000000000000000        0.0000000000000000     
