X My_beautiful_solution_real My_beautiful_solution_imag
   0.0000000000000000        0.0000000000000000        0.0000000000000000     
   3.3333333333333333E-002   3.3334273134164552E-002   0.0000000000000000     
   6.6666666666666666E-002   6.6666546692092474E-002   0.0000000000000000     
  0.10000000000000001       0.10000107509130858        0.0000000000000000     
  0.13333333333333333       0.13333306079715709        0.0000000000000000     
  0.16666666666666666       0.16666791379552634        0.0000000000000000     
  0.20000000000000001       0.19999953346403199        0.0000000000000000     
  0.23333333333333334       0.23333479922791547        0.0000000000000000     
  0.26666666666666672       0.26666595343743704        0.0000000000000000     
  0.30000000000000004       0.30000174408060071        0.0000000000000000     
  0.33333333333333337       0.33333230640497641        0.0000000000000000     
  0.36666666666666664       0.36666876449309188        0.0000000000000000     
  0.40000000000000002       0.39999857416677731        0.0000000000000000     
  0.43333333333333335       0.43333588098864995        0.0000000000000000     
  0.46666666666666667       0.46666473357958793        0.0000000000000000     
  0.50000000000000000       0.50000311966498423        0.0000000000000000     
  0.53333333333333333       0.53333075521407625        0.0000000000000000     
  0.56666666666666665       0.56667051370836274        0.0000000000000000     
  0.59999999999999998       0.59999660164742974        0.0000000000000000     
  0.63333333333333330       0.63333810531897872        0.0000000000000000     
  0.66666666666666674       0.66666222529219654        0.0000000000000000     
  0.69999999999999996       0.70000594815927730        0.0000000000000000     
  0.73333333333333339       0.73332756563540624        0.0000000000000000     
  0.76666666666666672       0.76667411046728906        0.0000000000000000     
  0.80000000000000004       0.79999254572779033        0.0000000000000000     
  0.80833333333333335       0.80834665795217886        0.0000000000000000     
  0.81666666666666665       0.81664608888431667        0.0000000000000000     
  0.82499999999999996       0.82503473666170590        0.0000000000000000     
  0.83333333333333337       0.83327782011263241        0.0000000000000000     
  0.84166666666666679       0.84175840325410289        0.0000000000000000     
  0.85000000000000009       0.84985148690047541        0.0000000000000000     
  0.85833333333333339       0.85857680656516577        0.0000000000000000     
  0.86666666666666670       0.86627058325260076        0.0000000000000000     
  0.87500000000000000       0.87564740374503136        0.0000000000000000     
  0.88333333333333330       0.88227820539773216        0.0000000000000000     
  0.89166666666666661       0.89338935357841343        0.0000000000000000     
  0.90000000000000002       0.89719046268712654        0.0000000000000000     
  0.90833333333333344       0.91291847765010425        0.0000000000000000     
  0.91666666666666674       0.90918680411401809        0.0000000000000000     
  0.92500000000000004       0.93720514865535143        0.0000000000000000     
  0.93333333333333335       0.91342083212300040        0.0000000000000000     
  0.94166666666666665       0.97415664681613434        0.0000000000000000     
  0.94999999999999996       0.89699119477295053        0.0000000000000000     
  0.95833333333333326        1.0448225463521803        0.0000000000000000     
  0.96666666666666667       0.82555384991589364        0.0000000000000000     
  0.97500000000000009        1.2052378633996570        0.0000000000000000     
  0.98333333333333339       0.60768324490860481        0.0000000000000000     
  0.99166666666666670        1.6045706049027793        0.0000000000000000     
   1.0000000000000000        0.0000000000000000        0.0000000000000000     
