X My_beautiful_solution_real My_beautiful_solution_imag
   0.0000000000000000        0.0000000000000000        0.0000000000000000     
   4.1666666666666666E-003   4.1666666666688810E-003   0.0000000000000000     
   8.3333333333333332E-003   8.3333333333292479E-003   0.0000000000000000     
   1.6666666666666666E-002   1.6666666666674851E-002   0.0000000000000000     
   2.5000000000000001E-002   2.4999999999988164E-002   0.0000000000000000     
   3.3333333333333333E-002   3.3333333333354156E-002   0.0000000000000000     
   4.1666666666666671E-002   4.1666666666634204E-002   0.0000000000000000     
   5.0000000000000003E-002   5.0000000000054487E-002   0.0000000000000000     
   6.6666666666666666E-002   6.6666666666598637E-002   0.0000000000000000     
   7.5000000000000011E-002   7.5000000000112546E-002   0.0000000000000000     
   8.3333333333333343E-002   8.3333333333151266E-002   0.0000000000000000     
   9.1666666666666674E-002   9.1666666666965255E-002   0.0000000000000000     
  0.10000000000000001        9.9999999999514380E-002   0.0000000000000000     
  0.11666666666666667       0.11666666666728601        0.0000000000000000     
  0.13333333333333333       0.13333333333254635        0.0000000000000000     
  0.14999999999999999       0.15000000000100289        0.0000000000000000     
  0.16666666666666666       0.16666666666539157        0.0000000000000000     
  0.20000000000000001       0.20000000000143908        0.0000000000000000     
  0.21666666666666667       0.21666666666483650        0.0000000000000000     
  0.23333333333333334       0.23333333333566403        0.0000000000000000     
  0.25000000000000000       0.24999999999703518        0.0000000000000000     
  0.26666666666666672       0.26666666667044164        0.0000000000000000     
  0.28333333333333338       0.28333333332853039        0.0000000000000000     
  0.30000000000000004       0.30000000000611438        0.0000000000000000     
  0.31666666666666671       0.31666666665888671        0.0000000000000000     
  0.33333333333333337       0.33333333334323711        0.0000000000000000     
  0.34999999999999998       0.34999999998739717        0.0000000000000000     
  0.36666666666666664       0.36666666668270853        0.0000000000000000     
  0.40000000000000002       0.39999999998191188        0.0000000000000000     
  0.43333333333333335       0.43333333335373225        0.0000000000000000     
  0.46666666666666667       0.46666666664366546        0.0000000000000000     
  0.50000000000000000       0.50000000002593936        0.0000000000000000     
  0.53333333333333333       0.53333333330408472        0.0000000000000000     
  0.56666666666666665       0.56666666669965127        0.0000000000000000     
  0.59999999999999998       0.59999999996280662        0.0000000000000000     
  0.63333333333333330       0.63333333337527675        0.0000000000000000     
  0.66666666666666674       0.66666666661937080        0.0000000000000000     
  0.69999999999999996       0.70000000005333574        0.0000000000000000     
  0.73333333333333339       0.73333333327319072        0.0000000000000000     
  0.76666666666666672       0.76666666673448935        0.0000000000000000     
  0.80000000000000004       0.79999999992352155        0.0000000000000000     
  0.80416666666666670       0.80416666688434069        0.0000000000000000     
  0.80833333333333335       0.80833333271380403        0.0000000000000000     
  0.81666666666666665       0.81666666767748086        0.0000000000000000     
  0.82499999999999996       0.82499999835077975        0.0000000000000000     
  0.83333333333333337       0.83333333602416948        0.0000000000000000     
  0.84166666666666679       0.84166666227635845        0.0000000000000000     
  0.85000000000000009       0.85000000716313806        0.0000000000000000     
  0.85833333333333339       0.85833332164611154        0.0000000000000000     
  0.86666666666666670       0.86666668573529493        0.0000000000000000     
  0.87500000000000000       0.87499996888803078        0.0000000000000000     
  0.88333333333333330       0.88333338409497042        0.0000000000000000     
  0.89166666666666661       0.89166658384505082        0.0000000000000000     
  0.90000000000000002       0.90000013513000721        0.0000000000000000     
  0.90833333333333344       0.90833311285806195        0.0000000000000000     
  0.91666666666666674       0.91666702638948150        0.0000000000000000     
  0.92500000000000004       0.92499941308383193        0.0000000000000000     
  0.93333333333333335       0.93333429093340037        0.0000000000000000     
  0.94166666666666665       0.94166510426656003        0.0000000000000000     
  0.94999999999999996       0.95000254917912441        0.0000000000000000     
  0.95833333333333326       0.95832917414634355        0.0000000000000000     
  0.96666666666666667       0.96667345270860006        0.0000000000000000     
  0.97500000000000009       0.97498892803684900        0.0000000000000000     
  0.98333333333333339       0.98335139811532013        0.0000000000000000     
  0.98750000000000004       0.98744858485127296        0.0000000000000000     
  0.98958333333333337       0.99210267562101628        0.0000000000000000     
  0.99166666666666670       0.86821889457024781        0.0000000000000000     
  0.99583333333333335        1.3471846846846844        0.0000000000000000     
   1.0000000000000000        0.0000000000000000        0.0000000000000000     
