X My_beautiful_solution_real My_beautiful_solution_imag
   0.0000000000000000        0.0000000000000000        0.0000000000000000     
   3.3333333333333333E-002   1.8773593942976463        0.0000000000000000     
   6.6666666666666666E-002  0.21253125218463917        0.0000000000000000     
  0.10000000000000001        1.6888882838697583        0.0000000000000000     
  0.13333333333333333       0.37966601048861476        0.0000000000000000     
  0.16666666666666666        1.5406744416001952        0.0000000000000000     
  0.20000000000000001       0.51110092721822753        0.0000000000000000     
  0.23333333333333334        1.4241189494060100        0.0000000000000000     
  0.26666666666666672       0.61446145803193952        0.0000000000000000     
  0.30000000000000004        1.3324596107598878        0.0000000000000000     
  0.33333333333333337       0.69574426777472609        0.0000000000000000     
  0.36666666666666664        1.2603786285351521        0.0000000000000000     
  0.40000000000000002       0.75966513880420827        0.0000000000000000     
  0.43333333333333335        1.2036940825278752        0.0000000000000000     
  0.46666666666666667       0.80993256639556688        0.0000000000000000     
  0.50000000000000000        1.1591173071166707        0.0000000000000000     
  0.53333333333333333       0.84946291440172939        0.0000000000000000     
  0.56666666666666665        1.1240620928470546        0.0000000000000000     
  0.59999999999999998       0.88054961384837005        0.0000000000000000     
  0.63333333333333330        1.0964946423943731        0.0000000000000000     
  0.66666666666666674       0.90499622085357800        0.0000000000000000     
  0.69999999999999996        1.0748155758048490        0.0000000000000000     
  0.73333333333333339       0.92422105348957095        0.0000000000000000     
  0.76666666666666672        1.0577671393163268        0.0000000000000000     
  0.80000000000000004       0.93933947830014686        0.0000000000000000     
  0.80833333333333335       0.99551313530703578        0.0000000000000000     
  0.81666666666666665       0.89387981864689992        0.0000000000000000     
  0.82499999999999996       0.88896690520203692        0.0000000000000000     
  0.83333333333333337       0.82477374462523223        0.0000000000000000     
  0.84166666666666679       0.79691363874219789        0.0000000000000000     
  0.85000000000000009       0.74678488643395036        0.0000000000000000     
  0.85833333333333339       0.71030465935405918        0.0000000000000000     
  0.86666666666666670       0.66545920713420792        0.0000000000000000     
  0.87500000000000000       0.62574082838723544        0.0000000000000000     
  0.88333333333333330       0.58288004976978858        0.0000000000000000     
  0.89166666666666661       0.54194525816972927        0.0000000000000000     
  0.90000000000000002       0.49983002291385131        0.0000000000000000     
  0.90833333333333344       0.45843828538250708        0.0000000000000000     
  0.91666666666666674       0.41660311376193304        0.0000000000000000     
  0.92500000000000004       0.37503972432508098        0.0000000000000000     
  0.93333333333333335       0.33330975871110885        0.0000000000000000     
  0.94166666666666665       0.29168188817343599        0.0000000000000000     
  0.94999999999999996       0.24999144323416045        0.0000000000000000     
  0.95833333333333326       0.20833935034748013        0.0000000000000000     
  0.96666666666666667       0.16666375136404732        0.0000000000000000     
  0.97500000000000009       0.12500255934313989        0.0000000000000000     
  0.98333333333333339        8.3332537248427194E-002   0.0000000000000000     
  0.99166666666666670        4.1667927134434062E-002   0.0000000000000000     
   1.0000000000000000        0.0000000000000000        0.0000000000000000     
