X My_beautiful_solution_real My_beautiful_solution_imag
   0.0000000000000000        0.0000000000000000        0.0000000000000000     
   1.6666666666666666E-002   1.7767858280794273        0.0000000000000000     
   3.3333333333333333E-002  0.38073982030273423        0.0000000000000000     
   5.0000000000000003E-002   1.4776331121272788        0.0000000000000000     
   6.6666666666666666E-002  0.61578838283656534        0.0000000000000000     
   8.3333333333333343E-002   1.2929520987078402        0.0000000000000000     
  0.10000000000000001       0.76089489338040994        0.0000000000000000     
  0.13333333333333333        1.2026027619541255        0.0000000000000000     
  0.16666666666666666       0.81089955774724576        0.0000000000000000     
  0.20000000000000001        1.1582590029873090        0.0000000000000000     
  0.21666666666666667       0.86672518287511324        0.0000000000000000     
  0.23333333333333334        1.0957874701061241        0.0000000000000000     
  0.25000000000000000       0.91580995871033011        0.0000000000000000     
  0.26666666666666672        1.0572208605213107        0.0000000000000000     
  0.28333333333333338       0.94611229481268300        0.0000000000000000     
  0.30000000000000004        1.0334118821551763        0.0000000000000000     
  0.31666666666666671       0.96481934924321711        0.0000000000000000     
  0.33333333333333337        1.0187134822454706        0.0000000000000000     
  0.34999999999999998       0.97636809202941421        0.0000000000000000     
  0.36666666666666664        1.0096394700563156        0.0000000000000000     
  0.40000000000000002       0.98201794867549186        0.0000000000000000     
  0.43333333333333335        1.0065125053716941        0.0000000000000000     
  0.46666666666666667       0.98479091735808089        0.0000000000000000     
  0.50000000000000000        1.0040534576720399        0.0000000000000000     
  0.53333333333333333       0.98697158229928394        0.0000000000000000     
  0.56666666666666665        1.0021196604600298        0.0000000000000000     
  0.59999999999999998       0.98868645907219865        0.0000000000000000     
  0.63333333333333330        1.0005989206802752        0.0000000000000000     
  0.66666666666666674       0.99003503963160333        0.0000000000000000     
  0.69999999999999996       0.99940300961816120        0.0000000000000000     
  0.73333333333333339       0.99109556453574199        0.0000000000000000     
  0.76666666666666672       0.99846254413713242        0.0000000000000000     
  0.80000000000000004       0.99192956222646533        0.0000000000000000     
  0.80833333333333335       0.96327983345982104        0.0000000000000000     
  0.81666666666666665       0.91363504356410874        0.0000000000000000     
  0.82499999999999996       0.87685819436040524        0.0000000000000000     
  0.83333333333333337       0.83219454279708349        0.0000000000000000     
  0.84166666666666679       0.79236473784126860        0.0000000000000000     
  0.85000000000000009       0.74957225270666084        0.0000000000000000     
  0.85833333333333339       0.70859560381066777        0.0000000000000000     
  0.86666666666666670       0.66650602302649176        0.0000000000000000     
  0.87500000000000000       0.62509856178668621        0.0000000000000000     
  0.88333333333333330       0.58327302727775021        0.0000000000000000     
  0.89166666666666661       0.54170373122408733        0.0000000000000000     
  0.90000000000000002       0.49997738579461148        0.0000000000000000     
  0.90833333333333344       0.45834729643418215        0.0000000000000000     
  0.91666666666666674       0.41665821141853121        0.0000000000000000     
  0.92500000000000004       0.37500528503027469        0.0000000000000000     
  0.93333333333333335       0.33333019690264720        0.0000000000000000     
  0.94166666666666665       0.29166869177656951        0.0000000000000000     
  0.94999999999999996       0.24999886158502596        0.0000000000000000     
  0.95833333333333326       0.20833413385296143        0.0000000000000000     
  0.96666666666666667       0.16666627880702214        0.0000000000000000     
  0.97500000000000009       0.12500034050184447        0.0000000000000000     
  0.98333333333333339        8.3333227420071584E-002   0.0000000000000000     
  0.99166666666666670        4.1666834362663760E-002   0.0000000000000000     
   1.0000000000000000        0.0000000000000000        0.0000000000000000     
