  x y order
   0.0000000000000000                0   1.0000000000000000     
   3.3333333333333333E-002           0   1.0000000000000000     
   3.3333333333333333E-002           1   1.0000000000000000     
   0.0000000000000000                1   1.0000000000000000     

   3.3333333333333333E-002           0   1.0000000000000000     
   6.6666666666666666E-002           0   1.0000000000000000     
   6.6666666666666666E-002           1   1.0000000000000000     
   3.3333333333333333E-002           1   1.0000000000000000     

   6.6666666666666666E-002           0   1.0000000000000000     
  0.10000000000000001                0   1.0000000000000000     
  0.10000000000000001                1   1.0000000000000000     
   6.6666666666666666E-002           1   1.0000000000000000     

  0.10000000000000001                0   1.0000000000000000     
  0.13333333333333333                0   1.0000000000000000     
  0.13333333333333333                1   1.0000000000000000     
  0.10000000000000001                1   1.0000000000000000     

  0.13333333333333333                0   1.0000000000000000     
  0.16666666666666666                0   1.0000000000000000     
  0.16666666666666666                1   1.0000000000000000     
  0.13333333333333333                1   1.0000000000000000     

  0.16666666666666666                0   1.0000000000000000     
  0.20000000000000001                0   1.0000000000000000     
  0.20000000000000001                1   1.0000000000000000     
  0.16666666666666666                1   1.0000000000000000     

  0.20000000000000001                0   1.0000000000000000     
  0.23333333333333334                0   1.0000000000000000     
  0.23333333333333334                1   1.0000000000000000     
  0.20000000000000001                1   1.0000000000000000     

  0.23333333333333334                0   1.0000000000000000     
  0.26666666666666672                0   1.0000000000000000     
  0.26666666666666672                1   1.0000000000000000     
  0.23333333333333334                1   1.0000000000000000     

  0.26666666666666672                0   1.0000000000000000     
  0.30000000000000004                0   1.0000000000000000     
  0.30000000000000004                1   1.0000000000000000     
  0.26666666666666672                1   1.0000000000000000     

  0.30000000000000004                0   1.0000000000000000     
  0.33333333333333337                0   1.0000000000000000     
  0.33333333333333337                1   1.0000000000000000     
  0.30000000000000004                1   1.0000000000000000     

  0.33333333333333337                0   1.0000000000000000     
  0.36666666666666664                0   1.0000000000000000     
  0.36666666666666664                1   1.0000000000000000     
  0.33333333333333337                1   1.0000000000000000     

  0.36666666666666664                0   1.0000000000000000     
  0.40000000000000002                0   1.0000000000000000     
  0.40000000000000002                1   1.0000000000000000     
  0.36666666666666664                1   1.0000000000000000     

  0.40000000000000002                0   1.0000000000000000     
  0.43333333333333335                0   1.0000000000000000     
  0.43333333333333335                1   1.0000000000000000     
  0.40000000000000002                1   1.0000000000000000     

  0.43333333333333335                0   1.0000000000000000     
  0.46666666666666667                0   1.0000000000000000     
  0.46666666666666667                1   1.0000000000000000     
  0.43333333333333335                1   1.0000000000000000     

  0.46666666666666667                0   1.0000000000000000     
  0.50000000000000000                0   1.0000000000000000     
  0.50000000000000000                1   1.0000000000000000     
  0.46666666666666667                1   1.0000000000000000     

  0.50000000000000000                0   1.0000000000000000     
  0.53333333333333333                0   1.0000000000000000     
  0.53333333333333333                1   1.0000000000000000     
  0.50000000000000000                1   1.0000000000000000     

  0.53333333333333333                0   1.0000000000000000     
  0.56666666666666665                0   1.0000000000000000     
  0.56666666666666665                1   1.0000000000000000     
  0.53333333333333333                1   1.0000000000000000     

  0.56666666666666665                0   1.0000000000000000     
  0.59999999999999998                0   1.0000000000000000     
  0.59999999999999998                1   1.0000000000000000     
  0.56666666666666665                1   1.0000000000000000     

  0.59999999999999998                0   1.0000000000000000     
  0.63333333333333330                0   1.0000000000000000     
  0.63333333333333330                1   1.0000000000000000     
  0.59999999999999998                1   1.0000000000000000     

  0.63333333333333330                0   1.0000000000000000     
  0.66666666666666674                0   1.0000000000000000     
  0.66666666666666674                1   1.0000000000000000     
  0.63333333333333330                1   1.0000000000000000     

  0.66666666666666674                0   1.0000000000000000     
  0.69999999999999996                0   1.0000000000000000     
  0.69999999999999996                1   1.0000000000000000     
  0.66666666666666674                1   1.0000000000000000     

  0.69999999999999996                0   1.0000000000000000     
  0.73333333333333339                0   1.0000000000000000     
  0.73333333333333339                1   1.0000000000000000     
  0.69999999999999996                1   1.0000000000000000     

  0.73333333333333339                0   1.0000000000000000     
  0.76666666666666672                0   1.0000000000000000     
  0.76666666666666672                1   1.0000000000000000     
  0.73333333333333339                1   1.0000000000000000     

  0.76666666666666672                0   1.0000000000000000     
  0.80000000000000004                0   1.0000000000000000     
  0.80000000000000004                1   1.0000000000000000     
  0.76666666666666672                1   1.0000000000000000     

  0.80000000000000004                0   1.0000000000000000     
  0.80833333333333335                0   1.0000000000000000     
  0.80833333333333335                1   1.0000000000000000     
  0.80000000000000004                1   1.0000000000000000     

  0.80833333333333335                0   1.0000000000000000     
  0.81666666666666665                0   1.0000000000000000     
  0.81666666666666665                1   1.0000000000000000     
  0.80833333333333335                1   1.0000000000000000     

  0.81666666666666665                0   1.0000000000000000     
  0.82499999999999996                0   1.0000000000000000     
  0.82499999999999996                1   1.0000000000000000     
  0.81666666666666665                1   1.0000000000000000     

  0.82499999999999996                0   1.0000000000000000     
  0.83333333333333337                0   1.0000000000000000     
  0.83333333333333337                1   1.0000000000000000     
  0.82499999999999996                1   1.0000000000000000     

  0.83333333333333337                0   1.0000000000000000     
  0.84166666666666679                0   1.0000000000000000     
  0.84166666666666679                1   1.0000000000000000     
  0.83333333333333337                1   1.0000000000000000     

  0.84166666666666679                0   1.0000000000000000     
  0.85000000000000009                0   1.0000000000000000     
  0.85000000000000009                1   1.0000000000000000     
  0.84166666666666679                1   1.0000000000000000     

  0.85000000000000009                0   1.0000000000000000     
  0.85833333333333339                0   1.0000000000000000     
  0.85833333333333339                1   1.0000000000000000     
  0.85000000000000009                1   1.0000000000000000     

  0.85833333333333339                0   1.0000000000000000     
  0.86666666666666670                0   1.0000000000000000     
  0.86666666666666670                1   1.0000000000000000     
  0.85833333333333339                1   1.0000000000000000     

  0.86666666666666670                0   1.0000000000000000     
  0.87500000000000000                0   1.0000000000000000     
  0.87500000000000000                1   1.0000000000000000     
  0.86666666666666670                1   1.0000000000000000     

  0.87500000000000000                0   1.0000000000000000     
  0.88333333333333330                0   1.0000000000000000     
  0.88333333333333330                1   1.0000000000000000     
  0.87500000000000000                1   1.0000000000000000     

  0.88333333333333330                0   1.0000000000000000     
  0.89166666666666661                0   1.0000000000000000     
  0.89166666666666661                1   1.0000000000000000     
  0.88333333333333330                1   1.0000000000000000     

  0.89166666666666661                0   1.0000000000000000     
  0.90000000000000002                0   1.0000000000000000     
  0.90000000000000002                1   1.0000000000000000     
  0.89166666666666661                1   1.0000000000000000     

  0.90000000000000002                0   1.0000000000000000     
  0.90833333333333344                0   1.0000000000000000     
  0.90833333333333344                1   1.0000000000000000     
  0.90000000000000002                1   1.0000000000000000     

  0.90833333333333344                0   1.0000000000000000     
  0.91666666666666674                0   1.0000000000000000     
  0.91666666666666674                1   1.0000000000000000     
  0.90833333333333344                1   1.0000000000000000     

  0.91666666666666674                0   1.0000000000000000     
  0.92500000000000004                0   1.0000000000000000     
  0.92500000000000004                1   1.0000000000000000     
  0.91666666666666674                1   1.0000000000000000     

  0.92500000000000004                0   1.0000000000000000     
  0.93333333333333335                0   1.0000000000000000     
  0.93333333333333335                1   1.0000000000000000     
  0.92500000000000004                1   1.0000000000000000     

  0.93333333333333335                0   1.0000000000000000     
  0.94166666666666665                0   1.0000000000000000     
  0.94166666666666665                1   1.0000000000000000     
  0.93333333333333335                1   1.0000000000000000     

  0.94166666666666665                0   1.0000000000000000     
  0.94999999999999996                0   1.0000000000000000     
  0.94999999999999996                1   1.0000000000000000     
  0.94166666666666665                1   1.0000000000000000     

  0.94999999999999996                0   1.0000000000000000     
  0.95833333333333326                0   1.0000000000000000     
  0.95833333333333326                1   1.0000000000000000     
  0.94999999999999996                1   1.0000000000000000     

  0.95833333333333326                0   1.0000000000000000     
  0.96666666666666667                0   1.0000000000000000     
  0.96666666666666667                1   1.0000000000000000     
  0.95833333333333326                1   1.0000000000000000     

  0.96666666666666667                0   1.0000000000000000     
  0.97500000000000009                0   1.0000000000000000     
  0.97500000000000009                1   1.0000000000000000     
  0.96666666666666667                1   1.0000000000000000     

  0.97500000000000009                0   1.0000000000000000     
  0.98333333333333339                0   1.0000000000000000     
  0.98333333333333339                1   1.0000000000000000     
  0.97500000000000009                1   1.0000000000000000     

  0.98333333333333339                0   1.0000000000000000     
  0.99166666666666670                0   1.0000000000000000     
  0.99166666666666670                1   1.0000000000000000     
  0.98333333333333339                1   1.0000000000000000     

  0.99166666666666670                0   1.0000000000000000     
   1.0000000000000000                0   1.0000000000000000     
   1.0000000000000000                1   1.0000000000000000     
  0.99166666666666670                1   1.0000000000000000     

