X My_beautiful_solution_real My_beautiful_solution_imag
   0.0000000000000000        0.0000000000000000        0.0000000000000000     
   2.0833333333333333E-003   2.0833333333333333E-003   0.0000000000000000     
   4.1666666666666666E-003   4.1666666666666571E-003   0.0000000000000000     
   8.3333333333333332E-003   8.3333333333333523E-003   0.0000000000000000     
   1.6666666666666666E-002   1.6666666666666628E-002   0.0000000000000000     
   3.3333333333333333E-002   3.3333333333333388E-002   0.0000000000000000     
   6.6666666666666666E-002   6.6666666666666610E-002   0.0000000000000000     
  0.10000000000000001       0.10000000000000007        0.0000000000000000     
  0.13333333333333333       0.13333333333333333        0.0000000000000000     
  0.16666666666666666       0.16666666666666682        0.0000000000000000     
  0.20000000000000001       0.20000000000000001        0.0000000000000000     
  0.23333333333333334       0.23333333333333345        0.0000000000000000     
  0.26666666666666672       0.26666666666666666        0.0000000000000000     
  0.30000000000000004       0.30000000000000010        0.0000000000000000     
  0.33333333333333337       0.33333333333333343        0.0000000000000000     
  0.36666666666666664       0.36666666666666664        0.0000000000000000     
  0.40000000000000002       0.40000000000000008        0.0000000000000000     
  0.43333333333333335       0.43333333333333374        0.0000000000000000     
  0.46666666666666667       0.46666666666666667        0.0000000000000000     
  0.50000000000000000       0.50000000000000033        0.0000000000000000     
  0.53333333333333333       0.53333333333333333        0.0000000000000000     
  0.56666666666666665       0.56666666666666721        0.0000000000000000     
  0.59999999999999998       0.59999999999999998        0.0000000000000000     
  0.63333333333333330       0.63333333333333375        0.0000000000000000     
  0.66666666666666674       0.66666666666666663        0.0000000000000000     
  0.69999999999999996       0.70000000000000062        0.0000000000000000     
  0.73333333333333339       0.73333333333333317        0.0000000000000000     
  0.76666666666666672       0.76666666666666872        0.0000000000000000     
  0.80000000000000004       0.79999999999999971        0.0000000000000000     
  0.80208333333333337       0.80208333333333848        0.0000000000000000     
  0.80416666666666670       0.80416666666640835        0.0000000000000000     
  0.80833333333333335       0.80833333333406754        0.0000000000000000     
  0.81666666666666665       0.81666666666546828        0.0000000000000000     
  0.82499999999999996       0.82500000000195495        0.0000000000000000     
  0.83333333333333337       0.83333333333014337        0.0000000000000000     
  0.84166666666666679       0.84166666667187073        0.0000000000000000     
  0.85000000000000009       0.84999999999150855        0.0000000000000000     
  0.85833333333333339       0.85833333334718720        0.0000000000000000     
  0.86666666666666670       0.86666666664406256        0.0000000000000000     
  0.87500000000000000       0.87500000003688028        0.0000000000000000     
  0.88333333333333330       0.88333333327316033        0.0000000000000000     
  0.89166666666666661       0.89166666676484341        0.0000000000000000     
  0.90000000000000002       0.89999999983981660        0.0000000000000000     
  0.90833333333333344       0.90833333359468604        0.0000000000000000     
  0.91666666666666674       0.91666666624025017        0.0000000000000000     
  0.92500000000000004       0.92500000069573285        0.0000000000000000     
  0.93333333333333335       0.93333333219819092        0.0000000000000000     
  0.94166666666666665       0.94166666851874137        0.0000000000000000     
  0.94999999999999996       0.94999999697819415        0.0000000000000000     
  0.95833333333333326       0.95833333826364853        0.0000000000000000     
  0.96666666666666667       0.96666665862246870        0.0000000000000000     
  0.97500000000000009       0.97500001312474416        0.0000000000000000     
  0.98333333333333339       0.98333331191927731        0.0000000000000000     
  0.98750000000000004       0.98750006094769838        0.0000000000000000     
  0.98958333333333337       0.98958034689612318        0.0000000000000000     
  0.99166666666666670       0.99181300208997003        0.0000000000000000     
  0.99583333333333335       0.99541684020546994        0.0000000000000000     
  0.99791666666666667        1.0183248299319709        0.0000000000000000     
   1.0000000000000000        0.0000000000000000        0.0000000000000000     
