X My_beautiful_solution_real My_beautiful_solution_imag
   0.0000000000000000        0.0000000000000000        0.0000000000000000     
   3.3333333333333333E-002   1.8837140865590958        0.0000000000000000     
   6.6666666666666666E-002  0.21325065130857707        0.0000000000000000     
  0.10000000000000001        1.6946050184175272        0.0000000000000000     
  0.13333333333333333       0.38095114569826932        0.0000000000000000     
  0.16666666666666666        1.5458894856568566        0.0000000000000000     
  0.20000000000000001       0.51283095776905296        0.0000000000000000     
  0.23333333333333334        1.4289394636318222        0.0000000000000000     
  0.26666666666666672       0.61654135465917859        0.0000000000000000     
  0.30000000000000004        1.3369698663896354        0.0000000000000000     
  0.33333333333333337       0.69809929938338100        0.0000000000000000     
  0.36666666666666664        1.2646448965398707        0.0000000000000000     
  0.40000000000000002       0.76223653679732328        0.0000000000000000     
  0.43333333333333335        1.2077684784558085        0.0000000000000000     
  0.46666666666666667       0.81267411509828391        0.0000000000000000     
  0.50000000000000000        1.1630408146794848        0.0000000000000000     
  0.53333333333333333       0.85233826976785365        0.0000000000000000     
  0.56666666666666665        1.1278669416706208        0.0000000000000000     
  0.59999999999999998       0.88353019488892170        0.0000000000000000     
  0.63333333333333330        1.1002061778840133        0.0000000000000000     
  0.66666666666666674       0.90805955145440376        0.0000000000000000     
  0.69999999999999996        1.0784537296089629        0.0000000000000000     
  0.73333333333333339       0.92734945841529759        0.0000000000000000     
  0.76666666666666672        1.0613475857002459        0.0000000000000000     
  0.80000000000000004       0.94251905773057454        0.0000000000000000     
  0.81666666666666665       0.96784538180035862        0.0000000000000000     
  0.83333333333333337       0.79913660336457604        0.0000000000000000     
  0.85000000000000009       0.78288397689745215        0.0000000000000000     
  0.86666666666666670       0.64684437388352589        0.0000000000000000     
  0.88333333333333330       0.60492310958494444        0.0000000000000000     
  0.90000000000000002       0.48905172201002017        0.0000000000000000     
  0.91666666666666674       0.43128400272365092        0.0000000000000000     
  0.93333333333333335       0.32786340121056035        0.0000000000000000     
  0.94999999999999996       0.26031292144703683        0.0000000000000000     
  0.96666666666666667       0.16457877459456718        0.0000000000000000     
  0.98333333333333339        9.0988937597697606E-002   0.0000000000000000     
   1.0000000000000000        0.0000000000000000        0.0000000000000000     
