X My_beautiful_solution_real My_beautiful_solution_imag
   0.0000000000000000        0.0000000000000000        0.0000000000000000     
   1.6666666666666666E-002   1.6666722044927185E-002   0.0000000000000000     
   3.3333333333333333E-002   3.3333318230171369E-002   0.0000000000000000     
   5.0000000000000003E-002   5.0000074600466619E-002   0.0000000000000000     
   6.6666666666666666E-002   6.6666627098878731E-002   0.0000000000000000     
   8.3333333333333343E-002   8.3333439070596649E-002   0.0000000000000000     
  0.10000000000000001        9.9999920803561723E-002   0.0000000000000000     
  0.13333333333333333       0.13333347448343316        0.0000000000000000     
  0.16666666666666666       0.16666655934088306        0.0000000000000000     
  0.20000000000000001       0.20000017287042546        0.0000000000000000     
  0.21666666666666667       0.21666650202802210        0.0000000000000000     
  0.23333333333333334       0.23333359825168692        0.0000000000000000     
  0.25000000000000000       0.24999971820944686        0.0000000000000000     
  0.26666666666666672       0.26666708068744932        0.0000000000000000     
  0.28333333333333338       0.28333286177605238        0.0000000000000000     
  0.30000000000000004       0.30000065554207261        0.0000000000000000     
  0.31666666666666671       0.31666588771865289        0.0000000000000000     
  0.33333333333333337       0.33333438009997490        0.0000000000000000     
  0.34999999999999998       0.34999872312980768        0.0000000000000000     
  0.36666666666666664       0.36666834715244467        0.0000000000000000     
  0.40000000000000002       0.39999815682760037        0.0000000000000000     
  0.43333333333333335       0.43333546364781500        0.0000000000000000     
  0.46666666666666667       0.46666431624062243        0.0000000000000000     
  0.50000000000000000       0.50000270232391042        0.0000000000000000     
  0.53333333333333333       0.53333033787537987        0.0000000000000000     
  0.56666666666666665       0.56667009636698540        0.0000000000000000     
  0.59999999999999998       0.59999618430907597        0.0000000000000000     
  0.63333333333333330       0.63333768797721501        0.0000000000000000     
  0.66666666666666674       0.66666180795427832        0.0000000000000000     
  0.69999999999999996       0.70000553081702266        0.0000000000000000     
  0.73333333333333339       0.73332714829804169        0.0000000000000000     
  0.76666666666666672       0.76667369312441047        0.0000000000000000     
  0.80000000000000004       0.79999212839112943        0.0000000000000000     
  0.80833333333333335       0.80834624060684623        0.0000000000000000     
  0.81666666666666665       0.81664567155313272        0.0000000000000000     
  0.82499999999999996       0.82503431930743709        0.0000000000000000     
  0.83333333333333337       0.83327740279602847        0.0000000000000000     
  0.84166666666666679       0.84175798587604589        0.0000000000000000     
  0.85000000000000009       0.84985106962268409        0.0000000000000000     
  0.85833333333333339       0.85857638912378320        0.0000000000000000     
  0.86666666666666670       0.86627016607813034        0.0000000000000000     
  0.87500000000000000       0.87564698613507252        0.0000000000000000     
  0.88333333333333330       0.88227778849830718        0.0000000000000000     
  0.89166666666666661       0.89338893551969600        0.0000000000000000     
  0.90000000000000002       0.89719004651988610        0.0000000000000000     
  0.90833333333333344       0.91291805839676887        0.0000000000000000     
  0.91666666666666674       0.90918638989588996        0.0000000000000000     
  0.92500000000000004       0.93720472622188511        0.0000000000000000     
  0.93333333333333335       0.91342042309350702        0.0000000000000000     
  0.94166666666666665       0.97415621591700141        0.0000000000000000     
  0.94999999999999996       0.89699079955586125        0.0000000000000000     
  0.95833333333333326        1.0448220929170198        0.0000000000000000     
  0.96666666666666667       0.82555349146811263        0.0000000000000000     
  0.97500000000000009        1.2052373499724682        0.0000000000000000     
  0.98333333333333339       0.60768298434255519        0.0000000000000000     
  0.99166666666666670        1.6045699317738180        0.0000000000000000     
   1.0000000000000000        0.0000000000000000        0.0000000000000000     
