X My_beautiful_solution_real My_beautiful_solution_imag
   0.0000000000000000        0.0000000000000000        0.0000000000000000     
   8.3333333333333332E-003   1.6048387122414676        0.0000000000000000     
   1.6666666666666666E-002  0.62122788860960054        0.0000000000000000     
   2.5000000000000001E-002   1.2240861353517123        0.0000000000000000     
   3.3333333333333333E-002  0.85459237121945042        0.0000000000000000     
   4.1666666666666671E-002   1.0810562911714825        0.0000000000000000     
   5.0000000000000003E-002  0.94225582410410758        0.0000000000000000     
   6.6666666666666666E-002   1.0364418553283976        0.0000000000000000     
   7.5000000000000011E-002  0.96960015574986924        0.0000000000000000     
   8.3333333333333343E-002   1.0105676490399351        0.0000000000000000     
   9.1666666666666674E-002  0.98545854024924928        0.0000000000000000     
  0.10000000000000001        1.0008479940241861        0.0000000000000000     
  0.11666666666666667       0.99040515039119270        0.0000000000000000     
  0.13333333333333333       0.99861024181711611        0.0000000000000000     
  0.14999999999999999       0.99216338426817718        0.0000000000000000     
  0.16666666666666666       0.99722877234234308        0.0000000000000000     
  0.20000000000000001       0.99302354450718655        0.0000000000000000     
  0.21666666666666667       0.99655293215454954        0.0000000000000000     
  0.23333333333333334       0.99377984186019286        0.0000000000000000     
  0.25000000000000000       0.99595869852004515        0.0000000000000000     
  0.26666666666666672       0.99424673971587518        0.0000000000000000     
  0.28333333333333338       0.99559185020486562        0.0000000000000000     
  0.30000000000000004       0.99453497767780163        0.0000000000000000     
  0.31666666666666671       0.99536537752049459        0.0000000000000000     
  0.33333333333333337       0.99471292050123594        0.0000000000000000     
  0.34999999999999998       0.99522556530208006        0.0000000000000000     
  0.36666666666666664       0.99482277295855981        0.0000000000000000     
  0.40000000000000002       0.99515716660223674        0.0000000000000000     
  0.43333333333333335       0.99486062884274973        0.0000000000000000     
  0.46666666666666667       0.99512359628984182        0.0000000000000000     
  0.50000000000000000       0.99489039874242069        0.0000000000000000     
  0.53333333333333333       0.99509719656749240        0.0000000000000000     
  0.56666666666666665       0.99491380981695687        0.0000000000000000     
  0.59999999999999998       0.99507643580328076        0.0000000000000000     
  0.63333333333333330       0.99493222030597472        0.0000000000000000     
  0.66666666666666674       0.99506010952056700        0.0000000000000000     
  0.69999999999999996       0.99494669833026794        0.0000000000000000     
  0.73333333333333339       0.99504727051789188        0.0000000000000000     
  0.76666666666666672       0.99495808386094231        0.0000000000000000     
  0.80000000000000004       0.99503717391521840        0.0000000000000000     
  0.80416666666666670       0.98091036446633140        0.0000000000000000     
  0.80833333333333335       0.95772068490332796        0.0000000000000000     
  0.81666666666666665       0.91704216342974909        0.0000000000000000     
  0.82499999999999996       0.87476985938667395        0.0000000000000000     
  0.83333333333333337       0.83347438982167643        0.0000000000000000     
  0.84166666666666679       0.79158021525398603        0.0000000000000000     
  0.85000000000000009       0.75005298891375327        0.0000000000000000     
  0.85833333333333339       0.70830085882120841        0.0000000000000000     
  0.86666666666666670       0.66668657296395128        0.0000000000000000     
  0.87500000000000000       0.62498780193022729        0.0000000000000000     
  0.88333333333333330       0.58334081213369282        0.0000000000000000     
  0.89166666666666661       0.54166208544984817        0.0000000000000000     
  0.90000000000000002       0.50000281040661287        0.0000000000000000     
  0.90833333333333344       0.45833161339010098        0.0000000000000000     
  0.91666666666666674       0.41666772338946845        0.0000000000000000     
  0.92500000000000004       0.37499935489523267        0.0000000000000000     
  0.93333333333333335       0.33333373128417310        0.0000000000000000     
  0.94166666666666665       0.29166642532536052        0.0000000000000000     
  0.94999999999999996       0.25000015048291252        0.0000000000000000     
  0.95833333333333326       0.20833324366591843        0.0000000000000000     
  0.96666666666666667       0.16666672418816175        0.0000000000000000     
  0.97500000000000009       0.12499996730893662        0.0000000000000000     
  0.98333333333333339        8.3333355933837991E-002   0.0000000000000000     
  0.98750000000000004        6.2499994207537393E-002   0.0000000000000000     
  0.99166666666666670        4.1666670850111567E-002   0.0000000000000000     
   1.0000000000000000        0.0000000000000000        0.0000000000000000     
