X My_beautiful_solution_real My_beautiful_solution_imag
   0.0000000000000000        0.0000000000000000        0.0000000000000000     
   2.0833333333333333E-003   1.0153061224489797        0.0000000000000000     
   4.1666666666666666E-003  0.99458558933777619        0.0000000000000000     
   8.3333333333333332E-003  0.99514560374618688        0.0000000000000000     
   1.6666666666666666E-002  0.99491075899427273        0.0000000000000000     
   3.3333333333333333E-002  0.99507011793307143        0.0000000000000000     
   6.6666666666666666E-002  0.99493781994614428        0.0000000000000000     
  0.10000000000000001       0.99505514080247559        0.0000000000000000     
  0.13333333333333333       0.99495110155252142        0.0000000000000000     
  0.16666666666666666       0.99504336277417860        0.0000000000000000     
  0.20000000000000001       0.99496154621912436        0.0000000000000000     
  0.23333333333333334       0.99503410052266328        0.0000000000000000     
  0.26666666666666672       0.99496975991386483        0.0000000000000000     
  0.30000000000000004       0.99502681668015780        0.0000000000000000     
  0.33333333333333337       0.99497621917042622        0.0000000000000000     
  0.36666666666666664       0.99502108866018768        0.0000000000000000     
  0.40000000000000002       0.99498129873530505        0.0000000000000000     
  0.43333333333333335       0.99501658414038907        0.0000000000000000     
  0.46666666666666667       0.99498529330946561        0.0000000000000000     
  0.50000000000000000       0.99501304178217120        0.0000000000000000     
  0.53333333333333333       0.99498843464599807        0.0000000000000000     
  0.56666666666666665       0.99501025606864235        0.0000000000000000     
  0.59999999999999998       0.99499090499573128        0.0000000000000000     
  0.63333333333333330       0.99500806538114295        0.0000000000000000     
  0.66666666666666674       0.99499284768087226        0.0000000000000000     
  0.69999999999999996       0.99500634262262111        0.0000000000000000     
  0.73333333333333339       0.99499437541012659        0.0000000000000000     
  0.76666666666666672       0.99500498784384916        0.0000000000000000     
  0.80000000000000004       0.99499557681771789        0.0000000000000000     
  0.80208333333333337       0.98968546441868621        0.0000000000000000     
  0.80416666666666670       0.97916458235880255        0.0000000000000000     
  0.80833333333333335       0.95833406565771839        0.0000000000000000     
  0.81666666666666665       0.91666621782268942        0.0000000000000000     
  0.82499999999999996       0.87500027509792233        0.0000000000000000     
  0.83333333333333337       0.83333316472492958        0.0000000000000000     
  0.84166666666666679       0.79166677000730079        0.0000000000000000     
  0.85000000000000009       0.74999993666219167        0.0000000000000000     
  0.85833333333333339       0.70833337215328029        0.0000000000000000     
  0.86666666666666670       0.66666664287379607        0.0000000000000000     
  0.87500000000000000       0.62500001458272714        0.0000000000000000     
  0.88333333333333330       0.58333332439553309        0.0000000000000000     
  0.89166666666666661       0.54166667214467390        0.0000000000000000     
  0.90000000000000002       0.49999999664251199        0.0000000000000000     
  0.90833333333333344       0.45833333539114801        0.0000000000000000     
  0.91666666666666674       0.41666666540542480        0.0000000000000000     
  0.92500000000000004       0.37500000077301893        0.0000000000000000     
  0.93333333333333335       0.33333333285954747        0.0000000000000000     
  0.94166666666666665       0.29166666695705157        0.0000000000000000     
  0.94999999999999996       0.24999999982202242        0.0000000000000000     
  0.95833333333333326       0.20833333344241689        0.0000000000000000     
  0.96666666666666667       0.16666666659980925        0.0000000000000000     
  0.97500000000000009       0.12500000004097667        0.0000000000000000     
  0.98333333333333339        8.3333333308218085E-002   0.0000000000000000     
  0.98750000000000004        6.2500000008823969E-002   0.0000000000000000     
  0.98958333333333337        5.2083333333153077E-002   0.0000000000000000     
  0.99166666666666670        4.1666666666670189E-002   0.0000000000000000     
  0.99583333333333335        2.0833333333331986E-002   0.0000000000000000     
  0.99791666666666667        1.0416666666666659E-002   0.0000000000000000     
   1.0000000000000000        0.0000000000000000        0.0000000000000000     
