X My_beautiful_solution_real My_beautiful_solution_imag
   0.0000000000000000        0.0000000000000000        0.0000000000000000     
   4.1666666666666666E-003   1.3445945945951139        0.0000000000000000     
   8.3333333333333332E-003  0.87216946676439822        0.0000000000000000     
   1.6666666666666666E-002   1.0702832300482470        0.0000000000000000     
   2.5000000000000001E-002  0.94885866545491993        0.0000000000000000     
   3.3333333333333333E-002   1.0232801727863141        0.0000000000000000     
   4.1666666666666671E-002  0.97766699087352460        0.0000000000000000     
   5.0000000000000003E-002   1.0056234572071694        0.0000000000000000     
   6.6666666666666666E-002  0.98665299790933891        0.0000000000000000     
   7.5000000000000011E-002   1.0001159045077987        0.0000000000000000     
   8.3333333333333343E-002  0.99186444562487208        0.0000000000000000     
   9.1666666666666674E-002  0.99692179139182702        0.0000000000000000     
  0.10000000000000001       0.99382212785724200        0.0000000000000000     
  0.11666666666666667       0.99592547096999540        0.0000000000000000     
  0.13333333333333333       0.99427284423854623        0.0000000000000000     
  0.14999999999999999       0.99557133667040032        0.0000000000000000     
  0.16666666666666666       0.99455109261680041        0.0000000000000000     
  0.20000000000000001       0.99539808768016591        0.0000000000000000     
  0.21666666666666667       0.99468721682341199        0.0000000000000000     
  0.23333333333333334       0.99524575821086148        0.0000000000000000     
  0.25000000000000000       0.99480690426358054        0.0000000000000000     
  0.26666666666666672       0.99515171807930103        0.0000000000000000     
  0.28333333333333338       0.99488079293837772        0.0000000000000000     
  0.30000000000000004       0.99509366269196020        0.0000000000000000     
  0.31666666666666671       0.99492640788557285        0.0000000000000000     
  0.33333333333333337       0.99505782237630591        0.0000000000000000     
  0.34999999999999998       0.99495456813358718        0.0000000000000000     
  0.36666666666666664       0.99503569646715195        0.0000000000000000     
  0.40000000000000002       0.99496834464306050        0.0000000000000000     
  0.43333333333333335       0.99502807173234920        0.0000000000000000     
  0.46666666666666667       0.99497510620033824        0.0000000000000000     
  0.50000000000000000       0.99502207563438549        0.0000000000000000     
  0.53333333333333333       0.99498042349475790        0.0000000000000000     
  0.56666666666666665       0.99501736029782373        0.0000000000000000     
  0.59999999999999998       0.99498460501963326        0.0000000000000000     
  0.63333333333333330       0.99501365215312276        0.0000000000000000     
  0.66666666666666674       0.99498789337436788        0.0000000000000000     
  0.69999999999999996       0.99501073606496182        0.0000000000000000     
  0.73333333333333339       0.99499047933934071        0.0000000000000000     
  0.76666666666666672       0.99500844285074042        0.0000000000000000     
  0.80000000000000004       0.99499251294440461        0.0000000000000000     
  0.80416666666666670       0.98092605401104149        0.0000000000000000     
  0.80833333333333335       0.95771517021285391        0.0000000000000000     
  0.81666666666666665       0.91704554083790069        0.0000000000000000     
  0.82499999999999996       0.87476778679889378        0.0000000000000000     
  0.83333333333333337       0.83347565755398356        0.0000000000000000     
  0.84166666666666679       0.79157943569333622        0.0000000000000000     
  0.85000000000000009       0.75005346414556107        0.0000000000000000     
  0.85833333333333339       0.70830056498667071        0.0000000000000000     
  0.86666666666666670       0.66668675049265758        0.0000000000000000     
  0.87500000000000000       0.62498769055888159        0.0000000000000000     
  0.88333333333333330       0.58334087783012101        0.0000000000000000     
  0.89166666666666661       0.54166204262086681        0.0000000000000000     
  0.90000000000000002       0.50000283409320490        0.0000000000000000     
  0.90833333333333344       0.45833159630908277        0.0000000000000000     
  0.91666666666666674       0.41666773129505014        0.0000000000000000     
  0.92500000000000004       0.37499934748644675        0.0000000000000000     
  0.93333333333333335       0.33333373326161242        0.0000000000000000     
  0.94166666666666665       0.29166642154995226        0.0000000000000000     
  0.94999999999999996       0.25000015023344313        0.0000000000000000     
  0.95833333333333326       0.20833324125538957        0.0000000000000000     
  0.96666666666666667       0.16666672310215325        0.0000000000000000     
  0.97500000000000009       0.12499996541112544        0.0000000000000000     
  0.98333333333333339        8.3333354533583273E-002   0.0000000000000000     
  0.98750000000000004        6.2499992551780764E-002   0.0000000000000000     
  0.98958333333333337        5.2083333485728439E-002   0.0000000000000000     
  0.99166666666666670        4.1666666663947208E-002   0.0000000000000000     
  0.99583333333333335        2.0833333334806216E-002   0.0000000000000000     
   1.0000000000000000        0.0000000000000000        0.0000000000000000     
