X My_beautiful_solution_real My_beautiful_solution_imag
   0.0000000000000000        0.0000000000000000        0.0000000000000000     
   3.3333333333333333E-002   9.2836594392076865E-002   0.0000000000000000     
   6.6666666666666666E-002   5.9070505680444113E-002   0.0000000000000000     
  0.10000000000000001       0.16806914472405832        0.0000000000000000     
  0.13333333333333333       0.11607777161813876        0.0000000000000000     
  0.16666666666666666       0.24562832710637431        0.0000000000000000     
  0.20000000000000001       0.17046138864800939        0.0000000000000000     
  0.23333333333333334       0.32614609229964070        0.0000000000000000     
  0.26666666666666672       0.22150873144425492        0.0000000000000000     
  0.30000000000000004       0.41042603907550557        0.0000000000000000     
  0.33333333333333337       0.26831361415799609        0.0000000000000000     
  0.36666666666666664       0.49949003658270547        0.0000000000000000     
  0.40000000000000002       0.30972371625980627        0.0000000000000000     
  0.43333333333333335       0.59463751009910415        0.0000000000000000     
  0.46666666666666667       0.34427372839379666        0.0000000000000000     
  0.50000000000000000       0.69752082974942708        0.0000000000000000     
  0.53333333333333333       0.37010033956825522        0.0000000000000000     
  0.56666666666666665       0.81024117601369017        0.0000000000000000     
  0.59999999999999998       0.38483413349720691        0.0000000000000000     
  0.63333333333333330       0.93547044385267408        0.0000000000000000     
  0.66666666666666674       0.38546212224615467        0.0000000000000000     
  0.69999999999999996        1.0766062579584712        0.0000000000000000     
  0.73333333333333339       0.36815294180061070        0.0000000000000000     
  0.76666666666666672        1.2379690926452902        0.0000000000000000     
  0.80000000000000004       0.32803456793391406        0.0000000000000000     
  0.83333333333333337        1.4250529326793664        0.0000000000000000     
  0.86666666666666670       0.25891165612243799        0.0000000000000000     
  0.90000000000000002        1.6448440176298960        0.0000000000000000     
  0.93333333333333335       0.15290610642645042        0.0000000000000000     
  0.96666666666666667        1.9062261623225347        0.0000000000000000     
   1.0000000000000000        0.0000000000000000        0.0000000000000000     
