X My_beautiful_solution_real My_beautiful_solution_imag
   0.0000000000000000        0.0000000000000000        0.0000000000000000     
   4.5454545454545461E-003  -7.4514533600184814E-006   0.0000000000000000     
   9.0909090909090922E-003  -2.9267933471973668E-005   0.0000000000000000     
   1.3636363636363637E-002  -5.2841853466011952E-005   0.0000000000000000     
   1.5909090909090911E-002  -6.0750443557660070E-005   0.0000000000000000     
   1.8181818181818184E-002  -6.4230082215092495E-005   0.0000000000000000     
   2.0454545454545454E-002  -6.2738913038683025E-005   0.0000000000000000     
   2.2727272727272728E-002  -5.6509143921465929E-005   0.0000000000000000     
   2.5000000000000001E-002  -4.6510887164368465E-005   0.0000000000000000     
   2.7272727272727271E-002  -3.4301091618204982E-005   0.0000000000000000     
   3.1818181818181822E-002  -1.0782099277823727E-005   0.0000000000000000     
   3.4090909090909095E-002  -3.1353277429566542E-006   0.0000000000000000     
   3.6363636363636369E-002  -3.1547637169283431E-008   0.0000000000000000     
   3.8636363636363642E-002  -1.9540859029764261E-006   0.0000000000000000     
   4.0909090909090916E-002  -8.6035609765399488E-006   0.0000000000000000     
   4.3181818181818189E-002  -1.8944503092897681E-005   0.0000000000000000     
   4.5454545454545463E-002  -3.1366599741024019E-005   0.0000000000000000     
   5.0000000000000003E-002  -5.4824609780816555E-005   0.0000000000000000     
   5.2272727272727276E-002  -6.2207594200847891E-005   0.0000000000000000     
   5.4545454545454543E-002  -6.4934716728721537E-005   0.0000000000000000     
   5.6818181818181823E-002  -6.2581304305027563E-005   0.0000000000000000     
   5.9090909090909097E-002  -5.5513835092667830E-005   0.0000000000000000     
   6.1363636363636370E-002  -4.4832869752933412E-005   0.0000000000000000     
   6.3636363636363644E-002  -3.2201669903854068E-005   0.0000000000000000     
   6.8181818181818191E-002  -8.8106811125121876E-006   0.0000000000000000     
   7.2727272727272738E-002   1.0007688643393880E-006   0.0000000000000000     
   7.5000000000000011E-002  -1.4921506084451013E-006   0.0000000000000000     
   7.7272727272727285E-002  -8.7839403913398249E-006   0.0000000000000000     
   7.9545454545454558E-002  -1.9739108168166930E-005   0.0000000000000000     
   8.1818181818181832E-002  -3.2651692960428761E-005   0.0000000000000000     
   8.6363636363636379E-002  -5.6462832303057694E-005   0.0000000000000000     
   9.0909090909090925E-002  -6.6315675182112074E-005   0.0000000000000000     
   9.3181818181818199E-002  -6.3682301887801315E-005   0.0000000000000000     
   9.5454545454545459E-002  -5.6163422224873653E-005   0.0000000000000000     
   9.7727272727272732E-002  -4.4929891406893689E-005   0.0000000000000000     
  0.10000000000000001       -3.1731017670542369E-005   0.0000000000000000     
  0.10454545454545455       -7.4906846724909602E-006   0.0000000000000000     
  0.10909090909090909        2.4072930668012248E-006   0.0000000000000000     
  0.11136363636363636       -3.6753416367052507E-007   0.0000000000000000     
  0.11363636363636365       -8.1163592613695362E-006   0.0000000000000000     
  0.11590909090909092       -1.9632519442560001E-005   0.0000000000000000     
  0.11818181818181819       -3.3122694852041213E-005   0.0000000000000000     
  0.12272727272727274       -5.7801427610793072E-005   0.0000000000000000     
  0.12727272727272729       -6.7748299309883033E-005   0.0000000000000000     
  0.12954545454545457       -6.4830964306588168E-005   0.0000000000000000     
  0.13181818181818183       -5.6849250889643707E-005   0.0000000000000000     
  0.13409090909090909       -4.5046087684904261E-005   0.0000000000000000     
  0.13636363636363638       -3.1259487241361997E-005   0.0000000000000000     
  0.14090909090909093       -6.1329821191519582E-006   0.0000000000000000     
  0.14545454545454548        3.8665612084689363E-006   0.0000000000000000     
  0.14772727272727276        8.0561047343091080E-007   0.0000000000000000     
  0.15000000000000002       -7.4120225946314918E-006   0.0000000000000000     
  0.15227272727272728       -1.9506671482588285E-005   0.0000000000000000     
  0.15454545454545454       -3.3594932898786728E-005   0.0000000000000000     
  0.15909090909090912       -5.9178753044262697E-005   0.0000000000000000     
  0.16363636363636366       -6.9234765673021332E-005   0.0000000000000000     
  0.16818181818181821       -5.7951673447874650E-005   0.0000000000000000     
  0.17272727272727273       -3.1849894174954538E-005   0.0000000000000000     
  0.17727272727272730       -6.0134582731158638E-006   0.0000000000000000     
  0.18181818181818185        4.6269438635779239E-006   0.0000000000000000     
  0.18636363636363640       -6.0776995935519410E-006   0.0000000000000000     
  0.19090909090909092       -3.1941252219013474E-005   0.0000000000000000     
  0.19545454545454546       -5.8017353059288643E-005   0.0000000000000000     
  0.20000000000000001       -6.9236811076970871E-005   0.0000000000000000     
  0.20227272727272727       -6.6657620550793553E-005   0.0000000000000000     
  0.20454545454545456       -5.8729600990289123E-005   0.0000000000000000     
  0.20681818181818185       -4.6687319704923663E-005   0.0000000000000000     
  0.20909090909090911       -3.2406025196904805E-005   0.0000000000000000     
  0.21363636363636365       -5.8646699550826911E-006   0.0000000000000000     
  0.21818181818181820        5.3946678232530766E-006   0.0000000000000000     
  0.22045454545454546        2.6557189523183264E-006   0.0000000000000000     
  0.22272727272727272       -5.5280149019393900E-006   0.0000000000000000     
  0.22499999999999998       -1.7882146080820315E-005   0.0000000000000000     
  0.22727272727272727       -3.2482864183265114E-005   0.0000000000000000     
  0.23181818181818181       -5.9499553824734697E-005   0.0000000000000000     
  0.23636363636363639       -7.0803047486867946E-005   0.0000000000000000     
  0.24090909090909093       -5.9861137519902917E-005   0.0000000000000000     
  0.24545454545454548       -3.2997074958044758E-005   0.0000000000000000     
  0.25000000000000000       -5.7354082475944995E-006   0.0000000000000000     
  0.25454545454545457        6.1695415887525054E-006   0.0000000000000000     
  0.25681818181818183        3.5975353770388748E-006   0.0000000000000000     
  0.25909090909090915       -4.5659173846861654E-006   0.0000000000000000     
  0.26136363636363641       -1.7049587250646906E-005   0.0000000000000000     
  0.26363636363636367       -3.1909491792311094E-005   0.0000000000000000     
  0.26818181818181819       -5.9655619651824369E-005   0.0000000000000000     
  0.27272727272727276       -7.1598362213543503E-005   0.0000000000000000     
  0.27500000000000002       -6.8857353484266090E-005   0.0000000000000000     
  0.27727272727272734       -6.0424968840132764E-005   0.0000000000000000     
  0.27954545454545460       -4.7614316345906070E-005   0.0000000000000000     
  0.28181818181818186       -3.2420296829163521E-005   0.0000000000000000     
  0.28636363636363638       -4.1791702683949120E-006   0.0000000000000000     
  0.29090909090909095        7.8059006884552328E-006   0.0000000000000000     
  0.29318181818181821        4.8948484486981674E-006   0.0000000000000000     
  0.29545454545454553       -3.8096705677095788E-006   0.0000000000000000     
  0.29772727272727278       -1.6952170978791736E-005   0.0000000000000000     
  0.30000000000000004       -3.2486075925303913E-005   0.0000000000000000     
  0.30454545454545456       -6.1232926732406349E-005   0.0000000000000000     
  0.30909090909090908       -7.3264877829819450E-005   0.0000000000000000     
  0.31136363636363640       -7.0182676506759493E-005   0.0000000000000000     
  0.31363636363636366       -6.1202717275766520E-005   0.0000000000000000     
  0.31590909090909092       -4.7723377628509670E-005   0.0000000000000000     
  0.31818181818181823       -3.1843687714282724E-005   0.0000000000000000     
  0.32272727272727275       -2.5801950494851174E-006   0.0000000000000000     
  0.32727272727272733        9.5032057382785766E-006   0.0000000000000000     
  0.32954545454545459        6.2486847593055810E-006   0.0000000000000000     
  0.33181818181818190       -3.0101251365371577E-006   0.0000000000000000     
  0.33409090909090916       -1.6831423265644341E-005   0.0000000000000000     
  0.33636363636363642       -3.3062929009337302E-005   0.0000000000000000     
  0.33863636363636368       -4.9177039323546515E-005   0.0000000000000000     
  0.34090909090909094       -6.2664432218936919E-005   0.0000000000000000     
  0.34545454545454551       -7.4534033862118392E-005   0.0000000000000000     
  0.34772727272727277       -7.1067884132332127E-005   0.0000000000000000     
  0.35000000000000003       -6.1566130165112575E-005   0.0000000000000000     
  0.35227272727272729       -4.7508404388330818E-005   0.0000000000000000     
  0.35454545454545455       -3.1083804414196671E-005   0.0000000000000000     
  0.35681818181818181       -1.4850002312559663E-005   0.0000000000000000     
  0.35909090909090913       -1.3349587210124713E-006   0.0000000000000000     
  0.36363636363636370        1.0317788108954126E-005   0.0000000000000000     
  0.36590909090909096        6.6409019417888862E-006   0.0000000000000000     
  0.36818181818181822       -3.1013499985791433E-006   0.0000000000000000     
  0.37045454545454548       -1.7391884451397357E-005   0.0000000000000000     
  0.37272727272727274       -3.4005350364539299E-005   0.0000000000000000     
  0.37500000000000000       -5.0354665080506008E-005   0.0000000000000000     
  0.37727272727272732       -6.3893880102770535E-005   0.0000000000000000     
  0.38181818181818189       -7.5326772277232266E-005   0.0000000000000000     
  0.38409090909090915       -7.1440096237371920E-005   0.0000000000000000     
  0.38636363636363641       -6.1459854335039056E-005   0.0000000000000000     
  0.38863636363636367       -4.6940190111271988E-005   0.0000000000000000     
  0.39090909090909093       -3.0142135171540922E-005   0.0000000000000000     
  0.39318181818181819       -1.3681516751505073E-005   0.0000000000000000     
  0.39545454545454550       -1.2161578657069026E-007   0.0000000000000000     
  0.40000000000000002        1.1088478488708026E-005   0.0000000000000000     
  0.40454545454545454        6.5550368209506150E-006   0.0000000000000000     
  0.40909090909090912       -1.7665134569550255E-006   0.0000000000000000     
  0.41363636363636369       -9.0672083195491175E-006   0.0000000000000000     
  0.41818181818181821       -1.1128028740017606E-005   0.0000000000000000     
  0.42272727272727273       -6.7580414266062237E-006   0.0000000000000000     
  0.42727272727272725        1.5173693977828244E-006   0.0000000000000000     
  0.43181818181818177        8.9159033658672337E-006   0.0000000000000000     
  0.43636363636363634        1.1162000935799953E-005   0.0000000000000000     
  0.44090909090909092        6.9576584843668831E-006   0.0000000000000000     
  0.44545454545454544       -1.2674647393209692E-006   0.0000000000000000     
  0.45000000000000001       -8.7601292105674850E-006   0.0000000000000000     
  0.45454545454545459       -1.1190378047091578E-005   0.0000000000000000     
  0.45909090909090911       -7.1537879338303093E-006   0.0000000000000000     
  0.46363636363636362        1.0169247492240100E-006   0.0000000000000000     
  0.46818181818181820        8.5999639372804769E-006   0.0000000000000000     
  0.47272727272727277        1.1213145849531146E-005   0.0000000000000000     
  0.47727272727272729        7.3463314627989904E-006   0.0000000000000000     
  0.48181818181818181       -7.6587501361410073E-007   0.0000000000000000     
  0.48636363636363639       -8.4354878307367095E-006   0.0000000000000000     
  0.49090909090909096       -1.1230292930489374E-005   0.0000000000000000     
  0.49545454545454548       -7.5351925565602708E-006   0.0000000000000000     
  0.50000000000000000        5.1444137412932833E-007   0.0000000000000000     
  0.50454545454545452        8.2667833365225498E-006   0.0000000000000000     
  0.50909090909090904        1.1241810694789910E-005   0.0000000000000000     
  0.51363636363636367        7.7202765462655684E-006   0.0000000000000000     
  0.51818181818181819       -2.6274986484410669E-007   0.0000000000000000     
  0.52272727272727271       -8.0939350197536956E-006   0.0000000000000000     
  0.52727272727272723       -1.1247693369017669E-005   0.0000000000000000     
  0.53181818181818175       -7.9014906563843671E-006   0.0000000000000000     
  0.53636363636363638        1.0926649093177317E-008   0.0000000000000000     
  0.54090909090909089        7.9170295226855392E-006   0.0000000000000000     
  0.54545454545454541        1.1247938004412874E-005   0.0000000000000000     
  0.55000000000000004        8.0787440512082457E-006   0.0000000000000000     
  0.55454545454545456        2.4090204376937950E-007   0.0000000000000000     
  0.55909090909090908       -7.7361555212829332E-006   0.0000000000000000     
  0.56363636363636360       -1.1242544478349155E-005   0.0000000000000000     
  0.56818181818181812       -8.2519478803850897E-006   0.0000000000000000     
  0.57272727272727275       -4.9260998164393218E-007   0.0000000000000000     
  0.57727272727272738        7.5514036807704680E-006   0.0000000000000000     
  0.58181818181818190        1.1231515494394959E-005   0.0000000000000000     
  0.58636363636363642        8.4210153234540276E-006   0.0000000000000000     
  0.59090909090909094        7.4407099296077678E-007   0.0000000000000000     
  0.59545454545454546       -7.3628666101846719E-006   0.0000000000000000     
  0.59999999999999998       -1.1214856580958485E-005   0.0000000000000000     
  0.60454545454545450       -8.5858616333677380E-006   0.0000000000000000     
  0.60909090909090913       -9.9515902992502133E-007   0.0000000000000000     
  0.61363636363636365        7.1706388159542668E-006   0.0000000000000000     
  0.61590909090909096        9.8964967333712596E-006   0.0000000000000000     
  0.61818181818181817        1.1081252077564905E-005   0.0000000000000000     
  0.62272727272727280        8.4767654909802550E-006   0.0000000000000000     
  0.62727272727272732        9.7361712419646225E-007   0.0000000000000000     
  0.63181818181818183       -7.0921775727145282E-006   0.0000000000000000     
  0.63636363636363635       -1.1059453884185963E-005   0.0000000000000000     
  0.64090909090909087       -8.6355513775122492E-006   0.0000000000000000     
  0.64545454545454550       -1.2212258694025037E-006   0.0000000000000000     
  0.65000000000000002        6.8988372809479303E-006   0.0000000000000000     
  0.65454545454545454        1.1032112009234269E-005   0.0000000000000000     
  0.65909090909090917        8.7900085921634837E-006   0.0000000000000000     
  0.66363636363636369        1.4682224607518503E-006   0.0000000000000000     
  0.66818181818181821       -6.7020388657053906E-006   0.0000000000000000     
  0.67272727272727273       -1.0999240158146805E-005   0.0000000000000000     
  0.67727272727272725       -8.9400597114356649E-006   0.0000000000000000     
  0.68181818181818188       -1.7144830882926794E-006   0.0000000000000000     
  0.68636363636363640        6.5018809745114531E-006   0.0000000000000000     
  0.69090909090909092        1.0960854808326255E-005   0.0000000000000000     
  0.69545454545454544        9.0856295204367880E-006   0.0000000000000000     
  0.69999999999999996        1.9598843109839547E-006   0.0000000000000000     
  0.70454545454545459       -6.2984639388674949E-006   0.0000000000000000     
  0.70909090909090911       -1.0916975200881433E-005   0.0000000000000000     
  0.71363636363636362       -9.2266450505850300E-006   0.0000000000000000     
  0.71818181818181825       -2.2043031185707561E-006   0.0000000000000000     
  0.72272727272727277        6.0918897239594886E-006   0.0000000000000000     
  0.72727272727272729        1.0867623330982763E-005   0.0000000000000000     
  0.73181818181818181        9.3630356161842911E-006   0.0000000000000000     
  0.73636363636363633        2.4476169932464398E-006   0.0000000000000000     
  0.74090909090909096       -5.8822618775467582E-006   0.0000000000000000     
  0.74545454545454548       -1.0812823936836382E-005   0.0000000000000000     
  0.75000000000000000       -9.4947328498564807E-006   0.0000000000000000     
  0.75454545454545452       -2.6897039710638963E-006   0.0000000000000000     
  0.75909090909090904        5.6696854780570995E-006   0.0000000000000000     
  0.76363636363636367        1.0752604487284392E-005   0.0000000000000000     
  0.76818181818181819        9.6216707368114562E-006   0.0000000000000000     
  0.77272727272727271        2.9304427030731442E-006   0.0000000000000000     
  0.77727272727272734       -5.4542670819161584E-006   0.0000000000000000     
  0.78181818181818186       -1.0686995168035437E-005   0.0000000000000000     
  0.78636363636363638       -9.7437856479376417E-006   0.0000000000000000     
  0.79090909090909089       -3.1697125161481058E-006   0.0000000000000000     
  0.80000000000000004        1.1294355498330708E-005   0.0000000000000000     
  0.80227272727272725        1.1921156335087801E-005   0.0000000000000000     
  0.80454545454545456        1.0691570492925398E-005   0.0000000000000000     
  0.80681818181818188        7.7970715767369471E-006   0.0000000000000000     
  0.80909090909090908        3.6883968370982596E-006   0.0000000000000000     
  0.81363636363636371       -5.5339827438799407E-006   0.0000000000000000     
  0.81590909090909092       -9.2115599042426617E-006   0.0000000000000000     
  0.81818181818181823       -1.1454694245667442E-005   0.0000000000000000     
  0.82045454545454555       -1.1914080332221526E-005   0.0000000000000000     
  0.82272727272727275       -1.0518181629395367E-005   0.0000000000000000     
  0.82499999999999996       -7.4843703185620961E-006   0.0000000000000000     
  0.82727272727272727       -3.2850776593644186E-006   0.0000000000000000     
  0.83181818181818179        5.9306394618611389E-006   0.0000000000000000     
  0.83409090909090911        9.5119737346783560E-006   0.0000000000000000     
  0.83636363636363642        1.1612084136677199E-005   0.0000000000000000     
  0.83863636363636362        1.1903937210284787E-005   0.0000000000000000     
  0.84090909090909094        1.0342085002062916E-005   0.0000000000000000     
  0.84318181818181825        7.1697423103319239E-006   0.0000000000000000     
  0.84545454545454546        2.8809127827552847E-006   0.0000000000000000     
  0.85000000000000009       -6.3257694168122246E-006   0.0000000000000000     
  0.85227272727272729       -9.8099388359443183E-006   0.0000000000000000     
  0.85454545454545461       -1.1766484653458215E-005   0.0000000000000000     
  0.85681818181818192       -1.1890729580487212E-005   0.0000000000000000     
  0.85909090909090913       -1.0163325944626420E-005   0.0000000000000000     
  0.86136363636363644       -6.8532685487783741E-006   0.0000000000000000     
  0.86363636363636376       -2.4760062540595072E-006   0.0000000000000000     
  0.86818181818181828        6.7192708878623356E-006   0.0000000000000000     
  0.87045454545454559        1.0105378500949755E-005   0.0000000000000000     
  0.87272727272727280        1.1917856047682903E-005   0.0000000000000000     
  0.87500000000000000        1.1874460842954919E-005   0.0000000000000000     
  0.87727272727272732        9.9819504761908778E-006   0.0000000000000000     
  0.88181818181818183        2.1439737592574048E-006   0.0000000000000000     
  0.88636363636363635       -6.9329899655624547E-006   0.0000000000000000     
  0.88863636363636367       -1.0205413715358163E-005   0.0000000000000000     
  0.89090909090909087       -1.1888629712019002E-005   0.0000000000000000     
  0.89318181818181819       -1.1720524141573198E-005   0.0000000000000000     
  0.89545454545454550       -9.7272747449088391E-006   0.0000000000000000     
  0.90000000000000002       -1.8127555126811106E-006   0.0000000000000000     
  0.90454545454545454        7.1493420861140419E-006   0.0000000000000000     
  0.90681818181818186        1.0309324788777213E-005   0.0000000000000000     
  0.90909090909090917        1.1863918494887108E-005   0.0000000000000000     
  0.91136363636363638        1.1571038714815853E-005   0.0000000000000000     
  0.91363636363636369        9.4762932828176165E-006   0.0000000000000000     
  0.91818181818181821        1.4822257227400776E-006   0.0000000000000000     
  0.92272727272727273       -7.3684094167214814E-006   0.0000000000000000     
  0.92500000000000004       -1.0417151185032738E-005   0.0000000000000000     
  0.92727272727272725       -1.1843713011347298E-005   0.0000000000000000     
  0.92954545454545456       -1.1425947790419234E-005   0.0000000000000000     
  0.93181818181818188       -9.2289107710219196E-006   0.0000000000000000     
  0.93636363636363640       -1.1522588593087614E-006   0.0000000000000000     
  0.94090909090909092        7.5902751557842930E-006   0.0000000000000000     
  0.94318181818181812        1.0528933854929910E-005   0.0000000000000000     
  0.94545454545454544        1.1828005587668123E-005   0.0000000000000000     
  0.94772727272727275        1.1285196265084057E-005   0.0000000000000000     
  0.94999999999999996        8.9850332574525606E-006   0.0000000000000000     
  0.95454545454545459        8.2272960605248736E-007   0.0000000000000000     
  0.95909090909090911       -7.8150235644943725E-006   0.0000000000000000     
  0.96136363636363642       -1.0644715251806064E-005   0.0000000000000000     
  0.96363636363636362       -1.1816790258411806E-005   0.0000000000000000     
  0.96590909090909094       -1.1148730683547900E-005   0.0000000000000000     
  0.96818181818181825       -8.7445681211840230E-006   0.0000000000000000     
  0.97272727272727277       -4.9351281283416801E-007   0.0000000000000000     
  0.97727272727272729        8.0427399988372130E-006   0.0000000000000000     
  0.97954545454545450        1.0764539347652788E-005   0.0000000000000000     
  0.98181818181818181        1.1810062764168968E-005   0.0000000000000000     
  0.98409090909090913        1.1016499218283876E-005   0.0000000000000000     
  0.98636363636363633        8.5074240372602864E-006   0.0000000000000000     
  0.99090909090909096        1.6448344818423325E-007   0.0000000000000000     
  0.99545454545454548       -8.2735109420087360E-006   0.0000000000000000     
  0.99772727272727280       -1.0888451649817316E-005   0.0000000000000000     
   1.0000000000000000       -1.1807820549940866E-005   0.0000000000000000     
