X My_beautiful_solution_real My_beautiful_solution_imag
   0.0000000000000000        0.0000000000000000        0.0000000000000000     
   9.0909090909090922E-003   9.3596868442917029E-005   0.0000000000000000     
   1.8181818181818184E-002  -3.8603471377920071E-005   0.0000000000000000     
   2.7272727272727271E-002  -1.5951552088276102E-004   0.0000000000000000     
   3.6363636363636369E-002  -5.2297980117274569E-005   0.0000000000000000     
   4.5454545454545463E-002   9.0767314553142776E-005   0.0000000000000000     
   5.4545454545454543E-002   1.3109867452286853E-005   0.0000000000000000     
   6.3636363636363644E-002  -1.4600097771551543E-004   0.0000000000000000     
   7.2727272727272738E-002  -1.0121894947185984E-004   0.0000000000000000     
   8.1818181818181832E-002   6.7144740366791196E-005   0.0000000000000000     
   9.0909090909090925E-002   5.7149950026070898E-005   0.0000000000000000     
  0.10000000000000001       -1.1327885937432026E-004   0.0000000000000000     
  0.10909090909090909       -1.3849800111009024E-004   0.0000000000000000     
  0.11818181818181819        2.6720039364348049E-005   0.0000000000000000     
  0.12727272727272729        8.6076466196144725E-005   0.0000000000000000     
  0.13636363636363638       -6.6877373230878092E-005   0.0000000000000000     
  0.14545454545454548       -1.5783706086917263E-004   0.0000000000000000     
  0.15454545454545454       -2.3677275531143349E-005   0.0000000000000000     
  0.16363636363636366        9.5002453014032668E-005   0.0000000000000000     
  0.17272727272727273       -1.4635774527815667E-005   0.0000000000000000     
  0.18181818181818185       -1.5596890956704989E-004   0.0000000000000000     
  0.19090909090909092       -7.5532877563260769E-005   0.0000000000000000     
  0.20000000000000001        8.2419918068857195E-005   0.0000000000000000     
  0.20909090909090911        3.4620029192805376E-005   0.0000000000000000     
  0.21818181818181820       -1.3320916026068007E-004   0.0000000000000000     
  0.22727272727272727       -1.2008607103287968E-004   0.0000000000000000     
  0.23636363636363639        5.0454605840645841E-005   0.0000000000000000     
  0.24545454545454548        7.2568562701656470E-005   0.0000000000000000     
  0.25454545454545457       -9.3402937296281833E-005   0.0000000000000000     
  0.26363636363636367       -1.4980985875713248E-004   0.0000000000000000     
  0.27272727272727276        4.5068658072709076E-006   0.0000000000000000     
  0.28181818181818186        9.2798646853749670E-005   0.0000000000000000     
  0.29090909090909095       -4.3275265409015500E-005   0.0000000000000000     
  0.30000000000000004       -1.5968258349797871E-004   0.0000000000000000     
  0.30909090909090908       -4.7660704496568078E-005   0.0000000000000000     
  0.31818181818181823        9.1892529192668737E-005   0.0000000000000000     
  0.32727272727272733        8.7050832279992949E-006   0.0000000000000000     
  0.33636363636363642       -1.4803630710049647E-004   0.0000000000000000     
  0.34545454545454551       -9.7234704186782044E-005   0.0000000000000000     
  0.35454545454545455        7.0003292910686835E-005   0.0000000000000000     
  0.36363636363636370        5.3756337718316920E-005   0.0000000000000000     
  0.37272727272727274       -1.1683859872882362E-004   0.0000000000000000     
  0.38181818181818189       -1.3583990071655168E-004   0.0000000000000000     
  0.39090909090909093        3.0828994353460258E-005   0.0000000000000000     
  0.40000000000000002        8.4267356430430131E-005   0.0000000000000000     
  0.40909090909090912       -4.2388916400184247E-005   0.0000000000000000     
  0.41818181818181821       -9.3025737294344417E-005   0.0000000000000000     
  0.42727272727272725        2.3167975961923782E-005   0.0000000000000000     
  0.43636363636363634        9.7812695172788317E-005   0.0000000000000000     
  0.44545454545454544       -2.9579562114422854E-006   0.0000000000000000     
  0.45454545454545459       -9.8423866895934570E-005   0.0000000000000000     
  0.46363636363636362       -1.7378343594750805E-005   0.0000000000000000     
  0.47272727272727277        9.4833160529444262E-005   0.0000000000000000     
  0.48181818181818181        3.6972733095162338E-005   0.0000000000000000     
  0.49090909090909096       -8.7193869282408510E-005   0.0000000000000000     
  0.50000000000000000       -5.4988695309529336E-005   0.0000000000000000     
  0.50909090909090904        7.5832127166053636E-005   0.0000000000000000     
  0.51818181818181819        7.0657098935864883E-005   0.0000000000000000     
  0.52727272727272723       -6.1232985791991751E-005   0.0000000000000000     
  0.53636363636363638       -8.3309033841155069E-005   0.0000000000000000     
  0.54545454545454541        4.4019706714577273E-005   0.0000000000000000     
  0.55454545454545456        9.2404367944161255E-005   0.0000000000000000     
  0.56363636363636360       -2.4927153361627631E-005   0.0000000000000000     
  0.57272727272727275       -9.7554806349644697E-005   0.0000000000000000     
  0.58181818181818190        4.7704184960995089E-006   0.0000000000000000     
  0.59090909090909094        9.8540468301336364E-005   0.0000000000000000     
  0.59999999999999998        1.5589973445598586E-005   0.0000000000000000     
  0.60909090909090913       -9.5319274256039442E-005   0.0000000000000000     
  0.61818181818181817       -3.5284803568754739E-005   0.0000000000000000     
  0.62727272727272732        8.8028742329108317E-005   0.0000000000000000     
  0.63636363636363635        5.3473266916365950E-005   0.0000000000000000     
  0.64545454545454550       -7.6980117418063253E-005   0.0000000000000000     
  0.65454545454545454       -6.9378867827016072E-005   0.0000000000000000     
  0.66363636363636369        6.2645083641792041E-005   0.0000000000000000     
  0.67272727272727273        8.2322569822290443E-005   0.0000000000000000     
  0.68181818181818188       -4.5635627363342204E-005   0.0000000000000000     
  0.69090909090909092       -9.1751784800054841E-005   0.0000000000000000     
  0.69999999999999996        2.6677910477252269E-005   0.0000000000000000     
  0.70909090909090911        9.7263963936867359E-005   0.0000000000000000     
  0.71818181818181825       -6.5812693541174415E-006   0.0000000000000000     
  0.72727272727272729       -9.8623783164780376E-005   0.0000000000000000     
  0.73636363636363633       -1.3796337071168264E-005   0.0000000000000000     
  0.74545454545454548        9.5773189546027060E-005   0.0000000000000000     
  0.75454545454545452        3.3584954989042580E-005   0.0000000000000000     
  0.76363636363636367       -8.8833879649202798E-005   0.0000000000000000     
  0.77272727272727271       -5.1939775486021920E-005   0.0000000000000000     
  0.78181818181818186        7.8102104120946936E-005   0.0000000000000000     
  0.79090909090909089        6.8077200838121096E-005   0.0000000000000000     
  0.80000000000000004       -6.4036020254578974E-005   0.0000000000000000     
  0.80909090909090908       -8.1308297597095961E-005   0.0000000000000000     
  0.81818181818181823        4.7236132495505222E-005   0.0000000000000000     
  0.82727272727272727        9.1068208301776221E-005   0.0000000000000000     
  0.83636363636363642       -2.8419655910655003E-005   0.0000000000000000     
  0.84545454545454546       -9.6940266179760298E-005   0.0000000000000000     
  0.85454545454545461        8.3898970879481569E-006   0.0000000000000000     
  0.86363636363636376        9.8673783342868824E-005   0.0000000000000000     
  0.87272727272727280        1.1998040354030275E-005   0.0000000000000000     
  0.88181818181818183       -9.6194753068795630E-005   0.0000000000000000     
  0.89090909090909087       -3.1873761557488198E-005   0.0000000000000000     
  0.90000000000000002        8.9609009270804626E-005   0.0000000000000000     
  0.90909090909090917        5.0388739025236900E-005   0.0000000000000000     
  0.91818181818181821       -7.9197708272473597E-005   0.0000000000000000     
  0.92727272727272725       -6.6752537666631826E-005   0.0000000000000000     
  0.93636363636363640        6.5405325778010811E-005   0.0000000000000000     
  0.94545454545454544        8.0266559782321523E-005   0.0000000000000000     
  0.95454545454545459       -4.8820681467389453E-005   0.0000000000000000     
  0.96363636363636362       -9.0353869358496047E-005   0.0000000000000000     
  0.97272727272727277        3.0151801307795958E-005   0.0000000000000000     
  0.98181818181818181        9.6583822422019003E-005   0.0000000000000000     
  0.99090909090909096       -1.0195690751003493E-005   0.0000000000000000     
   1.0000000000000000       -9.8690451945759075E-005   0.0000000000000000     
