X My_beautiful_solution_real My_beautiful_solution_imag
   0.0000000000000000        0.0000000000000000        0.0000000000000000     
   1.1363636363636365E-003   1.7609140973096487E-006   0.0000000000000000     
   2.2727272727272731E-003   2.1691366722453111E-006   0.0000000000000000     
   3.4090909090909094E-003   1.2084599237042361E-006   0.0000000000000000     
   4.5454545454545461E-003  -1.0829740694076146E-006   0.0000000000000000     
   6.8181818181818187E-003  -9.2235764506019634E-006   0.0000000000000000     
   9.0909090909090922E-003  -2.0959095805585481E-005   0.0000000000000000     
   1.0227272727272727E-002  -2.7619287070513239E-005   0.0000000000000000     
   1.1363636363636364E-002  -3.4465677639784288E-005   0.0000000000000000     
   1.3636363636363637E-002  -4.7640049595218880E-005   0.0000000000000000     
   1.4772727272727274E-002  -5.3444964366702893E-005   0.0000000000000000     
   1.5909090909090911E-002  -5.8410712706628751E-005   0.0000000000000000     
   1.7045454545454548E-002  -6.2340137803096655E-005   0.0000000000000000     
   1.8181818181818184E-002  -6.5077228341882363E-005   0.0000000000000000     
   1.9318181818181818E-002  -6.6513312677230277E-005   0.0000000000000000     
   2.0454545454545454E-002  -6.6591373459529672E-005   0.0000000000000000     
   2.1590909090909091E-002  -6.5308311414729757E-005   0.0000000000000000     
   2.2159090909090910E-002  -6.4169812249136049E-005   0.0000000000000000     
   2.2727272727272728E-002  -6.2713491071317827E-005   0.0000000000000000     
   2.3863636363636365E-002  -5.8909935472617848E-005   0.0000000000000000     
   2.5000000000000001E-002  -5.4050235817516392E-005   0.0000000000000000     
   2.6136363636363638E-002  -4.8327338430555702E-005   0.0000000000000000     
   2.7272727272727271E-002  -4.1968461472304023E-005   0.0000000000000000     
   2.8409090909090912E-002  -3.5226073618685120E-005   0.0000000000000000     
   2.9545454545454548E-002  -2.8367870210424114E-005   0.0000000000000000     
   3.1818181818181822E-002  -1.5378753232719511E-005   0.0000000000000000     
   3.2954545454545459E-002  -9.7635510359460709E-006   0.0000000000000000     
   3.4090909090909095E-002  -5.0434805641129623E-006   0.0000000000000000     
   3.5227272727272732E-002  -1.4059443963414026E-006   0.0000000000000000     
   3.6363636363636369E-002   1.0046351195339915E-006   0.0000000000000000     
   3.7500000000000006E-002   2.0925499170452239E-006   0.0000000000000000     
   3.8636363636363642E-002   1.8146061413262802E-006   0.0000000000000000     
   3.9772727272727279E-002   1.8183908956843039E-007   0.0000000000000000     
   4.0340909090909094E-002  -1.1247779312240352E-006   0.0000000000000000     
   4.0909090909090916E-002  -2.7424687609593128E-006   0.0000000000000000     
   4.2045454545454553E-002  -6.8422126112706596E-006   0.0000000000000000     
   4.3181818181818189E-002  -1.1953075089374118E-005   0.0000000000000000     
   4.4318181818181826E-002  -1.7872137866900243E-005   0.0000000000000000     
   4.5454545454545463E-002  -2.4364394361403257E-005   0.0000000000000000     
   4.7727272727272729E-002  -3.8024029049146078E-005   0.0000000000000000     
   4.8863636363636366E-002  -4.4649074074774925E-005   0.0000000000000000     
   5.0000000000000003E-002  -5.0784178922184625E-005   0.0000000000000000     
   5.1136363636363640E-002  -5.6185759416426009E-005   0.0000000000000000     
   5.2272727272727276E-002  -6.0639354751883448E-005   0.0000000000000000     
   5.4545454545454543E-002  -6.6064425350036425E-005   0.0000000000000000     
   5.5681818181818180E-002  -6.6820507171452744E-005   0.0000000000000000     
   5.6818181818181823E-002  -6.6206368791305907E-005   0.0000000000000000     
   5.7954545454545460E-002  -6.4246393556637781E-005   0.0000000000000000     
   5.8522727272727282E-002  -6.2783639177640691E-005   0.0000000000000000     
   5.9090909090909097E-002  -6.1016890337811669E-005   0.0000000000000000     
   6.0227272727272733E-002  -5.6646081210345265E-005   0.0000000000000000     
   6.1363636363636370E-002  -5.1309010609806639E-005   0.0000000000000000     
   6.2500000000000000E-002  -4.5217578083344856E-005   0.0000000000000000     
   6.3636363636363644E-002  -3.8613633868750482E-005   0.0000000000000000     
   6.5909090909090917E-002  -2.4926518492696231E-005   0.0000000000000000     
   6.7045454545454547E-002  -1.8386771574054048E-005   0.0000000000000000     
   6.8181818181818191E-002  -1.2399785693554989E-005   0.0000000000000000     
   6.9318181818181834E-002  -7.2032642079314453E-006   0.0000000000000000     
   7.0454545454545464E-002  -3.0035263945493355E-006   0.0000000000000000     
   7.2727272727272738E-002   1.8098144544205916E-006   0.0000000000000000     
   7.3863636363636381E-002   2.2323117650686245E-006   0.0000000000000000     
   7.5000000000000011E-002   1.2834014898311397E-006   0.0000000000000000     
   7.6136363636363641E-002  -9.9924146071683058E-007   0.0000000000000000     
   7.6704545454545470E-002  -2.6147445897800881E-006   0.0000000000000000     
   7.7272727272727285E-002  -4.5264585997953038E-006   0.0000000000000000     
   7.8409090909090928E-002  -9.1582076138565310E-006   0.0000000000000000     
   7.9545454545454558E-002  -1.4709122510659406E-005   0.0000000000000000     
   8.0681818181818188E-002  -2.0958813409512402E-005   0.0000000000000000     
   8.1818181818181832E-002  -2.7659146686109657E-005   0.0000000000000000     
   8.4090909090909105E-002  -4.1342035259989161E-005   0.0000000000000000     
   8.5227272727272735E-002  -4.7781334132632202E-005   0.0000000000000000     
   8.6363636363636379E-002  -5.3606331630158035E-005   0.0000000000000000     
   8.7500000000000022E-002  -5.8585755876240758E-005   0.0000000000000000     
   8.8636363636363652E-002  -6.2521907079781208E-005   0.0000000000000000     
   9.0909090909090925E-002  -6.6712367622640521E-005   0.0000000000000000     
   9.2045454545454569E-002  -6.6800301667750578E-005   0.0000000000000000     
   9.3181818181818199E-002  -6.5518817737350848E-005   0.0000000000000000     
   9.3750000000000014E-002  -6.4377961755460696E-005   0.0000000000000000     
   9.4318181818181829E-002  -6.2917207398693184E-005   0.0000000000000000     
   9.4886363636363644E-002  -6.1151126192318474E-005   0.0000000000000000     
   9.5454545454545459E-002  -5.9097335401558950E-005   0.0000000000000000     
   9.6590909090909088E-002  -5.4212451065223383E-005   0.0000000000000000     
   9.7727272727272732E-002  -4.8457928509333568E-005   0.0000000000000000     
   9.8863636363636376E-002  -4.2062241519401936E-005   0.0000000000000000     
  0.10000000000000001       -3.5279320252683122E-005   0.0000000000000000     
  0.10227272727272728       -2.1630638006653081E-005   0.0000000000000000     
  0.10340909090909092       -1.5306775346397782E-005   0.0000000000000000     
  0.10454545454545455       -9.6579598723826436E-006   0.0000000000000000     
  0.10568181818181818       -4.9084684455416389E-006   0.0000000000000000     
  0.10681818181818181       -1.2468717552777116E-006   0.0000000000000000     
  0.10795454545454544        1.1814525673860548E-006   0.0000000000000000     
  0.10909090909090909        2.2800919278230492E-006   0.0000000000000000     
  0.11022727272727273        2.0054266701618632E-006   0.0000000000000000     
  0.11136363636363636        3.6836192346528852E-007   0.0000000000000000     
  0.11193181818181819       -9.4320560631826314E-007   0.0000000000000000     
  0.11250000000000000       -2.5676581912054894E-006   0.0000000000000000     
  0.11306818181818182       -4.4887913600057422E-006   0.0000000000000000     
  0.11363636363636365       -6.6874411510393680E-006   0.0000000000000000     
  0.11477272727272728       -1.1825864975330625E-005   0.0000000000000000     
  0.11590909090909092       -1.7777539765894679E-005   0.0000000000000000     
  0.11704545454545456       -2.4306164134330971E-005   0.0000000000000000     
  0.11818181818181819       -3.1152529864986783E-005   0.0000000000000000     
  0.12045454545454547       -4.4713800686073586E-005   0.0000000000000000     
  0.12159090909090911       -5.0890277983275934E-005   0.0000000000000000     
  0.12272727272727274       -5.6329018439846054E-005   0.0000000000000000     
  0.12386363636363637       -6.0814085875421002E-005   0.0000000000000000     
  0.12500000000000000       -6.4167408117143390E-005   0.0000000000000000     
  0.12613636363636366       -6.6255847060302022E-005   0.0000000000000000     
  0.12727272727272729       -6.6996484696231319E-005   0.0000000000000000     
  0.12840909090909092       -6.6359915234489127E-005   0.0000000000000000     
  0.12954545454545457       -6.4371412611054113E-005   0.0000000000000000     
  0.13011363636363638       -6.2892452733191289E-005   0.0000000000000000     
  0.13068181818181820       -6.1108412941992326E-005   0.0000000000000000     
  0.13125000000000003       -5.9037089645717225E-005   0.0000000000000000     
  0.13181818181818183       -5.6699145004033514E-005   0.0000000000000000     
  0.13295454545454546       -5.1320185563119656E-005   0.0000000000000000     
  0.13409090909090909       -4.5186420513273024E-005   0.0000000000000000     
  0.13522727272727275       -3.8541380834999816E-005   0.0000000000000000     
  0.13636363636363638       -3.1648896820984004E-005   0.0000000000000000     
  0.13863636363636367       -1.8209357096961804E-005   0.0000000000000000     
  0.13977272727272730       -1.2195896048627125E-005   0.0000000000000000     
  0.14090909090909093       -6.9809944957694267E-006   0.0000000000000000     
  0.14545454545454548        2.8470144492154058E-006   0.0000000000000000     
  0.14659090909090911        2.0583613504529016E-006   0.0000000000000000     
  0.14715909090909093        1.1478279587627547E-006   0.0000000000000000     
  0.14772727272727276       -9.6449264384043068E-008   0.0000000000000000     
  0.14829545454545456       -1.6620582273060075E-006   0.0000000000000000     
  0.14886363636363639       -3.5333814441058524E-006   0.0000000000000000     
  0.14943181818181822       -5.6917518244435404E-006   0.0000000000000000     
  0.15000000000000002       -8.1156388841593056E-006   0.0000000000000000     
  0.15113636363636365       -1.3659773408804894E-005   0.0000000000000000     
  0.15227272727272728       -1.9944346603306000E-005   0.0000000000000000     
  0.15340909090909091       -2.6719839899591726E-005   0.0000000000000000     
  0.15454545454545454       -3.3717243560176269E-005   0.0000000000000000     
  0.15681818181818183       -4.7275173438237944E-005   0.0000000000000000     
  0.15795454545454546       -5.3297404509094699E-005   0.0000000000000000     
  0.15909090909090912       -5.8486327768101650E-005   0.0000000000000000     
  0.16136363636363638       -6.5604882825267308E-005   0.0000000000000000     
  0.16363636363636366       -6.7538543305060503E-005   0.0000000000000000     
  0.16477272727272729       -6.6426473786306632E-005   0.0000000000000000     
  0.16590909090909095       -6.3959828508816581E-005   0.0000000000000000     
  0.16704545454545458       -6.0236541537248493E-005   0.0000000000000000     
  0.16818181818181821       -5.5404439813052446E-005   0.0000000000000000     
  0.16931818181818184       -4.9655373930641006E-005   0.0000000000000000     
  0.17045454545454547       -4.3217601027345246E-005   0.0000000000000000     
  0.17159090909090910       -3.6346722211893060E-005   0.0000000000000000     
  0.17272727272727273       -2.9315534345799273E-005   0.0000000000000000     
  0.17386363636363639       -2.2403199095876699E-005   0.0000000000000000     
  0.17500000000000002       -1.5884159282697135E-005   0.0000000000000000     
  0.17613636363636365       -1.0017242583023712E-005   0.0000000000000000     
  0.17727272727272730       -5.0353852056627674E-006   0.0000000000000000     
  0.17954545454545456        1.5490503453807861E-006   0.0000000000000000     
  0.18181818181818185        2.8610335964544350E-006   0.0000000000000000     
  0.18295454545454548        1.4354928353493778E-006   0.0000000000000000     
  0.18409090909090914       -1.3298191359953798E-006   0.0000000000000000     
  0.18522727272727277       -5.3251101865941067E-006   0.0000000000000000     
  0.18636363636363640       -1.0391753903623135E-005   0.0000000000000000     
  0.18750000000000003       -1.6328587591371532E-005   0.0000000000000000     
  0.18863636363636366       -2.2899899102841304E-005   0.0000000000000000     
  0.19090909090909092       -3.6885606804837657E-005   0.0000000000000000     
  0.19204545454545455       -4.3744723638873731E-005   0.0000000000000000     
  0.19318181818181818       -5.0149806030659782E-005   0.0000000000000000     
  0.19431818181818183       -5.5846550794074596E-005   0.0000000000000000     
  0.19545454545454546       -6.0608778115144786E-005   0.0000000000000000     
  0.19772727272727275       -6.6642668576584506E-005   0.0000000000000000     
  0.20000000000000001       -6.7330058355491616E-005   0.0000000000000000     
  0.20113636363636364       -6.5594899532212737E-005   0.0000000000000000     
  0.20170454545454547       -6.4224936300290894E-005   0.0000000000000000     
  0.20227272727272727       -6.2536601174844795E-005   0.0000000000000000     
  0.20284090909090910       -6.0546735877297885E-005   0.0000000000000000     
  0.20340909090909093       -5.8275189995866859E-005   0.0000000000000000     
  0.20397727272727273       -5.5744622979117092E-005   0.0000000000000000     
  0.20454545454545456       -5.2980278100198033E-005   0.0000000000000000     
  0.20568181818181819       -4.6863489151068956E-005   0.0000000000000000     
  0.20681818181818185       -4.0168840341372862E-005   0.0000000000000000     
  0.20909090909090911       -2.6122212017907383E-005   0.0000000000000000     
  0.21022727272727273       -1.9327930612986635E-005   0.0000000000000000     
  0.21136363636363636       -1.3049043085631354E-005   0.0000000000000000     
  0.21250000000000002       -7.5348422639167818E-006   0.0000000000000000     
  0.21363636363636365       -3.0042603570015546E-006   0.0000000000000000     
  0.21590909090909094        2.4579744710625244E-006   0.0000000000000000     
  0.21704545454545457        3.1727584067473402E-006   0.0000000000000000     
  0.21818181818181820        2.4787958805217737E-006   0.0000000000000000     
  0.21875000000000000        1.6095529500637435E-006   0.0000000000000000     
  0.21931818181818183        4.0196032314000405E-007   0.0000000000000000     
  0.21988636363636366       -1.1319358499861683E-006   0.0000000000000000     
  0.22045454545454546       -2.9768344293625698E-006   0.0000000000000000     
  0.22159090909090909       -7.5217597266540631E-006   0.0000000000000000     
  0.22272727272727272       -1.3050823359215082E-005   0.0000000000000000     
  0.22386363636363635       -1.9344503014603389E-005   0.0000000000000000     
  0.22499999999999998       -2.6152918567803723E-005   0.0000000000000000     
  0.22727272727272727       -4.0223678673517583E-005   0.0000000000000000     
  0.22840909090909089       -4.6927367004743124E-005   0.0000000000000000     
  0.22954545454545455       -5.3050659311037733E-005   0.0000000000000000     
  0.23068181818181818       -5.8350440414828998E-005   0.0000000000000000     
  0.23181818181818181       -6.2616291286665075E-005   0.0000000000000000     
  0.23409090909090910       -6.7442292515298410E-005   0.0000000000000000     
  0.23522727272727273       -6.7810834487753695E-005   0.0000000000000000     
  0.23636363636363639       -6.6769836953064143E-005   0.0000000000000000     
  0.23750000000000002       -6.4360630993895508E-005   0.0000000000000000     
  0.23863636363636365       -6.0678870141922129E-005   0.0000000000000000     
  0.23977272727272730       -5.5870732612805021E-005   0.0000000000000000     
  0.24090909090909093       -5.0127117542288887E-005   0.0000000000000000     
  0.24204545454545456       -4.3676065652247859E-005   0.0000000000000000     
  0.24318181818181822       -3.6773705271581257E-005   0.0000000000000000     
  0.24545454545454548       -2.2716263120094696E-005   0.0000000000000000     
  0.24659090909090911       -1.6119308803251449E-005   0.0000000000000000     
  0.24772727272727274       -1.0165141377734205E-005   0.0000000000000000     
  0.24886363636363637       -5.0901611978851221E-006   0.0000000000000000     
  0.25000000000000000       -1.0958619448617620E-006   0.0000000000000000     
  0.25113636363636366        1.6591693461919962E-006   0.0000000000000000     
  0.25227272727272732        3.0655487216710832E-006   0.0000000000000000     
  0.25340909090909092        3.0674382181890827E-006   0.0000000000000000     
  0.25454545454545457        1.6647628164167736E-006   0.0000000000000000     
  0.25511363636363638        4.5157642288042941E-007   0.0000000000000000     
  0.25568181818181823       -1.0884084544555000E-006   0.0000000000000000     
  0.25625000000000003       -2.9398299387276879E-006   0.0000000000000000     
  0.25681818181818183       -5.0842194661980503E-006   0.0000000000000000     
  0.25795454545454549       -1.0162401287735897E-005   0.0000000000000000     
  0.25909090909090915       -1.6119879145676278E-005   0.0000000000000000     
  0.26022727272727275       -2.2720121250441182E-005   0.0000000000000000     
  0.26136363636363641       -2.9701075922794973E-005   0.0000000000000000     
  0.26363636363636367       -4.3695802528501045E-005   0.0000000000000000     
  0.26477272727272727       -5.0153937024731155E-005   0.0000000000000000     
  0.26590909090909093       -5.5903569878313731E-005   0.0000000000000000     
  0.26704545454545459       -6.0716421441266189E-005   0.0000000000000000     
  0.26818181818181819       -6.4401405414939421E-005   0.0000000000000000     
  0.26931818181818185       -6.6812215614964790E-005   0.0000000000000000     
  0.27045454545454550       -6.7853134815942050E-005   0.0000000000000000     
  0.27159090909090911       -6.7482835045315761E-005   0.0000000000000000     
  0.27272727272727276       -6.5716018442064003E-005   0.0000000000000000     
  0.27329545454545456       -6.4328335066909925E-005   0.0000000000000000     
  0.27386363636363642       -6.2621248360102363E-005   0.0000000000000000     
  0.27443181818181822       -6.0611787096514945E-005   0.0000000000000000     
  0.27500000000000002       -5.8319996340840460E-005   0.0000000000000000     
  0.27613636363636368       -5.2984621643049834E-005   0.0000000000000000     
  0.27727272727272734       -4.6828357658969728E-005   0.0000000000000000     
  0.27840909090909094       -4.0095628652020321E-005   0.0000000000000000     
  0.27954545454545460       -3.3053746474419268E-005   0.0000000000000000     
  0.28181818181818186       -1.9157152038412940E-005   0.0000000000000000     
  0.28295454545454546       -1.2854181041891298E-005   0.0000000000000000     
  0.28409090909090912       -7.3236334256610669E-006   0.0000000000000000     
  0.28522727272727277       -2.7850904212781412E-006   0.0000000000000000     
  0.28636363636363638        5.8125263952459597E-007   0.0000000000000000     
  0.28750000000000003        2.6417406819841059E-006   0.0000000000000000     
  0.28863636363636369        3.3145654416453323E-006   0.0000000000000000     
  0.28977272727272729        2.5730135259838970E-006   0.0000000000000000     
  0.29090909090909095        4.4652702540421129E-007   0.0000000000000000     
  0.29147727272727275       -1.1121415042628768E-006   0.0000000000000000     
  0.29204545454545461       -2.9820098955620407E-006   0.0000000000000000     
  0.29261363636363641       -5.1444255705358513E-006   0.0000000000000000     
  0.29318181818181821       -7.5778176918246277E-006   0.0000000000000000     
  0.29431818181818187       -1.3156882968576742E-005   0.0000000000000000     
  0.29545454545454553       -1.9496353347057950E-005   0.0000000000000000     
  0.29659090909090913       -2.6344530657446201E-005   0.0000000000000000     
  0.29772727272727278       -3.3429519363880022E-005   0.0000000000000000     
  0.30000000000000004       -4.7192813350536341E-005   0.0000000000000000     
  0.30113636363636365       -5.3324669842399789E-005   0.0000000000000000     
  0.30227272727272730       -5.8622135997520688E-005   0.0000000000000000     
  0.30340909090909096       -6.2874884697648847E-005   0.0000000000000000     
  0.30454545454545456       -6.5914067600473538E-005   0.0000000000000000     
  0.30568181818181817       -6.7619018983351801E-005   0.0000000000000000     
  0.30681818181818182       -6.7922046575938464E-005   0.0000000000000000     
  0.30795454545454548       -6.6811119169645636E-005   0.0000000000000000     
  0.30909090909090908       -6.4330344296849944E-005   0.0000000000000000     
  0.30965909090909094       -6.2604635153973415E-005   0.0000000000000000     
  0.31022727272727274       -6.0576717176741087E-005   0.0000000000000000     
  0.31079545454545454       -5.8266819541888957E-005   0.0000000000000000     
  0.31136363636363640       -5.5697984269864464E-005   0.0000000000000000     
  0.31250000000000000       -4.9889347422138641E-005   0.0000000000000000     
  0.31363636363636366       -4.3382714023633607E-005   0.0000000000000000     
  0.31477272727272732       -3.6436419174969984E-005   0.0000000000000000     
  0.31590909090909092       -2.9326254006332308E-005   0.0000000000000000     
  0.31704545454545457       -2.2334515847501718E-005   0.0000000000000000     
  0.31818181818181823       -1.5738800080014482E-005   0.0000000000000000     
  0.31931818181818183       -9.8009786723835742E-006   0.0000000000000000     
  0.32045454545454549       -4.7568029873881722E-006   0.0000000000000000     
  0.32272727272727275        1.9173070538952667E-006   0.0000000000000000     
  0.32386363636363641        3.2822569268925759E-006   0.0000000000000000     
  0.32500000000000007        3.2341128806252181E-006   0.0000000000000000     
  0.32613636363636367        1.7747863946980368E-006   0.0000000000000000     
  0.32727272727272733       -1.0377823901910713E-006   0.0000000000000000     
  0.32784090909090913       -2.9189932959043418E-006   0.0000000000000000     
  0.32840909090909098       -5.0933800974683384E-006   0.0000000000000000     
  0.32897727272727278       -7.5392525414328699E-006   0.0000000000000000     
  0.32954545454545459       -1.0232212212034554E-005   0.0000000000000000     
  0.33068181818181824       -1.6248794909526631E-005   0.0000000000000000     
  0.33181818181818190       -2.2903023466993364E-005   0.0000000000000000     
  0.33409090909090916       -3.7050972359028140E-005   0.0000000000000000     
  0.33522727272727282       -4.3982971819413740E-005   0.0000000000000000     
  0.33636363636363642       -5.0451477588207150E-005   0.0000000000000000     
  0.33750000000000002       -5.6199668359166360E-005   0.0000000000000000     
  0.33863636363636368       -6.0999321739811066E-005   0.0000000000000000     
  0.34090909090909094       -6.7060995120012161E-005   0.0000000000000000     
  0.34204545454545460       -6.8082346419383186E-005   0.0000000000000000     
  0.34318181818181825       -6.7683378280133057E-005   0.0000000000000000     
  0.34431818181818186       -6.5879931071326074E-005   0.0000000000000000     
  0.34545454545454551       -6.2743607676913948E-005   0.0000000000000000     
  0.34602272727272732       -6.0712231805217942E-005   0.0000000000000000     
  0.34659090909090917       -5.8397524471045583E-005   0.0000000000000000     
  0.34715909090909097       -5.5822575673243926E-005   0.0000000000000000     
  0.34772727272727277       -5.3013071408436919E-005   0.0000000000000000     
  0.34886363636363638       -4.6805435429198682E-005   0.0000000000000000     
  0.35000000000000003       -4.0022244516252126E-005   0.0000000000000000     
  0.35227272727272729       -2.5819100125068719E-005   0.0000000000000000     
  0.35340909090909089       -1.8963058966875034E-005   0.0000000000000000     
  0.35454545454545455       -1.2636898310532626E-005   0.0000000000000000     
  0.35568181818181821       -7.0917878853940529E-006   0.0000000000000000     
  0.35681818181818181       -2.5478871152189836E-006   0.0000000000000000     
  0.35909090909090913        2.8871664031034086E-006   0.0000000000000000     
  0.36022727272727278        3.5625293546630088E-006   0.0000000000000000     
  0.36136363636363644        2.8136706344944629E-006   0.0000000000000000     
  0.36250000000000004        6.7032243757136685E-007   0.0000000000000000     
  0.36363636363636370       -2.7824171464794105E-006   0.0000000000000000     
  0.36420454545454550       -4.9592049382458282E-006   0.0000000000000000     
  0.36477272727272736       -7.4088168156047161E-006   0.0000000000000000     
  0.36534090909090916       -1.0106817060662498E-005   0.0000000000000000     
  0.36590909090909096       -1.3026292196442466E-005   0.0000000000000000     
  0.36704545454545456       -1.9410456730995508E-005   0.0000000000000000     
  0.36818181818181822       -2.6306738580306210E-005   0.0000000000000000     
  0.37045454545454548       -4.0531845725122741E-005   0.0000000000000000     
  0.37159090909090908       -4.7295886705834483E-005   0.0000000000000000     
  0.37272727272727274       -5.3464900197349505E-005   0.0000000000000000     
  0.37386363636363640       -5.8793955738174912E-005   0.0000000000000000     
  0.37500000000000000       -6.3071472005830193E-005   0.0000000000000000     
  0.37727272727272732       -6.7867188636700843E-005   0.0000000000000000     
  0.37840909090909097       -6.8194983015360726E-005   0.0000000000000000     
  0.37954545454545463       -6.7097985905942658E-005   0.0000000000000000     
  0.38068181818181823       -6.4619751761461918E-005   0.0000000000000000     
  0.38181818181818189       -6.0858674763342747E-005   0.0000000000000000     
  0.38238636363636369       -5.8541568334565832E-005   0.0000000000000000     
  0.38295454545454555       -5.5962783555260576E-005   0.0000000000000000     
  0.38409090909090915       -5.0126461387416406E-005   0.0000000000000000     
  0.38522727272727275       -4.3582728451589675E-005   0.0000000000000000     
  0.38636363636363641       -3.6591392824072969E-005   0.0000000000000000     
  0.38863636363636367       -2.2380756578909222E-005   0.0000000000000000     
  0.38977272727272727       -1.5725665732957093E-005   0.0000000000000000     
  0.39090909090909093       -9.7289907243530715E-006   0.0000000000000000     
  0.39204545454545459       -4.6288196006108509E-006   0.0000000000000000     
  0.39318181818181819       -6.2764620758574122E-007   0.0000000000000000     
  0.39431818181818185        2.1156694932371871E-006   0.0000000000000000     
  0.39545454545454550        3.4922086963555772E-006   0.0000000000000000     
  0.39659090909090911        3.4473181929953111E-006   0.0000000000000000     
  0.39772727272727276        1.9827802862296007E-006   0.0000000000000000     
  0.39886363636363642       -8.4325797241205818E-007   0.0000000000000000     
  0.40000000000000002       -4.9185934153019471E-006   0.0000000000000000     
  0.40113636363636362       -9.4400329270386755E-006   0.0000000000000000     
  0.40227272727272728       -1.3586671569154475E-005   0.0000000000000000     
  0.40340909090909094       -1.7193873923416811E-005   0.0000000000000000     
  0.40454545454545454       -2.0118421995807282E-005   0.0000000000000000     
  0.40568181818181820       -2.2244201449728758E-005   0.0000000000000000     
  0.40681818181818186       -2.3486811733391633E-005   0.0000000000000000     
  0.40795454545454546       -2.3796917063910769E-005   0.0000000000000000     
  0.40909090909090912       -2.3162205222838336E-005   0.0000000000000000     
  0.41022727272727277       -2.1607876392401563E-005   0.0000000000000000     
  0.41136363636363638       -1.9195642624012646E-005   0.0000000000000000     
  0.41363636363636369       -1.2223196227876724E-005   0.0000000000000000     
  0.41477272727272729       -7.9398130341856623E-006   0.0000000000000000     
  0.41590909090909095       -3.3411927165519010E-006   0.0000000000000000     
  0.41818181818181821        6.0672442819285905E-006   0.0000000000000000     
  0.41931818181818181        1.0503514557157817E-005   0.0000000000000000     
  0.42045454545454547        1.4522760186336989E-005   0.0000000000000000     
  0.42159090909090913        1.7965403679781224E-005   0.0000000000000000     
  0.42272727272727273        2.0694760580443358E-005   0.0000000000000000     
  0.42386363636363633        2.2602466293858599E-005   0.0000000000000000     
  0.42499999999999999        2.3612778524857506E-005   0.0000000000000000     
  0.42613636363636365        2.3685584499925942E-005   0.0000000000000000     
  0.42727272727272725        2.2817993578429538E-005   0.0000000000000000     
  0.42840909090909085        2.1044452020711423E-005   0.0000000000000000     
  0.42954545454545451        1.8435375356386613E-005   0.0000000000000000     
  0.43068181818181817        1.5094352652384823E-005   0.0000000000000000     
  0.43181818181818177        1.1154033680646920E-005   0.0000000000000000     
  0.43295454545454543        6.7708622786682628E-006   0.0000000000000000     
  0.43409090909090908        2.1188650060868358E-006   0.0000000000000000     
  0.43636363636363634       -7.2514903949157820E-006   0.0000000000000000     
  0.43750000000000000       -1.1597814084464034E-005   0.0000000000000000     
  0.43863636363636360       -1.5483665777975835E-005   0.0000000000000000     
  0.43977272727272726       -1.8754764171010826E-005   0.0000000000000000     
  0.44090909090909092       -2.1281235720563005E-005   0.0000000000000000     
  0.44204545454545452       -2.2962771058946423E-005   0.0000000000000000     
  0.44318181818181818       -2.3732607611073210E-005   0.0000000000000000     
  0.44431818181818183       -2.3560180291902442E-005   0.0000000000000000     
  0.44545454545454544       -2.2452335042509925E-005   0.0000000000000000     
  0.44772727272727275       -1.7657531108113605E-005   0.0000000000000000     
  0.44886363636363635       -1.4160942170563706E-005   0.0000000000000000     
  0.45000000000000001       -1.0102116482230702E-005   0.0000000000000000     
  0.45227272727272727       -9.6263567706754837E-007   0.0000000000000000     
  0.45454545454545459        8.3267487110478409E-006   0.0000000000000000     
  0.45568181818181819        1.2567746163810176E-005   0.0000000000000000     
  0.45681818181818185        1.6309762074052652E-005   0.0000000000000000     
  0.45795454545454550        1.9404225898839988E-005   0.0000000000000000     
  0.45909090909090911        2.1728277078097177E-005   0.0000000000000000     
  0.46022727272727271        2.3189643009624595E-005   0.0000000000000000     
  0.46136363636363636        2.3730302579915081E-005   0.0000000000000000     
  0.46250000000000002        2.3328789796351767E-005   0.0000000000000000     
  0.46363636363636362        2.2001046058886053E-005   0.0000000000000000     
  0.46590909090909094        1.6827712636045054E-005   0.0000000000000000     
  0.46818181818181820        9.0339336208337697E-006   0.0000000000000000     
  0.47272727272727277       -9.3431161318506385E-006   0.0000000000000000     
  0.47386363636363638       -1.3466015146861099E-005   0.0000000000000000     
  0.47500000000000003       -1.7054268337393856E-005   0.0000000000000000     
  0.47613636363636369       -1.9965410054586348E-005   0.0000000000000000     
  0.47727272727272729       -2.2083858238966106E-005   0.0000000000000000     
  0.47840909090909089       -2.3325503414656506E-005   0.0000000000000000     
  0.47954545454545455       -2.3641048116785715E-005   0.0000000000000000     
  0.48068181818181821       -2.3017964165666512E-005   0.0000000000000000     
  0.48181818181818181       -2.1480990077417686E-005   0.0000000000000000     
  0.48409090909090913       -1.5958079527148757E-005   0.0000000000000000     
  0.48636363636363639       -7.9501444186378237E-006   0.0000000000000000     
  0.49090909090909096        1.0354542218401256E-005   0.0000000000000000     
  0.49204545454545456        1.4357162300219813E-005   0.0000000000000000     
  0.49318181818181822        1.7789755036053189E-005   0.0000000000000000     
  0.49431818181818188        2.0516035017535639E-005   0.0000000000000000     
  0.49545454545454548        2.2427759814181113E-005   0.0000000000000000     
  0.49659090909090908        2.3449027559778382E-005   0.0000000000000000     
  0.49772727272727274        2.3539290510254476E-005   0.0000000000000000     
  0.49886363636363640        2.2694964924684429E-005   0.0000000000000000     
  0.50000000000000000        2.0949573351788341E-005   0.0000000000000000     
  0.50227272727272720        1.5080006599689726E-005   0.0000000000000000     
  0.50454545454545452        6.8621505891666160E-006   0.0000000000000000     
  0.50909090909090904       -1.1360492053408957E-005   0.0000000000000000     
  0.51022727272727275       -1.5240716319035759E-005   0.0000000000000000     
  0.51136363636363635       -1.8515833189998086E-005   0.0000000000000000     
  0.51249999999999996       -2.1055809576281204E-005   0.0000000000000000     
  0.51363636363636367       -2.2759799923028183E-005   0.0000000000000000     
  0.51477272727272727       -2.3560150116241115E-005   0.0000000000000000     
  0.51590909090909087       -2.3425083577306968E-005   0.0000000000000000     
  0.51704545454545459       -2.2359962899411492E-005   0.0000000000000000     
  0.51818181818181819       -2.0407076934660827E-005   0.0000000000000000     
  0.52045454545454550       -1.4193958243895028E-005   0.0000000000000000     
  0.52272727272727271       -5.7705275444235800E-006   0.0000000000000000     
  0.52499999999999991        3.5515014254417804E-006   0.0000000000000000     
  0.52727272727272723        1.2320483379478362E-005   0.0000000000000000     
  0.52840909090909083        1.6058267257184358E-005   0.0000000000000000     
  0.52954545454545454        1.9158484234529270E-005   0.0000000000000000     
  0.53068181818181814        2.1498045332045612E-005   0.0000000000000000     
  0.53181818181818175        2.2984062151922168E-005   0.0000000000000000     
  0.53295454545454546        2.3557534857964943E-005   0.0000000000000000     
  0.53409090909090906        2.3195694666358125E-005   0.0000000000000000     
  0.53522727272727266        2.1912907842508542E-005   0.0000000000000000     
  0.53636363636363638        1.9760105312275353E-005   0.0000000000000000     
  0.53863636363636358        1.3230497145339522E-005   0.0000000000000000     
  0.54090909090909089        4.6406090889600797E-006   0.0000000000000000     
  0.54318181818181821       -4.6719240408223928E-006   0.0000000000000000     
  0.54545454545454541       -1.3256935669290081E-005   0.0000000000000000     
  0.54659090909090913       -1.6845137894605171E-005   0.0000000000000000     
  0.54772727272727273       -1.9764531824378650E-005   0.0000000000000000     
  0.54886363636363633       -2.1899207758708100E-005   0.0000000000000000     
  0.55000000000000004       -2.3164411925786894E-005   0.0000000000000000     
  0.55113636363636365       -2.3509911490016180E-005   0.0000000000000000     
  0.55227272727272725       -2.2921988963530598E-005   0.0000000000000000     
  0.55340909090909096       -2.1423986836329688E-005   0.0000000000000000     
  0.55454545454545456       -1.9075380801380998E-005   0.0000000000000000     
  0.55681818181818188       -1.2241758373625569E-005   0.0000000000000000     
  0.55909090909090908       -3.5018244662985767E-006   0.0000000000000000     
  0.56136363636363629        5.7834206598752722E-006   0.0000000000000000     
  0.56250000000000000        1.0173775336771856E-005   0.0000000000000000     
  0.56363636363636360        1.4160197117138548E-005   0.0000000000000000     
  0.56477272727272720        1.7584411727834379E-005   0.0000000000000000     
  0.56590909090909092        2.0310466400073988E-005   0.0000000000000000     
  0.56704545454545452        2.2230127648901126E-005   0.0000000000000000     
  0.56818181818181812        2.3267178504417861E-005   0.0000000000000000     
  0.56931818181818183        2.3380444580317140E-005   0.0000000000000000     
  0.57045454545454544        2.2565428834684598E-005   0.0000000000000000     
  0.57159090909090904        2.0854490117598345E-005   0.0000000000000000     
  0.57272727272727275        1.8315558416589773E-005   0.0000000000000000     
  0.57500000000000007        1.1197434945383957E-005   0.0000000000000000     
  0.57727272727272738        2.3356241600962781E-006   0.0000000000000000     
  0.57954545454545459       -6.8898947635536534E-006   0.0000000000000000     
  0.58068181818181830       -1.1183897424645241E-005   0.0000000000000000     
  0.58181818181818190       -1.5033861965010749E-005   0.0000000000000000     
  0.58295454545454550       -1.8286931920177245E-005   0.0000000000000000     
  0.58409090909090922       -2.0813949536399953E-005   0.0000000000000000     
  0.58522727272727282       -2.2514583765319926E-005   0.0000000000000000     
  0.58636363636363642       -2.3321313742038672E-005   0.0000000000000000     
  0.58750000000000002       -2.3202109589207188E-005   0.0000000000000000     
  0.58863636363636362       -2.2161704110247765E-005   0.0000000000000000     
  0.59090909090909094       -1.7533097481537643E-005   0.0000000000000000     
  0.59318181818181825       -1.0174201299529301E-005   0.0000000000000000     
  0.59545454545454546       -1.2309578251785520E-006   0.0000000000000000     
  0.59772727272727266        7.9039729020477568E-006   0.0000000000000000     
  0.59886363636363638        1.2091388862409265E-005   0.0000000000000000     
  0.59999999999999998        1.5798736257799794E-005   0.0000000000000000     
  0.60113636363636358        1.8878821001237292E-005   0.0000000000000000     
  0.60227272727272729        2.1209353430252603E-005   0.0000000000000000     
  0.60340909090909089        2.2697803615360251E-005   0.0000000000000000     
  0.60454545454545450        2.3285075107630949E-005   0.0000000000000000     
  0.60681818181818181        2.1717255920211633E-005   0.0000000000000000     
  0.60909090909090913        1.6767581528502602E-005   0.0000000000000000     
  0.61136363636363633        9.2068252826291190E-006   0.0000000000000000     
  0.61363636363636365        2.1236350271186134E-007   0.0000000000000000     
  0.61590909090909096       -8.8151679532034107E-006   0.0000000000000000     
  0.61818181818181817       -1.6469983549952922E-005   0.0000000000000000     
  0.61931818181818188       -1.9392501670912477E-005   0.0000000000000000     
  0.62045454545454548       -2.1545072637390004E-005   0.0000000000000000     
  0.62159090909090908       -2.2842232184971430E-005   0.0000000000000000     
  0.62272727272727280       -2.3232478742610497E-005   0.0000000000000000     
  0.62500000000000000       -2.1284422776279675E-005   0.0000000000000000     
  0.62727272727272732       -1.6021913262008946E-005   0.0000000000000000     
  0.62954545454545463       -8.2644388706435678E-006   0.0000000000000000     
  0.63181818181818183        7.7999072850194662E-007   0.0000000000000000     
  0.63409090909090904        9.7029585870770587E-006   0.0000000000000000     
  0.63636363636363635        1.7114962025687620E-005   0.0000000000000000     
  0.63749999999999996        1.9875252251024998E-005   0.0000000000000000     
  0.63863636363636367        2.1846428509790792E-005   0.0000000000000000     
  0.63977272727272727        2.2950228513953188E-005   0.0000000000000000     
  0.64090909090909087        2.3142827712830740E-005   0.0000000000000000     
  0.64318181818181819        2.0817642021362747E-005   0.0000000000000000     
  0.64545454545454550        1.5250690829242134E-005   0.0000000000000000     
  0.64772727272727271        7.3088710837755491E-006   0.0000000000000000     
  0.65000000000000002       -1.7711009127382087E-006   0.0000000000000000     
  0.65227272727272734       -1.0575273477635395E-005   0.0000000000000000     
  0.65454545454545454       -1.7732642975951320E-005   0.0000000000000000     
  0.65568181818181825       -2.0326302778064507E-005   0.0000000000000000     
  0.65681818181818186       -2.2112940399610648E-005   0.0000000000000000     
  0.65795454545454546       -2.3021620353454663E-005   0.0000000000000000     
  0.65909090909090917       -2.3016265007289470E-005   0.0000000000000000     
  0.66363636363636369       -1.4683694177971031E-005   0.0000000000000000     
  0.66590909090909101       -6.7631555249393933E-006   0.0000000000000000     
  0.66818181818181821        2.2105554438515797E-006   0.0000000000000000     
  0.67045454545454541        1.0840034228814842E-005   0.0000000000000000     
  0.67159090909090913        1.4594850008092158E-005   0.0000000000000000     
  0.67272727272727273        1.7770201444680731E-005   0.0000000000000000     
  0.67386363636363633        2.0240016469872672E-005   0.0000000000000000     
  0.67500000000000004        2.1906235169428419E-005   0.0000000000000000     
  0.67727272727272725        2.2615343250828073E-005   0.0000000000000000     
  0.68181818181818188        1.4129179202198924E-005   0.0000000000000000     
  0.68409090909090908        6.2553897750381725E-006   0.0000000000000000     
  0.68636363636363640       -2.5925016539271827E-006   0.0000000000000000     
  0.68863636363636371       -1.1036683459417334E-005   0.0000000000000000     
  0.68977272727272732       -1.4685300073635725E-005   0.0000000000000000     
  0.69090909090909092       -1.7750861175147081E-005   0.0000000000000000     
  0.69204545454545452       -2.0111653738625795E-005   0.0000000000000000     
  0.69318181818181812       -2.1673946406074966E-005   0.0000000000000000     
  0.69545454545454544       -2.2206377675008916E-005   0.0000000000000000     
  0.69999999999999996       -1.3569638763673188E-005   0.0000000000000000     
  0.70227272727272727       -5.7453991097415326E-006   0.0000000000000000     
  0.70454545454545459        2.9735257636942057E-006   0.0000000000000000     
  0.70681818181818179        1.1229407165339932E-005   0.0000000000000000     
  0.70795454545454550        1.4770526875499475E-005   0.0000000000000000     
  0.70909090909090911        1.7725207283964818E-005   0.0000000000000000     
  0.71022727272727271        1.9976137699650371E-005   0.0000000000000000     
  0.71136363636363642        2.1433948659146911E-005   0.0000000000000000     
  0.71363636363636362        2.1789513740600887E-005   0.0000000000000000     
  0.71818181818181825        1.3005271879589458E-005   0.0000000000000000     
  0.72045454545454546        5.2333649223961194E-006   0.0000000000000000     
  0.72272727272727277       -3.3534922505972080E-006   0.0000000000000000     
  0.72500000000000009       -1.1418136798667119E-005   0.0000000000000000     
  0.72613636363636369       -1.4850500100237101E-005   0.0000000000000000     
  0.72727272727272729       -1.7693248895703501E-005   0.0000000000000000     
  0.72840909090909089       -1.9833516553255781E-005   0.0000000000000000     
  0.72954545454545450       -2.1186327290979597E-005   0.0000000000000000     
  0.73181818181818181       -2.1364899717658748E-005   0.0000000000000000     
  0.73636363636363633       -1.2436279283814023E-005   0.0000000000000000     
  0.73863636363636365       -4.7194693331871010E-006   0.0000000000000000     
  0.74090909090909096        3.7322659682559192E-006   0.0000000000000000     
  0.74318181818181817        1.1602805232090868E-005   0.0000000000000000     
  0.74431818181818188        1.4925191302992811E-005   0.0000000000000000     
  0.74545454545454548        1.7654997377314023E-005   0.0000000000000000     
  0.74659090909090908        1.9683841026893816E-005   0.0000000000000000     
  0.74772727272727280        2.0931170375476643E-005   0.0000000000000000     
  0.75000000000000000        2.0932686632786973E-005   0.0000000000000000     
  0.75454545454545452        1.1862863355483561E-005   0.0000000000000000     
  0.75681818181818183        4.2038951243632791E-006   0.0000000000000000     
  0.75909090909090904       -4.1097121945330969E-006   0.0000000000000000     
  0.76136363636363635       -1.1783346782792227E-005   0.0000000000000000     
  0.76249999999999996       -1.4994573917618964E-005   0.0000000000000000     
  0.76363636363636367       -1.7610466334086553E-005   0.0000000000000000     
  0.76477272727272727       -1.9527164357116538E-005   0.0000000000000000     
  0.76590909090909087       -2.0668568666782564E-005   0.0000000000000000     
  0.76818181818181819       -2.0493028215422232E-005   0.0000000000000000     
  0.77272727272727271       -1.1285228047025296E-005   0.0000000000000000     
  0.77500000000000002       -3.6868256752238971E-006   0.0000000000000000     
  0.77727272727272734        4.4856966794553094E-006   0.0000000000000000     
  0.77954545454545454        1.1959697235799488E-005   0.0000000000000000     
  0.78068181818181825        1.5058623266126259E-005   0.0000000000000000     
  0.78181818181818186        1.7559671604810847E-005   0.0000000000000000     
  0.78295454545454546        1.9363542270640786E-005   0.0000000000000000     
  0.78409090909090917        2.0398615567004599E-005   0.0000000000000000     
  0.78636363636363638        2.0046080843155217E-005   0.0000000000000000     
  0.79090909090909089        1.0703578811614392E-005   0.0000000000000000     
  0.79318181818181821        3.1684448968951654E-006   0.0000000000000000     
  0.79545454545454541       -4.8600856929578346E-006   0.0000000000000000     
  0.79772727272727273       -1.2131793866829720E-005   0.0000000000000000     
  0.80000000000000004       -1.7514314457489279E-005   0.0000000000000000     
  0.80113636363636365       -1.9215935505064245E-005   0.0000000000000000     
  0.80227272727272725       -2.0154619665284428E-005   0.0000000000000000     
  0.80340909090909096       -2.0293098038531629E-005   0.0000000000000000     
  0.80454545454545456       -1.9625872570390355E-005   0.0000000000000000     
  0.80568181818181817       -1.8179434342790714E-005   0.0000000000000000     
  0.80681818181818188       -1.6011211789483452E-005   0.0000000000000000     
  0.80795454545454548       -1.3207290595211047E-005   0.0000000000000000     
  0.80909090909090908       -9.8789958061977187E-006   0.0000000000000000     
  0.81363636363636371        5.8001852125756996E-006   0.0000000000000000     
  0.81590909090909092        1.2895349266886384E-005   0.0000000000000000     
  0.81704545454545463        1.5745374006326417E-005   0.0000000000000000     
  0.81818181818181823        1.7970254753611431E-005   0.0000000000000000     
  0.81931818181818183        1.9481656304264080E-005   0.0000000000000000     
  0.82045454545454555        2.0219570963405618E-005   0.0000000000000000     
  0.82159090909090915        2.0154701051876301E-005   0.0000000000000000     
  0.82272727272727275        1.9289622122054218E-005   0.0000000000000000     
  0.82386363636363635        1.7658680699814257E-005   0.0000000000000000     
  0.82499999999999996        1.5326630612614548E-005   0.0000000000000000     
  0.82727272727272727        8.9632977943355153E-006   0.0000000000000000     
  0.83181818181818179       -6.7289057535979723E-006   0.0000000000000000     
  0.83409090909090911       -1.3614154672545058E-005   0.0000000000000000     
  0.83522727272727271       -1.6314329794265580E-005   0.0000000000000000     
  0.83636363636363642       -1.8366771476766727E-005   0.0000000000000000     
  0.83750000000000002       -1.9689990922986309E-005   0.0000000000000000     
  0.83863636363636362       -2.0231451896772013E-005   0.0000000000000000     
  0.83977272727272734       -1.9969656587108774E-005   0.0000000000000000     
  0.84090909090909094       -1.8914999143093685E-005   0.0000000000000000     
  0.84204545454545454       -1.7109352991464185E-005   0.0000000000000000     
  0.84318181818181825       -1.4624408321554016E-005   0.0000000000000000     
  0.84545454545454546       -8.0432522127459180E-006   0.0000000000000000     
  0.85000000000000009        7.6543624973419088E-006   0.0000000000000000     
  0.85227272727272729        1.4326356650751395E-005   0.0000000000000000     
  0.85340909090909101        1.6875372458267577E-005   0.0000000000000000     
  0.85454545454545461        1.8754379556976666E-005   0.0000000000000000     
  0.85568181818181821        1.9888775082666130E-005   0.0000000000000000     
  0.85681818181818192        2.0233519740154592E-005   0.0000000000000000     
  0.85795454545454553        1.9774926013898053E-005   0.0000000000000000     
  0.85909090909090913        1.8531201608120951E-005   0.0000000000000000     
  0.86022727272727284        1.6551726540081171E-005   0.0000000000000000     
  0.86136363636363644        1.3915092588285464E-005   0.0000000000000000     
  0.86363636363636376        7.1193053215451240E-006   0.0000000000000000     
  0.86818181818181828       -8.5761065590526962E-006   0.0000000000000000     
  0.87045454545454559       -1.5031609754123445E-005   0.0000000000000000     
  0.87159090909090919       -1.7428229869461691E-005   0.0000000000000000     
  0.87272727272727280       -1.9132890988309424E-005   0.0000000000000000     
  0.87386363636363640       -2.0077912364773952E-005   0.0000000000000000     
  0.87500000000000000       -2.0225773490563944E-005   0.0000000000000000     
  0.87613636363636371       -1.9570603784616973E-005   0.0000000000000000     
  0.87727272727272732       -1.8138415674796109E-005   0.0000000000000000     
  0.87954545454545463       -1.3211382066627357E-005   0.0000000000000000     
  0.88181818181818183       -6.2270452078995016E-006   0.0000000000000000     
  0.88636363636363635        9.4315024691939246E-006   0.0000000000000000     
  0.88863636363636367        1.5667332437421264E-005   0.0000000000000000     
  0.88977272727272727        1.7914075024878974E-005   0.0000000000000000     
  0.89090909090909087        1.9449568938769929E-005   0.0000000000000000     
  0.89204545454545459        2.0212849936842869E-005   0.0000000000000000     
  0.89318181818181819        2.0173613211471010E-005   0.0000000000000000     
  0.89431818181818179        1.9333416591838333E-005   0.0000000000000000     
  0.89545454545454550        1.7725618692911882E-005   0.0000000000000000     
  0.89772727272727271        1.2502413273171151E-005   0.0000000000000000     
  0.90000000000000002        5.3323066634550853E-006   0.0000000000000000     
  0.90454545454545454       -1.0283144540168516E-005   0.0000000000000000     
  0.90568181818181825       -1.3553810306193132E-005   0.0000000000000000     
  0.90681818181818186       -1.6286344486374040E-005   0.0000000000000000     
  0.90795454545454546       -1.8372256337626581E-005   0.0000000000000000     
  0.90909090909090917       -1.9728728185283307E-005   0.0000000000000000     
  0.91022727272727277       -2.0301903561676127E-005   0.0000000000000000     
  0.91136363636363638       -2.0069025487970716E-005   0.0000000000000000     
  0.91250000000000009       -1.9039340002312690E-005   0.0000000000000000     
  0.91363636363636369       -1.7253729061200028E-005   0.0000000000000000     
  0.91590909090909101       -1.1736932618081958E-005   0.0000000000000000     
  0.91818181818181821       -4.3924371874546534E-006   0.0000000000000000     
  0.92272727272727273        1.1139239291500534E-005   0.0000000000000000     
  0.92386363636363633        1.4301907981064415E-005   0.0000000000000000     
  0.92500000000000004        1.6896743105854535E-005   0.0000000000000000     
  0.92613636363636365        1.8820721035676338E-005   0.0000000000000000     
  0.92727272727272725        1.9997453413963725E-005   0.0000000000000000     
  0.92840909090909096        2.0380220030935415E-005   0.0000000000000000     
  0.92954545454545456        1.9953823772130852E-005   0.0000000000000000     
  0.93068181818181817        1.8735193994665529E-005   0.0000000000000000     
  0.93181818181818188        1.6772714375150341E-005   0.0000000000000000     
  0.93409090909090908        1.0965244600659162E-005   0.0000000000000000     
  0.93636363636363640        3.4502446641947149E-006   0.0000000000000000     
  0.94090909090909092       -1.1989442785153964E-005   0.0000000000000000     
  0.94204545454545452       -1.5042441743984094E-005   0.0000000000000000     
  0.94318181818181812       -1.7498205471703766E-005   0.0000000000000000     
  0.94431818181818183       -1.9259231937563085E-005   0.0000000000000000     
  0.94545454545454544       -2.0255602502937124E-005   0.0000000000000000     
  0.94659090909090904       -2.0447757925050828E-005   0.0000000000000000     
  0.94772727272727275       -1.9828068991181309E-005   0.0000000000000000     
  0.94886363636363635       -1.8421139423911424E-005   0.0000000000000000     
  0.94999999999999996       -1.6282829031081242E-005   0.0000000000000000     
  0.95227272727272727       -1.0187757346882347E-005   0.0000000000000000     
  0.95454545454545459       -2.5062273951115379E-006   0.0000000000000000     
  0.95681818181818179        5.5655773773098659E-006   0.0000000000000000     
  0.95909090909090911        1.2770699135658266E-005   0.0000000000000000     
  0.96022727272727271        1.5684217689698842E-005   0.0000000000000000     
  0.96136363636363642        1.7975020361828997E-005   0.0000000000000000     
  0.96250000000000002        1.9552154626746644E-005   0.0000000000000000     
  0.96363636363636362        2.0353002981041923E-005   0.0000000000000000     
  0.96477272727272734        2.0345769067441007E-005   0.0000000000000000     
  0.96590909090909094        1.9530740096500189E-005   0.0000000000000000     
  0.96704545454545454        1.7940275443386515E-005   0.0000000000000000     
  0.96818181818181825        1.5637521872490914E-005   0.0000000000000000     
  0.97045454545454546        9.2953320947082749E-006   0.0000000000000000     
  0.97272727272727277        1.5056543223286788E-006   0.0000000000000000     
  0.97500000000000009       -6.5184869994301228E-006   0.0000000000000000     
  0.97727272727272729       -1.3527556285195282E-005   0.0000000000000000     
  0.97840909090909089       -1.6296027979237638E-005   0.0000000000000000     
  0.97954545454545450       -1.8417492877308530E-005   0.0000000000000000     
  0.98068181818181821       -1.9807721729911460E-005   0.0000000000000000     
  0.98181818181818181       -2.0411517803416598E-005   0.0000000000000000     
  0.98295454545454541       -2.0204908374935054E-005   0.0000000000000000     
  0.98409090909090913       -1.9196096529568763E-005   0.0000000000000000     
  0.98522727272727273       -1.7425135470505839E-005   0.0000000000000000     
  0.98636363636363633       -1.4962338272936968E-005   0.0000000000000000     
  0.98863636363636365       -8.3851475426378279E-006   0.0000000000000000     
  0.99090909090909096       -5.0220460497001049E-007   0.0000000000000000     
  0.99318181818181817        7.4589426538684208E-006   0.0000000000000000     
  0.99545454545454548        1.4258568211938087E-005   0.0000000000000000     
  0.99659090909090908        1.6876703711661706E-005   0.0000000000000000     
  0.99772727272727280        1.8824777647367922E-005   0.0000000000000000     
  0.99886363636363640        2.0025444970492201E-005   0.0000000000000000     
   1.0000000000000000        2.0431035173917820E-005   0.0000000000000000     
