X My_beautiful_solution_real My_beautiful_solution_imag
   0.0000000000000000        0.0000000000000000        0.0000000000000000     
   1.1363636363636365E-003   4.9895735313237561E-005   0.0000000000000000     
   2.2727272727272731E-003   9.7810443109905390E-005   0.0000000000000000     
   3.4090909090909094E-003   1.4184174928933734E-004   0.0000000000000000     
   4.5454545454545461E-003   1.8024146377908803E-004   0.0000000000000000     
   6.8181818181818187E-003   2.3449529723749610E-004   0.0000000000000000     
   9.0909090909090922E-003   2.5223304669995091E-004   0.0000000000000000     
   1.0227272727272727E-002   2.4625624049153048E-004   0.0000000000000000     
   1.1363636363636364E-002   2.3050223818652681E-004   0.0000000000000000     
   1.3636363636363637E-002   1.7268683733885664E-004   0.0000000000000000     
   1.4772727272727274E-002   1.3292090351359971E-004   0.0000000000000000     
   1.5909090909090911E-002   8.7877565402492023E-005   0.0000000000000000     
   1.7045454545454548E-002   3.9345194129359672E-005   0.0000000000000000     
   1.8181818181818184E-002  -1.0749312899979481E-005   0.0000000000000000     
   1.9318181818181818E-002  -6.0417036267240141E-005   0.0000000000000000     
   2.0454545454545454E-002  -1.0768600129245801E-004   0.0000000000000000     
   2.1590909090909091E-002  -1.5067947202201159E-004   0.0000000000000000     
   2.2159090909090910E-002  -1.7002880698673464E-004   0.0000000000000000     
   2.2727272727272728E-002  -1.8768204633744299E-004   0.0000000000000000     
   2.3863636363636365E-002  -2.1722459832162517E-004   0.0000000000000000     
   2.5000000000000001E-002  -2.3814260746964276E-004   0.0000000000000000     
   2.6136363636363638E-002  -2.4960555887969238E-004   0.0000000000000000     
   2.7272727272727271E-002  -2.5115833505482072E-004   0.0000000000000000     
   2.8409090909090912E-002  -2.4273928558922258E-004   0.0000000000000000     
   2.9545454545454548E-002  -2.2468267489547778E-004   0.0000000000000000     
   3.1818181818181822E-002  -1.6303137464651699E-004   0.0000000000000000     
   3.2954545454545459E-002  -1.2188444784013645E-004   0.0000000000000000     
   3.4090909090909095E-002  -7.5898300938142621E-005   0.0000000000000000     
   3.5227272727272732E-002  -2.6898737725607754E-005   0.0000000000000000     
   3.6363636363636369E-002   2.3168795309616262E-005   0.0000000000000000     
   3.7500000000000006E-002   7.2316449706997149E-005   0.0000000000000000     
   3.8636363636363642E-002   1.1859289926350689E-004   0.0000000000000000     
   3.9772727272727279E-002   1.6016081420807237E-004   0.0000000000000000     
   4.0340909090909094E-002   1.7865194672247515E-004   0.0000000000000000     
   4.0909090909090916E-002   1.9536096484908024E-004   0.0000000000000000     
   4.2045454545454553E-002   2.2279578751561825E-004   0.0000000000000000     
   4.3181818181818189E-002   2.4138487250791526E-004   0.0000000000000000     
   4.4318181818181826E-002   2.5039017099982592E-004   0.0000000000000000     
   4.5454545454545463E-002   2.4945414253232294E-004   0.0000000000000000     
   4.7727272727272729E-002   2.1848439633346582E-004   0.0000000000000000     
   4.8863636363636366E-002   1.8968028107246217E-004   0.0000000000000000     
   5.0000000000000003E-002   1.5334522446354057E-004   0.0000000000000000     
   5.1136363636363640E-002   1.1092184973905767E-004   0.0000000000000000     
   5.2272727272727276E-002   6.4094506716635177E-005   0.0000000000000000     
   5.4545454545454543E-002  -3.5222862166938316E-005   0.0000000000000000     
   5.5681818181818180E-002  -8.3769656419285779E-005   0.0000000000000000     
   5.6818181818181823E-002  -1.2899051523089112E-004   0.0000000000000000     
   5.7954545454545460E-002  -1.6909001931258386E-004   0.0000000000000000     
   5.8522727272727282E-002  -1.8670967659908927E-004   0.0000000000000000     
   5.9090909090909097E-002  -2.0246684088110883E-004   0.0000000000000000     
   6.0227272727272733E-002  -2.2779580852596787E-004   0.0000000000000000     
   6.1363636363636370E-002  -2.4408052094508086E-004   0.0000000000000000     
   6.2500000000000000E-002  -2.5067442060804638E-004   0.0000000000000000     
   6.3636363636363644E-002  -2.4731570765177329E-004   0.0000000000000000     
   6.5909090909090917E-002  -2.1184465988018493E-004   0.0000000000000000     
   6.7045454545454547E-002  -1.8114064425760112E-004   0.0000000000000000     
   6.8181818181818191E-002  -1.4324473942062401E-004   0.0000000000000000     
   6.9318181818181834E-002  -9.9661539494905408E-005   0.0000000000000000     
   7.0454545454545464E-002  -5.2121443236391395E-005   0.0000000000000000     
   7.2727272727272738E-002   4.7195331950198006E-005   0.0000000000000000     
   7.3863636363636381E-002   9.5028802841224855E-005   0.0000000000000000     
   7.5000000000000011E-002   1.3908931253399820E-004   0.0000000000000000     
   7.6136363636363641E-002   1.7762751147895270E-004   0.0000000000000000     
   7.6704545454545470E-002   1.9433487594375573E-004   0.0000000000000000     
   7.7272727272727285E-002   2.0910368342765795E-004   0.0000000000000000     
   7.8409090909090928E-002   2.3226811911427722E-004   0.0000000000000000     
   7.9545454545454558E-002   2.4621073389178129E-004   0.0000000000000000     
   8.0681818181818188E-002   2.5037795933686204E-004   0.0000000000000000     
   8.1818181818181832E-002   2.4460434266637807E-004   0.0000000000000000     
   8.4090909090909105E-002   2.0471416534142479E-004   0.0000000000000000     
   8.5227272727272735E-002   1.7218137809815975E-004   0.0000000000000000     
   8.6363636363636379E-002   1.3281241446202210E-004   0.0000000000000000     
   8.7500000000000022E-002   8.8170353918110657E-005   0.0000000000000000     
   8.8636363636363652E-002   4.0027635529176907E-005   0.0000000000000000     
   9.0909090909090925E-002  -5.9058469306741841E-005   0.0000000000000000     
   9.2045454545454569E-002  -1.0606780610083811E-004   0.0000000000000000     
   9.3181818181818199E-002  -1.4886589635875548E-004   0.0000000000000000     
   9.3750000000000014E-002  -1.6814419039892867E-004   0.0000000000000000     
   9.4318181818181829E-002  -1.8574518852135816E-004   0.0000000000000000     
   9.4886363636363644E-002  -2.0149331473838161E-004   0.0000000000000000     
   9.5454545454545459E-002  -2.1523147609452294E-004   0.0000000000000000     
   9.6590909090909088E-002  -2.3616237915722029E-004   0.0000000000000000     
   9.7727272727272732E-002  -2.4771684616677666E-004   0.0000000000000000     
   9.8863636363636376E-002  -2.4943612615095878E-004   0.0000000000000000     
  0.10000000000000001       -2.4125195794604272E-004   0.0000000000000000     
  0.10227272727272728       -1.9702605166609322E-004   0.0000000000000000     
  0.10340909090909092       -1.6274022993813405E-004   0.0000000000000000     
  0.10454545454545455       -1.2199307696540262E-004   0.0000000000000000     
  0.10568181818181818       -7.6402390957587327E-005   0.0000000000000000     
  0.10681818181818181       -2.7778274580051788E-005   0.0000000000000000     
  0.10795454545454544        2.1948732173994756E-005   0.0000000000000000     
  0.10909090909090909        7.0804300875921124E-005   0.0000000000000000     
  0.11022727272727273        1.1684870210138643E-004   0.0000000000000000     
  0.11136363636363636        1.5825381917390491E-004   0.0000000000000000     
  0.11193181818181819        1.7669168115455776E-004   0.0000000000000000     
  0.11250000000000000        1.9336698306818270E-004   0.0000000000000000     
  0.11306818181818182        2.0811338306401207E-004   0.0000000000000000     
  0.11363636363636365        2.2078378074889111E-004   0.0000000000000000     
  0.11477272727272728        2.3942442112197287E-004   0.0000000000000000     
  0.11590909090909092        2.4855911146939055E-004   0.0000000000000000     
  0.11704545454545456        2.4782517404283588E-004   0.0000000000000000     
  0.11818181818181819        2.3725174861203706E-004   0.0000000000000000     
  0.12045454545454547        1.8880753341947830E-004   0.0000000000000000     
  0.12159090909090911        1.5286014097239050E-004   0.0000000000000000     
  0.12272727272727274        1.1084368984620008E-004   0.0000000000000000     
  0.12386363636363637        6.4426373631141362E-005   0.0000000000000000     
  0.12500000000000000        1.5451114975614582E-005   0.0000000000000000     
  0.12613636363636366       -3.4137604604704194E-005   0.0000000000000000     
  0.12727272727272729       -8.2370947144335996E-005   0.0000000000000000     
  0.12840909090909092       -1.2733388767797616E-004   0.0000000000000000     
  0.12954545454545457       -1.6724124713443159E-004   0.0000000000000000     
  0.13011363636363638       -1.8479201613520022E-004   0.0000000000000000     
  0.13068181818181820       -2.0049942145174224E-004   0.0000000000000000     
  0.13125000000000003       -2.1420677633351683E-004   0.0000000000000000     
  0.13181818181818183       -2.2577734521843406E-004   0.0000000000000000     
  0.13295454545454546       -2.4208054880780697E-004   0.0000000000000000     
  0.13409090909090909       -2.4877234522171875E-004   0.0000000000000000     
  0.13522727272727275       -2.4558704776875110E-004   0.0000000000000000     
  0.13636363636363638       -2.3265112340771710E-004   0.0000000000000000     
  0.13863636363636367       -1.8011119766397988E-004   0.0000000000000000     
  0.13977272727272730       -1.4259320699869552E-004   0.0000000000000000     
  0.14090909090909093       -9.9413789260196090E-005   0.0000000000000000     
  0.14545454545454548        9.3614780851032368E-005   0.0000000000000000     
  0.14659090909090911        1.3736979864609235E-004   0.0000000000000000     
  0.14715909090909093        1.5730095914599473E-004   0.0000000000000000     
  0.14772727272727276        1.7566298867558645E-004   0.0000000000000000     
  0.14829545454545456        1.9227271969813304E-004   0.0000000000000000     
  0.14886363636363639        2.0696446445497588E-004   0.0000000000000000     
  0.14943181818181822        2.1959166775769673E-004   0.0000000000000000     
  0.15000000000000002        2.3002836892634595E-004   0.0000000000000000     
  0.15113636363636365        2.4394850677726424E-004   0.0000000000000000     
  0.15227272727272728        2.4818307327588223E-004   0.0000000000000000     
  0.15340909090909091        2.4256394197408080E-004   0.0000000000000000     
  0.15454545454545454        2.2731421117190911E-004   0.0000000000000000     
  0.15681818181818183        1.7086005631593724E-004   0.0000000000000000     
  0.15795454545454546        1.3189705096239884E-004   0.0000000000000000     
  0.15909090909090912        8.7697291692506274E-005   0.0000000000000000     
  0.16136363636363638       -9.2238080698500010E-006   0.0000000000000000     
  0.16363636363636366       -1.0470855770404228E-004   0.0000000000000000     
  0.16477272727272729       -1.4716277872839223E-004   0.0000000000000000     
  0.16590909090909095       -1.8377414540365677E-004   0.0000000000000000     
  0.16704545454545458       -2.1308906406401076E-004   0.0000000000000000     
  0.16818181818181821       -2.3394363442524077E-004   0.0000000000000000     
  0.16931818181818184       -2.4550986031748423E-004   0.0000000000000000     
  0.17045454545454547       -2.4732852390155007E-004   0.0000000000000000     
  0.17159090909090910       -2.3932741815251322E-004   0.0000000000000000     
  0.17272727272727273       -2.2182421372002578E-004   0.0000000000000000     
  0.17386363636363639       -1.9551384634140448E-004   0.0000000000000000     
  0.17500000000000002       -1.6144092556936876E-004   0.0000000000000000     
  0.17613636363636365       -1.2095826028017896E-004   0.0000000000000000     
  0.17727272727272730       -7.5673147638180549E-005   0.0000000000000000     
  0.17954545454545456        2.1972087408653106E-005   0.0000000000000000     
  0.18181818181818185        1.1619578437420085E-004   0.0000000000000000     
  0.18295454545454548        1.5732284010350604E-004   0.0000000000000000     
  0.18409090909090914        1.9220365307732630E-004   0.0000000000000000     
  0.18522727272727277        2.1945333839782925E-004   0.0000000000000000     
  0.18636363636363640        2.3798999244942849E-004   0.0000000000000000     
  0.18750000000000003        2.4707764808962532E-004   0.0000000000000000     
  0.18863636363636366        2.4635549500524732E-004   0.0000000000000000     
  0.19090909090909092        2.1616706906056797E-004   0.0000000000000000     
  0.19204545454545455        1.8789937764420955E-004   0.0000000000000000     
  0.19318181818181818        1.5217145270042290E-004   0.0000000000000000     
  0.19431818181818183        1.1040181230453424E-004   0.0000000000000000     
  0.19545454545454546        6.4248850835584386E-005   0.0000000000000000     
  0.19772727272727275       -3.3764035042156687E-005   0.0000000000000000     
  0.20000000000000001       -1.2651911680115142E-004   0.0000000000000000     
  0.20113636363636364       -1.6628248147411729E-004   0.0000000000000000     
  0.20170454545454547       -1.8377524000782279E-004   0.0000000000000000     
  0.20227272727272727       -1.9943477754759263E-004   0.0000000000000000     
  0.20284090909090910       -2.1310488484036473E-004   0.0000000000000000     
  0.20340909090909093       -2.2464919788151290E-004   0.0000000000000000     
  0.20397727272727273       -2.3395255819252405E-004   0.0000000000000000     
  0.20454545454545456       -2.4092216156628435E-004   0.0000000000000000     
  0.20568181818181819       -2.4761812767795470E-004   0.0000000000000000     
  0.20681818181818185       -2.4448282621831888E-004   0.0000000000000000     
  0.20909090909090911       -2.0978076045524634E-004   0.0000000000000000     
  0.21022727272727273       -1.7959178418773869E-004   0.0000000000000000     
  0.21136363636363636       -1.4227241362917085E-004   0.0000000000000000     
  0.21250000000000002       -9.9304352566718330E-005   0.0000000000000000     
  0.21363636363636365       -5.2393576686761832E-005   0.0000000000000000     
  0.21590909090909094        4.5720840384861170E-005   0.0000000000000000     
  0.21704545454545457        9.3029011176684205E-005   0.0000000000000000     
  0.21818181818181820        1.3664361918556958E-004   0.0000000000000000     
  0.21875000000000000        1.5651509046689223E-004   0.0000000000000000     
  0.21931818181818183        1.7482527008727547E-004   0.0000000000000000     
  0.21988636363636366        1.9139150773059646E-004   0.0000000000000000     
  0.22045454545454546        2.0604854949955612E-004   0.0000000000000000     
  0.22159090909090909        2.2908153739819147E-004   0.0000000000000000     
  0.22272727272727272        2.4301922233606435E-004   0.0000000000000000     
  0.22386363636363635        2.4730823162098239E-004   0.0000000000000000     
  0.22499999999999998        2.4177827724418280E-004   0.0000000000000000     
  0.22727272727272727        2.0269599909568815E-004   0.0000000000000000     
  0.22840909090909089        1.7069537243670973E-004   0.0000000000000000     
  0.22954545454545455        1.3191756877802536E-004   0.0000000000000000     
  0.23068181818181818        8.7902196577107944E-005   0.0000000000000000     
  0.23181818181818181        4.0396813274180114E-005   0.0000000000000000     
  0.23409090909090910       -5.7482549999514766E-005   0.0000000000000000     
  0.23522727272727273       -1.0397039199211021E-004   0.0000000000000000     
  0.23636363636363639       -1.4633026180127501E-004   0.0000000000000000     
  0.23750000000000002       -1.8288033096684994E-004   0.0000000000000000     
  0.23863636363636365       -2.1216943953909361E-004   0.0000000000000000     
  0.23977272727272730       -2.3303471198058505E-004   0.0000000000000000     
  0.24090909090909093       -2.4464772721309244E-004   0.0000000000000000     
  0.24204545454545456       -2.4654740970417820E-004   0.0000000000000000     
  0.24318181818181822       -2.3865833570742444E-004   0.0000000000000000     
  0.24545454545454548       -1.9531404276882598E-004   0.0000000000000000     
  0.24659090909090911       -1.6157973717676087E-004   0.0000000000000000     
  0.24772727272727274       -1.2143017578261635E-004   0.0000000000000000     
  0.24886363636363637       -7.6459430412384777E-005   0.0000000000000000     
  0.25000000000000000       -2.8452990015368189E-005   0.0000000000000000     
  0.25113636363636366        2.0683129216830021E-005   0.0000000000000000     
  0.25227272727272732        6.8998059065805746E-005   0.0000000000000000     
  0.25340909090909092        1.1457353527728563E-004   0.0000000000000000     
  0.25454545454545457        1.5560005906567839E-004   0.0000000000000000     
  0.25511363636363638        1.7388738850450950E-004   0.0000000000000000     
  0.25568181818181823        1.9044013165645508E-004   0.0000000000000000     
  0.25625000000000003        2.0509316923638903E-004   0.0000000000000000     
  0.25681818181818183        2.1770033217324952E-004   0.0000000000000000     
  0.25795454545454549        2.3630694812141678E-004   0.0000000000000000     
  0.25909090909090915        2.4553138814520272E-004   0.0000000000000000     
  0.26022727272727275        2.4500741113407291E-004   0.0000000000000000     
  0.26136363636363641        2.3475582072726779E-004   0.0000000000000000     
  0.26363636363636367        1.8723424960176890E-004   0.0000000000000000     
  0.26477272727272727        1.5185103414345807E-004   0.0000000000000000     
  0.26590909090909093        1.1043882492106416E-004   0.0000000000000000     
  0.26704545454545459        6.4641825100981211E-005   0.0000000000000000     
  0.26818181818181819        1.6278328696725456E-005   0.0000000000000000     
  0.26931818181818185       -3.2731471782811428E-005   0.0000000000000000     
  0.27045454545454550       -8.0441723396047231E-005   0.0000000000000000     
  0.27159090909090911       -1.2495816963638785E-004   0.0000000000000000     
  0.27272727272727276       -1.6451335874892564E-004   0.0000000000000000     
  0.27329545454545456       -1.8192798175490003E-004   0.0000000000000000     
  0.27386363636363642       -1.9752781080102007E-004   0.0000000000000000     
  0.27443181818181822       -2.1115723224690352E-004   0.0000000000000000     
  0.27500000000000002       -2.2268028794319154E-004   0.0000000000000000     
  0.27613636363636368       -2.3898115940996492E-004   0.0000000000000000     
  0.27727272727272734       -2.4579367982307035E-004   0.0000000000000000     
  0.27840909090909094       -2.4284736934468572E-004   0.0000000000000000     
  0.27954545454545460       -2.3025920635168809E-004   0.0000000000000000     
  0.28181818181818186       -1.7868062045421797E-004   0.0000000000000000     
  0.28295454545454546       -1.4173803986106167E-004   0.0000000000000000     
  0.28409090909090912       -9.9167985189273688E-005   0.0000000000000000     
  0.28522727272727277       -5.2660629940804558E-005   0.0000000000000000     
  0.28636363636363638       -4.0624716147258075E-006   0.0000000000000000     
  0.28750000000000003        4.4696980417190650E-005   0.0000000000000000     
  0.28863636363636369        9.1681812883764334E-005   0.0000000000000000     
  0.28977272727272729        1.3502657084393709E-004   0.0000000000000000     
  0.29090909090909095        1.7301032248502230E-004   0.0000000000000000     
  0.29147727272727275        1.8950816766102925E-004   0.0000000000000000     
  0.29204545454545461        2.0411560392524108E-004   0.0000000000000000     
  0.29261363636363641        2.1668691709534203E-004   0.0000000000000000     
  0.29318181818181821        2.2709670401460929E-004   0.0000000000000000     
  0.29431818181818187        2.4105057818737163E-004   0.0000000000000000     
  0.29545454545454553        2.4543393846197413E-004   0.0000000000000000     
  0.29659090909090913        2.4007275077990483E-004   0.0000000000000000     
  0.29772727272727278        2.2517987221708357E-004   0.0000000000000000     
  0.30000000000000004        1.6967480209893372E-004   0.0000000000000000     
  0.30113636363636365        1.3126634740654404E-004   0.0000000000000000     
  0.30227272727272730        8.7646179837701948E-005   0.0000000000000000     
  0.30340909090909096        4.0546165887386667E-005   0.0000000000000000     
  0.30454545454545456       -8.1636664133335280E-006   0.0000000000000000     
  0.30568181818181817       -5.6549373862513176E-005   0.0000000000000000     
  0.30681818181818182       -1.0268988209851299E-004   0.0000000000000000     
  0.30795454545454548       -1.4475325867519659E-004   0.0000000000000000     
  0.30909090909090908       -1.8106944690504935E-004   0.0000000000000000     
  0.30965909090909094       -1.9660876295472443E-004   0.0000000000000000     
  0.31022727272727274       -2.1018683922136293E-004   0.0000000000000000     
  0.31079545454545454       -2.2166822974136344E-004   0.0000000000000000     
  0.31136363636363640       -2.3093840370992433E-004   0.0000000000000000     
  0.31250000000000000       -2.4250996735050251E-004   0.0000000000000000     
  0.31363636363636366       -2.4445307446372907E-004   0.0000000000000000     
  0.31477272727272732       -2.3669057720049791E-004   0.0000000000000000     
  0.31590909090909092       -2.1953067265579671E-004   0.0000000000000000     
  0.31704545454545457       -1.9365466641358499E-004   0.0000000000000000     
  0.31818181818181823       -1.6008992243719510E-004   0.0000000000000000     
  0.31931818181818183       -1.2016907328503141E-004   0.0000000000000000     
  0.32045454545454549       -7.5477110142384589E-005   0.0000000000000000     
  0.32272727272727275        2.0982021999179493E-005   0.0000000000000000     
  0.32386363636363641        6.8919440944366844E-005   0.0000000000000000     
  0.32500000000000007        1.1412052765433857E-004   0.0000000000000000     
  0.32613636363636367        1.5479064785846498E-004   0.0000000000000000     
  0.32727272727272733        1.8931506180553125E-004   0.0000000000000000     
  0.32784090909090913        2.0383064307191866E-004   0.0000000000000000     
  0.32840909090909098        2.1631294382635819E-004   0.0000000000000000     
  0.32897727272727278        2.2663744884147141E-004   0.0000000000000000     
  0.32954545454545459        2.3470116764180235E-004   0.0000000000000000     
  0.33068181818181824        2.4375975029032929E-004   0.0000000000000000     
  0.33181818181818190        2.4314025585018740E-004   0.0000000000000000     
  0.33409090909090916        2.1352866331987810E-004   0.0000000000000000     
  0.33522727272727282        1.8571224445848027E-004   0.0000000000000000     
  0.33636363636363642        1.5052242856973191E-004   0.0000000000000000     
  0.33750000000000002        1.0935636900032548E-004   0.0000000000000000     
  0.33863636363636368        6.3848495952434776E-005   0.0000000000000000     
  0.34090909090909094       -3.2852568646286868E-005   0.0000000000000000     
  0.34204545454545460       -8.0206404615946051E-005   0.0000000000000000     
  0.34318181818181825       -1.2437577815506228E-004   0.0000000000000000     
  0.34431818181818186       -1.6360701745538552E-004   0.0000000000000000     
  0.34545454545454551       -1.9634251114842956E-004   0.0000000000000000     
  0.34602272727272732       -2.0985401919169740E-004   0.0000000000000000     
  0.34659090909090917       -2.2127216148217261E-004   0.0000000000000000     
  0.34715909090909097       -2.3048303813781378E-004   0.0000000000000000     
  0.34772727272727277       -2.3739476750766109E-004   0.0000000000000000     
  0.34886363636363638       -2.4408059706275390E-004   0.0000000000000000     
  0.35000000000000003       -2.4107561083957330E-004   0.0000000000000000     
  0.35227272727272729       -2.0702703618575294E-004   0.0000000000000000     
  0.35340909090909089       -1.7733529000908121E-004   0.0000000000000000     
  0.35454545454545455       -1.4060273990474921E-004   0.0000000000000000     
  0.35568181818181821       -9.8287790925888154E-005   0.0000000000000000     
  0.35681818181818181       -5.2070488025503284E-005   0.0000000000000000     
  0.35909090909090913        4.4646246325277469E-005   0.0000000000000000     
  0.36022727272727278        9.1305700052949103E-005   0.0000000000000000     
  0.36136363636363644        1.3434001221112520E-004   0.0000000000000000     
  0.36250000000000004        1.7204057672341706E-004   0.0000000000000000     
  0.36363636363636370        2.0291055512818023E-004   0.0000000000000000     
  0.36420454545454550        2.1538637550465558E-004   0.0000000000000000     
  0.36477272727272736        2.2571364297832599E-004   0.0000000000000000     
  0.36534090909090916        2.3378933951726153E-004   0.0000000000000000     
  0.36590909090909096        2.3953290728116213E-004   0.0000000000000000     
  0.36704545454545456        2.4383034013137513E-004   0.0000000000000000     
  0.36818181818181822        2.3844689324021561E-004   0.0000000000000000     
  0.37045454545454548        2.0004100386507748E-004   0.0000000000000000     
  0.37159090909090908        1.6854340359803160E-004   0.0000000000000000     
  0.37272727272727274        1.3035406668920671E-004   0.0000000000000000     
  0.37386363636363640        8.6989237498587830E-005   0.0000000000000000     
  0.37500000000000000        4.0170644733824587E-005   0.0000000000000000     
  0.37727272727272732       -5.6335459999574275E-005   0.0000000000000000     
  0.37840909090909097       -1.0219135694552834E-004   0.0000000000000000     
  0.37954545454545463       -1.4398991534754092E-004   0.0000000000000000     
  0.38068181818181823       -1.8007159268504228E-004   0.0000000000000000     
  0.38181818181818189       -2.0900382572991923E-004   0.0000000000000000     
  0.38238636363636369       -2.2041476731457735E-004   0.0000000000000000     
  0.38295454545454555       -2.2962699606503113E-004   0.0000000000000000     
  0.38409090909090915       -2.4112229487522978E-004   0.0000000000000000     
  0.38522727272727275       -2.4304423239497939E-004   0.0000000000000000     
  0.38636363636363641       -2.3531650127881480E-004   0.0000000000000000     
  0.38863636363636367       -1.9267891087502577E-004   0.0000000000000000     
  0.38977272727272727       -1.5946190648371487E-004   0.0000000000000000     
  0.39090909090909093       -1.1991373124972909E-004   0.0000000000000000     
  0.39204545454545459       -7.5604579957790671E-005   0.0000000000000000     
  0.39318181818181819       -2.8293674060279136E-005   0.0000000000000000     
  0.39431818181818185        2.0140585296330811E-005   0.0000000000000000     
  0.39545454545454550        6.7775196077338550E-005   0.0000000000000000     
  0.39659090909090911        1.1271890497009214E-004   0.0000000000000000     
  0.39772727272727276        1.5318729646384525E-004   0.0000000000000000     
  0.39886363636363642        1.8757364011165139E-004   0.0000000000000000     
  0.40000000000000002        2.1451268310116231E-004   0.0000000000000000     
  0.40113636363636362        2.3293485535595457E-004   0.0000000000000000     
  0.40227272727272728        2.4210873504362893E-004   0.0000000000000000     
  0.40340909090909094        2.4167008846803981E-004   0.0000000000000000     
  0.40454545454545454        2.3163633136483831E-004   0.0000000000000000     
  0.40568181818181820        2.1240583743853403E-004   0.0000000000000000     
  0.40681818181818186        1.8474212159448101E-004   0.0000000000000000     
  0.40795454545454546        1.4974352584434981E-004   0.0000000000000000     
  0.40909090909090912        1.0879961145599001E-004   0.0000000000000000     
  0.41022727272727277        6.3535988725157134E-005   0.0000000000000000     
  0.41136363636363638        1.5749774811596594E-005   0.0000000000000000     
  0.41363636363636369       -7.9801751635486101E-005   0.0000000000000000     
  0.41477272727272729       -1.2377334909589036E-004   0.0000000000000000     
  0.41590909090909095       -1.6283073076535511E-004   0.0000000000000000     
  0.41818181818181821       -2.2040772129828493E-004   0.0000000000000000     
  0.41931818181818181       -2.3664133113095284E-004   0.0000000000000000     
  0.42045454545454547       -2.4347948891576403E-004   0.0000000000000000     
  0.42159090909090913       -2.4065069692552071E-004   0.0000000000000000     
  0.42272727272727273       -2.2826726766020280E-004   0.0000000000000000     
  0.42386363636363633       -2.0682086466520318E-004   0.0000000000000000     
  0.42499999999999999       -1.7716298184471498E-004   0.0000000000000000     
  0.42613636363636365       -1.4047113630679946E-004   0.0000000000000000     
  0.42727272727272725       -9.8202116997207623E-005   0.0000000000000000     
  0.42840909090909085       -5.2034145307506360E-005   0.0000000000000000     
  0.42954545454545451       -3.8002440747621501E-006   0.0000000000000000     
  0.43068181818181817        4.4584539553732427E-005   0.0000000000000000     
  0.43181818181818177        9.1199167895103343E-005   0.0000000000000000     
  0.43295454545454543        1.3419288434983405E-004   0.0000000000000000     
  0.43409090909090908        1.7185869462669226E-004   0.0000000000000000     
  0.43636363636363634        2.2565232730270741E-004   0.0000000000000000     
  0.43750000000000000        2.3964436262751115E-004   0.0000000000000000     
  0.43863636363636360        2.4412171551351370E-004   0.0000000000000000     
  0.43977272727272726        2.3890662008126950E-004   0.0000000000000000     
  0.44090909090909092        2.2420613305592621E-004   0.0000000000000000     
  0.44204545454545452        2.0060391292295204E-004   0.0000000000000000     
  0.44318181818181818        1.6903704673481578E-004   0.0000000000000000     
  0.44431818181818183        1.3075884462189312E-004   0.0000000000000000     
  0.44545454545454544        8.7289079189890320E-005   0.0000000000000000     
  0.44772727272727275       -8.1527761674396369E-006   0.0000000000000000     
  0.44886363636363635       -5.6335505328593398E-005   0.0000000000000000     
  0.45000000000000001       -1.0228152657242581E-004   0.0000000000000000     
  0.45227272727272727       -1.8043925181637072E-004   0.0000000000000000     
  0.45454545454545459       -2.3049861025673736E-004   0.0000000000000000     
  0.45568181818181819       -2.4229782221559600E-004   0.0000000000000000     
  0.45681818181818185       -2.4447700051825856E-004   0.0000000000000000     
  0.45795454545454550       -2.3694962450010267E-004   0.0000000000000000     
  0.45909090909090911       -2.2001455615656691E-004   0.0000000000000000     
  0.46022727272727271       -1.9434417432269405E-004   0.0000000000000000     
  0.46136363636363636       -1.6095767898530489E-004   0.0000000000000000     
  0.46250000000000002       -1.2118062563586649E-004   0.0000000000000000     
  0.46363636363636362       -7.6592296285531240E-005   0.0000000000000000     
  0.46590909090909094        1.9793847076120979E-005   0.0000000000000000     
  0.46818181818181820        1.1309765236553810E-004   0.0000000000000000     
  0.47272727272727277        2.3720662391769413E-004   0.0000000000000000     
  0.47386363636363638        2.4776883985478711E-004   0.0000000000000000     
  0.47500000000000003        2.4849380444325313E-004   0.0000000000000000     
  0.47613636363636369        2.3935273416503602E-004   0.0000000000000000     
  0.47727272727272729        2.2070856007302863E-004   0.0000000000000000     
  0.47840909090909089        1.9330151821482299E-004   0.0000000000000000     
  0.47954545454545455        1.5821975978666742E-004   0.0000000000000000     
  0.48068181818181821        1.1685614789278501E-004   0.0000000000000000     
  0.48181818181818181        7.0852956223145159E-005   0.0000000000000000     
  0.48409090909090913       -2.7637524199296779E-005   0.0000000000000000     
  0.48636363636363639       -1.2182423321569585E-004   0.0000000000000000     
  0.49090909090909096       -2.4378918508517145E-004   0.0000000000000000     
  0.49204545454545456       -2.5310881891565799E-004   0.0000000000000000     
  0.49318181818181822       -2.5237918637476903E-004   0.0000000000000000     
  0.49431818181818188       -2.4162925631387804E-004   0.0000000000000000     
  0.49545454545454548       -2.2128583689841620E-004   0.0000000000000000     
  0.49659090909090908       -1.9215662989668347E-004   0.0000000000000000     
  0.49772727272727274       -1.5539816221912464E-004   0.0000000000000000     
  0.49886363636363640       -1.1246986793318250E-004   0.0000000000000000     
  0.50000000000000000       -6.5076143851251872E-005   0.0000000000000000     
  0.50227272727272720        3.5466584545469262E-005   0.0000000000000000     
  0.50454545454545452        1.3048638435655155E-004   0.0000000000000000     
  0.50909090909090904        2.5024281241156404E-004   0.0000000000000000     
  0.51022727272727275        2.5831493522037949E-004   0.0000000000000000     
  0.51136363636363635        2.5613109143405449E-004   0.0000000000000000     
  0.51249999999999996        2.4377798695251232E-004   0.0000000000000000     
  0.51363636363636367        2.2174608132583733E-004   0.0000000000000000     
  0.51477272727272727        1.9091011487031362E-004   0.0000000000000000     
  0.51590909090909087        1.5249437855319176E-004   0.0000000000000000     
  0.51704545454545459        1.0802410554791861E-004   0.0000000000000000     
  0.51818181818181819        5.9264914377603982E-005   0.0000000000000000     
  0.52045454545454550       -4.3276887525635311E-005   0.0000000000000000     
  0.52272727272727271       -1.3907952459875836E-004   0.0000000000000000     
  0.52499999999999991       -2.1322441560108681E-004   0.0000000000000000     
  0.52727272727272723       -2.5416556750159925E-004   0.0000000000000000     
  0.52840909090909083       -2.5990568437063341E-004   0.0000000000000000     
  0.52954545454545454       -2.5532667658464855E-004   0.0000000000000000     
  0.53068181818181814       -2.4061034606250061E-004   0.0000000000000000     
  0.53181818181818175       -2.1634098032945174E-004   0.0000000000000000     
  0.53295454545454546       -1.8348215434887017E-004   0.0000000000000000     
  0.53409090909090906       -1.4333847337451904E-004   0.0000000000000000     
  0.53522727272727266       -9.7503775760061012E-005   0.0000000000000000     
  0.53636363636363638       -4.7797852247482631E-005   0.0000000000000000     
  0.53863636363636358        5.5261301914211850E-005   0.0000000000000000     
  0.54090909090909089        1.4971505389429994E-004   0.0000000000000000     
  0.54318181818181821        2.2085487357865360E-004   0.0000000000000000     
  0.54545454545454541        2.5760272374582630E-004   0.0000000000000000     
  0.54659090909090913        2.6099986783108931E-004   0.0000000000000000     
  0.54772727272727273        2.5403444451958958E-004   0.0000000000000000     
  0.54886363636363633        2.3698300440544201E-004   0.0000000000000000     
  0.55000000000000004        2.1052254667206475E-004   0.0000000000000000     
  0.55113636363636365        1.7570363996108693E-004   0.0000000000000000     
  0.55227272727272725        1.3390871128472073E-004   0.0000000000000000     
  0.55340909090909096        8.6797159051285288E-005   0.0000000000000000     
  0.55454545454545456        3.6239469400273232E-005   0.0000000000000000     
  0.55681818181818188       -6.7140136209116574E-005   0.0000000000000000     
  0.55909090909090908       -1.6006454343203374E-004   0.0000000000000000     
  0.56136363636363629       -2.2806337482637488E-004   0.0000000000000000     
  0.56250000000000000       -2.4915541800935519E-004   0.0000000000000000     
  0.56363636363636360       -2.6035515805499475E-004   0.0000000000000000     
  0.56477272727272720       -2.6121792783754763E-004   0.0000000000000000     
  0.56590909090909092       -2.5170947251200481E-004   0.0000000000000000     
  0.56704545454545452       -2.3220730954597778E-004   0.0000000000000000     
  0.56818181818181812       -2.0348574001401246E-004   0.0000000000000000     
  0.56931818181818183       -1.6668510625608032E-004   0.0000000000000000     
  0.57045454545454544       -1.2326651647400166E-004   0.0000000000000000     
  0.57159090909090904       -7.4953833850647763E-005   0.0000000000000000     
  0.57272727272727275       -2.3665233417913841E-005   0.0000000000000000     
  0.57500000000000007        7.9679174850915221E-005   0.0000000000000000     
  0.57727272727272738        1.7061578016650396E-004   0.0000000000000000     
  0.57954545454545459        2.3498374963740036E-004   0.0000000000000000     
  0.58068181818181830        2.5381217949211227E-004   0.0000000000000000     
  0.58181818181818190        2.6256341720890019E-004   0.0000000000000000     
  0.58295454545454550        2.6089000939095481E-004   0.0000000000000000     
  0.58409090909090922        2.4885839592362691E-004   0.0000000000000000     
  0.58522727272727282        2.2694627208884780E-004   0.0000000000000000     
  0.58636363636363642        1.9602362246527198E-004   0.0000000000000000     
  0.58750000000000002        1.5731817963174566E-004   0.0000000000000000     
  0.58863636363636362        1.1236667907904492E-004   0.0000000000000000     
  0.59090909090909094        1.1090187086464643E-005   0.0000000000000000     
  0.59318181818181825       -9.1913291365763275E-005   0.0000000000000000     
  0.59545454545454546       -1.8060384539094610E-004   0.0000000000000000     
  0.59772727272727266       -2.4117040176679363E-004   0.0000000000000000     
  0.59886363636363638       -2.5769194670995413E-004   0.0000000000000000     
  0.59999999999999998       -2.6398225978477741E-004   0.0000000000000000     
  0.60113636363636358       -2.6299853789364588E-004   0.0000000000000000     
  0.60227272727272729       -2.5798678144756722E-004   0.0000000000000000     
  0.60340909090909089       -2.4914597393408327E-004   0.0000000000000000     
  0.60454545454545450       -2.3682712497040745E-004   0.0000000000000000     
  0.60681818181818181       -2.0387672175504689E-004   0.0000000000000000     
  0.60909090909090913       -1.6433437647941153E-004   0.0000000000000000     
  0.61136363636363633       -1.2435770346879042E-004   0.0000000000000000     
  0.61363636363636365       -9.0171951445571879E-005   0.0000000000000000     
  0.61590909090909096       -6.7100595153391703E-005   0.0000000000000000     
  0.61818181818181817       -5.8736353056930277E-005   0.0000000000000000     
  0.61931818181818188       -6.0593995604246094E-005   0.0000000000000000     
  0.62045454545454548       -6.6459740657964832E-005   0.0000000000000000     
  0.62159090909090908       -7.6100698527541873E-005   0.0000000000000000     
  0.62272727272727280       -8.9134090951353224E-005   0.0000000000000000     
  0.62500000000000000       -1.2315048931999781E-004   0.0000000000000000     
  0.62727272727272732       -1.6314579851540870E-004   0.0000000000000000     
  0.62954545454545463       -2.0289186775064303E-004   0.0000000000000000     
  0.63181818181818183       -2.3619935839161617E-004   0.0000000000000000     
  0.63409090909090904       -2.5788156034107688E-004   0.0000000000000000     
  0.63636363636363635       -2.6456207707026302E-004   0.0000000000000000     
  0.63749999999999996       -2.6183347671556681E-004   0.0000000000000000     
  0.63863636363636367       -2.5512309863003426E-004   0.0000000000000000     
  0.63977272727272727       -2.4469736725957517E-004   0.0000000000000000     
  0.64090909090909087       -2.3097021899766204E-004   0.0000000000000000     
  0.64318181818181819       -1.9594207996367533E-004   0.0000000000000000     
  0.64545454545454550       -1.5555759740612171E-004   0.0000000000000000     
  0.64772727272727271       -1.1610552497839158E-004   0.0000000000000000     
  0.65000000000000002       -8.3729419534529429E-005   0.0000000000000000     
  0.65227272727272734       -6.3470953977054213E-005   0.0000000000000000     
  0.65454545454545454       -5.8484817711854843E-005   0.0000000000000000     
  0.65568181818181825       -6.2080023890120149E-005   0.0000000000000000     
  0.65681818181818186       -6.9624332283355788E-005   0.0000000000000000     
  0.65795454545454546       -8.0818208624221019E-005   0.0000000000000000     
  0.65909090909090917       -9.5217218595653629E-005   0.0000000000000000     
  0.66363636363636369       -1.7156914000297424E-004   0.0000000000000000     
  0.66590909090909101       -2.1037611006945121E-004   0.0000000000000000     
  0.66818181818181821       -2.4157904012568447E-004   0.0000000000000000     
  0.67045454545454541       -2.6031894652349136E-004   0.0000000000000000     
  0.67159090909090913       -2.6399244022979983E-004   0.0000000000000000     
  0.67272727272727273       -2.6359843813533875E-004   0.0000000000000000     
  0.67386363636363633       -2.5915258344059078E-004   0.0000000000000000     
  0.67500000000000004       -2.5083139144149513E-004   0.0000000000000000     
  0.67727272727272725       -2.2408509172423789E-004   0.0000000000000000     
  0.68181818181818188       -1.4735062440876252E-004   0.0000000000000000     
  0.68409090909090908       -1.0931170392503744E-004   0.0000000000000000     
  0.68636363636363640       -7.9406698039313192E-005   0.0000000000000000     
  0.68863636363636371       -6.2292475011583377E-005   0.0000000000000000     
  0.68977272727272732       -5.9476491321656690E-005   0.0000000000000000     
  0.69090909090909092       -6.0712978794487949E-005   0.0000000000000000     
  0.69204545454545452       -6.5952844743253546E-005   0.0000000000000000     
  0.69318181818181812       -7.4988048970480063E-005   0.0000000000000000     
  0.69545454545454544       -1.0281586023592088E-004   0.0000000000000000     
  0.69999999999999996       -1.7990558056433243E-004   0.0000000000000000     
  0.70227272727272727       -2.1716292179204525E-004   0.0000000000000000     
  0.70454545454545459       -2.4575936690260624E-004   0.0000000000000000     
  0.70681818181818179       -2.6124181937789870E-004   0.0000000000000000     
  0.70795454545454550       -2.6319929146310396E-004   0.0000000000000000     
  0.70909090909090911       -2.6112075840544261E-004   0.0000000000000000     
  0.71022727272727271       -2.5508874491680635E-004   0.0000000000000000     
  0.71136363636363642       -2.4534274210051749E-004   0.0000000000000000     
  0.71363636363636362       -2.1644331707551019E-004   0.0000000000000000     
  0.71818181818181825       -1.3902576298567264E-004   0.0000000000000000     
  0.72045454545454546       -1.0256325269533457E-004   0.0000000000000000     
  0.72272727272727277       -7.5285539536035337E-005   0.0000000000000000     
  0.72500000000000009       -6.1440364407815834E-005   0.0000000000000000     
  0.72613636363636369       -6.0342100160490524E-005   0.0000000000000000     
  0.72727272727272729       -6.3261939510888835E-005   0.0000000000000000     
  0.72840909090909089       -7.0083955074419981E-005   0.0000000000000000     
  0.72954545454545450       -8.0537290024042832E-005   0.0000000000000000     
  0.73181818181818181       -1.1049804986870409E-004   0.0000000000000000     
  0.73636363636363633       -1.8821590186462493E-004   0.0000000000000000     
  0.73863636363636365       -2.2387061224149216E-004   0.0000000000000000     
  0.74090909090909096       -2.4981989131966497E-004   0.0000000000000000     
  0.74318181818181817       -2.6202286465255094E-004   0.0000000000000000     
  0.74431818181818188       -2.6226153043165705E-004   0.0000000000000000     
  0.74545454545454548       -2.5850142331621613E-004   0.0000000000000000     
  0.74659090909090908       -2.5089183213049688E-004   0.0000000000000000     
  0.74772727272727280       -2.3973488308697162E-004   0.0000000000000000     
  0.75000000000000000       -2.0872344485786464E-004   0.0000000000000000     
  0.75454545454545452       -1.3073293762107927E-004   0.0000000000000000     
  0.75681818181818183       -9.5898708815722963E-005   0.0000000000000000     
  0.75909090909090904       -7.1287093451456314E-005   0.0000000000000000     
  0.76136363636363635       -6.0730662264258227E-005   0.0000000000000000     
  0.76249999999999996       -6.1351679841953135E-005   0.0000000000000000     
  0.76363636363636367       -6.5950717328524085E-005   0.0000000000000000     
  0.76477272727272727       -7.4345177559033402E-005   0.0000000000000000     
  0.76590909090909087       -8.6201772395747944E-005   0.0000000000000000     
  0.76818181818181819       -1.1825285886908458E-004   0.0000000000000000     
  0.77272727272727271       -1.9648828170356939E-004   0.0000000000000000     
  0.77500000000000002       -2.3048963910804693E-004   0.0000000000000000     
  0.77727272727272734       -2.5375483690551003E-004   0.0000000000000000     
  0.77954545454545454       -2.6266097123834215E-004   0.0000000000000000     
  0.78068181818181825       -2.6118049118721505E-004   0.0000000000000000     
  0.78181818181818186       -2.5574415911396221E-004   0.0000000000000000     
  0.78295454545454546       -2.4656781557807643E-004   0.0000000000000000     
  0.78409090909090917       -2.3401579209871262E-004   0.0000000000000000     
  0.78636363636363638       -2.0093645730318179E-004   0.0000000000000000     
  0.79090909090909089       -1.2248394562567783E-004   0.0000000000000000     
  0.79318181818181821       -8.9327553215965531E-005   0.0000000000000000     
  0.79545454545454541       -6.7417047944760258E-005   0.0000000000000000     
  0.79772727272727273       -6.0164378197816958E-005   0.0000000000000000     
  0.80000000000000004       -6.8698944439855503E-005   0.0000000000000000     
  0.80113636363636365       -7.5373460310218556E-005   0.0000000000000000     
  0.80227272727272725       -7.9055397797755424E-005   0.0000000000000000     
  0.80340909090909096       -7.9598571673782496E-005   0.0000000000000000     
  0.80454545454545456       -7.6981416119338640E-005   0.0000000000000000     
  0.80568181818181817       -7.1307840960302955E-005   0.0000000000000000     
  0.80681818181818188       -6.2803106099886948E-005   0.0000000000000000     
  0.80795454545454548       -5.1804877947332307E-005   0.0000000000000000     
  0.80909090909090908       -3.8749822932483332E-005   0.0000000000000000     
  0.81363636363636371        2.2750910555292754E-005   0.0000000000000000     
  0.81590909090909092        5.0581305078688998E-005   0.0000000000000000     
  0.81704545454545463        6.1760371875864241E-005   0.0000000000000000     
  0.81818181818181823        7.0487345415937814E-005   0.0000000000000000     
  0.81931818181818183        7.6415735671041317E-005   0.0000000000000000     
  0.82045454545454555        7.9310165726683161E-005   0.0000000000000000     
  0.82159090909090915        7.9055717032228820E-005   0.0000000000000000     
  0.82272727272727275        7.5662492051588827E-005   0.0000000000000000     
  0.82386363636363635        6.9265213161622842E-005   0.0000000000000000     
  0.82499999999999996        6.0117873723339224E-005   0.0000000000000000     
  0.82727272727272727        3.5158047359805528E-005   0.0000000000000000     
  0.83181818181818179       -2.6393766289252649E-005   0.0000000000000000     
  0.83409090909090911       -5.3400780128441641E-005   0.0000000000000000     
  0.83522727272727271       -6.3992069962548565E-005   0.0000000000000000     
  0.83636363636363642       -7.2042660663910378E-005   0.0000000000000000     
  0.83750000000000002       -7.7232916864814901E-005   0.0000000000000000     
  0.83863636363636362       -7.9356768040648269E-005   0.0000000000000000     
  0.83977272727272734       -7.8329890198708030E-005   0.0000000000000000     
  0.84090909090909094       -7.4193053822649313E-005   0.0000000000000000     
  0.84204545454545454       -6.7110505147968498E-005   0.0000000000000000     
  0.84318181818181825       -5.7363445037301397E-005   0.0000000000000000     
  0.84545454545454546       -3.1549218681687856E-005   0.0000000000000000     
  0.85000000000000009        3.0023819956170101E-005   0.0000000000000000     
  0.85227272727272729        5.6194353593706816E-005   0.0000000000000000     
  0.85340909090909101        6.6192729251623992E-005   0.0000000000000000     
  0.85454545454545461        7.3563032245191150E-005   0.0000000000000000     
  0.85568181818181821        7.8012636903216295E-005   0.0000000000000000     
  0.85681818181818192        7.9364879043679232E-005   0.0000000000000000     
  0.85795454545454553        7.7566070132429373E-005   0.0000000000000000     
  0.85909090909090913        7.2687628897497830E-005   0.0000000000000000     
  0.86022727272727284        6.4923245766807026E-005   0.0000000000000000     
  0.86136363636363644        5.4581192710588472E-005   0.0000000000000000     
  0.86363636363636376        2.7925087329127932E-005   0.0000000000000000     
  0.86818181818181828       -3.3639310830045494E-005   0.0000000000000000     
  0.87045454545454559       -5.8960670475945649E-005   0.0000000000000000     
  0.87159090909090919       -6.8361282332418219E-005   0.0000000000000000     
  0.87272727272727280       -7.5047722716753415E-005   0.0000000000000000     
  0.87386363636363640       -7.8754517589815150E-005   0.0000000000000000     
  0.87500000000000000       -7.9334494801604769E-005   0.0000000000000000     
  0.87613636363636371       -7.6764627317680439E-005   0.0000000000000000     
  0.87727272727272732       -7.1146947469415925E-005   0.0000000000000000     
  0.87954545454545463       -5.1820926521096839E-005   0.0000000000000000     
  0.88181818181818183       -2.4425245635522357E-005   0.0000000000000000     
  0.88636363636363635        3.6994554693429689E-005   0.0000000000000000     
  0.88863636363636367        6.1454258072824610E-005   0.0000000000000000     
  0.88977272727272727        7.0266983490142523E-005   0.0000000000000000     
  0.89090909090909087        7.6289874727716707E-005   0.0000000000000000     
  0.89204545454545459        7.9283802866090850E-005   0.0000000000000000     
  0.89318181818181819        7.9129898948077646E-005   0.0000000000000000     
  0.89431818181818179        7.5834273473794926E-005   0.0000000000000000     
  0.89545454545454550        6.9527773793378724E-005   0.0000000000000000     
  0.89772727272727271        4.9040035046899727E-005   0.0000000000000000     
  0.90000000000000002        2.0915682432110773E-005   0.0000000000000000     
  0.90454545454545454       -4.0335074327157553E-005   0.0000000000000000     
  0.90568181818181825       -5.3164082638435335E-005   0.0000000000000000     
  0.90681818181818186       -6.3882299116727612E-005   0.0000000000000000     
  0.90795454545454546       -7.2064174731868128E-005   0.0000000000000000     
  0.90909090909090917       -7.7384861666123181E-005   0.0000000000000000     
  0.91022727272727277       -7.9633110858672409E-005   0.0000000000000000     
  0.91136363636363638       -7.8719659299630220E-005   0.0000000000000000     
  0.91250000000000009       -7.4680774069983225E-005   0.0000000000000000     
  0.91363636363636369       -6.7676812417219687E-005   0.0000000000000000     
  0.91590909090909101       -4.6037478873696522E-005   0.0000000000000000     
  0.91818181818181821       -1.7229095607991027E-005   0.0000000000000000     
  0.92272727272727273        4.3693059357046123E-005   0.0000000000000000     
  0.92386363636363633        5.6098455018599538E-005   0.0000000000000000     
  0.92500000000000004        6.6276554452706431E-005   0.0000000000000000     
  0.92613636363636365        7.3823253081713682E-005   0.0000000000000000     
  0.92727272727272725        7.8438921737929699E-005   0.0000000000000000     
  0.92840909090909096        7.9940302943377073E-005   0.0000000000000000     
  0.92954545454545456        7.8267786844384043E-005   0.0000000000000000     
  0.93068181818181817        7.3487777922079655E-005   0.0000000000000000     
  0.93181818181818188        6.5790058512469980E-005   0.0000000000000000     
  0.93409090909090908        4.3010574659860059E-005   0.0000000000000000     
  0.93636363636363640        1.3533396757534247E-005   0.0000000000000000     
  0.94090909090909092       -4.7027936249592301E-005   0.0000000000000000     
  0.94204545454545452       -5.9003158366146346E-005   0.0000000000000000     
  0.94318181818181812       -6.8635757820582013E-005   0.0000000000000000     
  0.94431818181818183       -7.5543288208301671E-005   0.0000000000000000     
  0.94545454545454544       -7.9451497477826832E-005   0.0000000000000000     
  0.94659090909090904       -8.0205216654198117E-005   0.0000000000000000     
  0.94772727272727275       -7.7774520566079654E-005   0.0000000000000000     
  0.94886363636363635       -7.2255915975117036E-005   0.0000000000000000     
  0.94999999999999996       -6.3868509934831468E-005   0.0000000000000000     
  0.95227272727272727       -3.9960923257314340E-005   0.0000000000000000     
  0.95454545454545459       -9.8305404409812744E-006   0.0000000000000000     
  0.95681818181818179        2.1830674100751425E-005   0.0000000000000000     
  0.95909090909090911        5.0092371728745713E-005   0.0000000000000000     
  0.96022727272727271        6.1520489555129339E-005   0.0000000000000000     
  0.96136363636363642        7.0506038254584537E-005   0.0000000000000000     
  0.96250000000000002        7.6692261500875482E-005   0.0000000000000000     
  0.96363636363636362        7.9833545547705826E-005   0.0000000000000000     
  0.96477272727272734        7.9805170915643671E-005   0.0000000000000000     
  0.96590909090909094        7.6608264172451474E-005   0.0000000000000000     
  0.96704545454545454        7.0369753204579250E-005   0.0000000000000000     
  0.96818181818181825        6.1337327755692228E-005   0.0000000000000000     
  0.97045454545454546        3.6460433816826178E-005   0.0000000000000000     
  0.97272727272727277        5.9058470650591562E-006   0.0000000000000000     
  0.97500000000000009       -2.5568410187718281E-005   0.0000000000000000     
  0.97727272727272729       -5.3061102671150199E-005   0.0000000000000000     
  0.97840909090909089       -6.3920282090016979E-005   0.0000000000000000     
  0.97954545454545450       -7.2241612594697694E-005   0.0000000000000000     
  0.98068181818181821       -7.7694709542081386E-005   0.0000000000000000     
  0.98181818181818181       -8.0063066751118192E-005   0.0000000000000000     
  0.98295454545454541       -7.9252652522091122E-005   0.0000000000000000     
  0.98409090909090913       -7.5295643009483458E-005   0.0000000000000000     
  0.98522727272727273       -6.8349144721068468E-005   0.0000000000000000     
  0.98636363636363633       -5.8688956864268394E-005   0.0000000000000000     
  0.98863636363636365       -3.2890284489858678E-005   0.0000000000000000     
  0.99090909090909096       -1.9698702074817115E-006   0.0000000000000000     
  0.99318181818181817        2.9257296264830920E-005   0.0000000000000000     
  0.99545454545454548        5.5928457134955741E-005   0.0000000000000000     
  0.99659090909090908        6.6197951020548014E-005   0.0000000000000000     
  0.99772727272727280        7.3839164920106863E-005   0.0000000000000000     
  0.99886363636363640        7.8548717093688744E-005   0.0000000000000000     
   1.0000000000000000        8.0139622573781427E-005   0.0000000000000000     
