X My_beautiful_solution_real My_beautiful_solution_imag
   0.0000000000000000        0.0000000000000000        0.0000000000000000     
   4.5454545454545461E-003  -6.5265814984508068E-005   0.0000000000000000     
   9.0909090909090922E-003  -9.2814985128675083E-005   0.0000000000000000     
   1.3636363636363637E-002  -6.6727043244275280E-005   0.0000000000000000     
   1.5909090909090911E-002  -3.7081149410613174E-005   0.0000000000000000     
   1.8181818181818184E-002  -1.6609036709806217E-006   0.0000000000000000     
   2.0454545454545454E-002   3.4017981361947770E-005   0.0000000000000000     
   2.2727272727272728E-002   6.4399517239393763E-005   0.0000000000000000     
   2.5000000000000001E-002   8.4752629483120459E-005   0.0000000000000000     
   2.7272727272727271E-002   9.1907890113008162E-005   0.0000000000000000     
   3.1818181818181822E-002   6.5349986705511920E-005   0.0000000000000000     
   3.4090909090909095E-002   3.5772473331528488E-005   0.0000000000000000     
   3.6363636363636369E-002   6.2439774881084938E-007   0.0000000000000000     
   3.8636363636363642E-002  -3.4620910319637091E-005   0.0000000000000000     
   4.0909090909090916E-002  -6.4474979910633451E-005   0.0000000000000000     
   4.3181818181818189E-002  -8.4288874667464206E-005   0.0000000000000000     
   4.5454545454545463E-002  -9.0977134652335282E-005   0.0000000000000000     
   5.0000000000000003E-002  -6.3956106695285239E-005   0.0000000000000000     
   5.2272727272727276E-002  -3.4454588112326124E-005   0.0000000000000000     
   5.4545454545454543E-002   4.1226891612599060E-007   0.0000000000000000     
   5.6818181818181823E-002   3.5214926591552765E-005   0.0000000000000000     
   5.9090909090909097E-002   6.4533844369090977E-005   0.0000000000000000     
   6.1363636363636370E-002   8.3803420819426273E-005   0.0000000000000000     
   6.3636363636363644E-002   9.0022958357078997E-005   0.0000000000000000     
   6.8181818181818191E-002   6.2545762049177956E-005   0.0000000000000000     
   7.2727272727272738E-002  -1.0761800806710878E-006   0.0000000000000000     
   7.5000000000000011E-002  -3.5112608237984262E-005   0.0000000000000000     
   7.7272727272727285E-002  -6.3681229719257155E-005   0.0000000000000000     
   7.9545454545454558E-002  -8.2333280758442048E-005   0.0000000000000000     
   8.1818181818181832E-002  -8.8164226081409919E-005   0.0000000000000000     
   8.6363636363636379E-002  -6.0771597510592807E-005   0.0000000000000000     
   9.0909090909090925E-002   1.7404999618422968E-006   0.0000000000000000     
   9.3181818181818199E-002   3.5023625112444643E-005   0.0000000000000000     
   9.5454545454545459E-002   6.2852800220059352E-005   0.0000000000000000     
   9.7727272727272732E-002   8.0894409609918956E-005   0.0000000000000000     
  0.10000000000000001        8.6338977221464758E-005   0.0000000000000000     
  0.10454545454545455        5.9020513089126722E-005   0.0000000000000000     
  0.10909090909090909       -2.4054808581024744E-006   0.0000000000000000     
  0.11136363636363636       -3.4947943420512341E-005   0.0000000000000000     
  0.11363636363636365       -6.2048241246728282E-005   0.0000000000000000     
  0.11590909090909092       -7.9486260912747277E-005   0.0000000000000000     
  0.11818181818181819       -8.4546518575827394E-005   0.0000000000000000     
  0.12272727272727274       -5.7291843749875155E-005   0.0000000000000000     
  0.12727272727272729        3.0713753189593825E-006   0.0000000000000000     
  0.12954545454545457        3.4885534419447100E-005   0.0000000000000000     
  0.13181818181818183        6.1267247240152337E-005   0.0000000000000000     
  0.13409090909090909        7.8108299873730900E-005   0.0000000000000000     
  0.13636363636363638        8.2786169396300091E-005   0.0000000000000000     
  0.14090909090909093        5.5584932970836954E-005   0.0000000000000000     
  0.14545454545454548       -3.7384362408765951E-006   0.0000000000000000     
  0.14772727272727276       -3.4836374407270070E-005   0.0000000000000000     
  0.15000000000000002       -6.0509521590831777E-005   0.0000000000000000     
  0.15227272727272728       -7.6760003164481945E-005   0.0000000000000000     
  0.15454545454545454       -8.1057261129366157E-005   0.0000000000000000     
  0.15909090909090912       -5.3899132493577314E-005   0.0000000000000000     
  0.16363636363636366        4.4069169633225585E-006   0.0000000000000000     
  0.16818181818181821        6.0166240818374580E-005   0.0000000000000000     
  0.17272727272727273        8.1155927048220881E-005   0.0000000000000000     
  0.17727272727272730        5.5246187018042077E-005   0.0000000000000000     
  0.18181818181818185       -2.5899269498122519E-006   0.0000000000000000     
  0.18636363636363640       -5.8929340769944792E-005   0.0000000000000000     
  0.19090909090909092       -8.1213912602384148E-005   0.0000000000000000     
  0.19545454545454546       -5.6565548740299712E-005   0.0000000000000000     
  0.20000000000000001        7.7163870490092749E-007   0.0000000000000000     
  0.20227272727272727        3.1492156531031412E-005   0.0000000000000000     
  0.20454545454545456        5.7308651774840805E-005   0.0000000000000000     
  0.20681818181818185        7.4200927358136152E-005   0.0000000000000000     
  0.20909090909090911        7.9538483815260055E-005   0.0000000000000000     
  0.21363636363636365        5.4968924771489793E-005   0.0000000000000000     
  0.21818181818181820       -1.3667803527948221E-006   0.0000000000000000     
  0.22045454545454546       -3.1408553803752661E-005   0.0000000000000000     
  0.22272727272727272       -5.6559323458896032E-005   0.0000000000000000     
  0.22499999999999998       -7.2902560380930665E-005   0.0000000000000000     
  0.22727272727272727       -7.7893262519745696E-005   0.0000000000000000     
  0.23181818181818181       -5.3393177154028462E-005   0.0000000000000000     
  0.23636363636363639        1.9624410828241641E-006   0.0000000000000000     
  0.24090909090909093        5.6183978739229549E-005   0.0000000000000000     
  0.24545454545454548        7.7937199370438950E-005   0.0000000000000000     
  0.25000000000000000        5.4651073305319947E-005   0.0000000000000000     
  0.25454545454545457       -2.1751476520714582E-007   0.0000000000000000     
  0.25681818181818183       -2.9737063034931377E-005   0.0000000000000000     
  0.25909090909090915       -5.4625895446517959E-005   0.0000000000000000     
  0.26136363636363641       -7.1008272462288688E-005   0.0000000000000000     
  0.26363636363636367       -7.6333097057234919E-005   0.0000000000000000     
  0.26818181818181819       -5.3129191158619464E-005   0.0000000000000000     
  0.27272727272727276        7.7769200397269990E-007   0.0000000000000000     
  0.27500000000000002        2.9648100253115832E-005   0.0000000000000000     
  0.27727272727272734        5.3901646109208051E-005   0.0000000000000000     
  0.27954545454545460        6.9761518147395756E-005   0.0000000000000000     
  0.28181818181818186        7.4757984879098878E-005   0.0000000000000000     
  0.28636363636363638        5.1627486660764902E-005   0.0000000000000000     
  0.29090909090909095       -1.3381645981882764E-006   0.0000000000000000     
  0.29318181818181821       -2.9570397363325857E-005   0.0000000000000000     
  0.29545454545454553       -5.3197867787241810E-005   0.0000000000000000     
  0.29772727272727278       -6.8541258183074224E-005   0.0000000000000000     
  0.30000000000000004       -7.3211264632675312E-005   0.0000000000000000     
  0.30454545454545456       -5.0145389487507569E-005   0.0000000000000000     
  0.30909090909090908        1.8991454067158069E-006   0.0000000000000000     
  0.31136363636363640        2.9503924855200435E-005   0.0000000000000000     
  0.31363636363636366        5.2514293196447419E-005   0.0000000000000000     
  0.31590909090909092        6.7347029133376258E-005   0.0000000000000000     
  0.31818181818181823        7.1692348897427487E-005   0.0000000000000000     
  0.32272727272727275        4.8682336761158861E-005   0.0000000000000000     
  0.32727272727272733       -2.4608474814316755E-006   0.0000000000000000     
  0.32954545454545459       -2.9448657483504049E-005   0.0000000000000000     
  0.33181818181818190       -5.1850662725720371E-005   0.0000000000000000     
  0.33409090909090916       -6.6178377448495055E-005   0.0000000000000000     
  0.33636363636363642       -7.0200660812543532E-005   0.0000000000000000     
  0.33863636363636368       -6.3291154682297855E-005   0.0000000000000000     
  0.34090909090909094       -4.6525821387045503E-005   0.0000000000000000     
  0.34545454545454551        4.7479068776819278E-006   0.0000000000000000     
  0.34772727272727277        3.1271852733858547E-005   0.0000000000000000     
  0.35000000000000003        5.2926082162493735E-005   0.0000000000000000     
  0.35227272727272729        6.6338554572586489E-005   0.0000000000000000     
  0.35454545454545455        6.9420652516835509E-005   0.0000000000000000     
  0.35681818181818181        6.1692425442961803E-005   0.0000000000000000     
  0.35909090909090913        4.4357328568591499E-005   0.0000000000000000     
  0.36363636363636370       -7.0337439894316593E-006   0.0000000000000000     
  0.36590909090909096       -3.3086997468082945E-005   0.0000000000000000     
  0.36818181818181822       -5.3987876494231981E-005   0.0000000000000000     
  0.37045454545454548       -6.6481653731768794E-005   0.0000000000000000     
  0.37272727272727274       -6.8622772811728993E-005   0.0000000000000000     
  0.37500000000000000       -6.0077814321910089E-005   0.0000000000000000     
  0.37727272727272732       -4.2177416554985451E-005   0.0000000000000000     
  0.38181818181818189        9.3177703587887421E-006   0.0000000000000000     
  0.38409090909090915        3.4893624401680628E-005   0.0000000000000000     
  0.38636363636363641        5.5035772376324523E-005   0.0000000000000000     
  0.38863636363636367        6.6607638087095973E-005   0.0000000000000000     
  0.39090909090909093        6.7807227100578058E-005   0.0000000000000000     
  0.39318181818181819        5.8447736978969352E-005   0.0000000000000000     
  0.39545454545454550        3.9986646535133570E-005   0.0000000000000000     
  0.40000000000000002       -1.1599397994011612E-005   0.0000000000000000     
  0.40454545454545454       -5.6482233889268730E-005   0.0000000000000000     
  0.40909090909090912       -6.8724393254304380E-005   0.0000000000000000     
  0.41363636363636369       -4.1251220284091839E-005   0.0000000000000000     
  0.41818181818181821        1.0060736053110802E-005   0.0000000000000000     
  0.42272727272727273        5.5558665420181113E-005   0.0000000000000000     
  0.42727272727272725        6.8949641829509509E-005   0.0000000000000000     
  0.43181818181818177        4.2495116372821378E-005   0.0000000000000000     
  0.43636363636363634       -8.5170310497172237E-006   0.0000000000000000     
  0.44090909090909092       -5.4607247515405023E-005   0.0000000000000000     
  0.44545454545454544       -6.9140328584315429E-005   0.0000000000000000     
  0.45000000000000001       -4.3717711283748522E-005   0.0000000000000000     
  0.45454545454545459        6.9690567841553423E-006   0.0000000000000000     
  0.45909090909090911        5.3628457084375905E-005   0.0000000000000000     
  0.46363636363636362        6.9296357934739352E-005   0.0000000000000000     
  0.46818181818181820        4.4918392176770387E-005   0.0000000000000000     
  0.47272727272727277       -5.4175891967633425E-006   0.0000000000000000     
  0.47727272727272729       -5.2622784757330108E-005   0.0000000000000000     
  0.48181818181818181       -6.9417651669230991E-005   0.0000000000000000     
  0.48636363636363639       -4.6096557196441148E-005   0.0000000000000000     
  0.49090909090909096        3.8634059789511973E-006   0.0000000000000000     
  0.49545454545454548        5.1590734639371592E-005   0.0000000000000000     
  0.50000000000000000        6.9504148987876714E-005   0.0000000000000000     
  0.50454545454545452        4.7251615773662772E-005   0.0000000000000000     
  0.50909090909090904       -2.3072861833685642E-006   0.0000000000000000     
  0.51363636363636367       -5.0532824057782606E-005   0.0000000000000000     
  0.51818181818181819       -6.9555806532876219E-005   0.0000000000000000     
  0.52272727272727271       -4.8382988921712760E-005   0.0000000000000000     
  0.52727272727272723        7.5000983340072642E-007   0.0000000000000000     
  0.53181818181818175        4.9449583302706192E-005   0.0000000000000000     
  0.53636363636363638        6.9572598410276522E-005   0.0000000000000000     
  0.54090909090909089        4.9490109526469913E-005   0.0000000000000000     
  0.54545454545454541        8.0764246783331821E-007   0.0000000000000000     
  0.55000000000000004       -4.8341555361338003E-005   0.0000000000000000     
  0.55454545454545456       -6.9554516202951239E-005   0.0000000000000000     
  0.55909090909090908       -5.0572422630686025E-005   0.0000000000000000     
  0.56363636363636360       -2.3648899287639287E-006   0.0000000000000000     
  0.56818181818181812        4.7209295645735366E-005   0.0000000000000000     
  0.57272727272727275        6.9501568974819825E-005   0.0000000000000000     
  0.57727272727272738        5.1629385712163804E-005   0.0000000000000000     
  0.58181818181818190        3.9209519607510290E-006   0.0000000000000000     
  0.58636363636363642       -4.6053371714426628E-005   0.0000000000000000     
  0.59090909090909094       -6.9413783266304864E-005   0.0000000000000000     
  0.59545454545454546       -5.2660468955707682E-005   0.0000000000000000     
  0.59999999999999998       -5.4750485693699234E-006   0.0000000000000000     
  0.60454545454545450       -1.8035570860654320E-006   0.0000000000000000     
  0.60909090909090913       -9.0445643088674332E-005   0.0000000000000000     
  0.61363636363636365       -2.2017568292626927E-004   0.0000000000000000     
  0.61590909090909096       -2.7639608507250919E-004   0.0000000000000000     
  0.61818181818181817       -3.1473168260033125E-004   0.0000000000000000     
  0.62272727272727280       -3.1947041030449587E-004   0.0000000000000000     
  0.62727272727272732       -2.3294532688412917E-004   0.0000000000000000     
  0.63181818181818183       -1.0515865543138904E-004   0.0000000000000000     
  0.63636363636363635       -9.9573938525507026E-006   0.0000000000000000     
  0.64090909090909087       -2.3576661655815443E-006   0.0000000000000000     
  0.64545454545454550       -8.6751300314726819E-005   0.0000000000000000     
  0.65000000000000002       -2.1436782240420000E-004   0.0000000000000000     
  0.65454545454545454       -3.1145856262039951E-004   0.0000000000000000     
  0.65909090909090917       -3.2191548083712043E-004   0.0000000000000000     
  0.66363636363636369       -2.3969559926272427E-004   0.0000000000000000     
  0.66818181818181821       -1.1231319582191791E-004   0.0000000000000000     
  0.67272727272727273       -1.3381644845908692E-005   0.0000000000000000     
  0.67727272727272725       -7.2777752904148530E-008   0.0000000000000000     
  0.68181818181818188       -8.0077693068119265E-005   0.0000000000000000     
  0.68636363636363640       -2.0716212592958958E-004   0.0000000000000000     
  0.69090909090909092       -3.0788489705977306E-004   0.0000000000000000     
  0.69545454545454544       -3.2403904180261126E-004   0.0000000000000000     
  0.69999999999999996       -2.4628919615307893E-004   0.0000000000000000     
  0.70454545454545459       -1.1956643644034769E-004   0.0000000000000000     
  0.70909090909090911       -1.7102933631834204E-005   0.0000000000000000     
  0.71363636363636362        1.8883913054427125E-006   0.0000000000000000     
  0.71818181818181825       -7.3567411652154647E-005   0.0000000000000000     
  0.72272727272727277       -1.9986497693966473E-004   0.0000000000000000     
  0.72727272727272729       -3.0401785038840175E-004   0.0000000000000000     
  0.73181818181818181       -3.2583683589471713E-004   0.0000000000000000     
  0.73636363636363633       -2.5271289873938569E-004   0.0000000000000000     
  0.74090909090909096       -1.2690383601985403E-004   0.0000000000000000     
  0.74545454545454548       -2.1113799785941955E-005   0.0000000000000000     
  0.75000000000000000        3.5219092658354584E-006   0.0000000000000000     
  0.75454545454545452       -6.7233507852114798E-005   0.0000000000000000     
  0.75909090909090904       -1.9249100472856857E-004   0.0000000000000000     
  0.76363636363636367       -2.9986517524547608E-004   0.0000000000000000     
  0.76818181818181819       -3.2730525890327139E-004   0.0000000000000000     
  0.77272727272727271       -2.5895382880924245E-004   0.0000000000000000     
  0.77727272727272734       -1.3431068457207555E-004   0.0000000000000000     
  0.78181818181818186       -2.5406202340338349E-005   0.0000000000000000     
  0.78636363636363638        4.8245012582149078E-006   0.0000000000000000     
  0.79090909090909089       -6.1088679852174985E-005   0.0000000000000000     
  0.80000000000000004       -2.9848082947885409E-004   0.0000000000000000     
  0.80227272727272725       -3.1504556694448004E-004   0.0000000000000000     
  0.80454545454545456       -2.8255076880054591E-004   0.0000000000000000     
  0.80681818181818188       -2.0605659101791238E-004   0.0000000000000000     
  0.80909090909090908       -9.7474862336942070E-005   0.0000000000000000     
  0.81363636363636371        1.4624896125848725E-004   0.0000000000000000     
  0.81590909090909092        2.4343788730741411E-004   0.0000000000000000     
  0.81818181818181823        3.0271817107039000E-004   0.0000000000000000     
  0.82045454545454555        3.1485856634889649E-004   0.0000000000000000     
  0.82272727272727275        2.7796854613042638E-004   0.0000000000000000     
  0.82499999999999996        1.9779269929492692E-004   0.0000000000000000     
  0.82727272727272727        8.6816171565917645E-005   0.0000000000000000     
  0.83181818181818179       -1.5673158031708563E-004   0.0000000000000000     
  0.83409090909090911       -2.5137705385026090E-004   0.0000000000000000     
  0.83636363636363642       -3.0687758195728135E-004   0.0000000000000000     
  0.83863636363636362       -3.1459050966787280E-004   0.0000000000000000     
  0.84090909090909094       -2.7331476421233570E-004   0.0000000000000000     
  0.84318181818181825       -1.8947788851287725E-004   0.0000000000000000     
  0.84545454545454546       -7.6135131144058885E-005   0.0000000000000000     
  0.85000000000000009        1.6717385094715167E-004   0.0000000000000000     
  0.85227272727272729        2.5925150676568058E-004   0.0000000000000000     
  0.85454545454545461        3.1095799135537181E-004   0.0000000000000000     
  0.85681818181818192        3.1424146590897832E-004   0.0000000000000000     
  0.85909090909090913        2.6859062109957577E-004   0.0000000000000000     
  0.86136363636363644        1.8111429920751522E-004   0.0000000000000000     
  0.86363636363636376        6.5434490760959456E-005   0.0000000000000000     
  0.86818181818181828       -1.7757308492712923E-004   0.0000000000000000     
  0.87045454545454559       -2.6705921888212780E-004   0.0000000000000000     
  0.87272727272727280       -3.1495834881837485E-004   0.0000000000000000     
  0.87500000000000000       -3.1381152492881975E-004   0.0000000000000000     
  0.87727272727272732       -2.6379733295898576E-004   0.0000000000000000     
  0.88181818181818183       -5.6659724066470993E-005   0.0000000000000000     
  0.88636363636363635        1.8322113165248813E-004   0.0000000000000000     
  0.88863636363636367        2.6970289286406754E-004   0.0000000000000000     
  0.89090909090909087        3.1418597177456032E-004   0.0000000000000000     
  0.89318181818181819        3.0974337298137589E-004   0.0000000000000000     
  0.89545454545454550        2.5706690699245469E-004   0.0000000000000000     
  0.90000000000000002        4.7906475862867359E-005   0.0000000000000000     
  0.90454545454545454       -1.8893876294285173E-004   0.0000000000000000     
  0.90681818181818186       -2.7244899585247969E-004   0.0000000000000000     
  0.90909090909090917       -3.1353291772574359E-004   0.0000000000000000     
  0.91136363636363638       -3.0579285679830298E-004   0.0000000000000000     
  0.91363636363636369       -2.5043411107949831E-004   0.0000000000000000     
  0.91818181818181821       -3.9171421801247604E-005   0.0000000000000000     
  0.92272727272727273        1.9472815026655435E-004   0.0000000000000000     
  0.92500000000000004        2.7529857077499925E-004   0.0000000000000000     
  0.92727272727272725        3.1299893865204827E-004   0.0000000000000000     
  0.92954545454545456        3.0195847603437567E-004   0.0000000000000000     
  0.93181818181818188        2.4389642618634474E-004   0.0000000000000000     
  0.93636363636363640        3.0451244442559764E-005   0.0000000000000000     
  0.94090909090909092       -2.0059149234377048E-004   0.0000000000000000     
  0.94318181818181812       -2.7825269985630793E-004   0.0000000000000000     
  0.94545454545454544       -3.1258383175644504E-004   0.0000000000000000     
  0.94772727272727275       -2.9823877445081195E-004   0.0000000000000000     
  0.94999999999999996       -2.3745136940092718E-004   0.0000000000000000     
  0.95454545454545459       -2.1742631997695743E-005   0.0000000000000000     
  0.95909090909090911        2.0653101598155105E-004   0.0000000000000000     
  0.96136363636363642        2.8131250502915883E-004   0.0000000000000000     
  0.96363636363636362        3.1228743938772576E-004   0.0000000000000000     
  0.96590909090909094        2.9463233936221836E-004   0.0000000000000000     
  0.96818181818181825        2.3109649298989253E-004   0.0000000000000000     
  0.97272727272727277        1.3042277069723494E-005   0.0000000000000000     
  0.97727272727272729       -2.1254897691953129E-004   0.0000000000000000     
  0.97954545454545450       -2.8447914836043789E-004   0.0000000000000000     
  0.98181818181818181       -3.1210964898063142E-004   0.0000000000000000     
  0.98409090909090913       -2.9113780110007111E-004   0.0000000000000000     
  0.98636363636363633       -2.2482938346903312E-004   0.0000000000000000     
  0.99090909090909096       -4.3468753977885651E-006   0.0000000000000000     
  0.99545454545454548        2.1864766068662486E-004   0.0000000000000000     
  0.99772727272727280        2.8775383249253982E-004   0.0000000000000000     
   1.0000000000000000        3.1205039301310212E-004   0.0000000000000000     
