X My_beautiful_solution_real My_beautiful_solution_imag
   0.0000000000000000        0.0000000000000000        0.0000000000000000     
   2.2727272727272731E-003  -7.8473152480165490E-006   0.0000000000000000     
   4.5454545454545461E-003  -1.9503861659769881E-005   0.0000000000000000     
   9.0909090909090922E-003  -4.6682915951555289E-005   0.0000000000000000     
   1.1363636363636364E-002  -5.7973046290794984E-005   0.0000000000000000     
   1.3636363636363637E-002  -6.5266727139703424E-005   0.0000000000000000     
   1.4772727272727274E-002  -6.7023168534183529E-005   0.0000000000000000     
   1.5909090909090911E-002  -6.7401343393408937E-005   0.0000000000000000     
   1.8181818181818184E-002  -6.4044488273022043E-005   0.0000000000000000     
   2.0454545454545454E-002  -5.5745726384433305E-005   0.0000000000000000     
   2.1590909090909091E-002  -5.0118201727471841E-005   0.0000000000000000     
   2.2727272727272728E-002  -4.3783594238643444E-005   0.0000000000000000     
   2.5000000000000001E-002  -3.0020859351045148E-005   0.0000000000000000     
   2.7272727272727271E-002  -1.6614446300246861E-005   0.0000000000000000     
   2.9545454545454548E-002  -5.6520289578127029E-006   0.0000000000000000     
   3.1818181818181822E-002   1.1593027806778665E-006   0.0000000000000000     
   3.2954545454545459E-002   2.6393684983334518E-006   0.0000000000000000     
   3.4090909090909095E-002   2.7318651168130467E-006   0.0000000000000000     
   3.6363636363636369E-002  -1.1792245506007600E-006   0.0000000000000000     
   3.7500000000000006E-002  -5.0275275001072403E-006   0.0000000000000000     
   3.8636363636363642E-002  -9.9589981436547959E-006   0.0000000000000000     
   3.9772727272727279E-002  -1.5777840608496132E-005   0.0000000000000000     
   4.0909090909090916E-002  -2.2253027393682136E-005   0.0000000000000000     
   4.3181818181818189E-002  -3.6125776959881541E-005   0.0000000000000000     
   4.5454545454545463E-002  -4.9404178192438808E-005   0.0000000000000000     
   4.7727272727272729E-002  -6.0020491480145669E-005   0.0000000000000000     
   5.0000000000000003E-002  -6.6321522953836272E-005   0.0000000000000000     
   5.1136363636363640E-002  -6.7508968405195760E-005   0.0000000000000000     
   5.2272727272727276E-002  -6.7298859442166582E-005   0.0000000000000000     
   5.4545454545454543E-002  -6.2800308121994263E-005   0.0000000000000000     
   5.5681818181818180E-002  -5.8690473293009895E-005   0.0000000000000000     
   5.6818181818181823E-002  -5.3533207789918522E-005   0.0000000000000000     
   5.7954545454545460E-002  -4.7533272296328586E-005   0.0000000000000000     
   5.9090909090909097E-002  -4.0928884311908617E-005   0.0000000000000000     
   6.1363636363636370E-002  -2.6970497046054490E-005   0.0000000000000000     
   6.3636363636363644E-002  -1.3843440231072112E-005   0.0000000000000000     
   6.5909090909090917E-002  -3.5918858180521064E-006   0.0000000000000000     
   6.8181818181818191E-002   2.1877733167092213E-006   0.0000000000000000     
   7.0454545454545464E-002   2.5955169130222958E-006   0.0000000000000000     
   7.2727272727272738E-002  -2.4321496901452581E-006   0.0000000000000000     
   7.3863636363636381E-002  -6.7752060911984040E-006   0.0000000000000000     
   7.5000000000000011E-002  -1.2132041502924412E-005   0.0000000000000000     
   7.6136363636363641E-002  -1.8289971649087226E-005   0.0000000000000000     
   7.7272727272727285E-002  -2.5004506114061640E-005   0.0000000000000000     
   7.9545454545454558E-002  -3.9025283721737327E-005   0.0000000000000000     
   8.1818181818181832E-002  -5.2000195913295979E-005   0.0000000000000000     
   8.4090909090909105E-002  -6.1908763007444815E-005   0.0000000000000000     
   8.6363636363636379E-002  -6.7208002809862787E-005   0.0000000000000000     
   8.8636363636363652E-002  -6.7072706934627276E-005   0.0000000000000000     
   9.0909090909090925E-002  -6.1523943930244895E-005   0.0000000000000000     
   9.2045454545454569E-002  -5.6954592919190020E-005   0.0000000000000000     
   9.3181818181818199E-002  -5.1406731488723803E-005   0.0000000000000000     
   9.4318181818181829E-002  -4.5100628286715072E-005   0.0000000000000000     
   9.5454545454545459E-002  -3.8286656694517564E-005   0.0000000000000000     
   9.7727272727272732E-002  -2.4225851198018736E-005   0.0000000000000000     
  0.10000000000000001       -1.1423777978810866E-005   0.0000000000000000     
  0.10227272727272728       -1.8740018823393142E-006   0.0000000000000000     
  0.10454545454545455        2.9363665600144624E-006   0.0000000000000000     
  0.10681818181818181        2.2582470035194368E-006   0.0000000000000000     
  0.10909090909090909       -3.8027623970810586E-006   0.0000000000000000     
  0.11022727272727273       -8.5911201272604945E-006   0.0000000000000000     
  0.11136363636363636       -1.4321159009436485E-005   0.0000000000000000     
  0.11250000000000000       -2.0765377341803520E-005   0.0000000000000000     
  0.11363636363636365       -2.7667918110549484E-005   0.0000000000000000     
  0.11590909090909092       -4.1746325200352557E-005   0.0000000000000000     
  0.11818181818181819       -5.4355140767971102E-005   0.0000000000000000     
  0.12045454545454547       -6.3530894442012856E-005   0.0000000000000000     
  0.12272727272727274       -6.7844719222436730E-005   0.0000000000000000     
  0.12500000000000000       -6.6624857552133868E-005   0.0000000000000000     
  0.12727272727272729       -6.0061268768203866E-005   0.0000000000000000     
  0.12840909090909092       -5.5061541514758619E-005   0.0000000000000000     
  0.12954545454545457       -4.9158464312008457E-005   0.0000000000000000     
  0.13068181818181820       -4.2586409061633655E-005   0.0000000000000000     
  0.13181818181818183       -3.5606308330509281E-005   0.0000000000000000     
  0.13409090909090909       -2.1532754016599531E-005   0.0000000000000000     
  0.13636363636363638       -9.1373065433278723E-006   0.0000000000000000     
  0.13863636363636367       -3.5021016903878605E-007   0.0000000000000000     
  0.14090909090909093        3.4601906103902416E-006   0.0000000000000000     
  0.14545454545454548       -4.9725990920366767E-006   0.0000000000000000     
  0.14659090909090911       -1.0003424072576180E-005   0.0000000000000000     
  0.14772727272727276       -1.5919857016494898E-005   0.0000000000000000     
  0.14886363636363639       -2.2486995754533734E-005   0.0000000000000000     
  0.15000000000000002       -2.9444102921795552E-005   0.0000000000000000     
  0.15227272727272728       -4.3422075181063156E-005   0.0000000000000000     
  0.15454545454545454       -5.5669504727343171E-005   0.0000000000000000     
  0.15681818181818183       -6.4279196954538655E-005   0.0000000000000000     
  0.15909090909090912       -6.7910433100903128E-005   0.0000000000000000     
  0.16363636363636366       -5.9217952141216252E-005   0.0000000000000000     
  0.16590909090909095       -4.8247845826496348E-005   0.0000000000000000     
  0.16818181818181821       -3.4795717991709220E-005   0.0000000000000000     
  0.17045454545454547       -2.0956361307438182E-005   0.0000000000000000     
  0.17272727272727273       -8.8848685072529084E-006   0.0000000000000000     
  0.17500000000000002       -4.6103696978329210E-007   0.0000000000000000     
  0.17727272727272730        3.0033571473511574E-006   0.0000000000000000     
  0.18181818181818185       -5.8734566113191010E-006   0.0000000000000000     
  0.18409090909090914       -1.6832349017915362E-005   0.0000000000000000     
  0.18636363636363640       -3.0201304879073255E-005   0.0000000000000000     
  0.18863636363636366       -4.3898483232883123E-005   0.0000000000000000     
  0.19090909090909092       -5.5790931644189285E-005   0.0000000000000000     
  0.19318181818181818       -6.4026733890275495E-005   0.0000000000000000     
  0.19545454545454546       -6.7323394116704406E-005   0.0000000000000000     
  0.20000000000000001       -5.8264532774863096E-005   0.0000000000000000     
  0.20113636363636364       -5.3198726983819872E-005   0.0000000000000000     
  0.20227272727272727       -4.7303531208604960E-005   0.0000000000000000     
  0.20340909090909093       -4.0813004431873736E-005   0.0000000000000000     
  0.20454545454545456       -3.3984842267510496E-005   0.0000000000000000     
  0.20681818181818185       -2.0398623533219981E-005   0.0000000000000000     
  0.20909090909090911       -8.6671207421014217E-006   0.0000000000000000     
  0.21136363636363636       -6.1718733798031476E-007   0.0000000000000000     
  0.21363636363636365        2.4976246983162017E-006   0.0000000000000000     
  0.21590909090909094        1.9227050964609588E-007   0.0000000000000000     
  0.21818181818181820       -7.1742554670631061E-006   0.0000000000000000     
  0.21931818181818183       -1.2427540507531914E-005   0.0000000000000000     
  0.22045454545454546       -1.8470187983964089E-005   0.0000000000000000     
  0.22272727272727272       -3.1936501485068804E-005   0.0000000000000000     
  0.22499999999999998       -4.5460829138784237E-005   0.0000000000000000     
  0.22727272727272727       -5.6937135172070301E-005   0.0000000000000000     
  0.22954545454545455       -6.4578305898590032E-005   0.0000000000000000     
  0.23181818181818181       -6.7194442691956830E-005   0.0000000000000000     
  0.23409090909090910       -6.4378155416773986E-005   0.0000000000000000     
  0.23636363636363639       -5.6568002048015042E-005   0.0000000000000000     
  0.23863636363636365       -4.4980195532356141E-005   0.0000000000000000     
  0.24090909090909093       -3.1419212637730291E-005   0.0000000000000000     
  0.24318181818181822       -1.7996797165747050E-005   0.0000000000000000     
  0.24545454545454548       -6.8031149175019898E-006   0.0000000000000000     
  0.24772727272727274        4.1873117054426960E-007   0.0000000000000000     
  0.25000000000000000        2.5441405564463102E-006   0.0000000000000000     
  0.25227272727272732       -7.5785982652995902E-007   0.0000000000000000     
  0.25454545454545457       -8.9730757716779254E-006   0.0000000000000000     
  0.25568181818181823       -1.4552000983115923E-005   0.0000000000000000     
  0.25681818181818183       -2.0835940446577516E-005   0.0000000000000000     
  0.25909090909090915       -3.4499144468036969E-005   0.0000000000000000     
  0.26136363636363641       -4.7821302671522734E-005   0.0000000000000000     
  0.26363636363636367       -5.8727861521434096E-005   0.0000000000000000     
  0.26590909090909093       -6.5520429520107845E-005   0.0000000000000000     
  0.26818181818181819       -6.7141254181631336E-005   0.0000000000000000     
  0.27045454545454550       -6.3337937397470227E-005   0.0000000000000000     
  0.27272727272727276       -5.4702739382604559E-005   0.0000000000000000     
  0.27386363636363642       -4.8965772359480012E-005   0.0000000000000000     
  0.27500000000000002       -4.2567477803505109E-005   0.0000000000000000     
  0.27727272727272734       -2.8821880242582065E-005   0.0000000000000000     
  0.27954545454545460       -1.5619311980612331E-005   0.0000000000000000     
  0.28181818181818186       -5.0157037645909814E-006   0.0000000000000000     
  0.28409090909090912        1.3377289958857074E-006   0.0000000000000000     
  0.28636363636363638        2.4516168461747665E-006   0.0000000000000000     
  0.28863636363636369       -1.8474970923155720E-006   0.0000000000000000     
  0.29090909090909095       -1.0890146064662982E-005   0.0000000000000000     
  0.29204545454545461       -1.6776829603686180E-005   0.0000000000000000     
  0.29318181818181821       -2.3280194259860165E-005   0.0000000000000000     
  0.29545454545454553       -3.7088238206112036E-005   0.0000000000000000     
  0.29772727272727278       -5.0152057398493724E-005   0.0000000000000000     
  0.30000000000000004       -6.0437327376955464E-005   0.0000000000000000     
  0.30227272727272730       -6.6342405008866826E-005   0.0000000000000000     
  0.30454545454545456       -6.6947739610910258E-005   0.0000000000000000     
  0.30681818181818182       -6.2159067249291448E-005   0.0000000000000000     
  0.30909090909090908       -5.2722089710979979E-005   0.0000000000000000     
  0.31022727272727274       -4.6694232215475822E-005   0.0000000000000000     
  0.31136363636363640       -4.0095234925652433E-005   0.0000000000000000     
  0.31363636363636366       -2.6244782368324827E-005   0.0000000000000000     
  0.31590909090909092       -1.3338670025566827E-005   0.0000000000000000     
  0.31818181818181823       -3.3866639264685591E-006   0.0000000000000000     
  0.32045454545454549        2.0614893245638214E-006   0.0000000000000000     
  0.32272727272727275        2.1573922369147076E-006   0.0000000000000000     
  0.32500000000000007       -3.1138893857267059E-006   0.0000000000000000     
  0.32727272727272733       -1.2931500861981430E-005   0.0000000000000000     
  0.32840909090909098       -1.9091784887597381E-005   0.0000000000000000     
  0.32954545454545459       -2.5776838565621362E-005   0.0000000000000000     
  0.33181818181818190       -3.9649600417806286E-005   0.0000000000000000     
  0.33409090909090916       -5.2379276989841235E-005   0.0000000000000000     
  0.33636363636363642       -6.1983577189231962E-005   0.0000000000000000     
  0.33750000000000002       -6.5113791132570274E-005   0.0000000000000000     
  0.33863636363636368       -6.6941547207434186E-005   0.0000000000000000     
  0.34090909090909094       -6.6481121882515354E-005   0.0000000000000000     
  0.34318181818181825       -6.0699352254400199E-005   0.0000000000000000     
  0.34545454545454551       -5.0496587233590462E-005   0.0000000000000000     
  0.34659090909090917       -4.4210774749839809E-005   0.0000000000000000     
  0.34772727272727277       -3.7452424036508624E-005   0.0000000000000000     
  0.35000000000000003       -2.3598126251691115E-005   0.0000000000000000     
  0.35227272727272729       -1.1100311347850375E-005   0.0000000000000000     
  0.35340909090909089       -5.9904394432285154E-006   0.0000000000000000     
  0.35454545454545455       -1.9255044090433984E-006   0.0000000000000000     
  0.35568181818181821        9.3310224288037628E-007   0.0000000000000000     
  0.35681818181818181        2.4718842708107049E-006   0.0000000000000000     
  0.35909090909090913        1.4274243559418858E-006   0.0000000000000000     
  0.36136363636363644       -4.8705480127732194E-006   0.0000000000000000     
  0.36363636363636370       -1.5441299785548338E-005   0.0000000000000000     
  0.36477272727272736       -2.1836158393357060E-005   0.0000000000000000     
  0.36590909090909096       -2.8646825849678966E-005   0.0000000000000000     
  0.36818181818181822       -4.2430734863209304E-005   0.0000000000000000     
  0.37045454545454548       -5.4638474691672594E-005   0.0000000000000000     
  0.37159090909090908       -5.9533687454859884E-005   0.0000000000000000     
  0.37272727272727274       -6.3347991122458155E-005   0.0000000000000000     
  0.37386363636363640       -6.5929945085873451E-005   0.0000000000000000     
  0.37500000000000000       -6.7177037140086007E-005   0.0000000000000000     
  0.37727272727272732       -6.5550386091069483E-005   0.0000000000000000     
  0.37954545454545463       -5.8747326806824094E-005   0.0000000000000000     
  0.38181818181818189       -4.7827245497562134E-005   0.0000000000000000     
  0.38295454545454555       -4.1334627593497666E-005   0.0000000000000000     
  0.38409090909090915       -3.4483664118256219E-005   0.0000000000000000     
  0.38636363636363641       -2.0794472264961151E-005   0.0000000000000000     
  0.38863636363636367       -8.8983539862776548E-006   0.0000000000000000     
  0.38977272727272727       -4.2264403403089766E-006   0.0000000000000000     
  0.39090909090909093       -6.6950022703185975E-007   0.0000000000000000     
  0.39204545454545459        1.6312439385523071E-006   0.0000000000000000     
  0.39318181818181819        2.5844449206127009E-006   0.0000000000000000     
  0.39545454545454550        3.7847375171333221E-007   0.0000000000000000     
  0.39772727272727276       -6.9176651522984932E-006   0.0000000000000000     
  0.40000000000000002       -1.8167802221270557E-005   0.0000000000000000     
  0.40227272727272728       -2.9104427742519428E-005   0.0000000000000000     
  0.40454545454545454       -3.5508852658382173E-005   0.0000000000000000     
  0.40681818181818186       -3.6383766912203055E-005   0.0000000000000000     
  0.40909090909090912       -3.1592927079238984E-005   0.0000000000000000     
  0.41136363636363638       -2.1882372469500136E-005   0.0000000000000000     
  0.41363636363636369       -8.7642503710291419E-006   0.0000000000000000     
  0.41590909090909095        5.7186585972862798E-006   0.0000000000000000     
  0.41818181818181821        1.9311046433012890E-005   0.0000000000000000     
  0.42045454545454547        2.9896278893322915E-005   0.0000000000000000     
  0.42272727272727273        3.5826002078624557E-005   0.0000000000000000     
  0.42499999999999999        3.6176827449965900E-005   0.0000000000000000     
  0.42727272727272725        3.0894123767920276E-005   0.0000000000000000     
  0.42954545454545451        2.0800524380157488E-005   0.0000000000000000     
  0.43181818181818177        7.4678250856003144E-006   0.0000000000000000     
  0.43409090909090908       -7.0277791000377115E-006   0.0000000000000000     
  0.43636363636363634       -2.0429003249294236E-005   0.0000000000000000     
  0.43863636363636360       -3.0648981516893324E-005   0.0000000000000000     
  0.44090909090909092       -3.6096238128041606E-005   0.0000000000000000     
  0.44318181818181818       -3.5922515218706944E-005   0.0000000000000000     
  0.44545454545454544       -3.0154865273199522E-005   0.0000000000000000     
  0.44772727272727275       -1.9691438456364743E-005   0.0000000000000000     
  0.45000000000000001       -6.1616208455796481E-006   0.0000000000000000     
  0.45454545454545459        2.1613885577800298E-005   0.0000000000000000     
  0.45681818181818185        3.1534316112148651E-005   0.0000000000000000     
  0.45909090909090911        3.6544158888568949E-005   0.0000000000000000     
  0.46136363636363636        3.5863271013854234E-005   0.0000000000000000     
  0.46363636363636362        2.9597681730884097E-005   0.0000000000000000     
  0.46818181818181820        5.1434974349867804E-006   0.0000000000000000     
  0.47272727272727277       -2.2283077017053562E-005   0.0000000000000000     
  0.47500000000000003       -3.1859145691611676E-005   0.0000000000000000     
  0.47727272727272729       -3.6474043486329368E-005   0.0000000000000000     
  0.47954545454545455       -3.5409129142768188E-005   0.0000000000000000     
  0.48181818181818181       -2.8830233285576420E-005   0.0000000000000000     
  0.48636363636363639       -4.1273274455325031E-006   0.0000000000000000     
  0.49090909090909096        2.2960731225896325E-005   0.0000000000000000     
  0.49318181818181822        3.2196074884117416E-005   0.0000000000000000     
  0.49545454545454548        3.6417780364265808E-005   0.0000000000000000     
  0.49772727272727274        3.4968435113785491E-005   0.0000000000000000     
  0.50000000000000000        2.8073734119011665E-005   0.0000000000000000     
  0.50454545454545452        3.1127249514994770E-006   0.0000000000000000     
  0.50909090909090904       -2.3647105566964037E-005   0.0000000000000000     
  0.51136363636363635       -3.2545231650186095E-005   0.0000000000000000     
  0.51363636363636367       -3.6375348154510866E-005   0.0000000000000000     
  0.51590909090909087       -3.4541021558098860E-005   0.0000000000000000     
  0.51818181818181819       -2.7327896924453035E-005   0.0000000000000000     
  0.52272727272727271       -2.0993046224801449E-006   0.0000000000000000     
  0.52499999999999991        1.1987515407913535E-005   0.0000000000000000     
  0.52727272727272723        2.4207615189778446E-005   0.0000000000000000     
  0.52954545454545454        3.2658055963444021E-005   0.0000000000000000     
  0.53181818181818175        3.6022917926981436E-005   0.0000000000000000     
  0.53409090909090906        3.3778217940674243E-005   0.0000000000000000     
  0.53636363636363638        2.6273505245855923E-005   0.0000000000000000     
  0.54090909090909089        9.6085750503324868E-007   0.0000000000000000     
  0.54318181818181821       -1.2905340619366225E-005   0.0000000000000000     
  0.54545454545454541       -2.4761892889008887E-005   0.0000000000000000     
  0.54772727272727273       -3.2762472901272086E-005   0.0000000000000000     
  0.55000000000000004       -3.5661214085755413E-005   0.0000000000000000     
  0.55227272727272725       -3.3006718577247729E-005   0.0000000000000000     
  0.55454545454545456       -2.5212349808182012E-005   0.0000000000000000     
  0.55909090909090908        1.7783697220101353E-007   0.0000000000000000     
  0.56136363636363629        1.3819843525174078E-005   0.0000000000000000     
  0.56363636363636360        2.5309795973348022E-005   0.0000000000000000     
  0.56590909090909092        3.2858455582940130E-005   0.0000000000000000     
  0.56818181818181812        3.5290329746601676E-005   0.0000000000000000     
  0.57045454545454544        3.2226722079910675E-005   0.0000000000000000     
  0.57272727272727275        2.4144703791566774E-005   0.0000000000000000     
  0.57727272727272738       -1.3164856677091650E-006   0.0000000000000000     
  0.57954545454545459       -1.4730788698917576E-005   0.0000000000000000     
  0.58181818181818190       -2.5851183392546921E-005   0.0000000000000000     
  0.58409090909090922       -3.2945979299003168E-005   0.0000000000000000     
  0.58636363636363642       -3.4910360388684135E-005   0.0000000000000000     
  0.58863636363636362       -3.1438429248226827E-005   0.0000000000000000     
  0.59090909090909094       -2.3070842047057831E-005   0.0000000000000000     
  0.59545454545454546        2.4547954517612077E-006   0.0000000000000000     
  0.59772727272727266        1.5637941630062788E-005   0.0000000000000000     
  0.59999999999999998        2.6385915773725626E-005   0.0000000000000000     
  0.60227272727272729        3.3025021517662235E-005   0.0000000000000000     
  0.60454545454545450        3.4521403829982336E-005   0.0000000000000000     
  0.60681818181818181        3.0642043017538895E-005   0.0000000000000000     
  0.60909090909090913        2.1991041025857391E-005   0.0000000000000000     
  0.61363636363636365       -3.5924732818793746E-006   0.0000000000000000     
  0.61590909090909096       -1.6541068784341934E-005   0.0000000000000000     
  0.61818181818181817       -2.6913855457255778E-005   0.0000000000000000     
  0.62045454545454548       -3.3095561890566187E-005   0.0000000000000000     
  0.62272727272727280       -3.4123560202108841E-005   0.0000000000000000     
  0.62500000000000000       -2.9837768406726088E-005   0.0000000000000000     
  0.62727272727272732       -2.0905578708154813E-005   0.0000000000000000     
  0.63181818181818183        4.7292262782708949E-006   0.0000000000000000     
  0.63409090909090904        1.7439937663864258E-005   0.0000000000000000     
  0.63636363636363635        2.7434866532195718E-005   0.0000000000000000     
  0.63863636363636367        3.3157582258048520E-005   0.0000000000000000     
  0.64090909090909087        3.3716931924532674E-005   0.0000000000000000     
  0.64318181818181819        2.9025812465424457E-005   0.0000000000000000     
  0.64545454545454550        1.9814734531563574E-005   0.0000000000000000     
  0.65000000000000002       -5.8647617992297875E-006   0.0000000000000000     
  0.65227272727272734       -1.8334316866979156E-005   0.0000000000000000     
  0.65454545454545454       -2.7948814871280970E-005   0.0000000000000000     
  0.65681818181818186       -3.3211066653803263E-005   0.0000000000000000     
  0.65909090909090917       -3.3301623678211626E-005   0.0000000000000000     
  0.66136363636363638       -2.8206384220724874E-005   0.0000000000000000     
  0.66363636363636369       -1.8718789319184072E-005   0.0000000000000000     
  0.66818181818181821        6.9987875164726603E-006   0.0000000000000000     
  0.67045454545454541        1.9223976147837955E-005   0.0000000000000000     
  0.67272727272727273        2.8455568165452994E-005   0.0000000000000000     
  0.67500000000000004        3.3256001308995103E-005   0.0000000000000000     
  0.67727272727272725        3.2877742378645053E-005   0.0000000000000000     
  0.67954545454545456        2.7379694623361760E-005   0.0000000000000000     
  0.68181818181818188        1.7618025207309421E-005   0.0000000000000000     
  0.68636363636363640       -8.1310114903947128E-006   0.0000000000000000     
  0.68863636363636371       -2.0108686475676689E-005   0.0000000000000000     
  0.69090909090909092       -2.8954995957920374E-005   0.0000000000000000     
  0.69318181818181812       -3.3292374655803796E-005   0.0000000000000000     
  0.69545454545454544       -3.2445397148348142E-005   0.0000000000000000     
  0.69772727272727275       -2.6545956493406666E-005   0.0000000000000000     
  0.69999999999999996       -1.6512725572793884E-005   0.0000000000000000     
  0.70454545454545459        9.2611422452254742E-006   0.0000000000000000     
  0.70681818181818179        2.0988220093767945E-005   0.0000000000000000     
  0.70909090909090911        2.9446969677742913E-005   0.0000000000000000     
  0.71136363636363642        3.3320177330402613E-005   0.0000000000000000     
  0.71363636363636362        3.2004699288761391E-005   0.0000000000000000     
  0.71590909090909094        2.5705384465480914E-005   0.0000000000000000     
  0.71818181818181825        1.5403174960098836E-005   0.0000000000000000     
  0.72272727272727277       -1.0388888844065737E-005   0.0000000000000000     
  0.72500000000000009       -2.1862350578063133E-005   0.0000000000000000     
  0.72727272727272729       -2.9931362672931582E-005   0.0000000000000000     
  0.72954545454545450       -3.3339402175368489E-005   0.0000000000000000     
  0.73181818181818181       -3.1555762251596700E-005   0.0000000000000000     
  0.73409090909090913       -2.4858194933500092E-005   0.0000000000000000     
  0.73636363636363633       -1.4289659008045764E-005   0.0000000000000000     
  0.74090909090909096        1.1513960963784949E-005   0.0000000000000000     
  0.74318181818181817        2.2730852895472734E-005   0.0000000000000000     
  0.74545454545454548        3.0408050243051379E-005   0.0000000000000000     
  0.74772727272727280        3.3350044241524592E-005   0.0000000000000000     
  0.75000000000000000        3.1098701609630920E-005   0.0000000000000000     
  0.75227272727272720        2.4004605994967774E-005   0.0000000000000000     
  0.75454545454545452        1.3172464376276140E-005   0.0000000000000000     
  0.75909090909090904       -1.2636068969760285E-005   0.0000000000000000     
  0.76136363636363635       -2.3593503461806641E-005   0.0000000000000000     
  0.76363636363636367       -3.0876909671325815E-005   0.0000000000000000     
  0.76590909090909087       -3.3352100789214826E-005   0.0000000000000000     
  0.76818181818181819       -3.0633635026953341E-005   0.0000000000000000     
  0.77045454545454550       -2.3144837394826235E-005   0.0000000000000000     
  0.77272727272727271       -1.2051878671459545E-005   0.0000000000000000     
  0.77727272727272734        1.3754923990442736E-005   0.0000000000000000     
  0.77954545454545454        2.4450080199327063E-005   0.0000000000000000     
  0.78181818181818186        3.1337820256227451E-005   0.0000000000000000     
  0.78409090909090917        3.3345571289008762E-005   0.0000000000000000     
  0.78636363636363638        3.0160682228674516E-005   0.0000000000000000     
  0.78863636363636358        2.2279110468891414E-005   0.0000000000000000     
  0.79090909090909089        1.0928190373251071E-005   0.0000000000000000     
  0.79545454545454541       -1.4870237991715990E-005   0.0000000000000000     
  0.80000000000000004       -3.2075262824405028E-005   0.0000000000000000     
  0.80227272727272725       -3.3855337976148946E-005   0.0000000000000000     
  0.80454545454545456       -3.0363391130810537E-005   0.0000000000000000     
  0.80681818181818188       -2.2143195344037046E-005   0.0000000000000000     
  0.80909090909090908       -1.0474816200722252E-005   0.0000000000000000     
  0.81363636363636371        1.5716164680836032E-005   0.0000000000000000     
  0.81590909090909092        2.6160253676715231E-005   0.0000000000000000     
  0.81818181818181823        3.2530614832983288E-005   0.0000000000000000     
  0.82045454545454555        3.3835242570818789E-005   0.0000000000000000     
  0.82272727272727275        2.9870977608908157E-005   0.0000000000000000     
  0.82499999999999996        2.1255143339390761E-005   0.0000000000000000     
  0.82727272727272727        9.3294149753182987E-006   0.0000000000000000     
  0.83181818181818179       -1.6842644937473363E-005   0.0000000000000000     
  0.83409090909090911       -2.7013410155518758E-005   0.0000000000000000     
  0.83636363636363642       -3.2977592274129751E-005   0.0000000000000000     
  0.83863636363636362       -3.3806436739266111E-005   0.0000000000000000     
  0.84090909090909094       -2.9370874207256371E-005   0.0000000000000000     
  0.84318181818181825       -2.0361619485161679E-005   0.0000000000000000     
  0.84545454545454546       -8.1816120180316061E-006   0.0000000000000000     
  0.85000000000000009        1.7964789282648665E-005   0.0000000000000000     
  0.85227272727272729        2.7859612396719573E-005   0.0000000000000000     
  0.85454545454545461        3.3416080079539022E-005   0.0000000000000000     
  0.85681818181818192        3.3768927897162886E-005   0.0000000000000000     
  0.85909090909090913        2.8863209670721650E-005   0.0000000000000000     
  0.86136363636363644        1.9462853806999833E-005   0.0000000000000000     
  0.86363636363636376        7.0317028152307840E-006   0.0000000000000000     
  0.86818181818181828       -1.9082308835454299E-005   0.0000000000000000     
  0.87045454545454559       -2.8698642556980092E-005   0.0000000000000000     
  0.87272727272727280       -3.3845965366448142E-005   0.0000000000000000     
  0.87500000000000000       -3.3722725700654490E-005   0.0000000000000000     
  0.87727272727272732       -2.8348114690682333E-005   0.0000000000000000     
  0.88181818181818183       -6.0887513082949149E-006   0.0000000000000000     
  0.88636363636363635        1.9689257641770322E-005   0.0000000000000000     
  0.88863636363636367        2.8982736305784038E-005   0.0000000000000000     
  0.89090909090909087        3.3762964402121082E-005   0.0000000000000000     
  0.89318181818181819        3.3285555101954058E-005   0.0000000000000000     
  0.89545454545454550        2.7624851551225071E-005   0.0000000000000000     
  0.90000000000000002        5.1481122153654031E-006   0.0000000000000000     
  0.90454545454545454       -2.0303684125011014E-005   0.0000000000000000     
  0.90681818181818186       -2.9277837251630362E-005   0.0000000000000000     
  0.90909090909090917       -3.3692786091872784E-005   0.0000000000000000     
  0.91136363636363638       -3.2861025844629994E-005   0.0000000000000000     
  0.91363636363636369       -2.6912079905085613E-005   0.0000000000000000     
  0.91818181818181821       -4.2094282961970216E-006   0.0000000000000000     
  0.92272727272727273        2.0925821634894877E-005   0.0000000000000000     
  0.92500000000000004        2.9584057469314836E-005   0.0000000000000000     
  0.92727272727272725        3.3635403783061172E-005   0.0000000000000000     
  0.92954545454545456        3.2448976699006325E-005   0.0000000000000000     
  0.93181818181818188        2.6209529052566312E-005   0.0000000000000000     
  0.93636363636363640        3.2723430530887909E-006   0.0000000000000000     
  0.94090909090909092       -2.1555906449670016E-005   0.0000000000000000     
  0.94318181818181812       -2.9901513256561395E-005   0.0000000000000000     
  0.94545454545454544       -3.3590795682769051E-005   0.0000000000000000     
  0.94772727272727275       -3.2049251175161302E-005   0.0000000000000000     
  0.94999999999999996       -2.5516932175670046E-005   0.0000000000000000     
  0.95454545454545459       -2.3365005954924138E-006   0.0000000000000000     
  0.95909090909090911        2.2194177865848472E-005   0.0000000000000000     
  0.96136363636363642        3.0230325178191449E-005   0.0000000000000000     
  0.96363636363636362        3.3558944849526560E-005   0.0000000000000000     
  0.96590909090909094        3.1661697463494925E-005   0.0000000000000000     
  0.96818181818181825        2.4834026236764565E-005   0.0000000000000000     
  0.97272727272727277        1.4015455048503579E-006   0.0000000000000000     
  0.97727272727272729       -2.2840878289087534E-005   0.0000000000000000     
  0.97954545454545450       -3.0570618111909408E-005   0.0000000000000000     
  0.98181818181818181       -3.3539839186877586E-005   0.0000000000000000     
  0.98409090909090913       -3.1286168377074129E-005   0.0000000000000000     
  0.98636363636363633       -2.4160551878689790E-005   0.0000000000000000     
  0.99090909090909096       -4.6712269961339930E-007   0.0000000000000000     
  0.99545454545454548        2.3496253326251581E-005   0.0000000000000000     
  0.99772727272727280        3.0922521295733542E-005   0.0000000000000000     
   1.0000000000000000        3.3533471438785571E-005   0.0000000000000000     
