X My_beautiful_solution_real My_beautiful_solution_imag
   0.0000000000000000        0.0000000000000000        0.0000000000000000     
   2.2727272727272731E-003   1.9083260062472079E-004   0.0000000000000000     
   4.5454545454545461E-003   3.5194836105831024E-004   0.0000000000000000     
   9.0909090909090922E-003   4.9836165329431579E-004   0.0000000000000000     
   1.1363636363636364E-002   4.6085940983301235E-004   0.0000000000000000     
   1.3636363636363637E-002   3.5159120296842760E-004   0.0000000000000000     
   1.4772727272727274E-002   2.7493350181342224E-004   0.0000000000000000     
   1.5909090909090911E-002   1.8736002140594103E-004   0.0000000000000000     
   1.8181818181818184E-002  -6.2597216728617860E-006   0.0000000000000000     
   2.0454545454545454E-002  -1.9890468817793200E-004   0.0000000000000000     
   2.1590909090909091E-002  -2.8529356202121764E-004   0.0000000000000000     
   2.2727272727272728E-002  -3.6035532758328138E-004   0.0000000000000000     
   2.5000000000000001E-002  -4.6547021837990975E-004   0.0000000000000000     
   2.7272727272727271E-002  -4.9810114130079488E-004   0.0000000000000000     
   2.9545454545454548E-002  -4.5316674274830922E-004   0.0000000000000000     
   3.1818181818181822E-002  -3.3766429853642518E-004   0.0000000000000000     
   3.2954545454545459E-002  -2.5865701569620771E-004   0.0000000000000000     
   3.4090909090909095E-002  -1.6938018452222607E-004   0.0000000000000000     
   3.6363636363636369E-002   2.5480055238949045E-005   0.0000000000000000     
   3.7500000000000006E-002   1.2332686079927324E-004   0.0000000000000000     
   3.8636363636363642E-002   2.1627717764684953E-004   0.0000000000000000     
   3.9772727272727279E-002   3.0064056742671745E-004   0.0000000000000000     
   4.0909090909090916E-002   3.7306752149859310E-004   0.0000000000000000     
   4.3181818181818189E-002   4.7153068737086558E-004   0.0000000000000000     
   4.5454545454545463E-002   4.9656613682601389E-004   0.0000000000000000     
   4.7727272727272729E-002   4.4427529882252727E-004   0.0000000000000000     
   5.0000000000000003E-002   3.2280100886819025E-004   0.0000000000000000     
   5.1136363636363640E-002   2.4163371103816028E-004   0.0000000000000000     
   5.2272727272727276E-002   1.5087274698611047E-004   0.0000000000000000     
   5.4545454545454543E-002  -4.4736468660341810E-005   0.0000000000000000     
   5.5681818181818180E-002  -1.4181838038105547E-004   0.0000000000000000     
   5.6818181818181823E-002  -2.3326962823588040E-004   0.0000000000000000     
   5.7954545454545460E-002  -3.1545929192095169E-004   0.0000000000000000     
   5.9090909090909097E-002  -3.8512416698972579E-004   0.0000000000000000     
   6.1363636363636370E-002  -4.7676258999984996E-004   0.0000000000000000     
   6.3636363636363644E-002  -4.9415857408835061E-004   0.0000000000000000     
   6.5909090909090917E-002  -4.3460318127799998E-004   0.0000000000000000     
   6.8181818181818191E-002  -3.0737049830697360E-004   0.0000000000000000     
   7.0454545454545464E-002  -1.3227345700432628E-004   0.0000000000000000     
   7.2727272727272738E-002   6.3421475698732238E-005   0.0000000000000000     
   7.3863636363636381E-002   1.5943431088305329E-004   0.0000000000000000     
   7.5000000000000011E-002   2.4911707086231122E-004   0.0000000000000000     
   7.6136363636363641E-002   3.2890905021418042E-004   0.0000000000000000     
   7.7272727272727285E-002   3.9564224057671906E-004   0.0000000000000000     
   7.9545454545454558E-002   4.8030300431113593E-004   0.0000000000000000     
   8.1818181818181832E-002   4.9017000861603665E-004   0.0000000000000000     
   8.4090909090909105E-002   4.2370674353906505E-004   0.0000000000000000     
   8.6363636363636379E-002   2.9126300371912130E-004   0.0000000000000000     
   8.8636363636363652E-002   1.1346319734254559E-004   0.0000000000000000     
   9.0909090909090925E-002  -8.2005328592246103E-005   0.0000000000000000     
   9.2045454545454569E-002  -1.7679595147451744E-004   0.0000000000000000     
   9.3181818181818199E-002  -2.6456718397221052E-004   0.0000000000000000     
   9.4318181818181829E-002  -3.4183421469514275E-004   0.0000000000000000     
   9.5454545454545459E-002  -4.0552928418401699E-004   0.0000000000000000     
   9.7727272727272732E-002  -4.8307735887456494E-004   0.0000000000000000     
  0.10000000000000001       -4.8539964600767169E-004   0.0000000000000000     
  0.10227272727272728       -4.1213451431390801E-004   0.0000000000000000     
  0.10454545454545455       -2.7469095891778775E-004   0.0000000000000000     
  0.10681818181818181       -9.4471969442869714E-005   0.0000000000000000     
  0.10909090909090909        1.0045838700647978E-004   0.0000000000000000     
  0.11022727272727273        1.9387561118975504E-004   0.0000000000000000     
  0.11136363636363636        2.7959532539251620E-004   0.0000000000000000     
  0.11250000000000000        3.5421417036006952E-004   0.0000000000000000     
  0.11363636363636365        4.1476952846172121E-004   0.0000000000000000     
  0.11590909090909092        4.8508122873060482E-004   0.0000000000000000     
  0.11818181818181819        4.7985509475777634E-004   0.0000000000000000     
  0.12045454545454547        3.9990495074088112E-004   0.0000000000000000     
  0.12272727272727274        2.5768079550208178E-004   0.0000000000000000     
  0.12500000000000000        7.5330063382860428E-005   0.0000000000000000     
  0.12727272727272729       -1.1875121921782143E-004   0.0000000000000000     
  0.12840909090909092       -2.1064604880875493E-004   0.0000000000000000     
  0.12954545454545457       -2.9417752597433555E-004   0.0000000000000000     
  0.13068181818181820       -3.6602917178653289E-004   0.0000000000000000     
  0.13181818181818183       -4.2334823567315703E-004   0.0000000000000000     
  0.13409090909090909       -4.8631141780506335E-004   0.0000000000000000     
  0.13636363636363638       -4.7354519815380588E-004   0.0000000000000000     
  0.13863636363636367       -3.8703755837440136E-004   0.0000000000000000     
  0.14090909090909093       -2.4025964384882982E-004   0.0000000000000000     
  0.14545454545454548        1.3622394953848114E-004   0.0000000000000000     
  0.14659090909090911        2.2616576812936362E-004   0.0000000000000000     
  0.14772727272727276        3.0712804954822993E-004   0.0000000000000000     
  0.14886363636363639        3.7589632052820968E-004   0.0000000000000000     
  0.15000000000000002        4.2974025078710746E-004   0.0000000000000000     
  0.15227272727272728        4.8514192119755202E-004   0.0000000000000000     
  0.15454545454545454        4.6499630621205307E-004   0.0000000000000000     
  0.15681818181818183        3.7244052191620598E-004   0.0000000000000000     
  0.15909090909090912        2.2188754304116475E-004   0.0000000000000000     
  0.16363636363636366       -1.5363795477313195E-004   0.0000000000000000     
  0.16590909090909095       -3.2013288042009885E-004   0.0000000000000000     
  0.16818181818181821       -4.3677606366965824E-004   0.0000000000000000     
  0.17045454545454547       -4.8540359109892445E-004   0.0000000000000000     
  0.17272727272727273       -4.5844308536369767E-004   0.0000000000000000     
  0.17500000000000002       -3.6009289117962251E-004   0.0000000000000000     
  0.17727272727272730       -2.0566830055533458E-004   0.0000000000000000     
  0.18181818181818185        1.7001133897310742E-004   0.0000000000000000     
  0.18409090909090914        3.3276479132415127E-004   0.0000000000000000     
  0.18636363636363640        4.4369943445369446E-004   0.0000000000000000     
  0.18863636363636366        4.8554030040160655E-004   0.0000000000000000     
  0.19090909090909092        4.5177184453472629E-004   0.0000000000000000     
  0.19318181818181818        3.4765255939160449E-004   0.0000000000000000     
  0.19545454545454546        1.8939611154327520E-004   0.0000000000000000     
  0.20000000000000001       -1.8634095605002708E-004   0.0000000000000000     
  0.20113636363636364       -2.7110308665376714E-004   0.0000000000000000     
  0.20227272727272727       -3.4510151829372803E-004   0.0000000000000000     
  0.20340909090909093       -4.0539826582265388E-004   0.0000000000000000     
  0.20454545454545456       -4.4959934676359117E-004   0.0000000000000000     
  0.20681818181818185       -4.8377134548608692E-004   0.0000000000000000     
  0.20909090909090911       -4.4260948764636025E-004   0.0000000000000000     
  0.21136363636363636       -3.3252358135575589E-004   0.0000000000000000     
  0.21363636363636365       -1.7065642754987830E-004   0.0000000000000000     
  0.21590909090909094        1.7785691793791221E-005   0.0000000000000000     
  0.21818181818181820        2.0345818708478335E-004   0.0000000000000000     
  0.21931818181818183        2.8602043401957928E-004   0.0000000000000000     
  0.22045454545454546        3.5722671342454767E-004   0.0000000000000000     
  0.22272727272727272        4.5514612355467297E-004   0.0000000000000000     
  0.22499999999999998        4.8218925482568790E-004   0.0000000000000000     
  0.22727272727272727        4.3414489590568208E-004   0.0000000000000000     
  0.22954545454545455        3.1849461195405270E-004   0.0000000000000000     
  0.23181818181818181        1.5324770009822545E-004   0.0000000000000000     
  0.23409090909090910       -3.5863254895773215E-005   0.0000000000000000     
  0.23636363636363639       -2.1938951099145665E-004   0.0000000000000000     
  0.23863636363636365       -3.6875198680850194E-004   0.0000000000000000     
  0.24090909090909093       -4.6069165422553101E-004   0.0000000000000000     
  0.24318181818181822       -4.8089148148322238E-004   0.0000000000000000     
  0.24545454545454548       -4.2620591045083747E-004   0.0000000000000000     
  0.24772727272727274       -3.0515068932763731E-004   0.0000000000000000     
  0.25000000000000000       -1.3657678303598611E-004   0.0000000000000000     
  0.25227272727272732        5.3265137326706788E-005   0.0000000000000000     
  0.25454545454545457        2.3481250231198781E-004   0.0000000000000000     
  0.25568181818181823        3.1340393200773550E-004   0.0000000000000000     
  0.25681818181818183        3.7955217774776086E-004   0.0000000000000000     
  0.25909090909090915        4.6494500737791363E-004   0.0000000000000000     
  0.26136363636363641        4.7793565605636827E-004   0.0000000000000000     
  0.26363636363636367        4.1650119358413099E-004   0.0000000000000000     
  0.26590909090909093        2.9020831924391860E-004   0.0000000000000000     
  0.26818181818181819        1.1872361595584316E-004   0.0000000000000000     
  0.27045454545454550       -7.1248969961951083E-005   0.0000000000000000     
  0.27272727272727276       -2.5012652155536062E-004   0.0000000000000000     
  0.27386363636363642       -3.2644451777688219E-004   0.0000000000000000     
  0.27500000000000002       -3.8980157518690717E-004   0.0000000000000000     
  0.27727272727272734       -4.6852364779516331E-004   0.0000000000000000     
  0.27954545454545460       -4.7428626629696281E-004   0.0000000000000000     
  0.28181818181818186       -4.0619206403409665E-004   0.0000000000000000     
  0.28409090909090912       -2.7484480849683491E-004   0.0000000000000000     
  0.28636363636363638       -1.0069816111182416E-004   0.0000000000000000     
  0.28863636363636369        8.9129408461038626E-005   0.0000000000000000     
  0.29090909090909095        2.6507756550744177E-004   0.0000000000000000     
  0.29204545454545461        3.3901137811621917E-004   0.0000000000000000     
  0.29318181818181821        3.9948530554117340E-004   0.0000000000000000     
  0.29545454545454553        4.7142238227329883E-004   0.0000000000000000     
  0.29772727272727278        4.6994860807808239E-004   0.0000000000000000     
  0.30000000000000004        3.9529348206675637E-004   0.0000000000000000     
  0.30227272727272730        2.5908245210234167E-004   0.0000000000000000     
  0.30454545454545456        8.2526576444647335E-005   0.0000000000000000     
  0.30681818181818182       -1.0688050532614470E-004   0.0000000000000000     
  0.30909090909090908       -2.7964393771037110E-004   0.0000000000000000     
  0.31022727272727274       -3.5108627641587101E-004   0.0000000000000000     
  0.31136363636363640       -4.0858931610305682E-004   0.0000000000000000     
  0.31363636363636366       -4.7363700426522907E-004   0.0000000000000000     
  0.31590909090909092       -4.6492897606510746E-004   0.0000000000000000     
  0.31818181818181823       -3.8382126334188081E-004   0.0000000000000000     
  0.32045454545454549       -2.4294412386793504E-004   0.0000000000000000     
  0.32272727272727275       -6.4235231953769611E-005   0.0000000000000000     
  0.32500000000000007        1.2447650075574334E-004   0.0000000000000000     
  0.32727272727272733        2.9380449992915666E-004   0.0000000000000000     
  0.32840909090909098        3.6265168998492967E-004   0.0000000000000000     
  0.32954545454545459        4.1710039543514145E-004   0.0000000000000000     
  0.33181818181818190        4.7516429998515779E-004   0.0000000000000000     
  0.33409090909090916        4.5923465458110616E-004   0.0000000000000000     
  0.33636363636363642        3.7179205596182645E-004   0.0000000000000000     
  0.33750000000000002        3.0506073422758055E-004   0.0000000000000000     
  0.33863636363636368        2.2621748138467251E-004   0.0000000000000000     
  0.34090909090909094        4.5180099295912338E-005   0.0000000000000000     
  0.34318181818181825       -1.4289281962566160E-004   0.0000000000000000     
  0.34545454545454551       -3.0871417842922753E-004   0.0000000000000000     
  0.34659090909090917       -3.7488529583366707E-004   0.0000000000000000     
  0.34772727272727277       -4.2617221357772050E-004   0.0000000000000000     
  0.35000000000000003       -4.7697612125541190E-004   0.0000000000000000     
  0.35227272727272729       -4.5350433849063670E-004   0.0000000000000000     
  0.35340909090909089       -4.1452701227424107E-004   0.0000000000000000     
  0.35454545454545455       -3.5909157771408596E-004   0.0000000000000000     
  0.35568181818181821       -2.8939900690863450E-004   0.0000000000000000     
  0.35681818181818181       -2.0821632793352414E-004   0.0000000000000000     
  0.35909090909090913       -2.4693550762348423E-005   0.0000000000000000     
  0.36136363636363644        1.6267455629142619E-004   0.0000000000000000     
  0.36363636363636370        3.2471065101265966E-004   0.0000000000000000     
  0.36477272727272736        3.8799889429813367E-004   0.0000000000000000     
  0.36590909090909096        4.3588228421932750E-004   0.0000000000000000     
  0.36818181818181822        4.7887758337511010E-004   0.0000000000000000     
  0.37045454545454548        4.4730109254487041E-004   0.0000000000000000     
  0.37159090909090908        4.0456040070031325E-004   0.0000000000000000     
  0.37272727272727274        3.4575730831449625E-004   0.0000000000000000     
  0.37386363636363640        2.7322649476120683E-004   0.0000000000000000     
  0.37500000000000000        1.8984767584273650E-004   0.0000000000000000     
  0.37727272727272732        4.1634184887238083E-006   0.0000000000000000     
  0.37954545454545463       -1.8216917484914686E-004   0.0000000000000000     
  0.38181818181818189       -3.4013401425492598E-004   0.0000000000000000     
  0.38295454545454555       -4.0042768063835727E-004   0.0000000000000000     
  0.38409090909090915       -4.4482302928459212E-004   0.0000000000000000     
  0.38636363636363641       -4.7993383387193330E-004   0.0000000000000000     
  0.38863636363636367       -4.4030836700041588E-004   0.0000000000000000     
  0.38977272727272727       -3.9387974619621314E-004   0.0000000000000000     
  0.39090909090909093       -3.3181278254495534E-004   0.0000000000000000     
  0.39204545454545459       -2.5657174202230713E-004   0.0000000000000000     
  0.39318181818181819       -1.7114394550279158E-004   0.0000000000000000     
  0.39545454545454550        1.6374062154963410E-005   0.0000000000000000     
  0.39772727272727276        2.0134226759471925E-004   0.0000000000000000     
  0.40000000000000002        3.5495704615539324E-004   0.0000000000000000     
  0.40227272727272728        4.5329719249502878E-004   0.0000000000000000     
  0.40454545454545454        4.8104897927573644E-004   0.0000000000000000     
  0.40681818181818186        4.3389084189020445E-004   0.0000000000000000     
  0.40909090909090912        3.1916634128037897E-004   0.0000000000000000     
  0.41136363636363638        1.5474060971123319E-004   0.0000000000000000     
  0.41363636363636369       -3.3781643913442830E-005   0.0000000000000000     
  0.41590909090909095       -2.1704335133016547E-004   0.0000000000000000     
  0.41818181818181821       -3.6650662721626157E-004   0.0000000000000000     
  0.42045454545454547       -4.5889674665885018E-004   0.0000000000000000     
  0.42272727272727273       -4.7982653259422776E-004   0.0000000000000000     
  0.42499999999999999       -4.2603675624366293E-004   0.0000000000000000     
  0.42727272727272725       -3.0590367083901260E-004   0.0000000000000000     
  0.42954545454545451       -1.3813464445549319E-004   0.0000000000000000     
  0.43181818181818177        5.1144989343658887E-005   0.0000000000000000     
  0.43409090909090908        2.3246022151580202E-004   0.0000000000000000     
  0.43636363636363634        3.7757627581704414E-004   0.0000000000000000     
  0.43863636363636360        4.6389538550983996E-004   0.0000000000000000     
  0.44090909090909092        4.7797576350024280E-004   0.0000000000000000     
  0.44318181818181818        4.1762478472732567E-004   0.0000000000000000     
  0.44545454545454544        2.9224042619136115E-004   0.0000000000000000     
  0.44772727272727275        1.2134779488602918E-004   0.0000000000000000     
  0.45000000000000001       -6.8441361522290881E-005   0.0000000000000000     
  0.45454545454545459       -3.9093639963718325E-004   0.0000000000000000     
  0.45681818181818185       -4.7342269895206499E-004   0.0000000000000000     
  0.45909090909090911       -4.8218665396331873E-004   0.0000000000000000     
  0.46136363636363636       -4.1586352379512363E-004   0.0000000000000000     
  0.46363636363636362       -2.8478128099374169E-004   0.0000000000000000     
  0.46818181818181820        8.1875123185064157E-005   0.0000000000000000     
  0.47272727272727277        4.0121648283154826E-004   0.0000000000000000     
  0.47500000000000003        4.7960191545388871E-004   0.0000000000000000     
  0.47727272727272729        4.8330276362762599E-004   0.0000000000000000     
  0.47954545454545455        4.1174272375793107E-004   0.0000000000000000     
  0.48181818181818181        2.7606527060706760E-004   0.0000000000000000     
  0.48636363636363639       -9.5339979759104200E-005   0.0000000000000000     
  0.49090909090909096       -4.1164894186911886E-004   0.0000000000000000     
  0.49318181818181822       -4.8596327737943681E-004   0.0000000000000000     
  0.49545454545454548       -4.8460242424081792E-004   0.0000000000000000     
  0.49772727272727274       -4.0777829726819159E-004   0.0000000000000000     
  0.50000000000000000       -2.6745410555997762E-004   0.0000000000000000     
  0.50454545454545452        1.0884104498963746E-004   0.0000000000000000     
  0.50909090909090904        4.2223773883722393E-004   0.0000000000000000     
  0.51136363636363635        4.9250920067603538E-004   0.0000000000000000     
  0.51363636363636367        4.8608612939398895E-004   0.0000000000000000     
  0.51590909090909087        4.0396873869776316E-004   0.0000000000000000     
  0.51818181818181819        2.5894451546456003E-004   0.0000000000000000     
  0.52272727272727271       -1.2238344637338969E-004   0.0000000000000000     
  0.52499999999999991       -2.9930602020203525E-004   0.0000000000000000     
  0.52727272727272723       -4.2962005261024935E-004   0.0000000000000000     
  0.52954545454545454       -4.9303277777572752E-004   0.0000000000000000     
  0.53181818181818175       -4.7966943733088923E-004   0.0000000000000000     
  0.53409090909090906       -3.9161099779360758E-004   0.0000000000000000     
  0.53636363636363638       -2.4257009823416234E-004   0.0000000000000000     
  0.54090909090909089        1.3911392075191428E-004   0.0000000000000000     
  0.54318181818181821        3.1232042946011823E-004   0.0000000000000000     
  0.54545454545454541        4.3689176650315778E-004   0.0000000000000000     
  0.54772727272727273        4.9342943024565809E-004   0.0000000000000000     
  0.55000000000000004        4.7312926084953574E-004   0.0000000000000000     
  0.55227272727272725        3.7915244192714961E-004   0.0000000000000000     
  0.55454545454545456        2.2613323460811492E-004   0.0000000000000000     
  0.55909090909090908       -1.5580858213040720E-004   0.0000000000000000     
  0.56136363636363629       -3.2525443604180658E-004   0.0000000000000000     
  0.56363636363636360       -4.4405100851141954E-004   0.0000000000000000     
  0.56590909090909092       -4.9369905597300672E-004   0.0000000000000000     
  0.56818181818181812       -4.6646728363004402E-004   0.0000000000000000     
  0.57045454545454544       -3.6659627838533248E-004   0.0000000000000000     
  0.57272727272727275       -2.0963815603496232E-004   0.0000000000000000     
  0.57727272727272738        1.7246313269378115E-004   0.0000000000000000     
  0.57954545454545459        3.3810471026181896E-004   0.0000000000000000     
  0.58181818181818190        4.5109593558487291E-004   0.0000000000000000     
  0.58409090909090922        4.9384158554626920E-004   0.0000000000000000     
  0.58636363636363642        4.5968522070845936E-004   0.0000000000000000     
  0.58863636363636362        3.5394573958287740E-004   0.0000000000000000     
  0.59090909090909094        1.9308910894990324E-004   0.0000000000000000     
  0.59545454545454546       -1.8907328495290383E-004   0.0000000000000000     
  0.59772727272727266       -3.5086794399058772E-004   0.0000000000000000     
  0.59999999999999998       -4.5802473410218460E-004   0.0000000000000000     
  0.60227272727272729       -5.0643505985747126E-004   0.0000000000000000     
  0.60454545454545450       -5.0113844458244165E-004   0.0000000000000000     
  0.60681818181818181       -4.4295968796628213E-004   0.0000000000000000     
  0.60909090909090913       -3.4095850416276501E-004   0.0000000000000000     
  0.61363636363636365       -7.3931354634896841E-005   0.0000000000000000     
  0.61590909090909096        4.9512600975695196E-005   0.0000000000000000     
  0.61818181818181817        1.4009019862298660E-004   0.0000000000000000     
  0.62045454545454548        1.8369651081886487E-004   0.0000000000000000     
  0.62272727272727280        1.7354107405443070E-004   0.0000000000000000     
  0.62500000000000000        1.1120531357051157E-004   0.0000000000000000     
  0.62727272727272732        6.3962806069267618E-006   0.0000000000000000     
  0.63181818181818183       -2.6086884234209249E-004   0.0000000000000000     
  0.63409090909090904       -3.8170586450924602E-004   0.0000000000000000     
  0.63636363636363635       -4.6825902929740213E-004   0.0000000000000000     
  0.63863636363636367       -5.0705010207774198E-004   0.0000000000000000     
  0.64090909090909087       -4.9203845820394298E-004   0.0000000000000000     
  0.64318181818181819       -4.2556174135189326E-004   0.0000000000000000     
  0.64545454545454550       -3.1797184089823132E-004   0.0000000000000000     
  0.65000000000000002       -5.0537548324294207E-005   0.0000000000000000     
  0.65227272727272734        6.7661432540093479E-005   0.0000000000000000     
  0.65454545454545454        1.5016788252581205E-004   0.0000000000000000     
  0.65681818181818186        1.8413372965283650E-004   0.0000000000000000     
  0.65909090909090917        1.6426974321463744E-004   0.0000000000000000     
  0.66136363636363638        9.3669183527383449E-005   0.0000000000000000     
  0.66363636363636369       -1.6673886849587864E-005   0.0000000000000000     
  0.66818181818181821       -2.8420850170177484E-004   0.0000000000000000     
  0.67045454545454541       -3.9973901253215292E-004   0.0000000000000000     
  0.67272727272727273       -4.7817750754422349E-004   0.0000000000000000     
  0.67500000000000004       -5.0730938496933089E-004   0.0000000000000000     
  0.67727272727272725       -4.8259816968176277E-004   0.0000000000000000     
  0.67954545454545456       -4.0789194231986338E-004   0.0000000000000000     
  0.68181818181818188       -2.9482410835276281E-004   0.0000000000000000     
  0.68636363636363640       -2.7258044395609953E-005   0.0000000000000000     
  0.68863636363636371        8.5574254631104617E-005   0.0000000000000000     
  0.69090909090909092        1.5992460173836314E-004   0.0000000000000000     
  0.69318181818181812        1.8421500985316388E-004   0.0000000000000000     
  0.69545454545454544        1.5466292728485108E-004   0.0000000000000000     
  0.69772727272727275        7.5870264357564190E-005   0.0000000000000000     
  0.69999999999999996       -3.9893225412893232E-005   0.0000000000000000     
  0.70454545454545459       -3.0742185720558494E-004   0.0000000000000000     
  0.70681818181818179       -4.1752689727714878E-004   0.0000000000000000     
  0.70909090909090911       -4.8776995598691358E-004   0.0000000000000000     
  0.71136363636363642       -5.0721264155390478E-004   0.0000000000000000     
  0.71363636363636362       -4.7282729948937762E-004   0.0000000000000000     
  0.71590909090909094       -3.8996848510360532E-004   0.0000000000000000     
  0.71818181818181825       -2.7153914127672486E-004   0.0000000000000000     
  0.72272727272727277       -4.1168132815301938E-006   0.0000000000000000     
  0.72500000000000009        1.0323262277940089E-004   0.0000000000000000     
  0.72727272727272729        1.6935030996489907E-004   0.0000000000000000     
  0.72954545454545450        1.8394026772727278E-004   0.0000000000000000     
  0.73181818181818181        1.4473051820843635E-004   0.0000000000000000     
  0.73409090909090913        5.7826883246853516E-005   0.0000000000000000     
  0.73636363636363633       -6.3237826601371408E-005   0.0000000000000000     
  0.74090909090909096       -3.3048500653253026E-004   0.0000000000000000     
  0.74318181818181817       -4.3505120292036063E-004   0.0000000000000000     
  0.74545454545454548       -4.9702649747601570E-004   0.0000000000000000     
  0.74772727272727280       -5.0675997144619710E-004   0.0000000000000000     
  0.75000000000000000       -4.6273590849350268E-004   0.0000000000000000     
  0.75227272727272720       -3.7180982512322042E-004   0.0000000000000000     
  0.75454545454545452       -2.4814091572809659E-004   0.0000000000000000     
  0.75909090909090904        1.8862316961968733E-005   0.0000000000000000     
  0.76136363636363635        1.2061835452171537E-004   0.0000000000000000     
  0.76363636363636367        1.7843530174497613E-004   0.0000000000000000     
  0.76590909090909087        1.8330978617155319E-004   0.0000000000000000     
  0.76818181818181819        1.3448274318541924E-004   0.0000000000000000     
  0.77045454545454550        3.9557619098547256E-005   0.0000000000000000     
  0.77272727272727271       -8.6683652953007198E-005   0.0000000000000000     
  0.77727272727272734       -3.5337420202586831E-004   0.0000000000000000     
  0.77954545454545454       -4.5229388503996193E-004   0.0000000000000000     
  0.78181818181818186       -5.0593760073863845E-004   0.0000000000000000     
  0.78409090909090917       -5.0595184075142793E-004   0.0000000000000000     
  0.78636363636363638       -4.5233438759461779E-004   0.0000000000000000     
  0.78863636363636358       -3.5343465998230900E-004   0.0000000000000000     
  0.79090909090909089       -2.2465352438479362E-004   0.0000000000000000     
  0.79545454545454541        4.1655685190902463E-005   0.0000000000000000     
  0.80000000000000004        1.9053653389248276E-004   0.0000000000000000     
  0.80227272727272725        2.0111070599944858E-004   0.0000000000000000     
  0.80454545454545456        1.8036751046929904E-004   0.0000000000000000     
  0.80681818181818188        1.3153711984385718E-004   0.0000000000000000     
  0.80909090909090908        6.2223501736293697E-005   0.0000000000000000     
  0.81363636363636371       -9.3358659623874845E-005   0.0000000000000000     
  0.81590909090909092       -1.5539963268880417E-004   0.0000000000000000     
  0.81818181818181823       -1.9324145930152626E-004   0.0000000000000000     
  0.82045454545454555       -2.0099133335705642E-004   0.0000000000000000     
  0.82272727272727275       -1.7744242872581655E-004   0.0000000000000000     
  0.82499999999999996       -1.2626182866984907E-004   0.0000000000000000     
  0.82727272727272727       -5.5419480188616171E-005   0.0000000000000000     
  0.83181818181818179        1.0005028502919127E-004   0.0000000000000000     
  0.83409090909090911        1.6046763413368883E-004   0.0000000000000000     
  0.83636363636363642        1.9589663730678266E-004   0.0000000000000000     
  0.83863636363636362        2.0082021821047179E-004   0.0000000000000000     
  0.84090909090909094        1.7447166682558763E-004   0.0000000000000000     
  0.84318181818181825        1.2095403309333006E-004   0.0000000000000000     
  0.84545454545454546        4.8601191644257075E-005   0.0000000000000000     
  0.85000000000000009       -1.0671615383990833E-004   0.0000000000000000     
  0.85227272727272729       -1.6549432535343405E-004   0.0000000000000000     
  0.85454545454545461       -1.9850138436853506E-004   0.0000000000000000     
  0.85681818181818192       -2.0059740461097637E-004   0.0000000000000000     
  0.85909090909090913       -1.7145598955114111E-004   0.0000000000000000     
  0.86136363636363644       -1.1561509953459435E-004   0.0000000000000000     
  0.86363636363636376       -4.1770391379511294E-005   0.0000000000000000     
  0.86818181818181828        1.1335455001811987E-004   0.0000000000000000     
  0.87045454545454559        1.7047841229427915E-004   0.0000000000000000     
  0.87272727272727280        2.0105502992983398E-004   0.0000000000000000     
  0.87500000000000000        2.0032294991892527E-004   0.0000000000000000     
  0.87727272727272732        1.6839617324786095E-004   0.0000000000000000     
  0.88181818181818183        3.6168980948556023E-005   0.0000000000000000     
  0.88636363636363635       -1.1696000517646840E-004   0.0000000000000000     
  0.88863636363636367       -1.7216601306294503E-004   0.0000000000000000     
  0.89090909090909087       -2.0056197968924242E-004   0.0000000000000000     
  0.89318181818181819       -1.9772602745403111E-004   0.0000000000000000     
  0.89545454545454550       -1.6409977659980206E-004   0.0000000000000000     
  0.90000000000000002       -3.0581306939718566E-005   0.0000000000000000     
  0.90454545454545454        1.2060987994411495E-004   0.0000000000000000     
  0.90681818181818186        1.7391899983277339E-004   0.0000000000000000     
  0.90909090909090917        2.0014509980076427E-004   0.0000000000000000     
  0.91136363636363638        1.9520419829025152E-004   0.0000000000000000     
  0.91363636363636369        1.5986570252048008E-004   0.0000000000000000     
  0.91818181818181821        2.5005247240439315E-005   0.0000000000000000     
  0.92272727272727273       -1.2430556048730220E-004   0.0000000000000000     
  0.92500000000000004       -1.7573803836115005E-004   0.0000000000000000     
  0.92727272727272725       -1.9980423193983451E-004   0.0000000000000000     
  0.92954545454545456       -1.9275650467569575E-004   0.0000000000000000     
  0.93181818181818188       -1.5569234297374589E-004   0.0000000000000000     
  0.93636363636363640       -1.9438684149090779E-005   0.0000000000000000     
  0.94090909090909092        1.2804845036860346E-004   0.0000000000000000     
  0.94318181818181812        1.7762381949090121E-004   0.0000000000000000     
  0.94545454545454544        1.9953924665008912E-004   0.0000000000000000     
  0.94772727272727275        1.9038201701401290E-004   0.0000000000000000     
  0.94999999999999996        1.5157811298189804E-004   0.0000000000000000     
  0.95454545454545459        1.3879503570711718E-005   0.0000000000000000     
  0.95909090909090911       -1.3183997107997093E-004   0.0000000000000000     
  0.96136363636363642       -1.7957705941267185E-004   0.0000000000000000     
  0.96363636363636362       -1.9935004329419334E-004   0.0000000000000000     
  0.96590909090909094       -1.8807983351134497E-004   0.0000000000000000     
  0.96818181818181825       -1.4752145002371823E-004   0.0000000000000000     
  0.97272727272727277       -8.3255942141054098E-006   0.0000000000000000     
  0.97727272727272729        1.3568156258259820E-004   0.0000000000000000     
  0.97954545454545450        1.8159849993690626E-004   0.0000000000000000     
  0.98181818181818181        1.9923655001562583E-004   0.0000000000000000     
  0.98409090909090913        1.8584907983384158E-004   0.0000000000000000     
  0.98636363636363633        1.4352081344108056E-004   0.0000000000000000     
  0.99090909090909096        2.7748467900040469E-006   0.0000000000000000     
  0.99545454545454548       -1.3957468385379426E-004   0.0000000000000000     
  0.99772727272727280       -1.8368890877560064E-004   0.0000000000000000     
   1.0000000000000000       -1.9919872371138651E-004   0.0000000000000000     
