X My_beautiful_solution_real My_beautiful_solution_imag
   0.0000000000000000        0.0000000000000000        0.0000000000000000     
   9.0909090909090922E-003  -4.3655204709849805E-003   0.0000000000000000     
   1.3636363636363637E-002  -3.3947771229693585E-003   0.0000000000000000     
   1.8181818181818184E-002  -4.6221650369860056E-004   0.0000000000000000     
   2.2727272727272728E-002   2.7374557070459198E-003   0.0000000000000000     
   2.7272727272727271E-002   4.3551719628495090E-003   0.0000000000000000     
   3.1818181818181822E-002   3.4560656802323873E-003   0.0000000000000000     
   3.6363636363636369E-002   5.5972391013751378E-004   0.0000000000000000     
   4.0909090909090916E-002  -2.6600782799691934E-003   0.0000000000000000     
   4.5454545454545463E-002  -4.3426403734507643E-003   0.0000000000000000     
   5.0000000000000003E-002  -3.5156218438504557E-003   0.0000000000000000     
   5.4545454545454543E-002  -6.5695074837126427E-004   0.0000000000000000     
   5.9090909090909097E-002   2.5813674573109810E-003   0.0000000000000000     
   6.3636363636363644E-002   4.3279319843955869E-003   0.0000000000000000     
   6.8181818181818191E-002   3.5734157605947945E-003   0.0000000000000000     
   7.2727272727272738E-002   7.5384828230154325E-004   0.0000000000000000     
   7.7272727272727285E-002  -2.5013626937985993E-003   0.0000000000000000     
   8.1818181818181832E-002  -4.3110541684373040E-003   0.0000000000000000     
   8.6363636363636379E-002  -3.6294184605836543E-003   0.0000000000000000     
   9.0909090909090925E-002  -8.5036794089774479E-004   0.0000000000000000     
   9.5454545454545459E-002   2.4201040927624368E-003   0.0000000000000000     
  0.10000000000000001        4.2920153857800266E-003   0.0000000000000000     
  0.10454545454545455        3.6836018718037922E-003   0.0000000000000000     
  0.10909090909090909        9.4646134254372820E-004   0.0000000000000000     
  0.11363636363636365       -2.3376323860337515E-003   0.0000000000000000     
  0.11818181818181819       -4.2708251798379065E-003   0.0000000000000000     
  0.12272727272727274       -3.7359388341818810E-003   0.0000000000000000     
  0.12727272727272729       -1.0420803192895936E-003   0.0000000000000000     
  0.13181818181818183        2.2539889135272943E-003   0.0000000000000000     
  0.13636363636363638        4.2474941724513502E-003   0.0000000000000000     
  0.14090909090909093        3.7864031131988468E-003   0.0000000000000000     
  0.14545454545454548        1.1371769409966150E-003   0.0000000000000000     
  0.15000000000000002       -2.1692156025192298E-003   0.0000000000000000     
  0.15454545454545454       -4.2220340585627123E-003   0.0000000000000000     
  0.15909090909090912       -3.8349694130402146E-003   0.0000000000000000     
  0.16363636363636366       -1.2317035393626323E-003   0.0000000000000000     
  0.17272727272727273        4.4643514496706740E-003   0.0000000000000000     
  0.17727272727272730        4.2654313744889608E-003   0.0000000000000000     
  0.18181818181818185        1.6015492011455159E-003   0.0000000000000000     
  0.19090909090909092       -4.6860168374730131E-003   0.0000000000000000     
  0.19545454545454546       -4.6761615330456405E-003   0.0000000000000000     
  0.20000000000000001       -1.9639861273552791E-003   0.0000000000000000     
  0.20454545454545456        1.8831627288987327E-003   0.0000000000000000     
  0.20909090909090911        4.6420453949687973E-003   0.0000000000000000     
  0.21363636363636365        4.7183234304778599E-003   0.0000000000000000     
  0.21818181818181820        2.0679163075860859E-003   0.0000000000000000     
  0.22272727272727272       -1.7775247691647746E-003   0.0000000000000000     
  0.22727272727272727       -4.5957470725132166E-003   0.0000000000000000     
  0.23181818181818181       -4.7581202126946581E-003   0.0000000000000000     
  0.23636363636363639       -2.1708099204015047E-003   0.0000000000000000     
  0.24545454545454548        4.7636187470026991E-003   0.0000000000000000     
  0.25000000000000000        5.1033806939247400E-003   0.0000000000000000     
  0.25454545454545457        2.4939356606918203E-003   0.0000000000000000     
  0.25909090909090915       -1.5567368450135266E-003   0.0000000000000000     
  0.26363636363636367       -4.7077823299395095E-003   0.0000000000000000     
  0.26818181818181819       -5.1382342826142317E-003   0.0000000000000000     
  0.27272727272727276       -2.5993376170294989E-003   0.0000000000000000     
  0.27727272727272734        1.4416975531446898E-003   0.0000000000000000     
  0.28181818181818186        4.6495860815117399E-003   0.0000000000000000     
  0.28636363636363638        5.1705122708258595E-003   0.0000000000000000     
  0.29090909090909095        2.7034366247587031E-003   0.0000000000000000     
  0.29545454545454553       -1.3259355933898473E-003   0.0000000000000000     
  0.30000000000000004       -4.5890591732746398E-003   0.0000000000000000     
  0.30454545454545456       -5.2001984788377018E-003   0.0000000000000000     
  0.30909090909090908       -2.8061805030252514E-003   0.0000000000000000     
  0.31363636363636366        1.2095089927953093E-003   0.0000000000000000     
  0.31818181818181823        4.5262319450541577E-003   0.0000000000000000     
  0.32272727272727275        5.2272780260881977E-003   0.0000000000000000     
  0.32727272727272733        2.9075177502494061E-003   0.0000000000000000     
  0.33181818181818190       -1.0924761115666012E-003   0.0000000000000000     
  0.33636363636363642       -4.4611358897387156E-003   0.0000000000000000     
  0.34090909090909094       -5.2517373386352130E-003   0.0000000000000000     
  0.34545454545454551       -3.0073975699420742E-003   0.0000000000000000     
  0.35000000000000003        9.7489561381425022E-004   0.0000000000000000     
  0.35454545454545455        4.3938036374930375E-003   0.0000000000000000     
  0.35909090909090913        5.2735641559601247E-003   0.0000000000000000     
  0.36363636363636370        3.1057698961667150E-003   0.0000000000000000     
  0.36818181818181822       -8.5682643814833758E-004   0.0000000000000000     
  0.37272727272727274       -4.3242689394019955E-003   0.0000000000000000     
  0.37727272727272732       -5.2927475371135667E-003   0.0000000000000000     
  0.38181818181818189       -3.2025854186356817E-003   0.0000000000000000     
  0.38636363636363641        7.3832776813433489E-004   0.0000000000000000     
  0.39090909090909093        4.2525666505523084E-003   0.0000000000000000     
  0.39545454545454550        5.3092778661997008E-003   0.0000000000000000     
  0.40000000000000002        3.2977956074275979E-003   0.0000000000000000     
  0.40909090909090912       -4.2589822038843379E-003   0.0000000000000000     
  0.41363636363636369       -5.4372702362656339E-003   0.0000000000000000     
  0.41818181818181821       -3.4733989245727581E-003   0.0000000000000000     
  0.42727272727272725        4.2456957880625101E-003   0.0000000000000000     
  0.43181818181818177        5.5401098995702782E-003   0.0000000000000000     
  0.43636363636363634        3.6329343655929045E-003   0.0000000000000000     
  0.44545454545454544       -4.2127688657890598E-003   0.0000000000000000     
  0.45000000000000001       -5.6173211218237713E-003   0.0000000000000000     
  0.45454545454545459       -3.7756639226288850E-003   0.0000000000000000     
  0.46363636363636362        4.1603537563683910E-003   0.0000000000000000     
  0.46818181818181820        5.6685467254080227E-003   0.0000000000000000     
  0.47272727272727277        3.9009273315154876E-003   0.0000000000000000     
  0.48181818181818181       -4.0886929310811025E-003   0.0000000000000000     
  0.48636363636363639       -5.6935497416733816E-003   0.0000000000000000     
  0.49090909090909096       -4.0081451261502390E-003   0.0000000000000000     
  0.50000000000000000        3.9981178915164889E-003   0.0000000000000000     
  0.50454545454545452        5.6922145071510583E-003   0.0000000000000000     
  0.50909090909090904        4.0968213190926608E-003   0.0000000000000000     
  0.51818181818181819       -3.8890476360525909E-003   0.0000000000000000     
  0.52272727272727271       -5.6645471986100735E-003   0.0000000000000000     
  0.52727272727272723       -4.1665456959922385E-003   0.0000000000000000     
  0.53636363636363638        3.7619867215778710E-003   0.0000000000000000     
  0.54090909090909089        5.6106758044836696E-003   0.0000000000000000     
  0.54545454545454541        4.2169957132324708E-003   0.0000000000000000     
  0.55454545454545456       -3.6175229294207775E-003   0.0000000000000000     
  0.55909090909090908       -5.5308495327972707E-003   0.0000000000000000     
  0.56363636363636360       -4.2479379900111150E-003   0.0000000000000000     
  0.57272727272727275        3.4563245462847225E-003   0.0000000000000000     
  0.57727272727272738        5.4254376583370099E-003   0.0000000000000000     
  0.58181818181818190        4.2592293879552684E-003   0.0000000000000000     
  0.59090909090909094       -3.2791372727667819E-003   0.0000000000000000     
  0.59545454545454546       -5.2949278143916735E-003   0.0000000000000000     
  0.59999999999999998       -4.2508176732769815E-003   0.0000000000000000     
  0.60909090909090913        2.9419247269998382E-003   0.0000000000000000     
  0.61363636363636365        4.8872449904436618E-003   0.0000000000000000     
  0.61818181818181817        3.9149057013588692E-003   0.0000000000000000     
  0.62727272727272732       -3.0767997611881180E-003   0.0000000000000000     
  0.63181818181818183       -5.0557096587001277E-003   0.0000000000000000     
  0.63636363636363635       -4.2063171644306160E-003   0.0000000000000000     
  0.64545454545454550        2.5520078663869503E-003   0.0000000000000000     
  0.65000000000000002        4.5553529991242932E-003   0.0000000000000000     
  0.65454545454545454        3.8328365728908628E-003   0.0000000000000000     
  0.66363636363636369       -2.6608441455529320E-003   0.0000000000000000     
  0.66818181818181821       -4.6793570777480566E-003   0.0000000000000000     
  0.67272727272727273       -4.0870590665391011E-003   0.0000000000000000     
  0.68181818181818188        2.1119376983479076E-003   0.0000000000000000     
  0.68636363636363640        4.1362808282868584E-003   0.0000000000000000     
  0.69090909090909092        3.6769411912259604E-003   0.0000000000000000     
  0.69999999999999996       -2.1986951811806123E-003   0.0000000000000000     
  0.70454545454545459       -4.2195039367676820E-003   0.0000000000000000     
  0.70909090909090911       -3.8952475701157668E-003   0.0000000000000000     
  0.71818181818181825        1.6298478297970796E-003   0.0000000000000000     
  0.72272727272727277        3.6377739888836754E-003   0.0000000000000000     
  0.72727272727272729        3.4501008963101682E-003   0.0000000000000000     
  0.73636363636363633       -1.6988945468422371E-003   0.0000000000000000     
  0.74090909090909096       -3.6846494819217871E-003   0.0000000000000000     
  0.74545454545454548       -3.6344278355165791E-003   0.0000000000000000     
  0.75454545454545452        1.1146484977215053E-003   0.0000000000000000     
  0.75909090909090904        3.0690461449399044E-003   0.0000000000000000     
  0.76363636363636367        3.1565082690662135E-003   0.0000000000000000     
  0.77272727272727271       -1.1706798191573229E-003   0.0000000000000000     
  0.77727272727272734       -3.0846791728666957E-003   0.0000000000000000     
  0.78181818181818186       -3.3094204694329118E-003   0.0000000000000000     
  0.79090909090909089        5.7586188552286423E-004   0.0000000000000000     
  0.79545454545454541        2.4406088217982305E-003   0.0000000000000000     
  0.80000000000000004        2.8015896419210469E-003   0.0000000000000000     
  0.80454545454545456        1.4968740475590509E-003   0.0000000000000000     
  0.80909090909090908       -6.7287428769354570E-004   0.0000000000000000     
  0.81363636363636371       -2.4537734139512450E-003   0.0000000000000000     
  0.81818181818181823       -2.8166545411287135E-003   0.0000000000000000     
  0.82272727272727275       -1.5518112770471263E-003   0.0000000000000000     
  0.82727272727272727        6.0981255752936268E-004   0.0000000000000000     
  0.83181818181818179        2.4190301031937330E-003   0.0000000000000000     
  0.83636363636363642        2.8303075590590580E-003   0.0000000000000000     
  0.84090909090909094        1.6059706428476258E-003   0.0000000000000000     
  0.84545454545454546       -5.4644515163530458E-004   0.0000000000000000     
  0.85000000000000009       -2.3830742250936761E-003   0.0000000000000000     
  0.85454545454545461       -2.8425418519759721E-003   0.0000000000000000     
  0.85909090909090913       -1.6593249969402888E-003   0.0000000000000000     
  0.86363636363636376        4.8280383367028284E-004   0.0000000000000000     
  0.86818181818181828        2.3459238029585557E-003   0.0000000000000000     
  0.87272727272727280        2.8533512872959965E-003   0.0000000000000000     
  0.87727272727272732        1.7118475948264410E-003   0.0000000000000000     
  0.88181818181818183       -4.1892050459468280E-004   0.0000000000000000     
  0.88636363636363635       -2.3075974588752063E-003   0.0000000000000000     
  0.89090909090909087       -2.8627304466622783E-003   0.0000000000000000     
  0.89545454545454550       -1.7635121089350243E-003   0.0000000000000000     
  0.90000000000000002        3.5482718668005824E-004   0.0000000000000000     
  0.90454545454545454        2.2681144043752437E-003   0.0000000000000000     
  0.90909090909090917        2.8706746286606684E-003   0.0000000000000000     
  0.91363636363636369        1.8142926418195841E-003   0.0000000000000000     
  0.91818181818181821       -2.9055600745719190E-004   0.0000000000000000     
  0.92272727272727273       -2.2274944308049481E-003   0.0000000000000000     
  0.92727272727272725       -2.8771798511763543E-003   0.0000000000000000     
  0.93181818181818188       -1.8641637391396560E-003   0.0000000000000000     
  0.93636363636363640        2.2613918361197028E-004   0.0000000000000000     
  0.94090909090909092        2.1857578994046983E-003   0.0000000000000000     
  0.94545454545454544        2.8822428533898966E-003   0.0000000000000000     
  0.94999999999999996        1.9131004024201346E-003   0.0000000000000000     
  0.95454545454545459       -1.6160900483637525E-004   0.0000000000000000     
  0.95909090909090911       -2.1429257311026376E-003   0.0000000000000000     
  0.96363636363636362       -2.8858610974117722E-003   0.0000000000000000     
  0.96818181818181825       -1.9610781015817948E-003   0.0000000000000000     
  0.97272727272727277        9.6997817642865272E-005   0.0000000000000000     
  0.97727272727272729        2.0990193960278092E-003   0.0000000000000000     
  0.98181818181818181        2.8880327695545291E-003   0.0000000000000000     
  0.98636363636363633        2.0080727872377772E-003   0.0000000000000000     
  0.99090909090909096       -3.2338009150344112E-005   0.0000000000000000     
  0.99545454545454548       -2.0540609027480247E-003   0.0000000000000000     
   1.0000000000000000       -2.8887567812419181E-003   0.0000000000000000     
