X My_beautiful_solution_real My_beautiful_solution_imag
   0.0000000000000000        0.0000000000000000        0.0000000000000000     
   1.1363636363636365E-003   4.8285542224751924E-005   0.0000000000000000     
   1.7045454545454547E-003   7.1826232299809054E-005   0.0000000000000000     
   2.2727272727272731E-003   9.4650431094747881E-005   0.0000000000000000     
   2.8409090909090910E-003   1.1653045940534677E-004   0.0000000000000000     
   3.4090909090909094E-003   1.3724805645150734E-004   0.0000000000000000     
   3.9772727272727277E-003   1.5659655710332799E-004   0.0000000000000000     
   4.5454545454545461E-003   1.7438295343659345E-004   0.0000000000000000     
   5.6818181818181820E-003   2.0458651153144606E-004   0.0000000000000000     
   6.8181818181818187E-003   2.2666730109070242E-004   0.0000000000000000     
   7.9545454545454555E-003   2.3974864094251759E-004   0.0000000000000000     
   9.0909090909090922E-003   2.4331115815777536E-004   0.0000000000000000     
   9.6590909090909088E-003   2.4146063282963481E-004   0.0000000000000000     
   1.0227272727272727E-002   2.3720145494692140E-004   0.0000000000000000     
   1.0795454545454546E-002   2.3057611126852152E-004   0.0000000000000000     
   1.1363636363636364E-002   2.2165069186795509E-004   0.0000000000000000     
   1.3636363636363637E-002   1.6524525706620644E-004   0.0000000000000000     
   1.4204545454545456E-002   1.4667128849187407E-004   0.0000000000000000     
   1.4772727272727274E-002   1.2663422355450979E-004   0.0000000000000000     
   1.5340909090909093E-002   1.0533393884302961E-004   0.0000000000000000     
   1.5909090909090911E-002   8.2982911996468158E-005   0.0000000000000000     
   1.6477272727272729E-002   5.9804102166718701E-005   0.0000000000000000     
   1.7045454545454548E-002   3.6028725924590805E-005   0.0000000000000000     
   1.8181818181818184E-002  -1.2358881737415646E-005   0.0000000000000000     
   1.9318181818181818E-002  -6.0255800472960633E-005   0.0000000000000000     
   1.9886363636363636E-002  -8.3422098498425875E-005   0.0000000000000000     
   2.0454545454545454E-002  -1.0575623250484854E-004   0.0000000000000000     
   2.1022727272727273E-002  -1.2703541185220464E-004   0.0000000000000000     
   2.1590909090909091E-002  -1.4704736943469885E-004   0.0000000000000000     
   2.2159090909090910E-002  -1.6559247911788352E-004   0.0000000000000000     
   2.2727272727272728E-002  -1.8248574707775610E-004   0.0000000000000000     
   2.3295454545454546E-002  -1.9755865717754594E-004   0.0000000000000000     
   2.3863636363636365E-002  -2.1066085197392478E-004   0.0000000000000000     
   2.4431818181818183E-002  -2.2166163258402708E-004   0.0000000000000000     
   2.5000000000000001E-002  -2.3045126245159413E-004   0.0000000000000000     
   2.5568181818181820E-002  -2.3694206200672581E-004   0.0000000000000000     
   2.6136363636363638E-002  -2.4106928329963655E-004   0.0000000000000000     
   2.6704545454545453E-002  -2.4279175588364115E-004   0.0000000000000000     
   2.7272727272727271E-002  -2.4209229750446896E-004   0.0000000000000000     
   2.7840909090909090E-002  -2.3897788549913788E-004   0.0000000000000000     
   2.8409090909090912E-002  -2.3347958719462672E-004   0.0000000000000000     
   2.8977272727272730E-002  -2.2565225000064271E-004   0.0000000000000000     
   2.9545454545454548E-002  -2.1557395428791482E-004   0.0000000000000000     
   3.1818181818181822E-002  -1.5526064558763660E-004   0.0000000000000000     
   3.2386363636363644E-002  -1.3593434435277800E-004   0.0000000000000000     
   3.2954545454545459E-002  -1.1525205145193854E-004   0.0000000000000000     
   3.3522727272727273E-002  -9.3420079844072174E-005   0.0000000000000000     
   3.4090909090909095E-002  -7.0656210927199557E-005   0.0000000000000000     
   3.5227272727272732E-002  -2.3250457662230653E-005   0.0000000000000000     
   3.6363636363636369E-002   2.5078416509015377E-005   0.0000000000000000     
   3.6931818181818191E-002   4.8988129167286573E-005   0.0000000000000000     
   3.7500000000000006E-002   7.2409168450192886E-005   0.0000000000000000     
   3.8068181818181820E-002   9.5107901465124196E-005   0.0000000000000000     
   3.8636363636363642E-002   1.1685790057200850E-004   0.0000000000000000     
   3.9204545454545464E-002   1.3744220207661170E-004   0.0000000000000000     
   3.9772727272727279E-002   1.5665547051773579E-004   0.0000000000000000     
   4.0340909090909094E-002   1.7430604695880796E-004   0.0000000000000000     
   4.0909090909090916E-002   1.9021786085144846E-004   0.0000000000000000     
   4.1477272727272738E-002   2.0423218639952517E-004   0.0000000000000000     
   4.2045454545454553E-002   2.1620922590336156E-004   0.0000000000000000     
   4.2613636363636367E-002   2.2602950428969617E-004   0.0000000000000000     
   4.3181818181818189E-002   2.3359506091647869E-004   0.0000000000000000     
   4.3750000000000011E-002   2.3883042676384308E-004   0.0000000000000000     
   4.4318181818181826E-002   2.4168337726344208E-004   0.0000000000000000     
   4.4886363636363641E-002   2.4212545325641254E-004   0.0000000000000000     
   4.5454545454545463E-002   2.4015224488323680E-004   0.0000000000000000     
   4.6590909090909099E-002   2.2907427858249768E-004   0.0000000000000000     
   4.7727272727272729E-002   2.0890129752024881E-004   0.0000000000000000     
   4.8863636363636366E-002   1.8043423649231305E-004   0.0000000000000000     
   5.0000000000000003E-002   1.4480333300011581E-004   0.0000000000000000     
   5.0568181818181818E-002   1.2473232933563934E-004   0.0000000000000000     
   5.1136363636363640E-002   1.0341707794360825E-004   0.0000000000000000     
   5.1704545454545461E-002   8.1070205760824565E-005   0.0000000000000000     
   5.2272727272727276E-002   5.7914630494986937E-005   0.0000000000000000     
   5.3409090909090906E-002   1.0108765053153596E-005   0.0000000000000000     
   5.4545454545454543E-002  -3.8098452159590274E-005   0.0000000000000000     
   5.5113636363636365E-002  -6.1752213970299542E-005   0.0000000000000000     
   5.5681818181818180E-002  -8.4789976285823578E-005   0.0000000000000000     
   5.6250000000000001E-002  -1.0698192953264099E-004   0.0000000000000000     
   5.6818181818181823E-002  -1.2810670137252590E-004   0.0000000000000000     
   5.7386363636363638E-002  -1.4795356496748131E-004   0.0000000000000000     
   5.7954545454545460E-002  -1.6632454105215894E-004   0.0000000000000000     
   5.8522727272727282E-002  -1.8303637284487200E-004   0.0000000000000000     
   5.9090909090909097E-002  -1.9792235409679039E-004   0.0000000000000000     
   5.9659090909090912E-002  -2.1083399204389921E-004   0.0000000000000000     
   6.0227272727272733E-002  -2.2164248867320317E-004   0.0000000000000000     
   6.0795454545454555E-002  -2.3024002552704236E-004   0.0000000000000000     
   6.1363636363636370E-002  -2.3654083922915382E-004   0.0000000000000000     
   6.1931818181818185E-002  -2.4048207700373889E-004   0.0000000000000000     
   6.2500000000000000E-002  -2.4202442365343934E-004   0.0000000000000000     
   6.3068181818181829E-002  -2.4115249374190344E-004   0.0000000000000000     
   6.3636363636363644E-002  -2.3787498506878588E-004   0.0000000000000000     
   6.4772727272727287E-002  -2.2426917556028921E-004   0.0000000000000000     
   6.5909090909090917E-002  -2.0175912994595721E-004   0.0000000000000000     
   6.7045454545454547E-002  -1.7123857229822372E-004   0.0000000000000000     
   6.8181818181818191E-002  -1.3391927080011316E-004   0.0000000000000000     
   6.8750000000000006E-002  -1.1316271592069349E-004   0.0000000000000000     
   6.9318181818181834E-002  -9.1277324172129963E-005   0.0000000000000000     
   6.9886363636363649E-002  -6.8481409836653639E-005   0.0000000000000000     
   7.0454545454545464E-002  -4.5002369971310099E-005   0.0000000000000000     
   7.2727272727272738E-002   5.1008574916683606E-005   0.0000000000000000     
   7.3295454545454553E-002   7.4337829900787594E-005   0.0000000000000000     
   7.3863636363636381E-002   9.6925539558046785E-005   0.0000000000000000     
   7.4431818181818196E-002   1.1854638374442531E-004   0.0000000000000000     
   7.5000000000000011E-002   1.3898468713027988E-004   0.0000000000000000     
   7.5568181818181826E-002   1.5803657063567694E-004   0.0000000000000000     
   7.6136363636363641E-002   1.7551198519407955E-004   0.0000000000000000     
   7.6704545454545470E-002   1.9123660755691112E-004   0.0000000000000000     
   7.7272727272727285E-002   2.0505357922769425E-004   0.0000000000000000     
   7.7840909090909099E-002   2.1682507117930694E-004   0.0000000000000000     
   7.8409090909090928E-002   2.2643365874575676E-004   0.0000000000000000     
   7.8977272727272743E-002   2.3378349297346212E-004   0.0000000000000000     
   7.9545454545454558E-002   2.3880125674741033E-004   0.0000000000000000     
   8.0113636363636373E-002   2.4143689615450294E-004   0.0000000000000000     
   8.0681818181818188E-002   2.4166411978849113E-004   0.0000000000000000     
   8.1250000000000017E-002   2.3948066101576226E-004   0.0000000000000000     
   8.1818181818181832E-002   2.3490830058578736E-004   0.0000000000000000     
   8.2954545454545475E-002   2.1881398051932068E-004   0.0000000000000000     
   8.4090909090909105E-002   1.9403201382939768E-004   0.0000000000000000     
   8.5227272727272735E-002   1.6154632745124129E-004   0.0000000000000000     
   8.5795454545454564E-002   1.4280525033786909E-004   0.0000000000000000     
   8.6363636363636379E-002   1.2263964191683936E-004   0.0000000000000000     
   8.6931818181818193E-002   1.0125066104236579E-004   0.0000000000000000     
   8.7500000000000022E-002   7.8851670128102092E-005   0.0000000000000000     
   8.8636363636363652E-002   3.1928010800557927E-005   0.0000000000000000     
   8.9772727272727282E-002  -1.6263297305948310E-005   0.0000000000000000     
   9.0909090909090925E-002  -6.3808898133647067E-005   0.0000000000000000     
   9.1477272727272740E-002  -8.6745496025984051E-005   0.0000000000000000     
   9.2045454545454569E-002  -1.0881677787010227E-004   0.0000000000000000     
   9.2613636363636384E-002  -1.2980257506636789E-004   0.0000000000000000     
   9.3181818181818199E-002  -1.4949354709647769E-004   0.0000000000000000     
   9.3750000000000014E-002  -1.6769326976686204E-004   0.0000000000000000     
   9.4318181818181829E-002  -1.8422019460732599E-004   0.0000000000000000     
   9.4886363636363644E-002  -1.9890945987925099E-004   0.0000000000000000     
   9.5454545454545459E-002  -2.1161453512793163E-004   0.0000000000000000     
   9.6022727272727273E-002  -2.2220868287407291E-004   0.0000000000000000     
   9.6590909090909088E-002  -2.3058622286357614E-004   0.0000000000000000     
   9.7159090909090917E-002  -2.3666358626428738E-004   0.0000000000000000     
   9.7727272727272732E-002  -2.4038014929373449E-004   0.0000000000000000     
   9.8295454545454547E-002  -2.4169883796213218E-004   0.0000000000000000     
   9.8863636363636376E-002  -2.4060649789813381E-004   0.0000000000000000     
   9.9431818181818191E-002  -2.3711402556819355E-004   0.0000000000000000     
  0.10000000000000001       -2.3125625958057933E-004   0.0000000000000000     
  0.10113636363636364       -2.1271263580220382E-004   0.0000000000000000     
  0.10227272727272728       -1.8572360918527232E-004   0.0000000000000000     
  0.10340909090909092       -1.5136073432333745E-004   0.0000000000000000     
  0.10397727272727274       -1.3182878874115115E-004   0.0000000000000000     
  0.10454545454545455       -1.1098180581707388E-004   0.0000000000000000     
  0.10511363636363637       -8.9027741349476382E-005   0.0000000000000000     
  0.10568181818181818       -6.6185594654493335E-005   0.0000000000000000     
  0.10681818181818181       -1.8757186615711735E-005   0.0000000000000000     
  0.10795454545454544        2.9415944445706590E-005   0.0000000000000000     
  0.10852272727272727        5.3182494660057165E-005   0.0000000000000000     
  0.10909090909090909        7.6418531265955313E-005   0.0000000000000000     
  0.10965909090909090        9.8892266835889933E-005   0.0000000000000000     
  0.11022727272727273        1.2037951815640367E-004   0.0000000000000000     
  0.11079545454545454        1.4066594253246733E-004   0.0000000000000000     
  0.11136363636363636        1.5954917592931543E-004   0.0000000000000000     
  0.11193181818181819        1.7684085162303606E-004   0.0000000000000000     
  0.11250000000000000        1.9236847922318902E-004   0.0000000000000000     
  0.11306818181818182        2.0597716532356076E-004   0.0000000000000000     
  0.11363636363636365        2.1753115861696779E-004   0.0000000000000000     
  0.11420454545454546        2.2691520406106349E-004   0.0000000000000000     
  0.11477272727272728        2.3403569258688208E-004   0.0000000000000000     
  0.11534090909090911        2.3882159488137770E-004   0.0000000000000000     
  0.11590909090909092        2.4122516992916194E-004   0.0000000000000000     
  0.11647727272727273        2.4122244124549243E-004   0.0000000000000000     
  0.11704545454545456        2.3881343604992370E-004   0.0000000000000000     
  0.11761363636363638        2.3402218499478329E-004   0.0000000000000000     
  0.11818181818181819        2.2689648245117976E-004   0.0000000000000000     
  0.11931818181818182        2.0595939418756797E-004   0.0000000000000000     
  0.12045454545454547        1.7684502935672673E-004   0.0000000000000000     
  0.12159090909090911        1.4070932558529439E-004   0.0000000000000000     
  0.12215909090909093        1.2044592158256314E-004   0.0000000000000000     
  0.12272727272727274        9.8981028238451785E-005   0.0000000000000000     
  0.12329545454545456        7.6528765219512264E-005   0.0000000000000000     
  0.12386363636363637        5.3313101543148275E-005   0.0000000000000000     
  0.12500000000000000        5.5246777712910741E-006   0.0000000000000000     
  0.12613636363636366       -4.2483094179653157E-005   0.0000000000000000     
  0.12670454545454546       -6.5971028515779157E-005   0.0000000000000000     
  0.12727272727272729       -8.8800879235955340E-005   0.0000000000000000     
  0.12784090909090912       -1.1074491075606790E-004   0.0000000000000000     
  0.12840909090909092       -1.3158422384207033E-004   0.0000000000000000     
  0.12897727272727275       -1.5111093920485688E-004   0.0000000000000000     
  0.12954545454545457       -1.6913027116739987E-004   0.0000000000000000     
  0.13011363636363638       -1.8546247071862937E-004   0.0000000000000000     
  0.13068181818181820       -1.9994461857141568E-004   0.0000000000000000     
  0.13125000000000003       -2.1243225033828187E-004   0.0000000000000000     
  0.13181818181818183       -2.2280079761317583E-004   0.0000000000000000     
  0.13238636363636364       -2.3094683058400744E-004   0.0000000000000000     
  0.13295454545454546       -2.3678908978046537E-004   0.0000000000000000     
  0.13352272727272729       -2.4026929666507867E-004   0.0000000000000000     
  0.13409090909090909       -2.4135273498159947E-004   0.0000000000000000     
  0.13465909090909092       -2.4002859706155532E-004   0.0000000000000000     
  0.13522727272727275       -2.3631009163444520E-004   0.0000000000000000     
  0.13579545454545455       -2.3023431206613715E-004   0.0000000000000000     
  0.13636363636363638       -2.2186186633983151E-004   0.0000000000000000     
  0.13863636363636367       -1.6759395454671032E-004   0.0000000000000000     
  0.13920454545454547       -1.4950912064682782E-004   0.0000000000000000     
  0.13977272727272730       -1.2993288203571769E-004   0.0000000000000000     
  0.14034090909090913       -1.0906051840177961E-004   0.0000000000000000     
  0.14090909090909093       -8.7100238724663697E-005   0.0000000000000000     
  0.14318181818181819        7.0807091938524002E-006   0.0000000000000000     
  0.14545454545454548        1.0015903469426724E-004   0.0000000000000000     
  0.14602272727272730        1.2151111945732941E-004   0.0000000000000000     
  0.14659090909090911        1.4165108916519483E-004   0.0000000000000000     
  0.14715909090909093        1.6037804071860080E-004   0.0000000000000000     
  0.14772727272727276        1.7750516635857595E-004   0.0000000000000000     
  0.14829545454545456        1.9286161713785315E-004   0.0000000000000000     
  0.14886363636363639        2.0629420719766589E-004   0.0000000000000000     
  0.14943181818181822        2.1766894184917761E-004   0.0000000000000000     
  0.15000000000000002        2.2687235421642191E-004   0.0000000000000000     
  0.15056818181818182        2.3381263710727296E-004   0.0000000000000000     
  0.15113636363636365        2.3842055882164549E-004   0.0000000000000000     
  0.15170454545454548        2.4065015376142684E-004   0.0000000000000000     
  0.15227272727272728        2.4047918095307019E-004   0.0000000000000000     
  0.15284090909090908        2.3790934590892682E-004   0.0000000000000000     
  0.15340909090909091        2.3296628361417561E-004   0.0000000000000000     
  0.15397727272727274        2.2569930280906176E-004   0.0000000000000000     
  0.15454545454545454        2.1618089411731673E-004   0.0000000000000000     
  0.15681818181818183        1.5799357059645812E-004   0.0000000000000000     
  0.15738636363636366        1.3914386564197286E-004   0.0000000000000000     
  0.15795454545454546        1.1890615294683078E-004   0.0000000000000000     
  0.15852272727272729        9.7482310630086418E-005   0.0000000000000000     
  0.15909090909090912        7.5086048860227719E-005   0.0000000000000000     
  0.16022727272727275        2.8279951548371803E-005   0.0000000000000000     
  0.16136363636363638       -1.9648954392976770E-005   0.0000000000000000     
  0.16250000000000003       -6.6797731149338126E-005   0.0000000000000000     
  0.16363636363636366       -1.1129441464320743E-004   0.0000000000000000     
  0.16420454545454549       -1.3198842392103576E-004   0.0000000000000000     
  0.16477272727272729       -1.5136580344134997E-004   0.0000000000000000     
  0.16534090909090912       -1.6923325720332751E-004   0.0000000000000000     
  0.16590909090909095       -1.8541255123299331E-004   0.0000000000000000     
  0.16647727272727275       -1.9974229152818968E-004   0.0000000000000000     
  0.16704545454545458       -2.1207953401905502E-004   0.0000000000000000     
  0.16761363636363641       -2.2230121048409925E-004   0.0000000000000000     
  0.16818181818181821       -2.3030535619788828E-004   0.0000000000000000     
  0.16875000000000001       -2.3601212706412107E-004   0.0000000000000000     
  0.16931818181818184       -2.3936459608784938E-004   0.0000000000000000     
  0.16988636363636367       -2.4032932124175974E-004   0.0000000000000000     
  0.17045454545454547       -2.3889667906185660E-004   0.0000000000000000     
  0.17102272727272727       -2.3508096064481267E-004   0.0000000000000000     
  0.17159090909090910       -2.2892022908938225E-004   0.0000000000000000     
  0.17215909090909093       -2.2047593980394864E-004   0.0000000000000000     
  0.17272727272727273       -2.0983232746776671E-004   0.0000000000000000     
  0.17386363636363639       -1.8240246581887221E-004   0.0000000000000000     
  0.17500000000000002       -1.4773061642074696E-004   0.0000000000000000     
  0.17556818181818185       -1.2809773054377982E-004   0.0000000000000000     
  0.17613636363636365       -1.0718702590897527E-004   0.0000000000000000     
  0.17670454545454548       -8.5207093960602170E-005   0.0000000000000000     
  0.17727272727272730       -6.2377192051781151E-005   0.0000000000000000     
  0.17840909090909093       -1.5086556783027845E-005   0.0000000000000000     
  0.17954545454545456        3.2803065231383105E-005   0.0000000000000000     
  0.18068181818181822        7.9390295880215630E-005   0.0000000000000000     
  0.18181818181818185        1.2282546634394351E-004   0.0000000000000000     
  0.18238636363636368        1.4281353257949764E-004   0.0000000000000000     
  0.18295454545454548        1.6137698488919447E-004   0.0000000000000000     
  0.18352272727272731        1.7833064647504833E-004   0.0000000000000000     
  0.18409090909090914        1.9350539875317323E-004   0.0000000000000000     
  0.18465909090909094        2.0674986836961270E-004   0.0000000000000000     
  0.18522727272727277        2.1793193720141880E-004   0.0000000000000000     
  0.18579545454545460        2.2694006028019774E-004   0.0000000000000000     
  0.18636363636363640        2.3368437849139578E-004   0.0000000000000000     
  0.18693181818181820        2.3809761494975935E-004   0.0000000000000000     
  0.18750000000000003        2.4013574610931820E-004   0.0000000000000000     
  0.18806818181818186        2.3977844091334255E-004   0.0000000000000000     
  0.18863636363636366        2.3702926360360128E-004   0.0000000000000000     
  0.18977272727272729        2.2450005616881730E-004   0.0000000000000000     
  0.19090909090909092        2.0305744589609821E-004   0.0000000000000000     
  0.19204545454545455        1.7355277610588338E-004   0.0000000000000000     
  0.19318181818181818        1.3715748083666890E-004   0.0000000000000000     
  0.19375000000000001        1.1681678000924409E-004   0.0000000000000000     
  0.19431818181818183        9.5310791771242612E-005   0.0000000000000000     
  0.19488636363636364        7.2854045724866307E-005   0.0000000000000000     
  0.19545454545454546        4.9670555607251515E-005   0.0000000000000000     
  0.19772727272727275       -4.5641292137546879E-005   0.0000000000000000     
  0.19886363636363638       -9.1525097919893631E-005   0.0000000000000000     
  0.20000000000000001       -1.3377505130387834E-004   0.0000000000000000     
  0.20056818181818181       -1.5300371446977406E-004   0.0000000000000000     
  0.20113636363636364       -1.7070611315355623E-004   0.0000000000000000     
  0.20170454545454547       -1.8670565986221485E-004   0.0000000000000000     
  0.20227272727272727       -2.0084275363471387E-004   0.0000000000000000     
  0.20284090909090910       -2.1297637211627031E-004   0.0000000000000000     
  0.20340909090909093       -2.2298547830466352E-004   0.0000000000000000     
  0.20397727272727273       -2.3077022793581111E-004   0.0000000000000000     
  0.20454545454545456       -2.3625296546451779E-004   0.0000000000000000     
  0.20511363636363639       -2.3937899870514685E-004   0.0000000000000000     
  0.20568181818181819       -2.4011714440491503E-004   0.0000000000000000     
  0.20625000000000002       -2.3846003930752448E-004   0.0000000000000000     
  0.20681818181818185       -2.3442421360416724E-004   0.0000000000000000     
  0.20795454545454548       -2.1941205233907678E-004   0.0000000000000000     
  0.20909090909090911       -1.9568849899965354E-004   0.0000000000000000     
  0.21022727272727273       -1.6419545797233791E-004   0.0000000000000000     
  0.21079545454545456       -1.4591354005166686E-004   0.0000000000000000     
  0.21136363636363636       -1.2617608456831598E-004   0.0000000000000000     
  0.21193181818181819       -1.0517997940422750E-004   0.0000000000000000     
  0.21250000000000002       -8.3134667903217563E-005   0.0000000000000000     
  0.21306818181818182       -6.0260059601848206E-005   0.0000000000000000     
  0.21363636363636365       -3.6784336556439448E-005   0.0000000000000000     
  0.21477272727272728        1.1029439221906435E-005   0.0000000000000000     
  0.21590909090909094        5.8405309386602106E-005   0.0000000000000000     
  0.21647727272727274        8.1337472641180870E-005   0.0000000000000000     
  0.21704545454545457        1.0345826673398971E-004   0.0000000000000000     
  0.21761363636363640        1.2454702916374759E-004   0.0000000000000000     
  0.21818181818181820        1.4439339229866215E-004   0.0000000000000000     
  0.21875000000000000        1.6279938186564616E-004   0.0000000000000000     
  0.21931818181818183        1.7958139181152970E-004   0.0000000000000000     
  0.21988636363636366        1.9457201583635589E-004   0.0000000000000000     
  0.22045454545454546        2.0762171732859080E-004   0.0000000000000000     
  0.22102272727272726        2.1860032104406671E-004   0.0000000000000000     
  0.22159090909090909        2.2739831164864842E-004   0.0000000000000000     
  0.22215909090909092        2.3392792617121872E-004   0.0000000000000000     
  0.22272727272727272        2.3812402946939062E-004   0.0000000000000000     
  0.22329545454545452        2.3994476397487294E-004   0.0000000000000000     
  0.22386363636363635        2.3937196723705642E-004   0.0000000000000000     
  0.22443181818181818        2.3641135309968278E-004   0.0000000000000000     
  0.22499999999999998        2.3109245470329581E-004   0.0000000000000000     
  0.22613636363636364        2.1362609509708796E-004   0.0000000000000000     
  0.22727272727272727        1.8767806526419887E-004   0.0000000000000000     
  0.22840909090909089        1.5427858874531808E-004   0.0000000000000000     
  0.22897727272727272        1.3518708499521409E-004   0.0000000000000000     
  0.22954545454545455        1.1474704374728646E-004   0.0000000000000000     
  0.23011363636363635        9.3162361417239493E-005   0.0000000000000000     
  0.23068181818181818        7.0648352607806335E-005   0.0000000000000000     
  0.23181818181818181        2.3740073488466641E-005   0.0000000000000000     
  0.23295454545454547       -2.4110765922466178E-005   0.0000000000000000     
  0.23409090909090910       -7.1004327312779012E-005   0.0000000000000000     
  0.23465909090909093       -9.3505614099603505E-005   0.0000000000000000     
  0.23522727272727273       -1.1507415034391167E-004   0.0000000000000000     
  0.23579545454545456       -1.3549478250570851E-004   0.0000000000000000     
  0.23636363636363639       -1.5456380778157482E-004   0.0000000000000000     
  0.23693181818181819       -1.7209100610993830E-004   0.0000000000000000     
  0.23750000000000002       -1.8790153768137344E-004   0.0000000000000000     
  0.23806818181818185       -2.0183768702560821E-004   0.0000000000000000     
  0.23863636363636365       -2.1376043627738790E-004   0.0000000000000000     
  0.23920454545454548       -2.2355085192732007E-004   0.0000000000000000     
  0.23977272727272730       -2.3111127122438252E-004   0.0000000000000000     
  0.24034090909090911       -2.3636627639533347E-004   0.0000000000000000     
  0.24090909090909093       -2.3926344696284364E-004   0.0000000000000000     
  0.24147727272727276       -2.3977388265771890E-004   0.0000000000000000     
  0.24204545454545456       -2.3789249170899038E-004   0.0000000000000000     
  0.24261363636363639       -2.3363804163607381E-004   0.0000000000000000     
  0.24318181818181822       -2.2705297203633279E-004   0.0000000000000000     
  0.24431818181818185       -2.0718712355677053E-004   0.0000000000000000     
  0.24545454545454548       -1.7909525354915207E-004   0.0000000000000000     
  0.24659090909090911       -1.4389270317695802E-004   0.0000000000000000     
  0.24715909090909094       -1.2405057008157351E-004   0.0000000000000000     
  0.24772727272727274       -1.0297099004081569E-004   0.0000000000000000     
  0.24829545454545454       -8.0864239088998034E-005   0.0000000000000000     
  0.24886363636363637       -5.7950839642255774E-005   0.0000000000000000     
  0.25000000000000000       -1.0625843823025306E-005   0.0000000000000000     
  0.25113636363636366        3.7121033523115110E-005   0.0000000000000000     
  0.25170454545454546        6.0558102517293562E-005   0.0000000000000000     
  0.25227272727272732        8.3391083687223101E-005   0.0000000000000000     
  0.25284090909090912        1.0539221022147761E-004   0.0000000000000000     
  0.25340909090909092        1.2634201334368278E-004   0.0000000000000000     
  0.25397727272727277        1.4603151158875972E-004   0.0000000000000000     
  0.25454545454545457        1.6426429546464576E-004   0.0000000000000000     
  0.25511363636363638        1.8085848670429378E-004   0.0000000000000000     
  0.25568181818181823        1.9564855256370438E-004   0.0000000000000000     
  0.25625000000000003        2.0848695706776740E-004   0.0000000000000000     
  0.25681818181818183        2.1924563273217855E-004   0.0000000000000000     
  0.25738636363636369        2.2781725808047597E-004   0.0000000000000000     
  0.25795454545454549        2.3411632821254198E-004   0.0000000000000000     
  0.25852272727272729        2.3808000774528740E-004   0.0000000000000000     
  0.25909090909090915        2.3966875761712635E-004   0.0000000000000000     
  0.25965909090909095        2.3886672950366474E-004   0.0000000000000000     
  0.26022727272727275        2.3568192391016827E-004   0.0000000000000000     
  0.26079545454545461        2.3014611036377904E-004   0.0000000000000000     
  0.26136363636363641        2.2231451050159850E-004   0.0000000000000000     
  0.26250000000000007        2.0010907392629953E-004   0.0000000000000000     
  0.26363636363636367        1.6995863805848496E-004   0.0000000000000000     
  0.26477272727272727        1.3306027600902678E-004   0.0000000000000000     
  0.26534090909090913        1.1252809375883581E-004   0.0000000000000000     
  0.26590909090909093        9.0873405213036094E-005   0.0000000000000000     
  0.26647727272727273        6.8312223310352217E-005   0.0000000000000000     
  0.26704545454545459        4.5069603571374492E-005   0.0000000000000000     
  0.26818181818181819       -2.5269939407590463E-006   0.0000000000000000     
  0.26931818181818185       -5.0023261344531430E-005   0.0000000000000000     
  0.26988636363636365       -7.3141344171862501E-005   0.0000000000000000     
  0.27045454545454550       -9.5529817027500139E-005   0.0000000000000000     
  0.27102272727272730       -1.1696534722277442E-004   0.0000000000000000     
  0.27159090909090911       -1.3723410799860712E-004   0.0000000000000000     
  0.27215909090909096       -1.5613391152069934E-004   0.0000000000000000     
  0.27272727272727276       -1.7347622577245741E-004   0.0000000000000000     
  0.27329545454545456       -1.8908805522647516E-004   0.0000000000000000     
  0.27386363636363642       -2.0281366653419374E-004   0.0000000000000000     
  0.27443181818181822       -2.1451614201941632E-004   0.0000000000000000     
  0.27500000000000002       -2.2407874547905406E-004   0.0000000000000000     
  0.27556818181818188       -2.3140608666674943E-004   0.0000000000000000     
  0.27613636363636368       -2.3642507284326998E-004   0.0000000000000000     
  0.27670454545454548       -2.3908563790163339E-004   0.0000000000000000     
  0.27727272727272734       -2.3936124179367810E-004   0.0000000000000000     
  0.27784090909090914       -2.3724913527613877E-004   0.0000000000000000     
  0.27840909090909094       -2.3277038733529032E-004   0.0000000000000000     
  0.27897727272727280       -2.2596967501658908E-004   0.0000000000000000     
  0.27954545454545460       -2.1691483775583754E-004   0.0000000000000000     
  0.28181818181818186       -1.6046525028455734E-004   0.0000000000000000     
  0.28238636363636366       -1.4199917378315569E-004   0.0000000000000000     
  0.28295454545454546       -1.2211660686395031E-004   0.0000000000000000     
  0.28352272727272732       -1.0101588494518170E-004   0.0000000000000000     
  0.28409090909090912       -7.8907494958646465E-005   0.0000000000000000     
  0.28522727272727277       -3.2560490705129017E-005   0.0000000000000000     
  0.28636363636363638        1.5079273894233973E-005   0.0000000000000000     
  0.28693181818181823        3.8792330551567601E-005   0.0000000000000000     
  0.28750000000000003        6.2118420418553477E-005   0.0000000000000000     
  0.28806818181818183        8.4824857755543947E-005   0.0000000000000000     
  0.28863636363636369        1.0668513806921622E-004   0.0000000000000000     
  0.28920454545454549        1.2748119757250410E-004   0.0000000000000000     
  0.28977272727272729        1.4700558844561138E-004   0.0000000000000000     
  0.29034090909090915        1.6506354819909426E-004   0.0000000000000000     
  0.29090909090909095        1.8147494249642871E-004   0.0000000000000000     
  0.29147727272727275        1.9607606205575496E-004   0.0000000000000000     
  0.29204545454545461        2.0872125570605701E-004   0.0000000000000000     
  0.29261363636363641        2.1928438330750101E-004   0.0000000000000000     
  0.29318181818181821        2.2766007404256291E-004   0.0000000000000000     
  0.29375000000000007        2.3376477752603584E-004   0.0000000000000000     
  0.29431818181818187        2.3753759724875242E-004   0.0000000000000000     
  0.29488636363636367        2.3894089804113485E-004   0.0000000000000000     
  0.29545454545454553        2.3796068149690541E-004   0.0000000000000000     
  0.29602272727272733        2.3460672561198691E-004   0.0000000000000000     
  0.29659090909090913        2.2891248724564228E-004   0.0000000000000000     
  0.29715909090909098        2.2093476837683814E-004   0.0000000000000000     
  0.29772727272727278        2.1075314948504299E-004   0.0000000000000000     
  0.29886363636363644        1.8421526926920562E-004   0.0000000000000000     
  0.30000000000000004        1.5036342694611573E-004   0.0000000000000000     
  0.30056818181818185        1.3110319478878252E-004   0.0000000000000000     
  0.30113636363636365        1.1053516333787474E-004   0.0000000000000000     
  0.30170454545454550        8.8864505755227122E-005   0.0000000000000000     
  0.30227272727272730        6.6307394276185174E-005   0.0000000000000000     
  0.30340909090909096        1.9442600567353584E-005   0.0000000000000000     
  0.30454545454545456       -2.8194129389650065E-005   0.0000000000000000     
  0.30511363636363636       -5.1709423391387219E-005   0.0000000000000000     
  0.30568181818181817       -7.4708898175359679E-005   0.0000000000000000     
  0.30625000000000002       -9.6963126099295000E-005   0.0000000000000000     
  0.30681818181818182       -1.1825011361371913E-004   0.0000000000000000     
  0.30738636363636362       -1.3835751572369704E-004   0.0000000000000000     
  0.30795454545454548       -1.5708475420291476E-004   0.0000000000000000     
  0.30852272727272728       -1.7424501843021507E-004   0.0000000000000000     
  0.30909090909090908       -1.8966712888956916E-004   0.0000000000000000     
  0.30965909090909094       -2.0319724474440168E-004   0.0000000000000000     
  0.31022727272727274       -2.1470039845264939E-004   0.0000000000000000     
  0.31079545454545454       -2.2406184211425106E-004   0.0000000000000000     
  0.31136363636363640       -2.3118819212076649E-004   0.0000000000000000     
  0.31193181818181820       -2.3600836068886995E-004   0.0000000000000000     
  0.31250000000000000       -2.3847426498535264E-004   0.0000000000000000     
  0.31306818181818186       -2.3856130676985746E-004   0.0000000000000000     
  0.31363636363636366       -2.3626861777075730E-004   0.0000000000000000     
  0.31420454545454546       -2.3161906834646138E-004   0.0000000000000000     
  0.31477272727272732       -2.2465903934575234E-004   0.0000000000000000     
  0.31534090909090912       -2.1545795944292938E-004   0.0000000000000000     
  0.31590909090909092       -2.0410761256298648E-004   0.0000000000000000     
  0.31704545454545457       -1.7544176449922912E-004   0.0000000000000000     
  0.31818181818181823       -1.3981029180148980E-004   0.0000000000000000     
  0.31875000000000003       -1.1981371306014485E-004   0.0000000000000000     
  0.31931818181818183       -9.8621951474071857E-005   0.0000000000000000     
  0.31988636363636369       -7.6446402126939216E-005   0.0000000000000000     
  0.32045454545454549       -5.3508273722456339E-005   0.0000000000000000     
  0.32272727272727275        4.1219518097616112E-005   0.0000000000000000     
  0.32329545454545461        6.4464107873064890E-005   0.0000000000000000     
  0.32386363636363641        8.7065646082352949E-005   0.0000000000000000     
  0.32443181818181821        1.0879867463690263E-004   0.0000000000000000     
  0.32500000000000007        1.2944639912955693E-004   0.0000000000000000     
  0.32556818181818187        1.4880285143307499E-004   0.0000000000000000     
  0.32613636363636367        1.6667494430279303E-004   0.0000000000000000     
  0.32670454545454553        1.8288439748804933E-004   0.0000000000000000     
  0.32727272727272733        1.9726951613877178E-004   0.0000000000000000     
  0.32784090909090913        2.0968680376702602E-004   0.0000000000000000     
  0.32840909090909098        2.2001239367364892E-004   0.0000000000000000     
  0.32897727272727278        2.2814328456101653E-004   0.0000000000000000     
  0.32954545454545459        2.3399836800628982E-004   0.0000000000000000     
  0.33011363636363644        2.3751923754572192E-004   0.0000000000000000     
  0.33068181818181824        2.3867077129914864E-004   0.0000000000000000     
  0.33125000000000004        2.3744148232278010E-004   0.0000000000000000     
  0.33181818181818190        2.3384363319539964E-004   0.0000000000000000     
  0.33295454545454550        2.1972036603619077E-004   0.0000000000000000     
  0.33409090909090916        1.9687346571803678E-004   0.0000000000000000     
  0.33522727272727282        1.6621003057137572E-004   0.0000000000000000     
  0.33579545454545462        1.4831484041374576E-004   0.0000000000000000     
  0.33636363636363642        1.2894015889946194E-004   0.0000000000000000     
  0.33693181818181822        1.0827925511581413E-004   0.0000000000000000     
  0.33750000000000002        8.6538228657983068E-005   0.0000000000000000     
  0.33806818181818188        6.3933953714951237E-005   0.0000000000000000     
  0.33863636363636368        4.0691915675160005E-005   0.0000000000000000     
  0.33977272727272734       -6.7731675778642847E-006   0.0000000000000000     
  0.34090909090909094       -5.3969333432197716E-005   0.0000000000000000     
  0.34147727272727280       -7.6877571948932947E-005   0.0000000000000000     
  0.34204545454545460       -9.9018930341588727E-005   0.0000000000000000     
  0.34261363636363640       -1.2017254097294960E-004   0.0000000000000000     
  0.34318181818181825       -1.4012738932819336E-004   0.0000000000000000     
  0.34375000000000006       -1.5868441895698003E-004   0.0000000000000000     
  0.34431818181818186       -1.7565851712976705E-004   0.0000000000000000     
  0.34488636363636371       -1.9088036140071300E-004   0.0000000000000000     
  0.34545454545454551       -2.0419810865709368E-004   0.0000000000000000     
  0.34602272727272732       -2.1547890980639259E-004   0.0000000000000000     
  0.34659090909090917       -2.2461023499151762E-004   0.0000000000000000     
  0.34715909090909097       -2.3150099611468460E-004   0.0000000000000000     
  0.34772727272727277       -2.3608245547241145E-004   0.0000000000000000     
  0.34829545454545457       -2.3830891143766138E-004   0.0000000000000000     
  0.34886363636363638       -2.3815815434923414E-004   0.0000000000000000     
  0.34943181818181823       -2.3563168806074679E-004   0.0000000000000000     
  0.35000000000000003       -2.3075471493917997E-004   0.0000000000000000     
  0.35113636363636369       -2.1417787645326166E-004   0.0000000000000000     
  0.35227272727272729       -1.8909746017596122E-004   0.0000000000000000     
  0.35340909090909089       -1.5650924248897558E-004   0.0000000000000000     
  0.35397727272727275       -1.3779201399781156E-004   0.0000000000000000     
  0.35454545454545455       -1.1770026294938545E-004   0.0000000000000000     
  0.35511363636363635       -9.6434411445308859E-005   0.0000000000000000     
  0.35568181818181821       -7.4206593641571028E-005   0.0000000000000000     
  0.35681818181818181       -2.7761900299255818E-005   0.0000000000000000     
  0.35795454545454547        1.9785033305878313E-005   0.0000000000000000     
  0.35909090909090913        6.6546434938206798E-005   0.0000000000000000     
  0.35965909090909098        8.9048015767376369E-005   0.0000000000000000     
  0.36022727272727278        1.1066131212489222E-004   0.0000000000000000     
  0.36079545454545459        1.3117072397329199E-004   0.0000000000000000     
  0.36136363636363644        1.5037166290136314E-004   0.0000000000000000     
  0.36193181818181824        1.6807259296364651E-004   0.0000000000000000     
  0.36250000000000004        1.8409694131713778E-004   0.0000000000000000     
  0.36306818181818190        1.9828485959589678E-004   0.0000000000000000     
  0.36363636363636370        2.1049481845327012E-004   0.0000000000000000     
  0.36420454545454550        2.2060501936563092E-004   0.0000000000000000     
  0.36477272727272736        2.2851460961438380E-004   0.0000000000000000     
  0.36534090909090916        2.3414468832639083E-004   0.0000000000000000     
  0.36590909090909096        2.3743909353722350E-004   0.0000000000000000     
  0.36647727272727276        2.3836496242599916E-004   0.0000000000000000     
  0.36704545454545456        2.3691305913328182E-004   0.0000000000000000     
  0.36761363636363642        2.3309786689194420E-004   0.0000000000000000     
  0.36818181818181822        2.2695744355195871E-004   0.0000000000000000     
  0.36931818181818188        2.0797931870628300E-004   0.0000000000000000     
  0.37045454545454548        1.8074371953643993E-004   0.0000000000000000     
  0.37159090909090908        1.4633199039073826E-004   0.0000000000000000     
  0.37215909090909094        1.2685074099802663E-004   0.0000000000000000     
  0.37272727272727274        1.0610411199550731E-004   0.0000000000000000     
  0.37329545454545454        8.4299058116793076E-005   0.0000000000000000     
  0.37386363636363640        6.1653092246330285E-005   0.0000000000000000     
  0.37500000000000000        1.4750065222829078E-005   0.0000000000000000     
  0.37613636363636366       -3.2738588706344460E-005   0.0000000000000000     
  0.37727272727272732       -7.8927411203557463E-005   0.0000000000000000     
  0.37784090909090917       -1.0095601782558502E-004   0.0000000000000000     
  0.37840909090909097       -1.2197755357487459E-004   0.0000000000000000     
  0.37897727272727277       -1.4178232142881143E-004   0.0000000000000000     
  0.37954545454545463       -1.6017276204149028E-004   0.0000000000000000     
  0.38011363636363643       -1.7696542446588433E-004   0.0000000000000000     
  0.38068181818181823       -1.9199279613991597E-004   0.0000000000000000     
  0.38125000000000009       -2.0510497388165992E-004   0.0000000000000000     
  0.38181818181818189       -2.1617115922494719E-004   0.0000000000000000     
  0.38238636363636369       -2.2508096317889440E-004   0.0000000000000000     
  0.38295454545454555       -2.3174550739591003E-004   0.0000000000000000     
  0.38352272727272735       -2.3609831076366709E-004   0.0000000000000000     
  0.38409090909090915       -2.3809595257698378E-004   0.0000000000000000     
  0.38465909090909095       -2.3771850567423384E-004   0.0000000000000000     
  0.38522727272727275       -2.3496973521761321E-004   0.0000000000000000     
  0.38579545454545461       -2.2987706113435601E-004   0.0000000000000000     
  0.38636363636363641       -2.2249128459356701E-004   0.0000000000000000     
  0.38750000000000007       -2.0116780560007079E-004   0.0000000000000000     
  0.38863636363636367       -1.7185729212677812E-004   0.0000000000000000     
  0.38977272727272727       -1.3572346955724763E-004   0.0000000000000000     
  0.39034090909090913       -1.1553561428047239E-004   0.0000000000000000     
  0.39090909090909093       -9.4195251660288259E-005   0.0000000000000000     
  0.39147727272727273       -7.1915259126600811E-005   0.0000000000000000     
  0.39204545454545459       -4.8917887239688456E-005   0.0000000000000000     
  0.39318181818181819       -1.6947588455847547E-006   0.0000000000000000     
  0.39431818181818185        4.5595657141057518E-005   0.0000000000000000     
  0.39488636363636365        6.8676551203943807E-005   0.0000000000000000     
  0.39545454545454550        9.1072373134956701E-005   0.0000000000000000     
  0.39602272727272730        1.1255971693588114E-004   0.0000000000000000     
  0.39659090909090911        1.3292423898916743E-004   0.0000000000000000     
  0.39715909090909096        1.5196279620895907E-004   0.0000000000000000     
  0.39772727272727276        1.6948547246298086E-004   0.0000000000000000     
  0.39829545454545456        1.8531747305104867E-004   0.0000000000000000     
  0.39886363636363642        1.9930086834209481E-004   0.0000000000000000     
  0.39943181818181822        2.1129616917635305E-004   0.0000000000000000     
  0.40000000000000002        2.2118371831753456E-004   0.0000000000000000     
  0.40113636363636362        2.3427437455711831E-004   0.0000000000000000     
  0.40227272727272728        2.3806355483866240E-004   0.0000000000000000     
  0.40284090909090908        2.3640544626608645E-004   0.0000000000000000     
  0.40340909090909094        2.3238911235718592E-004   0.0000000000000000     
  0.40397727272727274        2.2605461741899283E-004   0.0000000000000000     
  0.40454545454545454        2.1746515020917755E-004   0.0000000000000000     
  0.40511363636363640        2.0670639360653714E-004   0.0000000000000000     
  0.40568181818181820        1.9388566989492312E-004   0.0000000000000000     
  0.40625000000000000        1.7913087018667676E-004   0.0000000000000000     
  0.40681818181818186        1.6258917866496120E-004   0.0000000000000000     
  0.40738636363636366        1.4442560437110375E-004   0.0000000000000000     
  0.40795454545454546        1.2482133518285489E-004   0.0000000000000000     
  0.40852272727272732        1.0397193040322378E-004   0.0000000000000000     
  0.40909090909090912        8.2085369989424363E-005   0.0000000000000000     
  0.41022727272727277        3.6085193839573019E-005   0.0000000000000000     
  0.41136363636363638       -1.1347685155282170E-005   0.0000000000000000     
  0.41250000000000003       -5.8330023108889198E-005   0.0000000000000000     
  0.41363636363636369       -1.0299646412069470E-004   0.0000000000000000     
  0.41420454545454549       -1.2389993785476427E-004   0.0000000000000000     
  0.41477272727272729       -1.4356746725153956E-004   0.0000000000000000     
  0.41534090909090915       -1.6180286196575353E-004   0.0000000000000000     
  0.41590909090909095       -1.7842421768634643E-004   0.0000000000000000     
  0.41704545454545461       -2.0618891978084933E-004   0.0000000000000000     
  0.41818181818181821       -2.2576723237465807E-004   0.0000000000000000     
  0.41931818181818181       -2.3638183099840125E-004   0.0000000000000000     
  0.42045454545454547       -2.3761128059717927E-004   0.0000000000000000     
  0.42102272727272727       -2.3467369052135407E-004   0.0000000000000000     
  0.42159090909090913       -2.2939514996618408E-004   0.0000000000000000     
  0.42215909090909093       -2.2182831418252286E-004   0.0000000000000000     
  0.42272727272727273       -2.1204866495026409E-004   0.0000000000000000     
  0.42329545454545453       -2.0015375762172364E-004   0.0000000000000000     
  0.42386363636363633       -1.8626224797357012E-004   0.0000000000000000     
  0.42443181818181819       -1.7051270857479083E-004   0.0000000000000000     
  0.42499999999999999       -1.5306224647783736E-004   0.0000000000000000     
  0.42556818181818179       -1.3408493602193176E-004   0.0000000000000000     
  0.42613636363636365       -1.1377008238188597E-004   0.0000000000000000     
  0.42670454545454545       -9.2320333184120237E-005   0.0000000000000000     
  0.42727272727272725       -6.9949657027135325E-005   0.0000000000000000     
  0.42840909090909085       -2.3347425929271198E-005   0.0000000000000000     
  0.42954545454545451        2.4181776039283766E-005   0.0000000000000000     
  0.43068181818181817        7.0750880648162411E-005   0.0000000000000000     
  0.43124999999999997        9.3092922228367168E-005   0.0000000000000000     
  0.43181818181818177        1.1450633000889080E-004   0.0000000000000000     
  0.43238636363636362        1.3477749790932267E-004   0.0000000000000000     
  0.43295454545454543        1.5370421408346531E-004   0.0000000000000000     
  0.43352272727272723        1.7109767805180450E-004   0.0000000000000000     
  0.43409090909090908        1.8678438405098292E-004   0.0000000000000000     
  0.43522727272727268        2.1244011896493113E-004   0.0000000000000000     
  0.43636363636363634        2.2966127086991494E-004   0.0000000000000000     
  0.43750000000000000        2.3776410245698957E-004   0.0000000000000000     
  0.43863636363636360        2.3642690422061671E-004   0.0000000000000000     
  0.43920454545454546        2.3221731126961184E-004   0.0000000000000000     
  0.43977272727272726        2.2569127106403472E-004   0.0000000000000000     
  0.44034090909090906        2.1691388309123501E-004   0.0000000000000000     
  0.44090909090909092        2.0597270480401624E-004   0.0000000000000000     
  0.44147727272727272        1.9297687820504447E-004   0.0000000000000000     
  0.44204545454545452        1.7805604111796554E-004   0.0000000000000000     
  0.44261363636363638        1.6135903400569290E-004   0.0000000000000000     
  0.44318181818181818        1.4305241523579221E-004   0.0000000000000000     
  0.44374999999999998        1.2331879960368009E-004   0.0000000000000000     
  0.44431818181818183        1.0235503668746672E-004   0.0000000000000000     
  0.44488636363636364        8.0370247205965880E-005   0.0000000000000000     
  0.44545454545454544        5.7583736967852643E-005   0.0000000000000000     
  0.44772727272727275       -3.6948988251460387E-005   0.0000000000000000     
  0.44886363636363635       -8.2953169618789571E-005   0.0000000000000000     
  0.44943181818181821       -1.0482875773167341E-004   0.0000000000000000     
  0.45000000000000001       -1.2565864306417166E-004   0.0000000000000000     
  0.45113636363636367       -1.6336985850757586E-004   0.0000000000000000     
  0.45227272727272727       -1.9459474434685802E-004   0.0000000000000000     
  0.45340909090909093       -2.1809356821489523E-004   0.0000000000000000     
  0.45454545454545459       -2.3293334823663454E-004   0.0000000000000000     
  0.45568181818181819       -2.3852489552893066E-004   0.0000000000000000     
  0.45625000000000004       -2.3776556222165774E-004   0.0000000000000000     
  0.45681818181818185       -2.3463443595532848E-004   0.0000000000000000     
  0.45738636363636365       -2.2916275078740275E-004   0.0000000000000000     
  0.45795454545454550       -2.2140508865242976E-004   0.0000000000000000     
  0.45852272727272730       -2.1143883488855062E-004   0.0000000000000000     
  0.45909090909090911       -1.9936340629222787E-004   0.0000000000000000     
  0.45965909090909091       -1.8529925940163601E-004   0.0000000000000000     
  0.46022727272727271       -1.6938668890141543E-004   0.0000000000000000     
  0.46079545454545456       -1.5178442813511617E-004   0.0000000000000000     
  0.46136363636363636       -1.3266806568570916E-004   0.0000000000000000     
  0.46193181818181817       -1.1222829381929147E-004   0.0000000000000000     
  0.46250000000000002       -9.0669006264391277E-005   0.0000000000000000     
  0.46363636363636362       -4.5064528081262462E-005   0.0000000000000000     
  0.46590909090909094        4.9632177677602627E-005   0.0000000000000000     
  0.46704545454545454        9.4964629419606002E-005   0.0000000000000000     
  0.46818181818181820        1.3652666786275841E-004   0.0000000000000000     
  0.47045454545454546        2.0208755596127007E-004   0.0000000000000000     
  0.47272727272727277        2.3617895936242094E-004   0.0000000000000000     
  0.47386363636363638        2.3949740522351970E-004   0.0000000000000000     
  0.47443181818181823        2.3758130078303631E-004   0.0000000000000000     
  0.47500000000000003        2.3329524145448841E-004   0.0000000000000000     
  0.47556818181818183        2.2668198214839601E-004   0.0000000000000000     
  0.47613636363636369        2.1780749239252339E-004   0.0000000000000000     
  0.47670454545454549        2.0676029826323727E-004   0.0000000000000000     
  0.47727272727272729        1.9365059930755431E-004   0.0000000000000000     
  0.47784090909090909        1.7860916926490042E-004   0.0000000000000000     
  0.47840909090909089        1.6178605155424666E-004   0.0000000000000000     
  0.47897727272727275        1.4334906253958709E-004   0.0000000000000000     
  0.47954545454545455        1.2348211750420939E-004   0.0000000000000000     
  0.48011363636363635        1.0238339603271004E-004   0.0000000000000000     
  0.48068181818181821        8.0263365101732281E-005   0.0000000000000000     
  0.48181818181818181        3.3852820071951793E-005   0.0000000000000000     
  0.48295454545454547       -1.3901795100399455E-005   0.0000000000000000     
  0.48409090909090913       -6.1104462527102369E-005   0.0000000000000000     
  0.48522727272727273       -1.0588107849085814E-004   0.0000000000000000     
  0.48636363636363639       -1.4645386162887106E-004   0.0000000000000000     
  0.48863636363636365       -2.0891533924534476E-004   0.0000000000000000     
  0.49090909090909096       -2.3884409588277242E-004   0.0000000000000000     
  0.49204545454545456       -2.3988117836749187E-004   0.0000000000000000     
  0.49261363636363642       -2.3681296049052843E-004   0.0000000000000000     
  0.49318181818181822       -2.3138245218320806E-004   0.0000000000000000     
  0.49375000000000002       -2.2364382462678587E-004   0.0000000000000000     
  0.49431818181818188       -2.1367427328295674E-004   0.0000000000000000     
  0.49488636363636368       -2.0157324784267569E-004   0.0000000000000000     
  0.49545454545454548       -1.8746146018140626E-004   0.0000000000000000     
  0.49602272727272728       -1.7147968021680163E-004   0.0000000000000000     
  0.49659090909090908       -1.5378733168053697E-004   0.0000000000000000     
  0.49715909090909094       -1.3456090181195398E-004   0.0000000000000000     
  0.49772727272727274       -1.1399218083737848E-004   0.0000000000000000     
  0.49829545454545454       -9.2286348796880380E-005   0.0000000000000000     
  0.49886363636363640       -6.9659928803069102E-005   0.0000000000000000     
  0.50000000000000000       -2.2557375887298383E-005   0.0000000000000000     
  0.50113636363636360        2.5440780270990157E-005   0.0000000000000000     
  0.50227272727272720        7.2428852392167380E-005   0.0000000000000000     
  0.50340909090909092        1.1654125691006208E-004   0.0000000000000000     
  0.50454545454545452        1.5602658387703404E-004   0.0000000000000000     
  0.50681818181818183        2.1523747155783511E-004   0.0000000000000000     
  0.50909090909090904        2.4093114297428324E-004   0.0000000000000000     
  0.51022727272727275        2.3968435196647858E-004   0.0000000000000000     
  0.51079545454545450        2.3547144685427221E-004   0.0000000000000000     
  0.51136363636363635        2.2890963336993006E-004   0.0000000000000000     
  0.51193181818181821        2.2006436785151705E-004   0.0000000000000000     
  0.51249999999999996        2.0902388485361735E-004   0.0000000000000000     
  0.51306818181818181        1.9589831697740885E-004   0.0000000000000000     
  0.51363636363636367        1.8081859626023960E-004   0.0000000000000000     
  0.51420454545454541        1.6393514808368362E-004   0.0000000000000000     
  0.51477272727272727        1.4541639062880127E-004   0.0000000000000000     
  0.51534090909090913        1.2544705484709084E-004   0.0000000000000000     
  0.51590909090909087        1.0422634170593606E-004   0.0000000000000000     
  0.51647727272727273        8.1965935090682273E-005   0.0000000000000000     
  0.51704545454545459        5.8887890185366325E-005   0.0000000000000000     
  0.51818181818181819        1.1207334663122001E-005   0.0000000000000000     
  0.51931818181818179       -3.6918189516577305E-005   0.0000000000000000     
  0.52045454545454550       -8.3577938137806252E-005   0.0000000000000000     
  0.52159090909090911       -1.2691936317506640E-004   0.0000000000000000     
  0.52272727272727271       -1.6522166514385474E-004   0.0000000000000000     
  0.52386363636363631       -1.9696411459361251E-004   0.0000000000000000     
  0.52499999999999991       -2.2088643015142229E-004   0.0000000000000000     
  0.52727272727272723       -2.4200209069645101E-004   0.0000000000000000     
  0.52784090909090908       -2.4137751884543203E-004   0.0000000000000000     
  0.52840909090909083       -2.3834512353031412E-004   0.0000000000000000     
  0.52897727272727268       -2.3293515393348502E-004   0.0000000000000000     
  0.52954545454545454       -2.2520157635552539E-004   0.0000000000000000     
  0.53011363636363629       -2.1522153588286752E-004   0.0000000000000000     
  0.53068181818181814       -2.0309458683911522E-004   0.0000000000000000     
  0.53125000000000000       -1.8894169969656244E-004   0.0000000000000000     
  0.53181818181818175       -1.7290405435427521E-004   0.0000000000000000     
  0.53238636363636360       -1.5514163182020854E-004   0.0000000000000000     
  0.53295454545454546       -1.3583161834584948E-004   0.0000000000000000     
  0.53352272727272720       -1.1516663793263392E-004   0.0000000000000000     
  0.53409090909090906       -9.3352830841511364E-005   0.0000000000000000     
  0.53522727272727266       -4.7161922298340732E-005   0.0000000000000000     
  0.53636363636363638        9.0147224430533100E-007   0.0000000000000000     
  0.53749999999999998        4.8929075324807310E-005   0.0000000000000000     
  0.53863636363636358        9.5014030522273994E-005   0.0000000000000000     
  0.53977272727272729        1.3732661103194491E-004   0.0000000000000000     
  0.54090909090909089        1.7418686593695485E-004   0.0000000000000000     
  0.54204545454545450        2.0413131987661494E-004   0.0000000000000000     
  0.54318181818181821        2.2597107791129511E-004   0.0000000000000000     
  0.54431818181818181        2.3883902862655221E-004   0.0000000000000000     
  0.54545454545454541        2.4222427135545303E-004   0.0000000000000000     
  0.54602272727272727        2.4030092979314706E-004   0.0000000000000000     
  0.54659090909090913        2.3598050411145600E-004   0.0000000000000000     
  0.54715909090909087        2.2930609203705062E-004   0.0000000000000000     
  0.54772727272727273        2.2034427311751296E-004   0.0000000000000000     
  0.54829545454545459        2.0918444456754197E-004   0.0000000000000000     
  0.54886363636363633        1.9593792950110098E-004   0.0000000000000000     
  0.54943181818181819        1.8073686644519884E-004   0.0000000000000000     
  0.55000000000000004        1.6373289121281810E-004   0.0000000000000000     
  0.55056818181818179        1.4509562428371287E-004   0.0000000000000000     
  0.55113636363636365        1.2501097878198631E-004   0.0000000000000000     
  0.55170454545454550        1.0367930592899230E-004   0.0000000000000000     
  0.55227272727272725        8.1313396471237201E-005   0.0000000000000000     
  0.55340909090909096        3.4382267620704532E-005   0.0000000000000000     
  0.55454545454545456       -1.3913952210266786E-005   0.0000000000000000     
  0.55568181818181817       -6.1657741617681460E-005   0.0000000000000000     
  0.55681818181818188       -1.0695351253239045E-004   0.0000000000000000     
  0.55795454545454548       -1.4800287140425585E-004   0.0000000000000000     
  0.55909090909090908       -1.8317602143898325E-004   0.0000000000000000     
  0.56022727272727268       -2.1107647098000544E-004   0.0000000000000000     
  0.56136363636363629       -2.3059647889637317E-004   0.0000000000000000     
  0.56250000000000000       -2.4096103560934800E-004   0.0000000000000000     
  0.56363636363636360       -2.4175863356389250E-004   0.0000000000000000     
  0.56420454545454546       -2.3854198379837170E-004   0.0000000000000000     
  0.56477272727272720       -2.3294579600250875E-004   0.0000000000000000     
  0.56534090909090906       -2.2502589406722914E-004   0.0000000000000000     
  0.56590909090909092       -2.1486128172827651E-004   0.0000000000000000     
  0.56647727272727266       -2.0255335447687524E-004   0.0000000000000000     
  0.56704545454545452       -1.8822488810495058E-004   0.0000000000000000     
  0.56761363636363638       -1.7201881397454664E-004   0.0000000000000000     
  0.56818181818181812       -1.5409679322850577E-004   0.0000000000000000     
  0.56874999999999998       -1.3463760416515975E-004   0.0000000000000000     
  0.56931818181818183       -1.1383535886356203E-004   0.0000000000000000     
  0.56988636363636358       -9.1897566848973377E-005   0.0000000000000000     
  0.57045454545454544       -6.9043065114224989E-005   0.0000000000000000     
  0.57159090909090904       -2.1504981281686590E-005   0.0000000000000000     
  0.57272727272727275        2.6886922208887197E-005   0.0000000000000000     
  0.57386363636363646        7.4211324992290320E-005   0.0000000000000000     
  0.57500000000000007        1.1858929005054283E-004   0.0000000000000000     
  0.57613636363636367        1.5825886379467328E-004   0.0000000000000000     
  0.57727272727272738        1.9164503151321969E-004   0.0000000000000000     
  0.57840909090909098        2.1742225072227304E-004   0.0000000000000000     
  0.57954545454545459        2.3456707963401280E-004   0.0000000000000000     
  0.58068181818181830        2.4239881121751136E-004   0.0000000000000000     
  0.58125000000000004        2.4270719125260714E-004   0.0000000000000000     
  0.58181818181818190        2.4059448388569866E-004   0.0000000000000000     
  0.58238636363636376        2.3608176409673886E-004   0.0000000000000000     
  0.58295454545454550        2.2921404781201242E-004   0.0000000000000000     
  0.58352272727272736        2.2005984285483946E-004   0.0000000000000000     
  0.58409090909090922        2.0871046555657005E-004   0.0000000000000000     
  0.58465909090909096        1.9527912984488506E-004   0.0000000000000000     
  0.58522727272727282        1.7989981789606253E-004   0.0000000000000000     
  0.58579545454545467        1.6272594361687329E-004   0.0000000000000000     
  0.58636363636363642        1.4392882228828307E-004   0.0000000000000000     
  0.58693181818181817        1.2369596163681185E-004   0.0000000000000000     
  0.58750000000000002        1.0222919138071358E-004   0.0000000000000000     
  0.58806818181818188        7.9742649909384362E-005   0.0000000000000000     
  0.58863636363636362        5.6460648179541411E-005   0.0000000000000000     
  0.59090909090909094       -3.9896512626142583E-005   0.0000000000000000     
  0.59204545454545454       -8.6655480975907678E-005   0.0000000000000000     
  0.59318181818181825       -1.2997393700138395E-004   0.0000000000000000     
  0.59431818181818186       -1.6813199316461914E-004   0.0000000000000000     
  0.59545454545454546       -1.9961464705582006E-004   0.0000000000000000     
  0.59659090909090906       -2.2317193205436149E-004   0.0000000000000000     
  0.59772727272727266       -2.3786854518284830E-004   0.0000000000000000     
  0.59886363636363638       -2.4312098176247111E-004   0.0000000000000000     
  0.59943181818181812       -2.4212247610976768E-004   0.0000000000000000     
  0.59999999999999998       -2.3870871578897588E-004   0.0000000000000000     
  0.60113636363636358       -2.2801387233665837E-004   0.0000000000000000     
  0.60227272727272729       -2.1468000252200298E-004   0.0000000000000000     
  0.60340909090909089       -1.9923650555797834E-004   0.0000000000000000     
  0.60454545454545450       -1.8229653990884339E-004   0.0000000000000000     
  0.60681818181818181       -1.4665251584355417E-004   0.0000000000000000     
  0.60795454545454541       -1.2936364435733308E-004   0.0000000000000000     
  0.60909090909090913       -1.1335249039311677E-004   0.0000000000000000     
  0.61022727272727273       -9.9254750296017300E-005   0.0000000000000000     
  0.61136363636363633       -8.7630151483185451E-005   0.0000000000000000     
  0.61250000000000004       -7.8940229393926787E-005   0.0000000000000000     
  0.61363636363636365       -7.3530002989635092E-005   0.0000000000000000     
  0.61590909090909096       -7.3199608353268641E-005   0.0000000000000000     
  0.61704545454545456       -7.8292557892920543E-005   0.0000000000000000     
  0.61818181818181817       -8.6690917841595206E-005   0.0000000000000000     
  0.61931818181818188       -9.8061245229710706E-005   0.0000000000000000     
  0.62045454545454548       -1.1195210004366742E-004   0.0000000000000000     
  0.62159090909090908       -1.2781196890376828E-004   0.0000000000000000     
  0.62272727272727280       -1.4501116198935594E-004   0.0000000000000000     
  0.62500000000000000       -1.8067101669613645E-004   0.0000000000000000     
  0.62613636363636371       -1.9771586285800480E-004   0.0000000000000000     
  0.62727272727272732       -2.1332461493416539E-004   0.0000000000000000     
  0.62840909090909092       -2.2687755327988347E-004   0.0000000000000000     
  0.62954545454545463       -2.3783658092906267E-004   0.0000000000000000     
  0.63068181818181823       -2.4576658784290550E-004   0.0000000000000000     
  0.63181818181818183       -2.5035272623323470E-004   0.0000000000000000     
  0.63409090909090904       -2.4897450240725442E-004   0.0000000000000000     
  0.63522727272727275       -2.4306486028487841E-004   0.0000000000000000     
  0.63636363636363635       -2.3391861725617383E-004   0.0000000000000000     
  0.63749999999999996       -2.2189890974952129E-004   0.0000000000000000     
  0.63863636363636367       -2.0748296034040222E-004   0.0000000000000000     
  0.63977272727272727       -1.9124313041958072E-004   0.0000000000000000     
  0.64090909090909087       -1.7382419553221154E-004   0.0000000000000000     
  0.64318181818181819       -1.3823037751272582E-004   0.0000000000000000     
  0.64431818181818179       -1.2146868796266188E-004   0.0000000000000000     
  0.64545454545454550       -1.0629817209998000E-004   0.0000000000000000     
  0.64659090909090911       -9.3321150126517185E-005   0.0000000000000000     
  0.64772727272727271       -8.3052853202834410E-005   0.0000000000000000     
  0.64886363636363642       -7.5900967048490509E-005   0.0000000000000000     
  0.65000000000000002       -7.2149445455893882E-005   0.0000000000000000     
  0.65227272727272734       -7.5233123639823873E-005   0.0000000000000000     
  0.65340909090909094       -8.1945891082278917E-005   0.0000000000000000     
  0.65454545454545454       -9.1819019391348305E-005   0.0000000000000000     
  0.65568181818181825       -1.0446051236270646E-004   0.0000000000000000     
  0.65681818181818186       -1.1936846045900143E-004   0.0000000000000000     
  0.65795454545454546       -1.3595096829661192E-004   0.0000000000000000     
  0.65909090909090917       -1.5354965487135542E-004   0.0000000000000000     
  0.66136363636363638       -1.8899572048073217E-004   0.0000000000000000     
  0.66363636363636369       -2.2016714377477025E-004   0.0000000000000000     
  0.66477272727272729       -2.3257103034836767E-004   0.0000000000000000     
  0.66590909090909101       -2.4215495614986711E-004   0.0000000000000000     
  0.66704545454545461       -2.4853840728142888E-004   0.0000000000000000     
  0.66818181818181821       -2.5146793939028692E-004   0.0000000000000000     
  0.67045454545454541       -2.4671074808159301E-004   0.0000000000000000     
  0.67159090909090913       -2.3921290106449685E-004   0.0000000000000000     
  0.67272727272727273       -2.2863138880101141E-004   0.0000000000000000     
  0.67386363636363633       -2.1538633270691017E-004   0.0000000000000000     
  0.67500000000000004       -2.0000360579350596E-004   0.0000000000000000     
  0.67613636363636365       -1.8309395375086982E-004   0.0000000000000000     
  0.67727272727272725       -1.6532874630191901E-004   0.0000000000000000     
  0.67954545454545456       -1.3004806018359328E-004   0.0000000000000000     
  0.68181818181818188       -9.9672181146710767E-005   0.0000000000000000     
  0.68295454545454548       -8.7867587464403408E-005   0.0000000000000000     
  0.68409090909090908       -7.8988243503356689E-005   0.0000000000000000     
  0.68522727272727280       -7.3386688906597734E-005   0.0000000000000000     
  0.68636363636363640       -7.1285324120219453E-005   0.0000000000000000     
  0.68863636363636371       -7.7705996521369725E-005   0.0000000000000000     
  0.68977272727272732       -8.5973111547280254E-005   0.0000000000000000     
  0.69090909090909092       -9.7240693322474747E-005   0.0000000000000000     
  0.69204545454545452       -1.1106138117771514E-004   0.0000000000000000     
  0.69318181818181812       -1.2688644759616512E-004   0.0000000000000000     
  0.69545454545454544       -1.6196835742297418E-004   0.0000000000000000     
  0.69772727272727275       -1.9698438080815528E-004   0.0000000000000000     
  0.69999999999999996       -2.2648175146512971E-004   0.0000000000000000     
  0.70113636363636367       -2.3765592879152644E-004   0.0000000000000000     
  0.70227272727272727       -2.4580825787645102E-004   0.0000000000000000     
  0.70340909090909087       -2.5061506399820781E-004   0.0000000000000000     
  0.70454545454545459       -2.5188550088237619E-004   0.0000000000000000     
  0.70568181818181819       -2.4956912793699335E-004   0.0000000000000000     
  0.70681818181818179       -2.4375791291270259E-004   0.0000000000000000     
  0.70795454545454550       -2.3468258047556017E-004   0.0000000000000000     
  0.70909090909090911       -2.2270345166637676E-004   0.0000000000000000     
  0.71022727272727271       -2.0829613795067160E-004   0.0000000000000000     
  0.71136363636363642       -1.9203265785330253E-004   0.0000000000000000     
  0.71363636363636362       -1.5657817291866042E-004   0.0000000000000000     
  0.71590909090909094       -1.2189717202201862E-004   0.0000000000000000     
  0.71818181818181825       -9.3390251067538652E-005   0.0000000000000000     
  0.71931818181818186       -8.2912807838931988E-005   0.0000000000000000     
  0.72045454545454546       -7.5557335648848418E-005   0.0000000000000000     
  0.72159090909090917       -7.1615871335996300E-005   0.0000000000000000     
  0.72272727272727277       -7.1244904211743821E-005   0.0000000000000000     
  0.72386363636363638       -7.4459162911238671E-005   0.0000000000000000     
  0.72500000000000009       -8.1131030617351041E-005   0.0000000000000000     
  0.72613636363636369       -9.0995611874992167E-005   0.0000000000000000     
  0.72727272727272729       -1.0366124982635413E-004   0.0000000000000000     
  0.72840909090909089       -1.1862507629765339E-004   0.0000000000000000     
  0.72954545454545450       -1.3529297734695238E-004   0.0000000000000000     
  0.73181818181818181       -1.7104593303909614E-004   0.0000000000000000     
  0.73409090909090913       -2.0531942377617063E-004   0.0000000000000000     
  0.73636363636363633       -2.3277631196380328E-004   0.0000000000000000     
  0.73750000000000004       -2.4253512191529236E-004   0.0000000000000000     
  0.73863636363636365       -2.4907836334488545E-004   0.0000000000000000     
  0.73977272727272725       -2.5214624769073161E-004   0.0000000000000000     
  0.74090909090909096       -2.5161696968693705E-004   0.0000000000000000     
  0.74204545454545456       -2.4751154343987498E-004   0.0000000000000000     
  0.74318181818181817       -2.3999296809790204E-004   0.0000000000000000     
  0.74431818181818188       -2.2935975624018516E-004   0.0000000000000000     
  0.74545454545454548       -2.1603408192924728E-004   0.0000000000000000     
  0.74659090909090908       -2.0054501898915462E-004   0.0000000000000000     
  0.74772727272727280       -1.8350753500576356E-004   0.0000000000000000     
  0.75000000000000000       -1.4753083674802798E-004   0.0000000000000000     
  0.75227272727272720       -1.1373649209386107E-004   0.0000000000000000     
  0.75454545454545452       -8.7387025036354197E-005   0.0000000000000000     
  0.75568181818181812       -7.8367245507023677E-005   0.0000000000000000     
  0.75681818181818183       -7.2649911038720214E-005   0.0000000000000000     
  0.75795454545454544       -7.0462018925543076E-005   0.0000000000000000     
  0.75909090909090904       -7.1890435799524863E-005   0.0000000000000000     
  0.76022727272727275       -7.6878448734907663E-005   0.0000000000000000     
  0.76136363636363635       -8.5228016940910159E-005   0.0000000000000000     
  0.76249999999999996       -9.6607634643267157E-005   0.0000000000000000     
  0.76363636363636367       -1.1056549297184539E-004   0.0000000000000000     
  0.76477272727272727       -1.2654741828338988E-004   0.0000000000000000     
  0.76590909090909087       -1.4391887470802887E-004   0.0000000000000000     
  0.76818181818181819       -1.8004411968924002E-004   0.0000000000000000     
  0.77045454545454550       -2.1328868381297882E-004   0.0000000000000000     
  0.77272727272727271       -2.3847565602707154E-004   0.0000000000000000     
  0.77386363636363642       -2.4673755265610514E-004   0.0000000000000000     
  0.77500000000000002       -2.5161703021215346E-004   0.0000000000000000     
  0.77727272727272734       -2.5066640488717899E-004   0.0000000000000000     
  0.77840909090909094       -2.4487404500994012E-004   0.0000000000000000     
  0.77954545454545454       -2.3577325354384184E-004   0.0000000000000000     
  0.78068181818181825       -2.2372536233826278E-004   0.0000000000000000     
  0.78181818181818186       -2.0920871295576675E-004   0.0000000000000000     
  0.78295454545454546       -1.9279966491274390E-004   0.0000000000000000     
  0.78409090909090917       -1.7514971227957477E-004   0.0000000000000000     
  0.78636363636363638       -1.3894804328641919E-004   0.0000000000000000     
  0.78863636363636358       -1.0626525792816408E-004   0.0000000000000000     
  0.79090909090909089       -8.2190785926526899E-005   0.0000000000000000     
  0.79204545454545450       -7.4640547251806090E-005   0.0000000000000000     
  0.79318181818181821       -7.0540716018929070E-005   0.0000000000000000     
  0.79545454545454541       -7.3129220755166301E-005   0.0000000000000000     
  0.79659090909090913       -7.9714784431677738E-005   0.0000000000000000     
  0.79772727272727273       -8.9549291368458446E-005   0.0000000000000000     
  0.79886363636363633       -1.0224227875879106E-004   0.0000000000000000     
  0.80000000000000004       -1.1728979256472455E-004   0.0000000000000000     
  0.80056818181818179       -1.2470753595616952E-004   0.0000000000000000     
  0.80113636363636365       -1.3088127894251780E-004   0.0000000000000000     
  0.80170454545454550       -1.3574943632190244E-004   0.0000000000000000     
  0.80227272727272725       -1.3926344655627634E-004   0.0000000000000000     
  0.80284090909090911       -1.4138825618939562E-004   0.0000000000000000     
  0.80340909090909096       -1.4210266951705366E-004   0.0000000000000000     
  0.80397727272727271       -1.4139956002149723E-004   0.0000000000000000     
  0.80454545454545456       -1.3928594146088080E-004   0.0000000000000000     
  0.80511363636363642       -1.3578289790462718E-004   0.0000000000000000     
  0.80568181818181817       -1.3092537341261032E-004   0.0000000000000000     
  0.80625000000000002       -1.2476182345617985E-004   0.0000000000000000     
  0.80681818181818188       -1.1735373155823565E-004   0.0000000000000000     
  0.80738636363636362       -1.0877499597401631E-004   0.0000000000000000     
  0.80795454545454548       -9.9111192530674218E-005   0.0000000000000000     
  0.80909090909090908       -7.6928222682126054E-005   0.0000000000000000     
  0.81136363636363640       -2.4441312945513730E-005   0.0000000000000000     
  0.81363636363636371        3.1851647688511118E-005   0.0000000000000000     
  0.81477272727272732        5.8659957331053198E-005   0.0000000000000000     
  0.81590909090909092        8.3139270540050680E-005   0.0000000000000000     
  0.81704545454545463        1.0431767673538648E-004   0.0000000000000000     
  0.81761363636363638        1.1339878843935287E-004   0.0000000000000000     
  0.81818181818181823        1.2134870836990825E-004   0.0000000000000000     
  0.81875000000000009        1.2808813335151868E-004   0.0000000000000000     
  0.81931818181818183        1.3354983531057107E-004   0.0000000000000000     
  0.81988636363636369        1.3767933189844678E-004   0.0000000000000000     
  0.82045454545454555        1.4043542997161268E-004   0.0000000000000000     
  0.82102272727272729        1.4179063650734771E-004   0.0000000000000000     
  0.82159090909090915        1.4173143285606542E-004   0.0000000000000000     
  0.82215909090909101        1.4025840959447445E-004   0.0000000000000000     
  0.82272727272727275        1.3738626063437557E-004   0.0000000000000000     
  0.82329545454545450        1.3314363664585415E-004   0.0000000000000000     
  0.82386363636363635        1.2757285925702825E-004   0.0000000000000000     
  0.82443181818181821        1.2072949888130834E-004   0.0000000000000000     
  0.82499999999999996        1.1268182038348047E-004   0.0000000000000000     
  0.82613636363636367        9.3310959561002351E-005   0.0000000000000000     
  0.82727272727272727        7.0235341662046522E-005   0.0000000000000000     
  0.82954545454545459        1.6779558836851360E-005   0.0000000000000000     
  0.83181818181818179       -3.9289170973290494E-005   0.0000000000000000     
  0.83295454545454550       -6.5540197713286551E-005   0.0000000000000000     
  0.83409090909090911       -8.9189059472719233E-005   0.0000000000000000     
  0.83465909090909096       -9.9737929580990780E-005   0.0000000000000000     
  0.83522727272727271       -1.0929187966417060E-004   0.0000000000000000     
  0.83579545454545456       -1.1775560579629975E-004   0.0000000000000000     
  0.83636363636363642       -1.2504467940891573E-004   0.0000000000000000     
  0.83693181818181817       -1.3108638949496122E-004   0.0000000000000000     
  0.83750000000000002       -1.3582046792599787E-004   0.0000000000000000     
  0.83806818181818188       -1.3919969064743281E-004   0.0000000000000000     
  0.83863636363636362       -1.4119034875465024E-004   0.0000000000000000     
  0.83920454545454548       -1.4177258475088614E-004   0.0000000000000000     
  0.83977272727272734       -1.4094059063256100E-004   0.0000000000000000     
  0.84034090909090908       -1.3870266582610764E-004   0.0000000000000000     
  0.84090909090909094       -1.3508113439834657E-004   0.0000000000000000     
  0.84147727272727280       -1.3011212236627192E-004   0.0000000000000000     
  0.84204545454545454       -1.2384519732765243E-004   0.0000000000000000     
  0.84261363636363640       -1.1634287400725336E-004   0.0000000000000000     
  0.84318181818181825       -1.0767999065104232E-004   0.0000000000000000     
  0.84431818181818186       -8.7233768557115922E-005   0.0000000000000000     
  0.84545454545454546       -6.3324074188438560E-005   0.0000000000000000     
  0.85000000000000009        4.6550507336384437E-005   0.0000000000000000     
  0.85113636363636369        7.2125118419703464E-005   0.0000000000000000     
  0.85227272727272729        9.4836121153966536E-005   0.0000000000000000     
  0.85284090909090915        1.0482922582031337E-004   0.0000000000000000     
  0.85340909090909101        1.1377662303693203E-004   0.0000000000000000     
  0.85397727272727275        1.2158905945055179E-004   0.0000000000000000     
  0.85454545454545461        1.2818860333083687E-004   0.0000000000000000     
  0.85511363636363646        1.3350942196609279E-004   0.0000000000000000     
  0.85568181818181821        1.3749843836712998E-004   0.0000000000000000     
  0.85625000000000007        1.4011586072842057E-004   0.0000000000000000     
  0.85681818181818192        1.4133557936498901E-004   0.0000000000000000     
  0.85738636363636367        1.4114542716547087E-004   0.0000000000000000     
  0.85795454545454553        1.3954730096321630E-004   0.0000000000000000     
  0.85852272727272738        1.3655714261472785E-004   0.0000000000000000     
  0.85909090909090913        1.3220477997417983E-004   0.0000000000000000     
  0.85965909090909098        1.2653362935034825E-004   0.0000000000000000     
  0.86022727272727284        1.1960026241405811E-004   0.0000000000000000     
  0.86079545454545459        1.1147384187637998E-004   0.0000000000000000     
  0.86136363636363644        1.0223543156688081E-004   0.0000000000000000     
  0.86250000000000004        8.0805993551952824E-005   0.0000000000000000     
  0.86363636363636376        5.6168287421015687E-005   0.0000000000000000     
  0.86818181818181828       -5.3770847127753804E-005   0.0000000000000000     
  0.86931818181818188       -7.8646519247188031E-005   0.0000000000000000     
  0.87045454545454559       -1.0039966160064308E-004   0.0000000000000000     
  0.87102272727272734       -1.0982819999655201E-004   0.0000000000000000     
  0.87159090909090919       -1.1816116446231205E-004   0.0000000000000000     
  0.87215909090909105       -1.2531543082189137E-004   0.0000000000000000     
  0.87272727272727280       -1.3121963281677651E-004   0.0000000000000000     
  0.87329545454545454       -1.3581487400885793E-004   0.0000000000000000     
  0.87386363636363640       -1.3905531529257898E-004   0.0000000000000000     
  0.87443181818181825       -1.4090863215572108E-004   0.0000000000000000     
  0.87500000000000000       -1.4135633712749224E-004   0.0000000000000000     
  0.87556818181818186       -1.4039396419738274E-004   0.0000000000000000     
  0.87613636363636371       -1.3803111336514970E-004   0.0000000000000000     
  0.87670454545454546       -1.3429135487753123E-004   0.0000000000000000     
  0.87727272727272732       -1.2921199410695496E-004   0.0000000000000000     
  0.87840909090909092       -1.1525607833076839E-004   0.0000000000000000     
  0.87954545454545463       -9.6724110890208817E-005   0.0000000000000000     
  0.88068181818181823       -7.4351872853650665E-005   0.0000000000000000     
  0.88181818181818183       -4.9027616871933793E-005   0.0000000000000000     
  0.88636363636363635        6.0830658113692291E-005   0.0000000000000000     
  0.88749999999999996        8.4983363594532733E-005   0.0000000000000000     
  0.88863636363636367        1.0576194540178835E-004   0.0000000000000000     
  0.88920454545454541        1.1462053720310525E-004   0.0000000000000000     
  0.88977272727272727        1.2233574986843208E-004   0.0000000000000000     
  0.89034090909090913        1.2883062150763344E-004   0.0000000000000000     
  0.89090909090909087        1.3404036355048866E-004   0.0000000000000000     
  0.89147727272727273        1.3791300703488315E-004   0.0000000000000000     
  0.89204545454545459        1.4040992101500759E-004   0.0000000000000000     
  0.89261363636363633        1.4150619791828464E-004   0.0000000000000000     
  0.89318181818181819        1.4119090200693970E-004   0.0000000000000000     
  0.89375000000000004        1.3946717846573156E-004   0.0000000000000000     
  0.89431818181818179        1.3635222202765853E-004   0.0000000000000000     
  0.89488636363636365        1.3187710545060129E-004   0.0000000000000000     
  0.89545454545454550        1.2608646955591918E-004   0.0000000000000000     
  0.89659090909090911        1.1080813386272673E-004   0.0000000000000000     
  0.89772727272727271        9.1130344772090221E-005   0.0000000000000000     
  0.89886363636363642        6.7834376302900476E-005   0.0000000000000000     
  0.90000000000000002        4.1845156292639106E-005   0.0000000000000000     
  0.90227272727272734       -1.4008669746237447E-005   0.0000000000000000     
  0.90454545454545454       -6.7681037277621275E-005   0.0000000000000000     
  0.90568181818181825       -9.1019218950352305E-005   0.0000000000000000     
  0.90625000000000000       -1.0138458952828412E-004   0.0000000000000000     
  0.90681818181818186       -1.1073861408388756E-004   0.0000000000000000     
  0.90738636363636371       -1.1898798301684447E-004   0.0000000000000000     
  0.90795454545454546       -1.2605040604520934E-004   0.0000000000000000     
  0.90852272727272732       -1.3185543307917360E-004   0.0000000000000000     
  0.90909090909090917       -1.3634515698484457E-004   0.0000000000000000     
  0.90965909090909092       -1.3947479122775443E-004   0.0000000000000000     
  0.91022727272727277       -1.4121311663388948E-004   0.0000000000000000     
  0.91079545454545463       -1.4154279281164520E-004   0.0000000000000000     
  0.91136363636363638       -1.4046053112817757E-004   0.0000000000000000     
  0.91193181818181823       -1.3797712751464089E-004   0.0000000000000000     
  0.91250000000000009       -1.3411735477307626E-004   0.0000000000000000     
  0.91306818181818183       -1.2891971545922273E-004   0.0000000000000000     
  0.91363636363636369       -1.2243605780632588E-004   0.0000000000000000     
  0.91477272727272729       -1.0588725758053925E-004   0.0000000000000000     
  0.91590909090909101       -8.5134379198485778E-005   0.0000000000000000     
  0.91704545454545461       -6.1001381318455213E-005   0.0000000000000000     
  0.91818181818181821       -3.4446424644111529E-005   0.0000000000000000     
  0.92045454545454541        2.1652741166774359E-005   0.0000000000000000     
  0.92272727272727273        7.4380098141821766E-005   0.0000000000000000     
  0.92386363636363633        9.6837431845132727E-005   0.0000000000000000     
  0.92443181818181819        1.0667312374721617E-004   0.0000000000000000     
  0.92500000000000004        1.1544471468589613E-004   0.0000000000000000     
  0.92556818181818179        1.2306470503576836E-004   0.0000000000000000     
  0.92613636363636365        1.2945708278192916E-004   0.0000000000000000     
  0.92670454545454550        1.3455808176586210E-004   0.0000000000000000     
  0.92727272727272725        1.3831681777472601E-004   0.0000000000000000     
  0.92784090909090911        1.4069579612881568E-004   0.0000000000000000     
  0.92840909090909096        1.4167128570383603E-004   0.0000000000000000     
  0.92897727272727271        1.4123355565700228E-004   0.0000000000000000     
  0.92954545454545456        1.3938697249552969E-004   0.0000000000000000     
  0.93011363636363642        1.3614995651922866E-004   0.0000000000000000     
  0.93068181818181817        1.3155479807170251E-004   0.0000000000000000     
  0.93125000000000002        1.2564733543310143E-004   0.0000000000000000     
  0.93181818181818188        1.1848649756757547E-004   0.0000000000000000     
  0.93295454545454548        1.0070766655619366E-004   0.0000000000000000     
  0.93409090909090908        7.8930404469994002E-005   0.0000000000000000     
  0.93522727272727280        5.4019341425304972E-005   0.0000000000000000     
  0.93636363636363640        2.6963529914267718E-005   0.0000000000000000     
  0.93863636363636371       -2.9243908361861059E-005   0.0000000000000000     
  0.94090909090909092       -8.0897425827242318E-005   0.0000000000000000     
  0.94204545454545452       -1.0241904147165178E-004   0.0000000000000000     
  0.94261363636363638       -1.1170102311417451E-004   0.0000000000000000     
  0.94318181818181812       -1.1986874877418024E-004   0.0000000000000000     
  0.94374999999999998       -1.2684074258935267E-004   0.0000000000000000     
  0.94431818181818183       -1.3254745653226797E-004   0.0000000000000000     
  0.94488636363636358       -1.3693196417580665E-004   0.0000000000000000     
  0.94545454545454544       -1.3995052855377278E-004   0.0000000000000000     
  0.94602272727272729       -1.4157303845211384E-004   0.0000000000000000     
  0.94659090909090904       -1.4178330877860328E-004   0.0000000000000000     
  0.94715909090909089       -1.4057924201468043E-004   0.0000000000000000     
  0.94772727272727275       -1.3797284913891669E-004   0.0000000000000000     
  0.94829545454545450       -1.3399012981338986E-004   0.0000000000000000     
  0.94886363636363635       -1.2867081302814177E-004   0.0000000000000000     
  0.94943181818181821       -1.2206796079089352E-004   0.0000000000000000     
  0.94999999999999996       -1.1424743881533401E-004   0.0000000000000000     
  0.95113636363636367       -9.5282016104285779E-005   0.0000000000000000     
  0.95227272727272727       -7.2533578781833311E-005   0.0000000000000000     
  0.95340909090909087       -4.6905315868275491E-005   0.0000000000000000     
  0.95454545454545459       -1.9414755088472384E-005   0.0000000000000000     
  0.95681818181818179        3.6763623803592528E-005   0.0000000000000000     
  0.95795454545454550        6.3220972443412708E-005   0.0000000000000000     
  0.95909090909090911        8.7168237100131510E-005   0.0000000000000000     
  0.95965909090909096        9.7897290418307392E-005   0.0000000000000000     
  0.96022727272727271        1.0764978471777710E-004   0.0000000000000000     
  0.96079545454545456        1.1632843552598839E-004   0.0000000000000000     
  0.96136363636363642        1.2384667032718595E-004   0.0000000000000000     
  0.96193181818181817        1.3012949215292886E-004   0.0000000000000000     
  0.96250000000000002        1.3511422770255289E-004   0.0000000000000000     
  0.96306818181818188        1.3875115253081361E-004   0.0000000000000000     
  0.96363636363636362        1.4100398706627215E-004   0.0000000000000000     
  0.96420454545454548        1.4185025851245198E-004   0.0000000000000000     
  0.96477272727272734        1.4128152502168229E-004   0.0000000000000000     
  0.96534090909090908        1.3930345990542382E-004   0.0000000000000000     
  0.96590909090909094        1.3593579504104044E-004   0.0000000000000000     
  0.96647727272727280        1.3121212403956325E-004   0.0000000000000000     
  0.96704545454545454        1.2517956713790901E-004   0.0000000000000000     
  0.96761363636363640        1.1789830115836509E-004   0.0000000000000000     
  0.96818181818181825        1.0944095922417353E-004   0.0000000000000000     
  0.96931818181818186        8.9351342548800244E-005   0.0000000000000000     
  0.97045454545454546        6.5714178831171999E-005   0.0000000000000000     
  0.97159090909090917        3.9467942500900608E-005   0.0000000000000000     
  0.97272727272727277        1.1654696893669891E-005   0.0000000000000000     
  0.97500000000000009       -4.4250180350740748E-005   0.0000000000000000     
  0.97613636363636369       -7.0122201445326149E-005   0.0000000000000000     
  0.97727272727272729       -9.3210136691420753E-005   0.0000000000000000     
  0.97784090909090904       -1.0341697724971694E-004   0.0000000000000000     
  0.97840909090909089       -1.1259219802171852E-004   0.0000000000000000     
  0.97897727272727275       -1.2064427303612011E-004   0.0000000000000000     
  0.97954545454545450       -1.2749288008542117E-004   0.0000000000000000     
  0.98011363636363635       -1.3306970196747320E-004   0.0000000000000000     
  0.98068181818181821       -1.3731910797297372E-004   0.0000000000000000     
  0.98124999999999996       -1.4019870882085961E-004   0.0000000000000000     
  0.98181818181818181       -1.4167977950591223E-004   0.0000000000000000     
  0.98238636363636367       -1.4174754584052421E-004   0.0000000000000000     
  0.98295454545454541       -1.4040133183228646E-004   0.0000000000000000     
  0.98352272727272727       -1.3765456642724215E-004   0.0000000000000000     
  0.98409090909090913       -1.3353464955154969E-004   0.0000000000000000     
  0.98465909090909087       -1.2808267878783064E-004   0.0000000000000000     
  0.98522727272727273       -1.2135303941269540E-004   0.0000000000000000     
  0.98579545454545459       -1.1341286188497927E-004   0.0000000000000000     
  0.98636363636363633       -1.0434135219640940E-004   0.0000000000000000     
  0.98750000000000004       -8.3181349727617297E-005   0.0000000000000000     
  0.98863636363636365       -5.8718769560726873E-005   0.0000000000000000     
  0.99090909090909096       -3.8880953452371358E-006   0.0000000000000000     
  0.99318181818181817        5.1548040974964282E-005   0.0000000000000000     
  0.99431818181818188        7.6746414761588830E-005   0.0000000000000000     
  0.99545454545454548        9.8897699283240361E-005   0.0000000000000000     
  0.99602272727272734        1.0854877554758814E-004   0.0000000000000000     
  0.99659090909090908        1.1711704057908647E-004   0.0000000000000000     
  0.99715909090909094        1.2451702299793438E-004   0.0000000000000000     
  0.99772727272727280        1.3067490544372608E-004   0.0000000000000000     
  0.99829545454545454        1.3552926092892247E-004   0.0000000000000000     
  0.99886363636363640        1.3903166559410291E-004   0.0000000000000000     
  0.99943181818181825        1.4114718175255072E-004   0.0000000000000000     
   1.0000000000000000        1.4185470640565463E-004   0.0000000000000000     
