X My_beautiful_solution_real My_beautiful_solution_imag
   0.0000000000000000        0.0000000000000000        0.0000000000000000     
   1.1363636363636365E-003   4.0046092623610390E-006   0.0000000000000000     
   1.7045454545454547E-003   5.4735389251038800E-006   0.0000000000000000     
   2.2727272727272731E-003   6.5655743071954405E-006   0.0000000000000000     
   2.8409090909090910E-003   7.2698219814880573E-006   0.0000000000000000     
   3.4090909090909094E-003   7.5792568361038320E-006   0.0000000000000000     
   3.9772727272727277E-003   7.4907921523329202E-006   0.0000000000000000     
   4.5454545454545461E-003   7.0053103957104271E-006   0.0000000000000000     
   5.6818181818181820E-003   4.8684820022915587E-006   0.0000000000000000     
   6.8181818181818187E-003   1.2555812506270431E-006   0.0000000000000000     
   7.9545454545454555E-003  -3.6899476198355811E-006   0.0000000000000000     
   9.0909090909090922E-003  -9.7717505777372955E-006   0.0000000000000000     
   9.6590909090909088E-003  -1.3165045014393734E-005   0.0000000000000000     
   1.0227272727272727E-002  -1.6749307469961043E-005   0.0000000000000000     
   1.0795454545454546E-002  -2.0488783698214086E-005   0.0000000000000000     
   1.1363636363636364E-002  -2.4346171142357620E-005   0.0000000000000000     
   1.3636363636363637E-002  -4.0175293170920212E-005   0.0000000000000000     
   1.4204545454545456E-002  -4.4035090595493687E-005   0.0000000000000000     
   1.4772727272727274E-002  -4.7777916755968021E-005   0.0000000000000000     
   1.5340909090909093E-002  -5.1366435678826121E-005   0.0000000000000000     
   1.5909090909090911E-002  -5.4764850658123083E-005   0.0000000000000000     
   1.6477272727272729E-002  -5.7939261339894538E-005   0.0000000000000000     
   1.7045454545454548E-002  -6.0858001889804217E-005   0.0000000000000000     
   1.8181818181818184E-002  -6.5816395445147745E-005   0.0000000000000000     
   1.9318181818181818E-002  -6.9444435391674626E-005   0.0000000000000000     
   1.9886363636363636E-002  -7.0711845822047474E-005   0.0000000000000000     
   2.0454545454545454E-002  -7.1596175213526166E-005   0.0000000000000000     
   2.1022727272727273E-002  -7.2088602077394727E-005   0.0000000000000000     
   2.1590909090909091E-002  -7.2184214286944538E-005   0.0000000000000000     
   2.2159090909090910E-002  -7.1882058077621570E-005   0.0000000000000000     
   2.2727272727272728E-002  -7.1185147561154678E-005   0.0000000000000000     
   2.3295454545454546E-002  -7.0100434658758215E-005   0.0000000000000000     
   2.3863636363636365E-002  -6.8638739753335685E-005   0.0000000000000000     
   2.4431818181818183E-002  -6.6814643752452374E-005   0.0000000000000000     
   2.5000000000000001E-002  -6.4646342638785987E-005   0.0000000000000000     
   2.5568181818181820E-002  -6.2155465958964125E-005   0.0000000000000000     
   2.6136363636363638E-002  -5.9366861061424785E-005   0.0000000000000000     
   2.6704545454545453E-002  -5.6308345235601219E-005   0.0000000000000000     
   2.7272727272727271E-002  -5.3010428224927492E-005   0.0000000000000000     
   2.7840909090909090E-002  -4.9506007881693009E-005   0.0000000000000000     
   2.8409090909090912E-002  -4.5830041999692590E-005   0.0000000000000000     
   2.8977272727272730E-002  -4.2019199598254339E-005   0.0000000000000000     
   2.9545454545454548E-002  -3.8111495136206336E-005   0.0000000000000000     
   3.1818181818181822E-002  -2.2296269334724368E-005   0.0000000000000000     
   3.2386363636363644E-002  -1.8493563767061928E-005   0.0000000000000000     
   3.2954545454545459E-002  -1.4828672417811736E-005   0.0000000000000000     
   3.3522727272727273E-002  -1.1338153834042710E-005   0.0000000000000000     
   3.4090909090909095E-002  -8.0568271347352213E-006   0.0000000000000000     
   3.5227272727272732E-002  -2.2489144240032412E-006   0.0000000000000000     
   3.6363636363636369E-002   2.3655103633713550E-006   0.0000000000000000     
   3.6931818181818191E-002   4.1653944281174755E-006   0.0000000000000000     
   3.7500000000000006E-002   5.6014334018358502E-006   0.0000000000000000     
   3.8068181818181820E-002   6.6593023036715331E-006   0.0000000000000000     
   3.8636363636363642E-002   7.3284485288253581E-006   0.0000000000000000     
   3.9204545454545464E-002   7.6021971144028956E-006   0.0000000000000000     
   3.9772727272727279E-002   7.4778173244566960E-006   0.0000000000000000     
   4.0340909090909094E-002   6.9565498900131076E-006   0.0000000000000000     
   4.0909090909090916E-002   6.0435946323550907E-006   0.0000000000000000     
   4.1477272727272738E-002   4.7480585930231244E-006   0.0000000000000000     
   4.2045454545454553E-002   3.0828651879550980E-006   0.0000000000000000     
   4.2613636363636367E-002   1.0646252919837679E-006   0.0000000000000000     
   4.3181818181818189E-002  -1.2865284603317754E-006   0.0000000000000000     
   4.3750000000000011E-002  -3.9471425046346910E-006   0.0000000000000000     
   4.4318181818181826E-002  -6.8906763041117884E-006   0.0000000000000000     
   4.4886363636363641E-002  -1.0087767100443047E-005   0.0000000000000000     
   4.5454545454545463E-002  -1.3506522817377653E-005   0.0000000000000000     
   4.6590909090909099E-002  -2.0869992666176265E-005   0.0000000000000000     
   4.7727272727272729E-002  -2.8687631373198493E-005   0.0000000000000000     
   4.8863636363636366E-002  -3.6649052543775884E-005   0.0000000000000000     
   5.0000000000000003E-002  -4.4438161138705112E-005   0.0000000000000000     
   5.0568181818181818E-002  -4.8170652146674331E-005   0.0000000000000000     
   5.1136363636363640E-002  -5.1744918246925170E-005   0.0000000000000000     
   5.1704545454545461E-002  -5.5125304910302219E-005   0.0000000000000000     
   5.2272727272727276E-002  -5.8278091621470210E-005   0.0000000000000000     
   5.3409090909090906E-002  -6.3779077693167601E-005   0.0000000000000000     
   5.4545454545454543E-002  -6.8030598482502161E-005   0.0000000000000000     
   5.5113636363636365E-002  -6.9632459454522754E-005   0.0000000000000000     
   5.5681818181818180E-002  -7.0862006636542078E-005   0.0000000000000000     
   5.6250000000000001E-002  -7.1706974874086589E-005   0.0000000000000000     
   5.6818181818181823E-002  -7.2158935319438785E-005   0.0000000000000000     
   5.7386363636363638E-002  -7.2213379512281486E-005   0.0000000000000000     
   5.7954545454545460E-002  -7.1869764353134564E-005   0.0000000000000000     
   5.8522727272727282E-002  -7.1131517520958224E-005   0.0000000000000000     
   5.9090909090909097E-002  -7.0006003280880850E-005   0.0000000000000000     
   5.9659090909090912E-002  -6.8504449023130832E-005   0.0000000000000000     
   6.0227272727272733E-002  -6.6641833265971645E-005   0.0000000000000000     
   6.0795454545454555E-002  -6.4436736239849554E-005   0.0000000000000000     
   6.1363636363636370E-002  -6.1911154543227916E-005   0.0000000000000000     
   6.1931818181818185E-002  -5.9090281718979733E-005   0.0000000000000000     
   6.2500000000000000E-002  -5.6002256940164556E-005   0.0000000000000000     
   6.3068181818181829E-002  -5.2677884312134408E-005   0.0000000000000000     
   6.3636363636363644E-002  -4.9150325591027591E-005   0.0000000000000000     
   6.4772727272727287E-002  -4.1628730932795208E-005   0.0000000000000000     
   6.5909090909090917E-002  -3.3737113817491313E-005   0.0000000000000000     
   6.7045454545454547E-002  -2.5788797829937364E-005   0.0000000000000000     
   6.8181818181818191E-002  -1.8099357689753790E-005   0.0000000000000000     
   6.8750000000000006E-002  -1.4448081258246969E-005   0.0000000000000000     
   6.9318181818181834E-002  -1.0974974119456292E-005   0.0000000000000000     
   6.9886363636363649E-002  -7.7146817072322537E-006   0.0000000000000000     
   7.0454545454545464E-002  -4.6997265556016441E-006   0.0000000000000000     
   7.2727272727272738E-002   4.3795471705603114E-006   0.0000000000000000     
   7.3295454545454553E-002   5.7910177987073992E-006   0.0000000000000000     
   7.3863636363636381E-002   6.8224271856475227E-006   0.0000000000000000     
   7.4431818181818196E-002   7.4634866693095122E-006   0.0000000000000000     
   7.5000000000000011E-002   7.7078014616699347E-006   0.0000000000000000     
   7.5568181818181826E-002   7.5529344389548576E-006   0.0000000000000000     
   7.6136363636363641E-002   7.0004304527846446E-006   0.0000000000000000     
   7.6704545454545470E-002   6.0558009197496497E-006   0.0000000000000000     
   7.7272727272727285E-002   4.7284688431412032E-006   0.0000000000000000     
   7.7840909090909099E-002   3.0316748152646376E-006   0.0000000000000000     
   7.8409090909090928E-002   9.8234493799387221E-007   0.0000000000000000     
   7.8977272727272743E-002  -1.3990780208947014E-006   0.0000000000000000     
   7.9545454545454558E-002  -4.0888385513363071E-006   0.0000000000000000     
   8.0113636363636373E-002  -7.0601053703308318E-006   0.0000000000000000     
   8.0681818181818188E-002  -1.0283239073185176E-005   0.0000000000000000     
   8.1250000000000017E-002  -1.3726087796731796E-005   0.0000000000000000     
   8.1818181818181832E-002  -1.7354307945181013E-005   0.0000000000000000     
   8.2954545454545475E-002  -2.5020050096561042E-005   0.0000000000000000     
   8.4090909090909105E-002  -3.2975189950607464E-005   0.0000000000000000     
   8.5227272727272735E-002  -4.0903881857384735E-005   0.0000000000000000     
   8.5795454545454564E-002  -4.4759396089521041E-005   0.0000000000000000     
   8.6363636363636379E-002  -4.8490713862055079E-005   0.0000000000000000     
   8.6931818181818193E-002  -5.2060614001583172E-005   0.0000000000000000     
   8.7500000000000022E-002  -5.5433485530904371E-005   0.0000000000000000     
   8.8636363636363652E-002  -6.1457161992603188E-005   0.0000000000000000     
   8.9772727272727282E-002  -6.6323560988494965E-005   0.0000000000000000     
   9.0909090909090925E-002  -6.9839470207809124E-005   0.0000000000000000     
   9.1477272727272740E-002  -7.1044624727480352E-005   0.0000000000000000     
   9.2045454545454569E-002  -7.1863378624641350E-005   0.0000000000000000     
   9.2613636363636384E-002  -7.2287564548602807E-005   0.0000000000000000     
   9.3181818181818199E-002  -7.2312951099416111E-005   0.0000000000000000     
   9.3750000000000014E-002  -7.1939285037537603E-005   0.0000000000000000     
   9.4318181818181829E-002  -7.1170293809979883E-005   0.0000000000000000     
   9.4886363636363644E-002  -7.0013648367750529E-005   0.0000000000000000     
   9.5454545454545459E-002  -6.8480886645487236E-005   0.0000000000000000     
   9.6022727272727273E-002  -6.6587298466606008E-005   0.0000000000000000     
   9.6590909090909088E-002  -6.4351773022073186E-005   0.0000000000000000     
   9.7159090909090917E-002  -6.1796610444252644E-005   0.0000000000000000     
   9.7727272727272732E-002  -5.8947299355444103E-005   0.0000000000000000     
   9.8295454545454547E-002  -5.5832262610141054E-005   0.0000000000000000     
   9.8863636363636376E-002  -5.2482573767317536E-005   0.0000000000000000     
   9.9431818181818191E-002  -4.8931647121029583E-005   0.0000000000000000     
  0.10000000000000001       -4.5214904381381386E-005   0.0000000000000000     
  0.10113636363636364       -3.7434006530556804E-005   0.0000000000000000     
  0.10227272727272728       -2.9449630806342730E-005   0.0000000000000000     
  0.10340909090909092       -2.1578783620469687E-005   0.0000000000000000     
  0.10397727272727274       -1.7784288567809538E-005   0.0000000000000000     
  0.10454545454545455       -1.4134682996723774E-005   0.0000000000000000     
  0.10511363636363637       -1.0666372973406128E-005   0.0000000000000000     
  0.10568181818181818       -7.4139560788362221E-006   0.0000000000000000     
  0.10681818181818181       -1.6827191213545652E-006   0.0000000000000000     
  0.10795454545454544        2.8325500662005026E-006   0.0000000000000000     
  0.10852272727272727        4.5756207316487677E-006   0.0000000000000000     
  0.10909090909090909        5.9507541581179542E-006   0.0000000000000000     
  0.10965909090909090        6.9442329184576685E-006   0.0000000000000000     
  0.11022727272727273        7.5461467215949382E-006   0.0000000000000000     
  0.11079545454545454        7.7504912710836876E-006   0.0000000000000000     
  0.11136363636363636        7.5552281600193824E-006   0.0000000000000000     
  0.11193181818181819        6.9623052048463029E-006   0.0000000000000000     
  0.11250000000000000        5.9776370152211674E-006   0.0000000000000000     
  0.11306818181818182        4.6110459937549120E-006   0.0000000000000000     
  0.11363636363636365        2.8761643541807871E-006   0.0000000000000000     
  0.11420454545454546        7.9029813535114237E-007   0.0000000000000000     
  0.11477272727272728       -1.6257454324307014E-006   0.0000000000000000     
  0.11534090909090911       -4.3478654866627201E-006   0.0000000000000000     
  0.11590909090909092       -7.3489079470061056E-006   0.0000000000000000     
  0.11647727272727273       -1.0598936386542071E-005   0.0000000000000000     
  0.11704545454545456       -1.4065530657888550E-005   0.0000000000000000     
  0.11761363636363638       -1.7714110295279603E-005   0.0000000000000000     
  0.11818181818181819       -2.1508279466561737E-005   0.0000000000000000     
  0.11931818181818182       -2.9380577562302451E-005   0.0000000000000000     
  0.12045454545454547       -3.7369145841049768E-005   0.0000000000000000     
  0.12159090909090911       -4.5156811432640561E-005   0.0000000000000000     
  0.12215909090909093       -4.8877824165911000E-005   0.0000000000000000     
  0.12272727272727274       -5.2433557708242196E-005   0.0000000000000000     
  0.12329545454545456       -5.5788542399094662E-005   0.0000000000000000     
  0.12386363636363637       -5.8909311116513663E-005   0.0000000000000000     
  0.12500000000000000       -6.4327782862753759E-005   0.0000000000000000     
  0.12613636363636366       -6.8475003896822112E-005   0.0000000000000000     
  0.12670454545454546       -7.0017805240319117E-005   0.0000000000000000     
  0.12727272727272729       -7.1184448837553904E-005   0.0000000000000000     
  0.12784090909090912       -7.1963297018866467E-005   0.0000000000000000     
  0.12840909090909092       -7.2346580506757750E-005   0.0000000000000000     
  0.12897727272727275       -7.2330475917095101E-005   0.0000000000000000     
  0.12954545454545457       -7.1915143898678975E-005   0.0000000000000000     
  0.13011363636363638       -7.1104727530716297E-005   0.0000000000000000     
  0.13068181818181820       -6.9907310994185408E-005   0.0000000000000000     
  0.13125000000000003       -6.8334838929360835E-005   0.0000000000000000     
  0.13181818181818183       -6.6402997283933446E-005   0.0000000000000000     
  0.13238636363636364       -6.4131056840306685E-005   0.0000000000000000     
  0.13295454545454546       -6.1541680982938834E-005   0.0000000000000000     
  0.13352272727272729       -5.8660699623317021E-005   0.0000000000000000     
  0.13409090909090909       -5.5516851537738856E-005   0.0000000000000000     
  0.13465909090909092       -5.2141497688170299E-005   0.0000000000000000     
  0.13522727272727275       -4.8568308385904351E-005   0.0000000000000000     
  0.13579545454545455       -4.4832927418667687E-005   0.0000000000000000     
  0.13636363636363638       -4.0972616491623213E-005   0.0000000000000000     
  0.13863636363636367       -2.5063889926060307E-005   0.0000000000000000     
  0.13920454545454547       -2.1168206319056384E-005   0.0000000000000000     
  0.13977272727272730       -1.7383656454479889E-005   0.0000000000000000     
  0.14034090909090913       -1.3747992514094156E-005   0.0000000000000000     
  0.14090909090909093       -1.0297481491549424E-005   0.0000000000000000     
  0.14318181818181819        1.0264332957305945E-006   0.0000000000000000     
  0.14545454545454548        7.1592787715593555E-006   0.0000000000000000     
  0.14602272727272730        7.7464506293121619E-006   0.0000000000000000     
  0.14659090909090911        7.9340551332981808E-006   0.0000000000000000     
  0.14715909090909093        7.7202208643031282E-006   0.0000000000000000     
  0.14772727272727276        7.1070808924354908E-006   0.0000000000000000     
  0.14829545454545456        6.1007514990213677E-006   0.0000000000000000     
  0.14886363636363639        4.7112711646021220E-006   0.0000000000000000     
  0.14943181818181822        2.9525004316513511E-006   0.0000000000000000     
  0.15000000000000002        8.4198364091401684E-007   0.0000000000000000     
  0.15056818181818182       -1.5992260794047279E-006   0.0000000000000000     
  0.15113636363636365       -4.3467768258076067E-006   0.0000000000000000     
  0.15170454545454548       -7.3732608380870214E-006   0.0000000000000000     
  0.15227272727272728       -1.0648487901125238E-005   0.0000000000000000     
  0.15284090909090908       -1.4139786502635925E-005   0.0000000000000000     
  0.15340909090909091       -1.7812329742694607E-005   0.0000000000000000     
  0.15397727272727274       -2.1629482743999230E-005   0.0000000000000000     
  0.15454545454545454       -2.5553168097325407E-005   0.0000000000000000     
  0.15681818181818183       -4.1523556723506727E-005   0.0000000000000000     
  0.15738636363636366       -4.5385928059307409E-005   0.0000000000000000     
  0.15795454545454546       -4.9117853064411378E-005   0.0000000000000000     
  0.15852272727272729       -5.2682104508062253E-005   0.0000000000000000     
  0.15909090909090912       -5.6043127760735854E-005   0.0000000000000000     
  0.16022727272727275       -6.2025071647057539E-005   0.0000000000000000     
  0.16136363636363638       -6.6827190155504409E-005   0.0000000000000000     
  0.16250000000000003       -7.0258823125577034E-005   0.0000000000000000     
  0.16363636363636366       -7.2183723254819353E-005   0.0000000000000000     
  0.16420454545454549       -7.2554328423052206E-005   0.0000000000000000     
  0.16477272727272729       -7.2523473157076409E-005   0.0000000000000000     
  0.16534090909090912       -7.2091465248743378E-005   0.0000000000000000     
  0.16590909090909095       -7.1262614124976197E-005   0.0000000000000000     
  0.16647727272727275       -7.0045187859759688E-005   0.0000000000000000     
  0.16704545454545458       -6.8451330697268613E-005   0.0000000000000000     
  0.16761363636363641       -6.6496941908871098E-005   0.0000000000000000     
  0.16818181818181821       -6.4201517192448269E-005   0.0000000000000000     
  0.16875000000000001       -6.1587954196126997E-005   0.0000000000000000     
  0.16931818181818184       -5.8682324106393475E-005   0.0000000000000000     
  0.16988636363636367       -5.5513611579074644E-005   0.0000000000000000     
  0.17045454545454547       -5.2113425607463647E-005   0.0000000000000000     
  0.17102272727272727       -4.8515684211779897E-005   0.0000000000000000     
  0.17159090909090910       -4.4756276095294857E-005   0.0000000000000000     
  0.17215909090909093       -4.0872702642219179E-005   0.0000000000000000     
  0.17272727272727273       -3.6903703828544195E-005   0.0000000000000000     
  0.17386363636363639       -2.8868284519668204E-005   0.0000000000000000     
  0.17500000000000002       -2.0969475140425240E-005   0.0000000000000000     
  0.17556818181818185       -1.7170046349288035E-005   0.0000000000000000     
  0.17613636363636365       -1.3521634316339513E-005   0.0000000000000000     
  0.17670454545454548       -1.0060633201821146E-005   0.0000000000000000     
  0.17727272727272730       -6.8215676778429092E-006   0.0000000000000000     
  0.17840909090909093       -1.1345407881435577E-006   0.0000000000000000     
  0.17954545454545456        3.3147538189857790E-006   0.0000000000000000     
  0.18068181818181822        6.3496642715822547E-006   0.0000000000000000     
  0.18181818181818185        7.8496944775614149E-006   0.0000000000000000     
  0.18238636363636368        8.0025545395842560E-006   0.0000000000000000     
  0.18295454545454548        7.7532925235754107E-006   0.0000000000000000     
  0.18352272727272731        7.1043949035599658E-006   0.0000000000000000     
  0.18409090909090914        6.0623346556574267E-006   0.0000000000000000     
  0.18465909090909094        4.6375066879268619E-006   0.0000000000000000     
  0.18522727272727277        2.8441241475966598E-006   0.0000000000000000     
  0.18579545454545460        7.0007664005087814E-007   0.0000000000000000     
  0.18636363636363640       -1.7732482261148742E-006   0.0000000000000000     
  0.18693181818181820       -4.5511781878184510E-006   0.0000000000000000     
  0.18750000000000003       -7.6060024417697585E-006   0.0000000000000000     
  0.18806818181818186       -1.0907248069228978E-005   0.0000000000000000     
  0.18863636363636366       -1.4421984013813499E-005   0.0000000000000000     
  0.18977272727272729       -2.1949201481192999E-005   0.0000000000000000     
  0.19090909090909092       -2.9887739608543315E-005   0.0000000000000000     
  0.19204545454545455       -3.7922411889985939E-005   0.0000000000000000     
  0.19318181818181818       -4.5734214972303711E-005   0.0000000000000000     
  0.19375000000000001       -4.9458716948619789E-005   0.0000000000000000     
  0.19431818181818183       -5.3012145129432662E-005   0.0000000000000000     
  0.19488636363636364       -5.6359052850973842E-005   0.0000000000000000     
  0.19545454545454546       -5.9466053561825578E-005   0.0000000000000000     
  0.19772727272727275       -6.8948573857188173E-005   0.0000000000000000     
  0.19886363636363638       -7.1601888598764741E-005   0.0000000000000000     
  0.20000000000000001       -7.2695146309733447E-005   0.0000000000000000     
  0.20056818181818181       -7.2640203858967775E-005   0.0000000000000000     
  0.20113636363636364       -7.2182944337093014E-005   0.0000000000000000     
  0.20170454545454547       -7.1327929064530403E-005   0.0000000000000000     
  0.20227272727272727       -7.0083687111614730E-005   0.0000000000000000     
  0.20284090909090910       -6.8462630218194548E-005   0.0000000000000000     
  0.20340909090909093       -6.6480928982274679E-005   0.0000000000000000     
  0.20397727272727273       -6.4158351552759469E-005   0.0000000000000000     
  0.20454545454545456       -6.1518066435393282E-005   0.0000000000000000     
  0.20511363636363639       -5.8586411378976990E-005   0.0000000000000000     
  0.20568181818181819       -5.5392630647298212E-005   0.0000000000000000     
  0.20625000000000002       -5.1968583297578357E-005   0.0000000000000000     
  0.20681818181818185       -4.8348425375460426E-005   0.0000000000000000     
  0.20795454545454548       -4.0666430029439012E-005   0.0000000000000000     
  0.20909090909090911       -3.2652618789628429E-005   0.0000000000000000     
  0.21022727272727273       -2.4625166756144885E-005   0.0000000000000000     
  0.21079545454545456       -2.0706395659386030E-005   0.0000000000000000     
  0.21136363636363636       -1.6903365024635373E-005   0.0000000000000000     
  0.21193181818181819       -1.3254011385670996E-005   0.0000000000000000     
  0.21250000000000002       -9.7947382955775919E-006   0.0000000000000000     
  0.21306818181818182       -6.5600531888293208E-006   0.0000000000000000     
  0.21363636363636365       -3.5822231578056963E-006   0.0000000000000000     
  0.21477272727272728        1.4884661205500640E-006   0.0000000000000000     
  0.21590909090909094        5.2172809721295003E-006   0.0000000000000000     
  0.21647727272727274        6.5294804197601140E-006   0.0000000000000000     
  0.21704545454545457        7.4542522084874152E-006   0.0000000000000000     
  0.21761363636363640        7.9823714228242366E-006   0.0000000000000000     
  0.21818181818181820        8.1085698926352504E-006   0.0000000000000000     
  0.21875000000000000        7.8315887449392888E-006   0.0000000000000000     
  0.21931818181818183        7.1541909615986013E-006   0.0000000000000000     
  0.21988636363636366        6.0831338176281067E-006   0.0000000000000000     
  0.22045454545454546        4.6291014750616155E-006   0.0000000000000000     
  0.22102272727272726        2.8065984047741543E-006   0.0000000000000000     
  0.22159090909090909        6.3380469941476098E-007   0.0000000000000000     
  0.22215909090909092       -1.8676052792472725E-006   0.0000000000000000     
  0.22272727272727272       -4.6726791095083812E-006   0.0000000000000000     
  0.22329545454545452       -7.7534352186880997E-006   0.0000000000000000     
  0.22386363636363635       -1.1079142008904844E-005   0.0000000000000000     
  0.22443181818181818       -1.4616624415295349E-005   0.0000000000000000     
  0.22499999999999998       -1.8330594838655108E-005   0.0000000000000000     
  0.22613636363636364       -2.6137915006313432E-005   0.0000000000000000     
  0.22727272727272727       -3.4190249902178923E-005   0.0000000000000000     
  0.22840909090909089       -4.2167894908187706E-005   0.0000000000000000     
  0.22897727272727272       -4.6029094325936882E-005   0.0000000000000000     
  0.22954545454545455       -4.9753431609084047E-005   0.0000000000000000     
  0.23011363636363635       -5.3303755216998884E-005   0.0000000000000000     
  0.23068181818181818       -5.6644649455091914E-005   0.0000000000000000     
  0.23181818181818181       -6.2568623292722951E-005   0.0000000000000000     
  0.23295454545454547       -6.7291190934800553E-005   0.0000000000000000     
  0.23409090909090910       -7.0624850656195406E-005   0.0000000000000000     
  0.23465909090909093       -7.1726674267956285E-005   0.0000000000000000     
  0.23522727272727273       -7.2435293579320515E-005   0.0000000000000000     
  0.23579545454545456       -7.2743639869832404E-005   0.0000000000000000     
  0.23636363636363639       -7.2648637279582037E-005   0.0000000000000000     
  0.23693181818181819       -7.2151233491962006E-005   0.0000000000000000     
  0.23750000000000002       -7.1256390280200800E-005   0.0000000000000000     
  0.23806818181818185       -6.9973034011974527E-005   0.0000000000000000     
  0.23863636363636365       -6.8313966605830717E-005   0.0000000000000000     
  0.23920454545454548       -6.6295737827663470E-005   0.0000000000000000     
  0.23977272727272730       -6.3938480201128085E-005   0.0000000000000000     
  0.24034090909090911       -6.1265708178818502E-005   0.0000000000000000     
  0.24090909090909093       -5.8304083577544445E-005   0.0000000000000000     
  0.24147727272727276       -5.5083149617573228E-005   0.0000000000000000     
  0.24204545454545456       -5.1635036218883622E-005   0.0000000000000000     
  0.24261363636363639       -4.7994139494203408E-005   0.0000000000000000     
  0.24318181818181822       -4.4196778635999313E-005   0.0000000000000000     
  0.24431818181818185       -3.6285761997395157E-005   0.0000000000000000     
  0.24545454545454548       -2.8216856632483307E-005   0.0000000000000000     
  0.24659090909090911       -2.0310425062351741E-005   0.0000000000000000     
  0.24715909090909094       -1.6517027542830139E-005   0.0000000000000000     
  0.24772727272727274       -1.2881160867863703E-005   0.0000000000000000     
  0.24829545454545454       -9.4390940534492471E-006   0.0000000000000000     
  0.24886363636363637       -6.2251628955645863E-006   0.0000000000000000     
  0.25000000000000000       -6.0591470639608126E-007   0.0000000000000000     
  0.25113636363636366        3.7546129773144355E-006   0.0000000000000000     
  0.25170454545454546        5.4061301507016602E-006   0.0000000000000000     
  0.25227272727272732        6.6814254690615777E-006   0.0000000000000000     
  0.25284090909090912        7.5677774245837260E-006   0.0000000000000000     
  0.25340909090909092        8.0563443527828137E-006   0.0000000000000000     
  0.25397727272727277        8.1422526311312390E-006   0.0000000000000000     
  0.25454545454545457        7.8246452951139896E-006   0.0000000000000000     
  0.25511363636363638        7.1066905867434031E-006   0.0000000000000000     
  0.25568181818181823        5.9955503502592119E-006   0.0000000000000000     
  0.25625000000000003        4.5023085902785825E-006   0.0000000000000000     
  0.25681818181818183        2.6418609050512256E-006   0.0000000000000000     
  0.25738636363636369        4.3276589776268400E-007   0.0000000000000000     
  0.25795454545454549       -2.1029399518911680E-006   0.0000000000000000     
  0.25852272727272729       -4.9399621091416940E-006   0.0000000000000000     
  0.25909090909090915       -8.0500003057990627E-006   0.0000000000000000     
  0.25965909090909095       -1.1402030845124161E-005   0.0000000000000000     
  0.26022727272727275       -1.4962616073836343E-005   0.0000000000000000     
  0.26079545454545461       -1.8696237934162300E-005   0.0000000000000000     
  0.26136363636363641       -2.2565652268632263E-005   0.0000000000000000     
  0.26250000000000007       -3.0556207892961293E-005   0.0000000000000000     
  0.26363636363636367       -3.8616357245490661E-005   0.0000000000000000     
  0.26477272727272727       -4.6426085448099807E-005   0.0000000000000000     
  0.26534090909090913       -5.0139192342530462E-005   0.0000000000000000     
  0.26590909090909093       -5.3674437466222618E-005   0.0000000000000000     
  0.26647727272727273       -5.6996555537633895E-005   0.0000000000000000     
  0.26704545454545459       -6.0072407290601341E-005   0.0000000000000000     
  0.26818181818181819       -6.5366856841192654E-005   0.0000000000000000     
  0.26931818181818185       -6.9348800968561090E-005   0.0000000000000000     
  0.26988636363636365       -7.0795477047436834E-005   0.0000000000000000     
  0.27045454545454550       -7.1858237837287126E-005   0.0000000000000000     
  0.27102272727272730       -7.2526481935053269E-005   0.0000000000000000     
  0.27159090909090911       -7.2793543376870848E-005   0.0000000000000000     
  0.27215909090909096       -7.2656758133342865E-005   0.0000000000000000     
  0.27272727272727276       -7.2117490684146189E-005   0.0000000000000000     
  0.27329545454545456       -7.1181120406879083E-005   0.0000000000000000     
  0.27386363636363642       -6.9856987915926165E-005   0.0000000000000000     
  0.27443181818181822       -6.8158301886629729E-005   0.0000000000000000     
  0.27500000000000002       -6.6102007294226148E-005   0.0000000000000000     
  0.27556818181818188       -6.3708616381911515E-005   0.0000000000000000     
  0.27613636363636368       -6.1002004044187650E-005   0.0000000000000000     
  0.27670454545454548       -5.8009169666606753E-005   0.0000000000000000     
  0.27727272727272734       -5.4759967797649111E-005   0.0000000000000000     
  0.27784090909090914       -5.1286810339372728E-005   0.0000000000000000     
  0.27840909090909094       -4.7624343227581742E-005   0.0000000000000000     
  0.27897727272727280       -4.3809100826745329E-005   0.0000000000000000     
  0.27954545454545460       -3.9879141487194074E-005   0.0000000000000000     
  0.28181818181818186       -2.3805023734752143E-005   0.0000000000000000     
  0.28238636363636366       -1.9898355239020883E-005   0.0000000000000000     
  0.28295454545454546       -1.6115487685384590E-005   0.0000000000000000     
  0.28352272727272732       -1.2494156473977910E-005   0.0000000000000000     
  0.28409090909090912       -9.0704856245686388E-006   0.0000000000000000     
  0.28522727272727277       -2.9491132749197557E-006   0.0000000000000000     
  0.28636363636363638        2.0065713868430703E-006   0.0000000000000000     
  0.28693181818181823        3.9833072437648925E-006   0.0000000000000000     
  0.28750000000000003        5.5980143917191215E-006   0.0000000000000000     
  0.28806818181818183        6.8345855735881973E-006   0.0000000000000000     
  0.28863636363636369        7.6806855680931848E-006   0.0000000000000000     
  0.28920454545454549        8.1278742378529090E-006   0.0000000000000000     
  0.28977272727272729        8.1716907226470257E-006   0.0000000000000000     
  0.29034090909090915        7.8116979380249265E-006   0.0000000000000000     
  0.29090909090909095        7.0514869353731772E-006   0.0000000000000000     
  0.29147727272727275        5.8986410799471821E-006   0.0000000000000000     
  0.29204545454545461        4.3646604042040713E-006   0.0000000000000000     
  0.29261363636363641        2.4648468910388009E-006   0.0000000000000000     
  0.29318181818181821        2.1815183126032261E-007   0.0000000000000000     
  0.29375000000000007       -2.3530132220280750E-006   0.0000000000000000     
  0.29431818181818187       -5.2230000163498778E-006   0.0000000000000000     
  0.29488636363636367       -8.3631794499642887E-006   0.0000000000000000     
  0.29545454545454553       -1.1742227156965893E-005   0.0000000000000000     
  0.29602272727272733       -1.5326435978567479E-005   0.0000000000000000     
  0.29659090909090913       -1.9080052203561424E-005   0.0000000000000000     
  0.29715909090909098       -2.2965632223839983E-005   0.0000000000000000     
  0.29772727272727278       -2.6944416047215822E-005   0.0000000000000000     
  0.29886363636363644       -3.5022236394071742E-005   0.0000000000000000     
  0.30000000000000004       -4.2992334205624896E-005   0.0000000000000000     
  0.30056818181818185       -4.6837405107925611E-005   0.0000000000000000     
  0.30113636363636365       -5.0537550698587501E-005   0.0000000000000000     
  0.30170454545454550       -5.4055860757403183E-005   0.0000000000000000     
  0.30227272727272730       -5.7357238935904550E-005   0.0000000000000000     
  0.30340909090909096       -6.3181353745594737E-005   0.0000000000000000     
  0.30454545454545456       -6.7779734912109456E-005   0.0000000000000000     
  0.30511363636363636       -6.9559644760619030E-005   0.0000000000000000     
  0.30568181818181817       -7.0967967170650710E-005   0.0000000000000000     
  0.30625000000000002       -7.1990653643570090E-005   0.0000000000000000     
  0.30681818181818182       -7.2617502531362361E-005   0.0000000000000000     
  0.30738636363636362       -7.2842260801567508E-005   0.0000000000000000     
  0.30795454545454548       -7.2662686413421602E-005   0.0000000000000000     
  0.30852272727272728       -7.2080570682981748E-005   0.0000000000000000     
  0.30909090909090908       -7.1101720414134593E-005   0.0000000000000000     
  0.30965909090909094       -6.9735899973737511E-005   0.0000000000000000     
  0.31022727272727274       -6.7996733888713801E-005   0.0000000000000000     
  0.31079545454545454       -6.5901570936727249E-005   0.0000000000000000     
  0.31136363636363640       -6.3471311086179822E-005   0.0000000000000000     
  0.31193181818181820       -6.0730197011866283E-005   0.0000000000000000     
  0.31250000000000000       -5.7705572265984109E-005   0.0000000000000000     
  0.31306818181818186       -5.4427608516831101E-005   0.0000000000000000     
  0.31363636363636366       -5.0929004576076165E-005   0.0000000000000000     
  0.31420454545454546       -4.7244660216905943E-005   0.0000000000000000     
  0.31477272727272732       -4.3411328036829012E-005   0.0000000000000000     
  0.31534090909090912       -3.9467246837922742E-005   0.0000000000000000     
  0.31590909090909092       -3.5451760181676928E-005   0.0000000000000000     
  0.31704545454545457       -2.7367061881331711E-005   0.0000000000000000     
  0.31818181818181823       -1.9478577068646332E-005   0.0000000000000000     
  0.31875000000000003       -1.5706644637295840E-005   0.0000000000000000     
  0.31931818181818183       -1.2100326897679571E-005   0.0000000000000000     
  0.31988636363636369       -8.6955981050384515E-006   0.0000000000000000     
  0.32045454545454549       -5.5264215957891830E-006   0.0000000000000000     
  0.32272727272727275        4.2351869157149286E-006   0.0000000000000000     
  0.32329545454545461        5.8250954247874093E-006   0.0000000000000000     
  0.32386363636363641        7.0346027566551120E-006   0.0000000000000000     
  0.32443181818181821        7.8516436612170380E-006   0.0000000000000000     
  0.32500000000000007        8.2680678754721456E-006   0.0000000000000000     
  0.32556818181818187        8.2797214251857321E-006   0.0000000000000000     
  0.32613636363636367        7.8864880622060932E-006   0.0000000000000000     
  0.32670454545454553        7.0922904240794159E-006   0.0000000000000000     
  0.32727272727272733        5.9050509043964421E-006   0.0000000000000000     
  0.32784090909090913        4.3366126242011595E-006   0.0000000000000000     
  0.32840909090909098        2.4026212928001414E-006   0.0000000000000000     
  0.32897727272727278        1.2236913645155606E-007   0.0000000000000000     
  0.32954545454545459       -2.4813975482037928E-006   0.0000000000000000     
  0.33011363636363644       -5.3827052962456081E-006   0.0000000000000000     
  0.33068181818181824       -8.5526125686860788E-006   0.0000000000000000     
  0.33125000000000004       -1.1959498454240487E-005   0.0000000000000000     
  0.33181818181818190       -1.5569378098752177E-005   0.0000000000000000     
  0.33295454545454550       -2.3251772049153139E-005   0.0000000000000000     
  0.33409090909090916       -3.1293770252878447E-005   0.0000000000000000     
  0.33522727272727282       -3.9376078493102003E-005   0.0000000000000000     
  0.33579545454545462       -4.3331644528996813E-005   0.0000000000000000     
  0.33636363636363642       -4.7177256416357940E-005   0.0000000000000000     
  0.33693181818181822       -5.0874552858820682E-005   0.0000000000000000     
  0.33750000000000002       -5.4386652057406927E-005   0.0000000000000000     
  0.33806818181818188       -5.7678519619108658E-005   0.0000000000000000     
  0.33863636363636368       -6.0717318036962368E-005   0.0000000000000000     
  0.33977272727272734       -6.5918824867999549E-005   0.0000000000000000     
  0.34090909090909094       -6.9785911299663508E-005   0.0000000000000000     
  0.34147727272727280       -7.1168331606460803E-005   0.0000000000000000     
  0.34204545454545460       -7.2163117272238815E-005   0.0000000000000000     
  0.34261363636363640       -7.2760344969095202E-005   0.0000000000000000     
  0.34318181818181825       -7.2954057146099789E-005   0.0000000000000000     
  0.34375000000000006       -7.2742321457906994E-005   0.0000000000000000     
  0.34431818181818186       -7.2127250040562741E-005   0.0000000000000000     
  0.34488636363636371       -7.1114978442223385E-005   0.0000000000000000     
  0.34545454545454551       -6.9715604418961000E-005   0.0000000000000000     
  0.34602272727272732       -6.7943087206185561E-005   0.0000000000000000     
  0.34659090909090917       -6.5815108270488487E-005   0.0000000000000000     
  0.34715909090909097       -6.3352894930955201E-005   0.0000000000000000     
  0.34772727272727277       -6.0581008609381994E-005   0.0000000000000000     
  0.34829545454545457       -5.7527099821677793E-005   0.0000000000000000     
  0.34886363636363638       -5.4221632354492779E-005   0.0000000000000000     
  0.34943181818181823       -5.0697579378507009E-005   0.0000000000000000     
  0.35000000000000003       -4.6990094529755276E-005   0.0000000000000000     
  0.35113636363636369       -3.9174759830285579E-005   0.0000000000000000     
  0.35227272727272729       -3.1086833531280287E-005   0.0000000000000000     
  0.35340909090909089       -2.3047433348506322E-005   0.0000000000000000     
  0.35397727272727275       -1.9146266027463421E-005   0.0000000000000000     
  0.35454545454545455       -1.5376401996122008E-005   0.0000000000000000     
  0.35511363636363635       -1.1775446940025835E-005   0.0000000000000000     
  0.35568181818181821       -8.3793216198100779E-006   0.0000000000000000     
  0.35681818181818181       -2.3333480575511346E-006   0.0000000000000000     
  0.35795454545454547        2.5224898789034296E-006   0.0000000000000000     
  0.35909090909090913        5.9953991881528744E-006   0.0000000000000000     
  0.35965909090909098        7.1673646844817275E-006   0.0000000000000000     
  0.36022727272727278        7.9455394077806416E-006   0.0000000000000000     
  0.36079545454545459        8.3221607985251867E-006   0.0000000000000000     
  0.36136363636363644        8.2934719292845866E-006   0.0000000000000000     
  0.36193181818181824        7.8597589813604420E-006   0.0000000000000000     
  0.36250000000000004        7.0253483900301255E-006   0.0000000000000000     
  0.36306818181818190        5.7985636868722013E-006   0.0000000000000000     
  0.36363636363636370        4.1916424696871940E-006   0.0000000000000000     
  0.36420454545454550        2.2206143282653215E-006   0.0000000000000000     
  0.36477272727272736       -9.4859056264382125E-008   0.0000000000000000     
  0.36534090909090916       -2.7316800434400113E-006   0.0000000000000000     
  0.36590909090909096       -5.6635454403467098E-006   0.0000000000000000     
  0.36647727272727276       -8.8612088849785234E-006   0.0000000000000000     
  0.36704545454545456       -1.2292772588721561E-005   0.0000000000000000     
  0.36761363636363642       -1.5924005527726309E-005   0.0000000000000000     
  0.36818181818181822       -1.9718684909099121E-005   0.0000000000000000     
  0.36931818181818188       -2.7645288026293212E-005   0.0000000000000000     
  0.37045454545454548       -3.5757058122952438E-005   0.0000000000000000     
  0.37159090909090908       -4.3731930804822134E-005   0.0000000000000000     
  0.37215909090909094       -4.7568334455747991E-005   0.0000000000000000     
  0.37272727272727274       -5.1252521524320166E-005   0.0000000000000000     
  0.37329545454545454       -5.4747740982057752E-005   0.0000000000000000     
  0.37386363636363640       -5.8019126817151928E-005   0.0000000000000000     
  0.37500000000000000       -6.3763845267691459E-005   0.0000000000000000     
  0.37613636363636366       -6.8259703214088873E-005   0.0000000000000000     
  0.37727272727272732       -7.1328200064129128E-005   0.0000000000000000     
  0.37784090909090917       -7.2286256740541484E-005   0.0000000000000000     
  0.37840909090909097       -7.2845527089639159E-005   0.0000000000000000     
  0.37897727272727277       -7.3000432198043006E-005   0.0000000000000000     
  0.37954545454545463       -7.2749426834214828E-005   0.0000000000000000     
  0.38011363636363643       -7.2095014862671701E-005   0.0000000000000000     
  0.38068181818181823       -7.1043724267079176E-005   0.0000000000000000     
  0.38125000000000009       -6.9606042031377359E-005   0.0000000000000000     
  0.38181818181818189       -6.7796309528522848E-005   0.0000000000000000     
  0.38238636363636369       -6.5632579460378400E-005   0.0000000000000000     
  0.38295454545454555       -6.3136435775825879E-005   0.0000000000000000     
  0.38352272727272735       -6.0332778363480824E-005   0.0000000000000000     
  0.38409090909090915       -5.7249574666769513E-005   0.0000000000000000     
  0.38465909090909095       -5.3917580699098039E-005   0.0000000000000000     
  0.38522727272727275       -5.0370034242079103E-005   0.0000000000000000     
  0.38579545454545461       -4.6642323287270311E-005   0.0000000000000000     
  0.38636363636363641       -4.2771633028833407E-005   0.0000000000000000     
  0.38750000000000007       -3.4757122729500424E-005   0.0000000000000000     
  0.38863636363636367       -2.6645415793747126E-005   0.0000000000000000     
  0.38977272727272727       -1.8758574108129037E-005   0.0000000000000000     
  0.39034090909090913       -1.4998240752385875E-005   0.0000000000000000     
  0.39090909090909093       -1.1410588659880346E-005   0.0000000000000000     
  0.39147727272727273       -8.0314058896271656E-006   0.0000000000000000     
  0.39204545454545459       -4.8944009477148291E-006   0.0000000000000000     
  0.39318181818181819        5.3213159248814487E-007   0.0000000000000000     
  0.39431818181818185        4.6547593841498341E-006   0.0000000000000000     
  0.39488636363636365        6.1732644249799658E-006   0.0000000000000000     
  0.39545454545454550        7.3078951835204670E-006   0.0000000000000000     
  0.39602272727272730        8.0473333291470814E-006   0.0000000000000000     
  0.39659090909090911        8.3842027129716423E-006   0.0000000000000000     
  0.39715909090909096        8.3151429474543521E-006   0.0000000000000000     
  0.39772727272727276        7.8408429274211947E-006   0.0000000000000000     
  0.39829545454545456        6.9660339581019392E-006   0.0000000000000000     
  0.39886363636363642        5.6994425587390181E-006   0.0000000000000000     
  0.39943181818181822        4.0537034125683074E-006   0.0000000000000000     
  0.40000000000000002        2.0452333315235187E-006   0.0000000000000000     
  0.40113636363636362       -2.3333673735588868E-006   0.0000000000000000     
  0.40227272727272728       -6.6193255923795588E-006   0.0000000000000000     
  0.40284090909090908       -8.6739481156941785E-006   0.0000000000000000     
  0.40340909090909094       -1.0642045034225048E-005   0.0000000000000000     
  0.40397727272727274       -1.2503983906795280E-005   0.0000000000000000     
  0.40454545454545454       -1.4241191255114571E-005   0.0000000000000000     
  0.40511363636363640       -1.5836337840589104E-005   0.0000000000000000     
  0.40568181818181820       -1.7273511529414427E-005   0.0000000000000000     
  0.40625000000000000       -1.8538376021563693E-005   0.0000000000000000     
  0.40681818181818186       -1.9618313860292608E-005   0.0000000000000000     
  0.40738636363636366       -2.0502552295593842E-005   0.0000000000000000     
  0.40795454545454546       -2.1182270746070520E-005   0.0000000000000000     
  0.40852272727272732       -2.1650688787257869E-005   0.0000000000000000     
  0.40909090909090912       -2.1903133788680614E-005   0.0000000000000000     
  0.41022727272727277       -2.1753297331051324E-005   0.0000000000000000     
  0.41136363636363638       -2.0739782237995636E-005   0.0000000000000000     
  0.41250000000000003       -1.8902828447359792E-005   0.0000000000000000     
  0.41363636363636369       -1.6315369166422392E-005   0.0000000000000000     
  0.41420454545454549       -1.4771059730295457E-005   0.0000000000000000     
  0.41477272727272729       -1.3079403911711946E-005   0.0000000000000000     
  0.41534090909090915       -1.1257276557147226E-005   0.0000000000000000     
  0.41590909090909095       -9.3228540113577167E-006   0.0000000000000000     
  0.41704545454545461       -5.1955983243001124E-006   0.0000000000000000     
  0.41818181818181821       -8.6206001246793633E-007   0.0000000000000000     
  0.41931818181818181        3.5057049641265056E-006   0.0000000000000000     
  0.42045454545454547        7.7342817324442222E-006   0.0000000000000000     
  0.42102272727272727        9.7433873262552379E-006   0.0000000000000000     
  0.42159090909090913        1.1655299292688949E-005   0.0000000000000000     
  0.42215909090909093        1.3450945654718736E-005   0.0000000000000000     
  0.42272727272727273        1.5112414224563592E-005   0.0000000000000000     
  0.42329545454545453        1.6623131283898496E-005   0.0000000000000000     
  0.42386363636363633        1.7968026912374278E-005   0.0000000000000000     
  0.42443181818181819        1.9133685315237265E-005   0.0000000000000000     
  0.42499999999999999        2.0108478650478703E-005   0.0000000000000000     
  0.42556818181818179        2.0882683020544126E-005   0.0000000000000000     
  0.42613636363636365        2.1448575471543033E-005   0.0000000000000000     
  0.42670454545454545        2.1800511032360415E-005   0.0000000000000000     
  0.42727272727272725        2.1934979025178270E-005   0.0000000000000000     
  0.42840909090909085        2.1549411298990847E-005   0.0000000000000000     
  0.42954545454545451        2.0308259894535535E-005   0.0000000000000000     
  0.43068181818181817        1.8260802672315223E-005   0.0000000000000000     
  0.43124999999999997        1.6958731393137890E-005   0.0000000000000000     
  0.43181818181818177        1.5487490957010593E-005   0.0000000000000000     
  0.43238636363636362        1.3861757491438266E-005   0.0000000000000000     
  0.43295454545454543        1.2097748244835662E-005   0.0000000000000000     
  0.43352272727272723        1.0213059813916243E-005   0.0000000000000000     
  0.43409090909090908        8.2264926116105307E-006   0.0000000000000000     
  0.43522727272727268        4.0281121007347578E-006   0.0000000000000000     
  0.43636363636363634       -3.3019792839137219E-007   0.0000000000000000     
  0.43750000000000000       -4.6753979957552152E-006   0.0000000000000000     
  0.43863636363636360       -8.8349691306587923E-006   0.0000000000000000     
  0.43920454545454546       -1.0792930218093152E-005   0.0000000000000000     
  0.43977272727272726       -1.2643228128153481E-005   0.0000000000000000     
  0.44034090909090906       -1.4367405505139548E-005   0.0000000000000000     
  0.44090909090909092       -1.5948263088886618E-005   0.0000000000000000     
  0.44147727272727272       -1.7370031283278920E-005   0.0000000000000000     
  0.44204545454545452       -1.8618527463375637E-005   0.0000000000000000     
  0.44261363636363638       -1.9681297451954167E-005   0.0000000000000000     
  0.44318181818181818       -2.0547739754195405E-005   0.0000000000000000     
  0.44374999999999998       -2.1209211311228013E-005   0.0000000000000000     
  0.44431818181818183       -2.1659113717602020E-005   0.0000000000000000     
  0.44488636363636364       -2.1892959042644246E-005   0.0000000000000000     
  0.44545454545454544       -2.1908414599104916E-005   0.0000000000000000     
  0.44772727272727275       -1.9836468329512128E-005   0.0000000000000000     
  0.44886363636363635       -1.7598568223297689E-005   0.0000000000000000     
  0.44943181818181821       -1.6210709592204679E-005   0.0000000000000000     
  0.45000000000000001       -1.4661143577953201E-005   0.0000000000000000     
  0.45113636363636367       -1.1140819973074827E-005   0.0000000000000000     
  0.45227272727272727       -7.1781685663262515E-006   0.0000000000000000     
  0.45340909090909093       -2.9305198675404696E-006   0.0000000000000000     
  0.45454545454545459        1.4334802680766676E-006   0.0000000000000000     
  0.45568181818181819        5.7405664442601445E-006   0.0000000000000000     
  0.45625000000000004        7.8189545213547456E-006   0.0000000000000000     
  0.45681818181818185        9.8193458477521586E-006   0.0000000000000000     
  0.45738636363636365        1.1721785834491197E-005   0.0000000000000000     
  0.45795454545454550        1.3507296990789042E-005   0.0000000000000000     
  0.45852272727272730        1.5158068231014378E-005   0.0000000000000000     
  0.45909090909090911        1.6657632546371012E-005   0.0000000000000000     
  0.45965909090909091        1.7991031268952696E-005   0.0000000000000000     
  0.46022727272727271        1.9144963289581624E-005   0.0000000000000000     
  0.46079545454545456        2.0107917740930484E-005   0.0000000000000000     
  0.46136363636363636        2.0870288822368161E-005   0.0000000000000000     
  0.46193181818181817        2.1424471621113253E-005   0.0000000000000000     
  0.46250000000000002        2.1764937973844683E-005   0.0000000000000000     
  0.46363636363636362        2.1794385660273263E-005   0.0000000000000000     
  0.46590909090909094        1.9306735116684825E-005   0.0000000000000000     
  0.46704545454545454        1.6888404930620388E-005   0.0000000000000000     
  0.46818181818181820        1.3799548603022949E-005   0.0000000000000000     
  0.47045454545454546        6.1304163894693662E-006   0.0000000000000000     
  0.47272727272727277       -2.4933567164401724E-006   0.0000000000000000     
  0.47386363636363638       -6.7423495286517206E-006   0.0000000000000000     
  0.47443181818181823       -8.7765563541306004E-006   0.0000000000000000     
  0.47500000000000003       -1.0723214022485832E-005   0.0000000000000000     
  0.47556818181818183       -1.2562903956408287E-005   0.0000000000000000     
  0.47613636363636369       -1.4277274618394745E-005   0.0000000000000000     
  0.47670454545454549       -1.5849224573622607E-005   0.0000000000000000     
  0.47727272727272729       -1.7263073082623467E-005   0.0000000000000000     
  0.47784090909090909       -1.8504716522031992E-005   0.0000000000000000     
  0.47840909090909089       -1.9561769073062102E-005   0.0000000000000000     
  0.47897727272727275       -2.0423686274293738E-005   0.0000000000000000     
  0.47954545454545455       -2.1081870206288467E-005   0.0000000000000000     
  0.48011363636363635       -2.1529755258782730E-005   0.0000000000000000     
  0.48068181818181821       -2.1762873624899682E-005   0.0000000000000000     
  0.48181818181818181       -2.1578752327761425E-005   0.0000000000000000     
  0.48295454545454547       -2.0537882415412394E-005   0.0000000000000000     
  0.48409090909090913       -1.8681589903484743E-005   0.0000000000000000     
  0.48522727272727273       -1.6083575811150800E-005   0.0000000000000000     
  0.48636363636363639       -1.2846989984244605E-005   0.0000000000000000     
  0.48863636363636365       -4.9994007287240980E-006   0.0000000000000000     
  0.49090909090909096        3.6267053631262706E-006   0.0000000000000000     
  0.49204545454545456        7.8093912292666642E-006   0.0000000000000000     
  0.49261363636363642        9.7943130631673864E-006   0.0000000000000000     
  0.49318181818181822        1.1681533268013834E-005   0.0000000000000000     
  0.49375000000000002        1.3452226175563007E-005   0.0000000000000000     
  0.49431818181818188        1.5088728517293182E-005   0.0000000000000000     
  0.49488636363636368        1.6574715621559716E-005   0.0000000000000000     
  0.49545454545454548        1.7895364257789713E-005   0.0000000000000000     
  0.49602272727272728        1.9037500503285824E-005   0.0000000000000000     
  0.49659090909090908        1.9989731157619700E-005   0.0000000000000000     
  0.49715909090909094        2.0742557393710478E-005   0.0000000000000000     
  0.49772727272727274        2.1288469511879577E-005   0.0000000000000000     
  0.49829545454545454        2.1622021851678884E-005   0.0000000000000000     
  0.49886363636363640        2.1739887114219441E-005   0.0000000000000000     
  0.50000000000000000        2.1327088074314024E-005   0.0000000000000000     
  0.50113636363636360        2.0067532331490337E-005   0.0000000000000000     
  0.50227272727272720        1.8011228460018750E-005   0.0000000000000000     
  0.50340909090909092        1.5239818598775971E-005   0.0000000000000000     
  0.50454545454545452        1.1863336985365171E-005   0.0000000000000000     
  0.50681818181818183        3.8562847030895813E-006   0.0000000000000000     
  0.50909090909090904       -4.7512760660901945E-006   0.0000000000000000     
  0.51022727272727275       -8.8575313677616421E-006   0.0000000000000000     
  0.51079545454545450       -1.0788363978582894E-005   0.0000000000000000     
  0.51136363636363635       -1.2611578961834520E-005   0.0000000000000000     
  0.51193181818181821       -1.4308989123291212E-005   0.0000000000000000     
  0.51249999999999996       -1.5863662214935117E-005   0.0000000000000000     
  0.51306818181818181       -1.7260089839932816E-005   0.0000000000000000     
  0.51363636363636367       -1.8484342154206265E-005   0.0000000000000000     
  0.51420454545454541       -1.9524206821401895E-005   0.0000000000000000     
  0.51477272727272727       -2.0369310835131039E-005   0.0000000000000000     
  0.51534090909090913       -2.1011223993261997E-005   0.0000000000000000     
  0.51590909090909087       -2.1443542992075888E-005   0.0000000000000000     
  0.51647727272727273       -2.1661955301415553E-005   0.0000000000000000     
  0.51704545454545459       -2.1664282183651172E-005   0.0000000000000000     
  0.51818181818181819       -2.1023804524529558E-005   0.0000000000000000     
  0.51931818181818179       -1.9548611533433986E-005   0.0000000000000000     
  0.52045454545454550       -1.7297273304366508E-005   0.0000000000000000     
  0.52159090909090911       -1.4359175492291649E-005   0.0000000000000000     
  0.52272727272727271       -1.0850970403775173E-005   0.0000000000000000     
  0.52386363636363631       -6.9119455103913682E-006   0.0000000000000000     
  0.52499999999999991       -2.6984932703985951E-006   0.0000000000000000     
  0.52727272727272723        5.8795405142414726E-006   0.0000000000000000     
  0.52784090909090908        7.9309033984649478E-006   0.0000000000000000     
  0.52840909090909083        9.9031528035799900E-006   0.0000000000000000     
  0.52897727272727268        1.1776614865934252E-005   0.0000000000000000     
  0.52954545454545454        1.3532601159470037E-005   0.0000000000000000     
  0.53011363636363629        1.5153595119179512E-005   0.0000000000000000     
  0.53068181818181814        1.6623426774843950E-005   0.0000000000000000     
  0.53125000000000000        1.7927434052025801E-005   0.0000000000000000     
  0.53181818181818175        1.9052609031286564E-005   0.0000000000000000     
  0.53238636363636360        1.9987727706641206E-005   0.0000000000000000     
  0.53295454545454546        2.0723461948862675E-005   0.0000000000000000     
  0.53352272727272720        2.1252472556768285E-005   0.0000000000000000     
  0.53409090909090906        2.1569482468266622E-005   0.0000000000000000     
  0.53522727272727266        2.1558070274817221E-005   0.0000000000000000     
  0.53636363636363638        2.0690730612808602E-005   0.0000000000000000     
  0.53749999999999998        1.9001899766742280E-005   0.0000000000000000     
  0.53863636363636358        1.6558629967753520E-005   0.0000000000000000     
  0.53977272727272729        1.3457927195848377E-005   0.0000000000000000     
  0.54090909090909089        9.8228997181626350E-006   0.0000000000000000     
  0.54204545454545450        5.7978702791465158E-006   0.0000000000000000     
  0.54318181818181821        1.5426460050727353E-006   0.0000000000000000     
  0.54431818181818181       -2.7738264731846221E-006   0.0000000000000000     
  0.54545454545454541       -6.9801687662654069E-006   0.0000000000000000     
  0.54602272727272727       -8.9893854762087853E-006   0.0000000000000000     
  0.54659090909090913       -1.0908929985605128E-005   0.0000000000000000     
  0.54715909090909087       -1.2719654180196328E-005   0.0000000000000000     
  0.54772727272727273       -1.4403495465655314E-005   0.0000000000000000     
  0.54829545454545459       -1.5943656948151921E-005   0.0000000000000000     
  0.54886363636363633       -1.7324774989125861E-005   0.0000000000000000     
  0.54943181818181819       -1.8533072462846769E-005   0.0000000000000000     
  0.55000000000000004       -1.9556496187962775E-005   0.0000000000000000     
  0.55056818181818179       -2.0384837162115787E-005   0.0000000000000000     
  0.55113636363636365       -2.1009832400238664E-005   0.0000000000000000     
  0.55170454545454550       -2.1425247360661809E-005   0.0000000000000000     
  0.55227272727272725       -2.1626938136803385E-005   0.0000000000000000     
  0.55340909090909096       -2.1384321424843905E-005   0.0000000000000000     
  0.55454545454545456       -2.0292675654592413E-005   0.0000000000000000     
  0.55568181818181817       -1.8395342813007090E-005   0.0000000000000000     
  0.55681818181818188       -1.5767653357564143E-005   0.0000000000000000     
  0.55795454545454548       -1.2513935345232336E-005   0.0000000000000000     
  0.55909090909090908       -8.7633722597926230E-006   0.0000000000000000     
  0.56022727272727268       -4.6648739956125723E-006   0.0000000000000000     
  0.56136363636363629       -3.8116463696475590E-007   0.0000000000000000     
  0.56250000000000000        3.9176782321815213E-006   0.0000000000000000     
  0.56363636363636360        8.0609761768905463E-006   0.0000000000000000     
  0.56420454545454546        1.0022341353976242E-005   0.0000000000000000     
  0.56477272727272720        1.1883730241667480E-005   0.0000000000000000     
  0.56534090909090906        1.3626574847962107E-005   0.0000000000000000     
  0.56590909090909092        1.5233489700685745E-005   0.0000000000000000     
  0.56647727272727266        1.6688445273535495E-005   0.0000000000000000     
  0.56704545454545452        1.7976927886098399E-005   0.0000000000000000     
  0.56761363636363638        1.9086084482785344E-005   0.0000000000000000     
  0.56818181818181812        2.0004850846465908E-005   0.0000000000000000     
  0.56874999999999998        2.0724061967826117E-005   0.0000000000000000     
  0.56931818181818183        2.1236543469475783E-005   0.0000000000000000     
  0.56988636363636358        2.1537183172822217E-005   0.0000000000000000     
  0.57045454545454544        2.1622982093803478E-005   0.0000000000000000     
  0.57159090909090904        2.1149849796156370E-005   0.0000000000000000     
  0.57272727272727275        1.9836997747823629E-005   0.0000000000000000     
  0.57386363636363646        1.7736550564598687E-005   0.0000000000000000     
  0.57500000000000007        1.4931903022427078E-005   0.0000000000000000     
  0.57613636363636367        1.1534409005973146E-005   0.0000000000000000     
  0.57727272727272738        7.6789603870913204E-006   0.0000000000000000     
  0.57840909090909098        3.5186313665086739E-006   0.0000000000000000     
  0.57954545454545459       -7.8139908374444382E-007   0.0000000000000000     
  0.58068181818181830       -5.0504053777929925E-006   0.0000000000000000     
  0.58125000000000004       -7.1199854385578181E-006   0.0000000000000000     
  0.58181818181818190       -9.1185412047449511E-006   0.0000000000000000     
  0.58238636363636376       -1.1026136397734696E-005   0.0000000000000000     
  0.58295454545454550       -1.2823742101794811E-005   0.0000000000000000     
  0.58352272727272736       -1.4493426584036617E-005   0.0000000000000000     
  0.58409090909090922       -1.6018534169593200E-005   0.0000000000000000     
  0.58465909090909096       -1.7383851387684826E-005   0.0000000000000000     
  0.58522727272727282       -1.8575758731203893E-005   0.0000000000000000     
  0.58579545454545467       -1.9582366515963748E-005   0.0000000000000000     
  0.58636363636363642       -2.0393633484373735E-005   0.0000000000000000     
  0.58693181818181817       -2.1001466970424705E-005   0.0000000000000000     
  0.58750000000000002       -2.1399803626805072E-005   0.0000000000000000     
  0.58806818181818188       -2.1584669908868008E-005   0.0000000000000000     
  0.58863636363636362       -2.1554221712101221E-005   0.0000000000000000     
  0.59090909090909094       -1.9337600343035322E-005   0.0000000000000000     
  0.59204545454545454       -1.7055636756309025E-005   0.0000000000000000     
  0.59318181818181825       -1.4096507365436009E-005   0.0000000000000000     
  0.59431818181818186       -1.0577699500979437E-005   0.0000000000000000     
  0.59545454545454546       -6.6389216001681620E-006   0.0000000000000000     
  0.59659090909090906       -2.4365563148296178E-006   0.0000000000000000     
  0.59772727272727266        1.8625484027479087E-006   0.0000000000000000     
  0.59886363636363638        6.0877037213717471E-006   0.0000000000000000     
  0.59943181818181812        8.1197278276502416E-006   0.0000000000000000     
  0.59999999999999998        1.0070754866434880E-005   0.0000000000000000     
  0.60113636363636358        1.3653561390287453E-005   0.0000000000000000     
  0.60227272727272729        1.6694275876744148E-005   0.0000000000000000     
  0.60340909090909089        1.9072171794170215E-005   0.0000000000000000     
  0.60454545454545450        2.0692838724232913E-005   0.0000000000000000     
  0.60681818181818181        2.1454331039499800E-005   0.0000000000000000     
  0.60795454545454541        2.0564922633765112E-005   0.0000000000000000     
  0.60909090909090913        1.8859018041375062E-005   0.0000000000000000     
  0.61022727272727273        1.6404347378279785E-005   0.0000000000000000     
  0.61136363636363633        1.3298369276908975E-005   0.0000000000000000     
  0.61250000000000004        9.6644014526150873E-006   0.0000000000000000     
  0.61363636363636365        5.6467245780667628E-006   0.0000000000000000     
  0.61590909090909096       -2.8917085358656553E-006   0.0000000000000000     
  0.61704545454545456       -7.0734604326757508E-006   0.0000000000000000     
  0.61818181818181817       -1.0974372300442732E-005   0.0000000000000000     
  0.61931818181818188       -1.4439564895455083E-005   0.0000000000000000     
  0.62045454545454548       -1.7331458485940725E-005   0.0000000000000000     
  0.62159090909090908       -1.9535235227413355E-005   0.0000000000000000     
  0.62272727272727280       -2.0963397814986664E-005   0.0000000000000000     
  0.62500000000000000       -2.1315776728700287E-005   0.0000000000000000     
  0.62613636363636371       -2.0226002433799699E-005   0.0000000000000000     
  0.62727272727272732       -1.8333188217350399E-005   0.0000000000000000     
  0.62840909090909092       -1.5712485132303024E-005   0.0000000000000000     
  0.62954545454545463       -1.2467943853362103E-005   0.0000000000000000     
  0.63068181818181823       -8.7283835173117466E-006   0.0000000000000000     
  0.63181818181818183       -4.6422771725811741E-006   0.0000000000000000     
  0.63409090909090904        3.9130399450200273E-006   0.0000000000000000     
  0.63522727272727275        8.0425760239207517E-006   0.0000000000000000     
  0.63636363636363635        1.1852794944601662E-005   0.0000000000000000     
  0.63749999999999996        1.5192418276579337E-005   0.0000000000000000     
  0.63863636363636367        1.7928851807661497E-005   0.0000000000000000     
  0.63977272727272727        1.9953449977494495E-005   0.0000000000000000     
  0.64090909090909087        2.1185829469563559E-005   0.0000000000000000     
  0.64318181818181819        2.1128285995803535E-005   0.0000000000000000     
  0.64431818181818179        1.9840647698277288E-005   0.0000000000000000     
  0.64545454545454550        1.7765269350622247E-005   0.0000000000000000     
  0.64659090909090911        1.4984550412195143E-005   0.0000000000000000     
  0.64772727272727271        1.1608894722087224E-005   0.0000000000000000     
  0.64886363636363642        7.7723270975813200E-006   0.0000000000000000     
  0.65000000000000002        3.6271721007998233E-006   0.0000000000000000     
  0.65227272727272734       -4.9253878591391171E-006   0.0000000000000000     
  0.65340909090909094       -8.9932275967034908E-006   0.0000000000000000     
  0.65454545454545454       -1.2704006130138937E-005   0.0000000000000000     
  0.65568181818181825       -1.5910393144810982E-005   0.0000000000000000     
  0.65681818181818186       -1.8485084355794448E-005   0.0000000000000000     
  0.65795454545454546       -2.0325855913624233E-005   0.0000000000000000     
  0.65909090909090917       -2.1359623032899662E-005   0.0000000000000000     
  0.66136363636363638       -2.0892289279060120E-005   0.0000000000000000     
  0.66363636363636369       -1.7171565801974827E-005   0.0000000000000000     
  0.66477272727272729       -1.4251619910599154E-005   0.0000000000000000     
  0.66590909090909101       -1.0765837058982988E-005   0.0000000000000000     
  0.66704545454545461       -6.8526144809283950E-006   0.0000000000000000     
  0.66818181818181821       -2.6673201965057260E-006   0.0000000000000000     
  0.67045454545454541        5.8518531297134384E-006   0.0000000000000000     
  0.67159090909090913        9.8474925069033741E-006   0.0000000000000000     
  0.67272727272727273        1.3452153506824393E-005   0.0000000000000000     
  0.67386363636363633        1.6522719035722898E-005   0.0000000000000000     
  0.67500000000000004        1.8937277375774108E-005   0.0000000000000000     
  0.67613636363636365        2.0599962487886734E-005   0.0000000000000000     
  0.67727272727272725        2.1444760213981047E-005   0.0000000000000000     
  0.67954545454545456        2.0596901047137917E-005   0.0000000000000000     
  0.68181818181818188        1.6541650612520615E-005   0.0000000000000000     
  0.68295454545454548        1.3488635391386549E-005   0.0000000000000000     
  0.68409090909090908        9.9000762464369681E-006   0.0000000000000000     
  0.68522727272727280        5.9184509739471066E-006   0.0000000000000000     
  0.68636363636363640        1.7018434096594909E-006   0.0000000000000000     
  0.68863636363636371       -6.7659779296505941E-006   0.0000000000000000     
  0.68977272727272732       -1.0680990885639558E-005   0.0000000000000000     
  0.69090909090909092       -1.4171932791951702E-005   0.0000000000000000     
  0.69204545454545452       -1.7100201583065086E-005   0.0000000000000000     
  0.69318181818181812       -1.9349535197408927E-005   0.0000000000000000     
  0.69545454545454544       -2.1500773033280431E-005   0.0000000000000000     
  0.69772727272727275       -2.0303866819738230E-005   0.0000000000000000     
  0.69999999999999996       -1.5945201223528045E-005   0.0000000000000000     
  0.70113636363636367       -1.2772988324929670E-005   0.0000000000000000     
  0.70227272727272727       -9.0936450837951706E-006   0.0000000000000000     
  0.70340909090909087       -5.0532537285518727E-006   0.0000000000000000     
  0.70454545454545459       -8.1223130490874023E-007   0.0000000000000000     
  0.70568181818181819        3.4610394172056275E-006   0.0000000000000000     
  0.70681818181818179        7.5968953025935094E-006   0.0000000000000000     
  0.70795454545454550        1.1431129044516842E-005   0.0000000000000000     
  0.70909090909090911        1.4811508743795021E-005   0.0000000000000000     
  0.71022727272727271        1.7603822024186615E-005   0.0000000000000000     
  0.71136363636363642        1.9697204712459100E-005   0.0000000000000000     
  0.71363636363636362        2.1502007092625673E-005   0.0000000000000000     
  0.71590909090909094        1.9958473253150828E-005   0.0000000000000000     
  0.71818181818181825        1.5306965418764956E-005   0.0000000000000000     
  0.71931818181818186        1.2023434840140366E-005   0.0000000000000000     
  0.72045454545454546        8.2625336984311823E-006   0.0000000000000000     
  0.72159090909090917        4.1735823434033920E-006   0.0000000000000000     
  0.72272727272727277       -8.1074184882729319E-008   0.0000000000000000     
  0.72386363636363638       -4.3325117969603241E-006   0.0000000000000000     
  0.72500000000000009       -8.4119342050983466E-006   0.0000000000000000     
  0.72613636363636369       -1.2157374700287740E-005   0.0000000000000000     
  0.72727272727272729       -1.5420126772121485E-005   0.0000000000000000     
  0.72840909090909089       -1.8070648254451114E-005   0.0000000000000000     
  0.72954545454545450       -2.0003704582502898E-005   0.0000000000000000     
  0.73181818181818181       -2.1458299242098681E-005   0.0000000000000000     
  0.73409090909090913       -1.9571363957316944E-005   0.0000000000000000     
  0.73636363636363633       -1.4636736123473562E-005   0.0000000000000000     
  0.73750000000000004       -1.1248750858341423E-005   0.0000000000000000     
  0.73863636363636365       -7.4141525743310351E-006   0.0000000000000000     
  0.73977272727272725       -3.2851876441616401E-006   0.0000000000000000     
  0.74090909090909096        9.7421021939059954E-007   0.0000000000000000     
  0.74204545454545456        5.1949286799950507E-006   0.0000000000000000     
  0.74318181818181817        9.2093911029425829E-006   0.0000000000000000     
  0.74431818181818188        1.2858209907828757E-005   0.0000000000000000     
  0.74545454545454548        1.5996514788401693E-005   0.0000000000000000     
  0.74659090909090908        1.8499704548091174E-005   0.0000000000000000     
  0.74772727272727280        2.0268394184110825E-005   0.0000000000000000     
  0.75000000000000000        2.1369740836626025E-005   0.0000000000000000     
  0.75227272727272720        1.9143348039545297E-005   0.0000000000000000     
  0.75454545454545452        1.3935914201509914E-005   0.0000000000000000     
  0.75568181818181812        1.0450555566874372E-005   0.0000000000000000     
  0.75681818181818183        6.5502749351689695E-006   0.0000000000000000     
  0.75795454545454544        2.3899264879241284E-006   0.0000000000000000     
  0.75909090909090904       -1.8653100315263571E-006   0.0000000000000000     
  0.76022727272727275       -6.0464875061272445E-006   0.0000000000000000     
  0.76136363636363635       -9.9875992105163981E-006   0.0000000000000000     
  0.76249999999999996       -1.3532169833061773E-005   0.0000000000000000     
  0.76363636363636367       -1.6539468068901521E-005   0.0000000000000000     
  0.76477272727272727       -1.8890094123276461E-005   0.0000000000000000     
  0.76590909090909087       -2.0490720282592792E-005   0.0000000000000000     
  0.76818181818181819       -2.1236516974457375E-005   0.0000000000000000     
  0.77045454545454550       -1.8675320107148782E-005   0.0000000000000000     
  0.77272727272727271       -1.3205964459183576E-005   0.0000000000000000     
  0.77386363636363642       -9.6305172946849327E-006   0.0000000000000000     
  0.77500000000000002       -5.6727063942921620E-006   0.0000000000000000     
  0.77727272727272734        2.7513598400011050E-006   0.0000000000000000     
  0.77840909090909094        6.8831515788309181E-006   0.0000000000000000     
  0.77954545454545454        1.0741659186406211E-005   0.0000000000000000     
  0.78068181818181825        1.4173687009922229E-005   0.0000000000000000     
  0.78181818181818186        1.7042972069920553E-005   0.0000000000000000     
  0.78295454545454546        1.9235594156166031E-005   0.0000000000000000     
  0.78409090909090917        2.0664498840880083E-005   0.0000000000000000     
  0.78636363636363638        2.1053241925188382E-005   0.0000000000000000     
  0.78863636363636358        1.8163531413266844E-005   0.0000000000000000     
  0.79090909090909089        1.2445358895651947E-005   0.0000000000000000     
  0.79204545454545450        8.7883314568152480E-006   0.0000000000000000     
  0.79318181818181821        4.7823778756658133E-006   0.0000000000000000     
  0.79545454545454541       -3.6321166771045706E-006   0.0000000000000000     
  0.79659090909090913       -7.7065740814150626E-006   0.0000000000000000     
  0.79772727272727273       -1.1475054728033894E-005   0.0000000000000000     
  0.79886363636363633       -1.4787937335508354E-005   0.0000000000000000     
  0.80000000000000004       -1.7513689387815602E-005   0.0000000000000000     
  0.80056818181818179       -1.8621305411985812E-005   0.0000000000000000     
  0.80113636363636365       -1.9543167533648632E-005   0.0000000000000000     
  0.80170454545454550       -2.0270079862242749E-005   0.0000000000000000     
  0.80227272727272725       -2.0794791198196963E-005   0.0000000000000000     
  0.80284090909090911       -2.1112067366130788E-005   0.0000000000000000     
  0.80340909090909096       -2.1218743427546922E-005   0.0000000000000000     
  0.80397727272727271       -2.1113755252177742E-005   0.0000000000000000     
  0.80454545454545456       -2.0798150133049147E-005   0.0000000000000000     
  0.80511363636363642       -2.0275076339373887E-005   0.0000000000000000     
  0.80568181818181817       -1.9549751711487421E-005   0.0000000000000000     
  0.80625000000000002       -1.8629411611101964E-005   0.0000000000000000     
  0.80681818181818188       -1.7523236746094918E-005   0.0000000000000000     
  0.80738636363636362       -1.6242261589801525E-005   0.0000000000000000     
  0.80795454545454548       -1.4799264308361205E-005   0.0000000000000000     
  0.80909090909090908       -1.1486907494256003E-005   0.0000000000000000     
  0.81136363636363640       -3.6495721733151419E-006   0.0000000000000000     
  0.81363636363636371        4.7560819395164604E-006   0.0000000000000000     
  0.81477272727272732        8.7590936068170967E-006   0.0000000000000000     
  0.81590909090909092        1.2414339972206047E-005   0.0000000000000000     
  0.81704545454545463        1.5576695533790137E-005   0.0000000000000000     
  0.81761363636363638        1.6932685396177849E-005   0.0000000000000000     
  0.81818181818181823        1.8119765919360789E-005   0.0000000000000000     
  0.81875000000000009        1.9126095568339202E-005   0.0000000000000000     
  0.81931818181818183        1.9941635860022141E-005   0.0000000000000000     
  0.81988636363636369        2.0558251500536555E-005   0.0000000000000000     
  0.82045454545454555        2.0969791537570442E-005   0.0000000000000000     
  0.82102272727272729        2.1172150718230627E-005   0.0000000000000000     
  0.82159090909090915        2.1163310440347027E-005   0.0000000000000000     
  0.82215909090909101        2.0943358888720787E-005   0.0000000000000000     
  0.82272727272727275        2.0514490155450997E-005   0.0000000000000000     
  0.82329545454545450        1.9880982353113845E-005   0.0000000000000000     
  0.82386363636363635        1.9049154939123631E-005   0.0000000000000000     
  0.82443181818181821        1.8027305676979997E-005   0.0000000000000000     
  0.82499999999999996        1.6825627863233483E-005   0.0000000000000000     
  0.82613636363636367        1.3933174630934730E-005   0.0000000000000000     
  0.82727272727272727        1.0487527780709359E-005   0.0000000000000000     
  0.82954545454545459        2.5055205155301346E-006   0.0000000000000000     
  0.83181818181818179       -5.8666514935754024E-006   0.0000000000000000     
  0.83295454545454550       -9.7864497844780419E-006   0.0000000000000000     
  0.83409090909090911       -1.3317693298286253E-005   0.0000000000000000     
  0.83465909090909096       -1.4892848564817475E-005   0.0000000000000000     
  0.83522727272727271       -1.6319442563533696E-005   0.0000000000000000     
  0.83579545454545456       -1.7583244530442699E-005   0.0000000000000000     
  0.83636363636363642       -1.8671647607853145E-005   0.0000000000000000     
  0.83693181818181817       -1.9573794602101108E-005   0.0000000000000000     
  0.83750000000000002       -2.0280686287777681E-005   0.0000000000000000     
  0.83806818181818188       -2.0785271178085170E-005   0.0000000000000000     
  0.83863636363636362       -2.1082515865834993E-005   0.0000000000000000     
  0.83920454545454548       -2.1169455233409156E-005   0.0000000000000000     
  0.83977272727272734       -2.1045222030824230E-005   0.0000000000000000     
  0.84034090909090908       -2.0711055526847492E-005   0.0000000000000000     
  0.84090909090909094       -2.0170289146865883E-005   0.0000000000000000     
  0.84147727272727280       -1.9428317220825946E-005   0.0000000000000000     
  0.84204545454545454       -1.8492541172944041E-005   0.0000000000000000     
  0.84261363636363640       -1.7372295689962843E-005   0.0000000000000000     
  0.84318181818181825       -1.6078755604453404E-005   0.0000000000000000     
  0.84431818181818186       -1.3025729632822381E-005   0.0000000000000000     
  0.84545454545454546       -9.4555386436999491E-006   0.0000000000000000     
  0.85000000000000009        6.9509128501934501E-006   0.0000000000000000     
  0.85113636363636369        1.0769708884641767E-005   0.0000000000000000     
  0.85227272727272729        1.4160911468227379E-005   0.0000000000000000     
  0.85284090909090915        1.5653079945290284E-005   0.0000000000000000     
  0.85340909090909101        1.6989103586007284E-005   0.0000000000000000     
  0.85397727272727275        1.8155655096742475E-005   0.0000000000000000     
  0.85454545454545461        1.9141097726430730E-005   0.0000000000000000     
  0.85511363636363646        1.9935601347155859E-005   0.0000000000000000     
  0.85568181818181821        2.0531240513045895E-005   0.0000000000000000     
  0.85625000000000007        2.0922073519311709E-005   0.0000000000000000     
  0.85681818181818192        2.1104201672787658E-005   0.0000000000000000     
  0.85738636363636367        2.1075808182732391E-005   0.0000000000000000     
  0.85795454545454553        2.0837176283938897E-005   0.0000000000000000     
  0.85852272727272738        2.0390686411370387E-005   0.0000000000000000     
  0.85909090909090913        1.9740792454506008E-005   0.0000000000000000     
  0.85965909090909098        1.8893977328266500E-005   0.0000000000000000     
  0.86022727272727284        1.7858688303717097E-005   0.0000000000000000     
  0.86079545454545459        1.6645252743643770E-005   0.0000000000000000     
  0.86136363636363644        1.5265775083569680E-005   0.0000000000000000     
  0.86250000000000004        1.2065935498707354E-005   0.0000000000000000     
  0.86363636363636376        8.3870379325154961E-006   0.0000000000000000     
  0.86818181818181828       -8.0290526065643740E-006   0.0000000000000000     
  0.86931818181818188       -1.1743483208634888E-005   0.0000000000000000     
  0.87045454545454559       -1.4991658263400302E-005   0.0000000000000000     
  0.87102272727272734       -1.6399525812964926E-005   0.0000000000000000     
  0.87159090909090919       -1.7643802472866860E-005   0.0000000000000000     
  0.87215909090909105       -1.8712076157042972E-005   0.0000000000000000     
  0.87272727272727280       -1.9593690469424651E-005   0.0000000000000000     
  0.87329545454545454       -2.0279851005140478E-005   0.0000000000000000     
  0.87386363636363640       -2.0763713077717917E-005   0.0000000000000000     
  0.87443181818181825       -2.1040449997176266E-005   0.0000000000000000     
  0.87500000000000000       -2.1107301217913608E-005   0.0000000000000000     
  0.87556818181818186       -2.0963599876094977E-005   0.0000000000000000     
  0.87613636363636371       -2.0610779441847597E-005   0.0000000000000000     
  0.87670454545454546       -2.0052359419905331E-005   0.0000000000000000     
  0.87727272727272732       -1.9293910241342430E-005   0.0000000000000000     
  0.87840909090909092       -1.7210015567457936E-005   0.0000000000000000     
  0.87954545454545463       -1.4442825734464008E-005   0.0000000000000000     
  0.88068181818181823       -1.1102207430732819E-005   0.0000000000000000     
  0.88181818181818183       -7.3207943721619304E-006   0.0000000000000000     
  0.88636363636363635        9.0832222324180818E-006   0.0000000000000000     
  0.88749999999999996        1.2689699594319829E-005   0.0000000000000000     
  0.88863636363636367        1.5792353454763593E-005   0.0000000000000000     
  0.88920454545454541        1.7115116687856519E-005   0.0000000000000000     
  0.88977272727272727        1.8267150767095853E-005   0.0000000000000000     
  0.89034090909090913        1.9236963757769652E-005   0.0000000000000000     
  0.89090909090909087        2.0014881442966856E-005   0.0000000000000000     
  0.89147727272727273        2.0593143827206347E-005   0.0000000000000000     
  0.89204545454545459        2.0965982545050116E-005   0.0000000000000000     
  0.89261363636363633        2.1129678402525823E-005   0.0000000000000000     
  0.89318181818181819        2.1082598477361015E-005   0.0000000000000000     
  0.89375000000000004        2.0825212407942182E-005   0.0000000000000000     
  0.89431818181818179        2.0360087708511215E-005   0.0000000000000000     
  0.89488636363636365        1.9691864157330541E-005   0.0000000000000000     
  0.89545454545454550        1.8827207513305589E-005   0.0000000000000000     
  0.89659090909090911        1.6545849350397341E-005   0.0000000000000000     
  0.89772727272727271        1.3607565647813635E-005   0.0000000000000000     
  0.89886363636363642        1.0129016092594770E-005   0.0000000000000000     
  0.90000000000000002        6.2483107324915691E-006   0.0000000000000000     
  0.90227272727272734       -2.0917718866004768E-006   0.0000000000000000     
  0.90454545454545454       -1.0106119538674381E-005   0.0000000000000000     
  0.90568181818181825       -1.3590972361370494E-005   0.0000000000000000     
  0.90625000000000000       -1.5138727513135490E-005   0.0000000000000000     
  0.90681818181818186       -1.6535468670320465E-005   0.0000000000000000     
  0.90738636363636371       -1.7767262861256349E-005   0.0000000000000000     
  0.90795454545454546       -1.8821822516785474E-005   0.0000000000000000     
  0.90852272727272732       -1.9688628042974969E-005   0.0000000000000000     
  0.90909090909090917       -2.0359032757669809E-005   0.0000000000000000     
  0.90965909090909092       -2.0826349144111094E-005   0.0000000000000000     
  0.91022727272727277       -2.1085915561207427E-005   0.0000000000000000     
  0.91079545454545463       -2.1135142745001698E-005   0.0000000000000000     
  0.91136363636363638       -2.0973539637466772E-005   0.0000000000000000     
  0.91193181818181823       -2.0602718284977307E-005   0.0000000000000000     
  0.91250000000000009       -2.0026377757594947E-005   0.0000000000000000     
  0.91306818181818183       -1.9250267249576985E-005   0.0000000000000000     
  0.91363636363636369       -1.8282128729192899E-005   0.0000000000000000     
  0.91477272727272729       -1.5811065045322022E-005   0.0000000000000000     
  0.91590909090909101       -1.2712249215412287E-005   0.0000000000000000     
  0.91704545454545461       -9.1087145886933343E-006   0.0000000000000000     
  0.91818181818181821       -5.1435335381367715E-006   0.0000000000000000     
  0.92045454545454541        3.2331831687773490E-006   0.0000000000000000     
  0.92272727272727273        1.1106422025362934E-005   0.0000000000000000     
  0.92386363636363633        1.4459746797774552E-005   0.0000000000000000     
  0.92443181818181819        1.5928410430991260E-005   0.0000000000000000     
  0.92500000000000004        1.7238182711918810E-005   0.0000000000000000     
  0.92556818181818179        1.8375998213230830E-005   0.0000000000000000     
  0.92613636363636365        1.9330506835403256E-005   0.0000000000000000     
  0.92670454545454550        2.0092187027845109E-005   0.0000000000000000     
  0.92727272727272725        2.0653440769629275E-005   0.0000000000000000     
  0.92784090909090911        2.1008669362355040E-005   0.0000000000000000     
  0.92840909090909096        2.1154329279082490E-005   0.0000000000000000     
  0.92897727272727271        2.1088967512228573E-005   0.0000000000000000     
  0.92954545454545456        2.0813236067815329E-005   0.0000000000000000     
  0.93011363636363642        2.0329885461486578E-005   0.0000000000000000     
  0.93068181818181817        1.9643737281171917E-005   0.0000000000000000     
  0.93125000000000002        1.8761636090094339E-005   0.0000000000000000     
  0.93181818181818188        1.7692381149907428E-005   0.0000000000000000     
  0.93295454545454548        1.5037649504440684E-005   0.0000000000000000     
  0.93409090909090908        1.1785872895796036E-005   0.0000000000000000     
  0.93522727272727280        8.0661577275368847E-006   0.0000000000000000     
  0.93636363636363640        4.0261891285805251E-006   0.0000000000000000     
  0.93863636363636371       -4.3666948021307620E-006   0.0000000000000000     
  0.94090909090909092       -1.2079588148562268E-005   0.0000000000000000     
  0.94204545454545452       -1.5293191679424863E-005   0.0000000000000000     
  0.94261363636363638       -1.6679175402610680E-005   0.0000000000000000     
  0.94318181818181812       -1.7898778635648146E-005   0.0000000000000000     
  0.94374999999999998       -1.8939835418362800E-005   0.0000000000000000     
  0.94431818181818183       -1.9791960852604503E-005   0.0000000000000000     
  0.94488636363636358       -2.0446654695166004E-005   0.0000000000000000     
  0.94545454545454544       -2.0897386150621936E-005   0.0000000000000000     
  0.94602272727272729       -2.1139659018250383E-005   0.0000000000000000     
  0.94659090909090904       -2.1171056543176335E-005   0.0000000000000000     
  0.94715909090909089       -2.0991265524329574E-005   0.0000000000000000     
  0.94772727272727275       -2.0602079438732638E-005   0.0000000000000000     
  0.94829545454545450       -2.0007380550953163E-005   0.0000000000000000     
  0.94886363636363635       -1.9213101186183893E-005   0.0000000000000000     
  0.94943181818181821       -1.8227164553266799E-005   0.0000000000000000     
  0.94999999999999996       -1.7059405707969553E-005   0.0000000000000000     
  0.95113636363636367       -1.4227492416907779E-005   0.0000000000000000     
  0.95227272727272727       -1.0830700107775096E-005   0.0000000000000000     
  0.95340909090909087       -7.0038927922993060E-006   0.0000000000000000     
  0.95454545454545459       -2.8990075156998914E-006   0.0000000000000000     
  0.95681818181818179        5.4895372733421400E-006   0.0000000000000000     
  0.95795454545454550        9.4401435108564148E-006   0.0000000000000000     
  0.95909090909090911        1.3015944488201870E-005   0.0000000000000000     
  0.95965909090909096        1.4618004677166328E-005   0.0000000000000000     
  0.96022727272727271        1.6074245260276751E-005   0.0000000000000000     
  0.96079545454545456        1.7370139738702490E-005   0.0000000000000000     
  0.96136363636363642        1.8492761120952602E-005   0.0000000000000000     
  0.96193181818181817        1.9430910874046662E-005   0.0000000000000000     
  0.96250000000000002        2.0175230632719109E-005   0.0000000000000000     
  0.96306818181818188        2.0718295552318517E-005   0.0000000000000000     
  0.96363636363636362        2.1054688374178028E-005   0.0000000000000000     
  0.96420454545454548        2.1181053464626897E-005   0.0000000000000000     
  0.96477272727272734        2.1096130288585885E-005   0.0000000000000000     
  0.96534090909090908        2.0800765983836971E-005   0.0000000000000000     
  0.96590909090909094        2.0297906910533355E-005   0.0000000000000000     
  0.96647727272727280        1.9592569260247629E-005   0.0000000000000000     
  0.96704545454545454        1.8691789017741928E-005   0.0000000000000000     
  0.96761363636363640        1.7604551774608171E-005   0.0000000000000000     
  0.96818181818181825        1.6341703094913895E-005   0.0000000000000000     
  0.96931818181818186        1.3341925376161349E-005   0.0000000000000000     
  0.97045454545454546        9.8124286117175004E-006   0.0000000000000000     
  0.97159090909090917        5.8933456238785222E-006   0.0000000000000000     
  0.97272727272727277        1.7402771105783582E-006   0.0000000000000000     
  0.97500000000000009       -6.6074284647577645E-006   0.0000000000000000     
  0.97613636363636369       -1.0470633705192799E-005   0.0000000000000000     
  0.97727272727272729       -1.3918119779336580E-005   0.0000000000000000     
  0.97784090909090904       -1.5442203258896932E-005   0.0000000000000000     
  0.97840909090909089       -1.6812245469320266E-005   0.0000000000000000     
  0.97897727272727275       -1.8014579770080500E-005   0.0000000000000000     
  0.97954545454545450       -1.9037212464519561E-005   0.0000000000000000     
  0.98011363636363635       -1.9869942441081961E-005   0.0000000000000000     
  0.98068181818181821       -2.0504462932897012E-005   0.0000000000000000     
  0.98124999999999996       -2.0934444380625586E-005   0.0000000000000000     
  0.98181818181818181       -2.1155597571983622E-005   0.0000000000000000     
  0.98238636363636367       -2.1165716428103943E-005   0.0000000000000000     
  0.98295454545454541       -2.0964700009929346E-005   0.0000000000000000     
  0.98352272727272727       -2.0554553525113996E-005   0.0000000000000000     
  0.98409090909090913       -1.9939368325390160E-005   0.0000000000000000     
  0.98465909090909087       -1.9125281093932779E-005   0.0000000000000000     
  0.98522727272727273       -1.8120412629841221E-005   0.0000000000000000     
  0.98579545454545459       -1.6934786840386484E-005   0.0000000000000000     
  0.98636363636363633       -1.5580230749100881E-005   0.0000000000000000     
  0.98750000000000004       -1.2420623228443601E-005   0.0000000000000000     
  0.98863636363636365       -8.7678754377009851E-006   0.0000000000000000     
  0.99090909090909096       -5.8056965314452015E-007   0.0000000000000000     
  0.99318181818181817        7.6971436170604651E-006   0.0000000000000000     
  0.99431818181818188        1.1459759970341875E-005   0.0000000000000000     
  0.99545454545454548        1.4767385537496391E-005   0.0000000000000000     
  0.99602272727272734        1.6208482399004035E-005   0.0000000000000000     
  0.99659090909090908        1.7487894094368184E-005   0.0000000000000000     
  0.99715909090909094        1.8592858053507940E-005   0.0000000000000000     
  0.99772727272727280        1.9512351882289029E-005   0.0000000000000000     
  0.99829545454545454        2.0237203314683302E-005   0.0000000000000000     
  0.99886363636363640        2.0760181709265735E-005   0.0000000000000000     
  0.99943181818181825        2.1076070177339498E-005   0.0000000000000000     
   1.0000000000000000        2.1181717623189025E-005   0.0000000000000000     
