x	u_pred	u_exact
0.000000000000000000e+00	-0.000000000000000000e+00	0.000000000000000000e+00
1.001000963151454926e-02	-4.970637150108814240e-03	1.002002900349907577e-04
2.002001926302909851e-02	-9.672448970377445221e-03	4.008011601399630308e-04
3.003003075718879700e-02	-1.410282496362924576e-02	9.018027340061962605e-04
4.004003852605819702e-02	-1.825946010649204254e-02	1.603204640559852123e-03
5.005005002021789551e-02	-2.214017324149608612e-02	2.505007432773709297e-03
6.006006151437759399e-02	-2.574258670210838318e-02	3.607210936024785042e-03
7.007007300853729248e-02	-2.906482852995395660e-02	4.909815266728401184e-03
8.008007705211639404e-02	-3.210491687059402466e-02	6.412818562239408493e-03
9.009008854627609253e-02	-3.486113995313644409e-02	8.116223849356174469e-03
1.001001000404357910e-01	-3.733112290501594543e-02	1.002002973109483719e-02
1.101101115345954895e-01	-3.951430320739746094e-02	1.212423667311668396e-02
1.201201230287551880e-01	-4.140849784016609192e-02	1.442884374409914017e-02
1.301301270723342896e-01	-4.301261529326438904e-02	1.693384908139705658e-02
1.401401460170745850e-01	-4.432477429509162903e-02	1.963926106691360474e-02
1.501501500606536865e-01	-4.534462839365005493e-02	2.254506759345531464e-02
1.601601541042327881e-01	-4.607085138559341431e-02	2.565127424895763397e-02
1.701701730489730835e-01	-4.650153592228889465e-02	2.895788848400115967e-02
1.801801770925521851e-01	-4.663766548037528992e-02	3.246489539742469788e-02
1.901901960372924805e-01	-4.647713527083396912e-02	3.617231175303459167e-02
2.002002000808715820e-01	-4.601952806115150452e-02	4.008011892437934875e-02
2.102102041244506836e-01	-4.526508972048759460e-02	4.418832808732986450e-02
2.202202230691909790e-01	-4.421222954988479614e-02	4.849694669246673584e-02
2.302302271127700806e-01	-4.286142438650131226e-02	5.300595611333847046e-02
2.402402460575103760e-01	-4.121311381459236145e-02	5.771537497639656067e-02
2.502502501010894775e-01	-3.926524892449378967e-02	6.262518465518951416e-02
2.602602541446685791e-01	-3.701928257942199707e-02	6.773539632558822632e-02
2.702702581882476807e-01	-3.447507321834564209e-02	7.304601371288299561e-02
2.802802920341491699e-01	-3.163287416100502014e-02	7.855704426765441895e-02
2.902902960777282715e-01	-2.849301323294639587e-02	8.426845818758010864e-02
3.003003001213073730e-01	-2.505593560636043549e-02	9.018027037382125854e-02
3.103103041648864746e-01	-2.131997793912887573e-02	9.629248827695846558e-02
3.203203082084655762e-01	-1.728857494890689850e-02	1.026050969958305359e-01
3.303303420543670654e-01	-1.296249683946371078e-02	1.091181337833404541e-01
3.403403460979461670e-01	-8.338614366948604584e-03	1.158315539360046387e-01
3.503503501415252686e-01	-3.422450739890336990e-03	1.227453649044036865e-01
3.603603541851043701e-01	1.789955538697540760e-03	1.298595815896987915e-01
3.703703582286834717e-01	7.292669732123613358e-03	1.371742039918899536e-01
3.803803920745849609e-01	1.308932248502969742e-02	1.446892470121383667e-01
3.903903961181640625e-01	1.917490176856517792e-02	1.524046659469604492e-01
4.004004001617431641e-01	2.555135078728199005e-02	1.603204756975173950e-01
4.104104042053222656e-01	3.221705928444862366e-02	1.684367060661315918e-01
4.204204082489013672e-01	3.916982933878898621e-02	1.767533123493194580e-01
4.304304420948028564e-01	4.640831053256988525e-02	1.852703690528869629e-01
4.404404461383819580e-01	5.393160879611968994e-02	1.939877867698669434e-01
4.504504501819610596e-01	6.173983216285705566e-02	2.029056102037429810e-01
4.604604542255401611e-01	6.982950866222381592e-02	2.120238244533538818e-01
4.704704582691192627e-01	7.819906622171401978e-02	2.213424593210220337e-01
4.804804921150207520e-01	8.685021847486495972e-02	2.308614999055862427e-01
4.904904961585998535e-01	9.577814489603042603e-02	2.405809313058853149e-01
5.005005002021789551e-01	1.049823239445686340e-01	2.505007386207580566e-01
5.105105042457580566e-01	1.144633963704109192e-01	2.606209814548492432e-01
5.205205082893371582e-01	1.242133751511573792e-01	2.709415853023529053e-01
5.305305123329162598e-01	1.342386603355407715e-01	2.814626097679138184e-01
5.405405163764953613e-01	1.445346921682357788e-01	2.921840548515319824e-01
5.505505800247192383e-01	1.550979465246200562e-01	3.031059503555297852e-01
5.605605840682983398e-01	1.659284681081771851e-01	3.142281770706176758e-01
5.705705881118774414e-01	1.770232170820236206e-01	3.255507946014404297e-01
5.805805921554565430e-01	1.883823275566101074e-01	3.370738327503204346e-01
5.905905961990356445e-01	2.000046521425247192e-01	3.487972617149353027e-01
6.006006002426147461e-01	2.118851989507675171e-01	3.607210814952850342e-01
6.106106042861938477e-01	2.240240275859832764e-01	3.728453218936920166e-01
6.206206083297729492e-01	2.364220470190048218e-01	3.851699531078338623e-01
6.306306123733520508e-01	2.490747720003128052e-01	3.976949751377105713e-01
6.406406164169311523e-01	2.619796991348266602e-01	4.104203879833221436e-01
6.506506800651550293e-01	2.751370668411254883e-01	4.233463108539581299e-01
6.606606841087341309e-01	2.885428965091705322e-01	4.364725351333618164e-01
6.706706881523132324e-01	3.022003471851348877e-01	4.497991800308227539e-01
6.806806921958923340e-01	3.161033987998962402e-01	4.633262157440185547e-01
6.906906962394714355e-01	3.302502036094665527e-01	4.770536422729492188e-01
7.007007002830505371e-01	3.446403741836547852e-01	4.909814596176147461e-01
7.107107043266296387e-01	3.592750728130340576e-01	5.051097273826599121e-01
7.207207083702087402e-01	3.741466104984283447e-01	5.194383263587951660e-01
7.307307124137878418e-01	3.892592191696166992e-01	5.339673757553100586e-01
7.407407164573669434e-01	4.046065509319305420e-01	5.486968159675598145e-01
7.507507801055908203e-01	4.201883971691131592e-01	5.636267066001892090e-01
7.607607841491699219e-01	4.360075891017913818e-01	5.787569880485534668e-01
7.707707881927490234e-01	4.520578682422637939e-01	5.940876007080078125e-01
7.807807922363281250e-01	4.683374464511871338e-01	6.096186637878417969e-01
7.907907962799072266e-01	4.848462045192718506e-01	6.253500580787658691e-01
8.008008003234863281e-01	5.015841722488403320e-01	6.412819027900695801e-01
8.108108043670654297e-01	5.185438394546508789e-01	6.574141383171081543e-01
8.208208084106445312e-01	5.357325673103332520e-01	6.737468242645263672e-01
8.308308124542236328e-01	5.531430840492248535e-01	6.902798414230346680e-01
8.408408164978027344e-01	5.707729458808898926e-01	7.070132493972778320e-01
8.508508801460266113e-01	5.886237621307373047e-01	7.239472270011901855e-01
8.608608841896057129e-01	6.066948771476745605e-01	7.410814762115478516e-01
8.708708882331848145e-01	6.249821782112121582e-01	7.584161162376403809e-01
8.808808922767639160e-01	6.434876918792724609e-01	7.759511470794677734e-01
8.908908963203430176e-01	6.622027158737182617e-01	7.936865687370300293e-01
9.009009003639221191e-01	6.811354756355285645e-01	8.116224408149719238e-01
9.109109044075012207e-01	7.002775073051452637e-01	8.297587037086486816e-01
9.209209084510803223e-01	7.196308374404907227e-01	8.480952978134155273e-01
9.309309124946594238e-01	7.391940951347351074e-01	8.666323423385620117e-01
9.409409165382385254e-01	7.589657306671142578e-01	8.853698372840881348e-01
9.509509801864624023e-01	7.789453864097595215e-01	9.043077826499938965e-01
9.609609842300415039e-01	7.991288900375366211e-01	9.234459996223449707e-01
9.709709882736206055e-01	8.195195198059082031e-01	9.427846670150756836e-01
9.809809923171997070e-01	8.401113152503967285e-01	9.623237252235412598e-01
9.909909963607788086e-01	8.609046936035156250e-01	9.820631742477416992e-01
1.001001000404357910e+00	8.818993568420410156e-01	1.002002954483032227e+00
1.011011004447937012e+00	9.030951857566833496e-01	1.022143244743347168e+00
1.021021008491516113e+00	9.244915246963500977e-01	1.042483925819396973e+00
1.031031012535095215e+00	9.460826516151428223e-01	1.063024997711181641e+00
1.041041016578674316e+00	9.678719639778137207e-01	1.083766341209411621e+00
1.051051020622253418e+00	9.898592829704284668e-01	1.104708194732666016e+00
1.061061024665832520e+00	1.012038707733154297e+00	1.125850439071655273e+00
1.071071028709411621e+00	1.034412860870361328e+00	1.147193193435668945e+00
1.081081032752990723e+00	1.056980729103088379e+00	1.168736219406127930e+00
1.091091036796569824e+00	1.079738974571228027e+00	1.190479636192321777e+00
1.101101160049438477e+00	1.102690815925598145e+00	1.212423801422119141e+00
1.111111164093017578e+00	1.125830769538879395e+00	1.234567999839782715e+00
1.121121168136596680e+00	1.149160146713256836e+00	1.256912708282470703e+00
1.131131172180175781e+00	1.172681808471679688e+00	1.279457688331604004e+00
1.141141176223754883e+00	1.196390867233276367e+00	1.302203178405761719e+00
1.151151180267333984e+00	1.220282912254333496e+00	1.325149059295654297e+00
1.161161184310913086e+00	1.244364500045776367e+00	1.348295331001281738e+00
1.171171188354492188e+00	1.268630027770996094e+00	1.371641993522644043e+00
1.181181192398071289e+00	1.293083310127258301e+00	1.395189046859741211e+00
1.191191196441650391e+00	1.317718863487243652e+00	1.418936491012573242e+00
1.201201200485229492e+00	1.342538356781005859e+00	1.442884325981140137e+00
1.211211204528808594e+00	1.367539048194885254e+00	1.467032551765441895e+00
1.221221208572387695e+00	1.392721652984619141e+00	1.491381287574768066e+00
1.231231212615966797e+00	1.418089628219604492e+00	1.515930294990539551e+00
1.241241216659545898e+00	1.443636536598205566e+00	1.540679812431335449e+00
1.251251220703125000e+00	1.469361662864685059e+00	1.565629601478576660e+00
1.261261224746704102e+00	1.495268583297729492e+00	1.590779900550842285e+00
1.271271228790283203e+00	1.521354079246520996e+00	1.616130590438842773e+00
1.281281232833862305e+00	1.547618865966796875e+00	1.641681551933288574e+00
1.291291236877441406e+00	1.574058532714843750e+00	1.667433023452758789e+00
1.301301360130310059e+00	1.600678205490112305e+00	1.693385243415832520e+00
1.311311364173889160e+00	1.627475500106811523e+00	1.719537496566772461e+00
1.321321368217468262e+00	1.654446721076965332e+00	1.745890140533447266e+00
1.331331372261047363e+00	1.681595563888549805e+00	1.772443175315856934e+00
1.341341376304626465e+00	1.708919286727905273e+00	1.799196720123291016e+00
1.351351380348205566e+00	1.736420392990112305e+00	1.826150536537170410e+00
1.361361384391784668e+00	1.764093637466430664e+00	1.853304862976074219e+00
1.371371388435363770e+00	1.791943073272705078e+00	1.880659461021423340e+00
1.381381392478942871e+00	1.819963335990905762e+00	1.908214569091796875e+00
1.391391396522521973e+00	1.848159790039062500e+00	1.935970067977905273e+00
1.401401400566101074e+00	1.876530408859252930e+00	1.963925838470458984e+00
1.411411404609680176e+00	1.905073642730712891e+00	1.992082118988037109e+00
1.421421408653259277e+00	1.933787584304809570e+00	2.020438909530639648e+00
1.431431412696838379e+00	1.962675094604492188e+00	2.048995971679687500e+00
1.441441416740417480e+00	1.991730213165283203e+00	2.077753305435180664e+00
1.451451420783996582e+00	2.020960092544555664e+00	2.106711149215698242e+00
1.461461424827575684e+00	2.050358295440673828e+00	2.135869503021240234e+00
1.471471428871154785e+00	2.079933166503906250e+00	2.165228128433227539e+00
1.481481432914733887e+00	2.109674215316772461e+00	2.194787263870239258e+00
1.491491436958312988e+00	2.139587879180908203e+00	2.224546670913696289e+00
1.501501560211181641e+00	2.169670820236206055e+00	2.254506826400756836e+00
1.511511564254760742e+00	2.199923038482666016e+00	2.284667253494262695e+00
1.521521568298339844e+00	2.230349302291870117e+00	2.315027952194213867e+00
1.531531572341918945e+00	2.260936975479125977e+00	2.345588922500610352e+00
1.541541576385498047e+00	2.291700839996337891e+00	2.376350402832031250e+00
1.551551580429077148e+00	2.322632789611816406e+00	2.407312393188476562e+00
1.561561584472656250e+00	2.353733301162719727e+00	2.438474655151367188e+00
1.571571588516235352e+00	2.385000467300415039e+00	2.469837188720703125e+00
1.581581592559814453e+00	2.416435241699218750e+00	2.501400232315063477e+00
1.591591596603393555e+00	2.448041439056396484e+00	2.533163785934448242e+00
1.601601600646972656e+00	2.479815006256103516e+00	2.565127611160278320e+00
1.611611604690551758e+00	2.511761665344238281e+00	2.597291946411132812e+00
1.621621608734130859e+00	2.543869256973266602e+00	2.629656553268432617e+00
1.631631612777709961e+00	2.576148748397827148e+00	2.662221670150756836e+00
1.641641616821289062e+00	2.608594655990600586e+00	2.694987297058105469e+00
1.651651620864868164e+00	2.641207218170166016e+00	2.727953195571899414e+00
1.661661624908447266e+00	2.673994064331054688e+00	2.761119365692138672e+00
1.671671628952026367e+00	2.706938982009887695e+00	2.794486045837402344e+00
1.681681632995605469e+00	2.740059375762939453e+00	2.828052997589111328e+00
1.691691637039184570e+00	2.773344039916992188e+00	2.861820697784423828e+00
1.701701760292053223e+00	2.806793689727783203e+00	2.895788908004760742e+00
1.711711764335632324e+00	2.840415000915527344e+00	2.929957151412963867e+00
1.721721768379211426e+00	2.874201774597167969e+00	2.964325904846191406e+00
1.731731772422790527e+00	2.908155918121337891e+00	2.998894929885864258e+00
1.741741776466369629e+00	2.942281723022460938e+00	3.033664464950561523e+00
1.751751780509948730e+00	2.976567268371582031e+00	3.068634271621704102e+00
1.761761784553527832e+00	3.011025667190551758e+00	3.103804588317871094e+00
1.771771788597106934e+00	3.045651674270629883e+00	3.139175176620483398e+00
1.781781792640686035e+00	3.080440044403076172e+00	3.174746274948120117e+00
1.791791796684265137e+00	3.115402698516845703e+00	3.210517883300781250e+00
1.801801800727844238e+00	3.150529861450195312e+00	3.246489763259887695e+00
1.811811804771423340e+00	3.185824632644653320e+00	3.282661914825439453e+00
1.821821808815002441e+00	3.221283674240112305e+00	3.319034814834594727e+00
1.831831812858581543e+00	3.256915092468261719e+00	3.355607748031616211e+00
1.841841816902160645e+00	3.292711973190307617e+00	3.392381191253662109e+00
1.851851820945739746e+00	3.328677892684936523e+00	3.429355144500732422e+00
1.861861824989318848e+00	3.364808797836303711e+00	3.466529369354248047e+00
1.871871829032897949e+00	3.401115417480468750e+00	3.503904104232788086e+00
1.881881833076477051e+00	3.437580347061157227e+00	3.541479349136352539e+00
1.891891837120056152e+00	3.474216938018798828e+00	3.579254627227783203e+00
1.901901960372924805e+00	3.511020660400390625e+00	3.617231130599975586e+00
1.911911964416503906e+00	3.547995567321777344e+00	3.655407428741455078e+00
1.921921968460083008e+00	3.585138320922851562e+00	3.693783998489379883e+00
1.931931972503662109e+00	3.622445583343505859e+00	3.732361078262329102e+00
1.941941976547241211e+00	3.659926414489746094e+00	3.771138668060302734e+00
1.951951980590820312e+00	3.697568655014038086e+00	3.810116529464721680e+00
1.961961984634399414e+00	3.735384225845336914e+00	3.849294900894165039e+00
1.971971988677978516e+00	3.773370504379272461e+00	3.888673543930053711e+00
1.981981992721557617e+00	3.811524152755737305e+00	3.928252696990966797e+00
1.991991996765136719e+00	3.849846124649047852e+00	3.968032121658325195e+00
2.002002000808715820e+00	3.888337850570678711e+00	4.008011817932128906e+00
2.012012004852294922e+00	3.926999807357788086e+00	4.048192501068115234e+00
2.022022008895874023e+00	3.965832233428955078e+00	4.088572978973388672e+00
2.032032012939453125e+00	4.004831790924072266e+00	4.129154205322265625e+00
2.042042016983032227e+00	4.044002056121826172e+00	4.169935703277587891e+00
2.052052021026611328e+00	4.083344936370849609e+00	4.210917472839355469e+00
2.062062025070190430e+00	4.122857093811035156e+00	4.252099990844726562e+00
2.072072029113769531e+00	4.162539482116699219e+00	4.293482303619384766e+00
2.082082033157348633e+00	4.202389717102050781e+00	4.335065364837646484e+00
2.092092037200927734e+00	4.242413043975830078e+00	4.376849174499511719e+00
2.102102041244506836e+00	4.282604694366455078e+00	4.418832778930664062e+00
2.112112045288085938e+00	4.322969913482666016e+00	4.461017131805419922e+00
2.122122049331665039e+00	4.363506793975830078e+00	4.503401756286621094e+00
2.132132053375244141e+00	4.404212951660156250e+00	4.545987129211425781e+00
2.142142057418823242e+00	4.445091247558593750e+00	4.588772773742675781e+00
2.152152061462402344e+00	4.486142158508300781e+00	4.631758689880371094e+00
2.162162065505981445e+00	4.527364730834960938e+00	4.674944877624511719e+00
2.172172069549560547e+00	4.568759918212890625e+00	4.718331336975097656e+00
2.182182073593139648e+00	4.610325336456298828e+00	4.761918544769287109e+00
2.192192077636718750e+00	4.652065277099609375e+00	4.805706024169921875e+00
2.202202320098876953e+00	4.693978309631347656e+00	4.849695205688476562e+00
2.212212324142456055e+00	4.736064910888671875e+00	4.893883228302001953e+00
2.222222328186035156e+00	4.778327941894531250e+00	4.938271999359130859e+00
2.232232332229614258e+00	4.820758342742919922e+00	4.982861042022705078e+00
2.242242336273193359e+00	4.863362789154052734e+00	5.027650833129882812e+00
2.252252340316772461e+00	4.906144618988037109e+00	5.072640419006347656e+00
2.262262344360351562e+00	4.949100017547607422e+00	5.117830753326416016e+00
2.272272348403930664e+00	4.992228031158447266e+00	5.163221836090087891e+00
2.282282352447509766e+00	5.035529613494873047e+00	5.208812713623046875e+00
2.292292356491088867e+00	5.079010009765625000e+00	5.254604339599609375e+00
2.302302360534667969e+00	5.122660636901855469e+00	5.300596237182617188e+00
2.312312364578247070e+00	5.166491031646728516e+00	5.346788406372070312e+00
2.322322368621826172e+00	5.210496902465820312e+00	5.393181324005126953e+00
2.332332372665405273e+00	5.254676818847656250e+00	5.439774513244628906e+00
2.342342376708984375e+00	5.299032688140869141e+00	5.486567974090576172e+00
2.352352380752563477e+00	5.343564033508300781e+00	5.533561706542968750e+00
2.362362384796142578e+00	5.388273715972900391e+00	5.580756187438964844e+00
2.372372388839721680e+00	5.433156490325927734e+00	5.628150939941406250e+00
2.382382392883300781e+00	5.478221893310546875e+00	5.675745964050292969e+00
2.392392396926879883e+00	5.523462295532226562e+00	5.723541259765625000e+00
2.402402400970458984e+00	5.568879127502441406e+00	5.771537303924560547e+00
2.412412405014038086e+00	5.614475250244140625e+00	5.819733619689941406e+00
2.422422409057617188e+00	5.660250186920166016e+00	5.868130207061767578e+00
2.432432413101196289e+00	5.706203937530517578e+00	5.916727542877197266e+00
2.442442417144775391e+00	5.752333164215087891e+00	5.965525150299072266e+00
2.452452421188354492e+00	5.798644065856933594e+00	6.014523029327392578e+00
2.462462425231933594e+00	5.845129966735839844e+00	6.063721179962158203e+00
2.472472429275512695e+00	5.891799926757812500e+00	6.113120079040527344e+00
2.482482433319091797e+00	5.938647270202636719e+00	6.162719249725341797e+00
2.492492437362670898e+00	5.985672473907470703e+00	6.212518692016601562e+00
2.502502441406250000e+00	6.032879829406738281e+00	6.262518405914306641e+00
2.512512445449829102e+00	6.080271244049072266e+00	6.312718868255615234e+00
2.522522449493408203e+00	6.127837657928466797e+00	6.363119602203369141e+00
2.532532453536987305e+00	6.175589084625244141e+00	6.413720607757568359e+00
2.542542457580566406e+00	6.223524093627929688e+00	6.464522361755371094e+00
2.552552461624145508e+00	6.271633148193359375e+00	6.515523910522460938e+00
2.562562465667724609e+00	6.319930553436279297e+00	6.566726207733154297e+00
2.572572469711303711e+00	6.368406772613525391e+00	6.618129253387451172e+00
2.582582473754882812e+00	6.417062759399414062e+00	6.669732093811035156e+00
2.592592477798461914e+00	6.465905189514160156e+00	6.721535682678222656e+00
2.602602720260620117e+00	6.514931201934814453e+00	6.773540973663330078e+00
2.612612724304199219e+00	6.564141273498535156e+00	6.825745105743408203e+00
2.622622728347778320e+00	6.613531589508056641e+00	6.878149986267089844e+00
2.632632732391357422e+00	6.663109779357910156e+00	6.930755138397216797e+00
2.642642736434936523e+00	6.712865829467773438e+00	6.983560562133789062e+00
2.652652740478515625e+00	6.762812614440917969e+00	7.036566734313964844e+00
2.662662744522094727e+00	6.812941551208496094e+00	7.089772701263427734e+00
2.672672748565673828e+00	6.863254070281982422e+00	7.143179416656494141e+00
2.682682752609252930e+00	6.913752555847167969e+00	7.196786880493164062e+00
2.692692756652832031e+00	6.964435577392578125e+00	7.250594139099121094e+00
2.702702760696411133e+00	7.015306472778320312e+00	7.304602146148681641e+00
2.712712764739990234e+00	7.066361904144287109e+00	7.358810424804687500e+00
2.722722768783569336e+00	7.117604732513427734e+00	7.413219451904296875e+00
2.732732772827148438e+00	7.169032096862792969e+00	7.467828273773193359e+00
2.742742776870727539e+00	7.220648765563964844e+00	7.522637844085693359e+00
2.752752780914306641e+00	7.272454738616943359e+00	7.577647686004638672e+00
2.762762784957885742e+00	7.324446201324462891e+00	7.632858276367187500e+00
2.772772789001464844e+00	7.376622676849365234e+00	7.688269138336181641e+00
2.782782793045043945e+00	7.428994178771972656e+00	7.743880271911621094e+00
2.792792797088623047e+00	7.481544971466064453e+00	7.799691677093505859e+00
2.802802801132202148e+00	7.534287452697753906e+00	7.855703353881835938e+00
2.812812805175781250e+00	7.587221622467041016e+00	7.911915779113769531e+00
2.822822809219360352e+00	7.640342712402343750e+00	7.968328475952148438e+00
2.832832813262939453e+00	7.693654060363769531e+00	8.024941444396972656e+00
2.842842817306518555e+00	7.747160434722900391e+00	8.081755638122558594e+00
2.852852821350097656e+00	7.800846099853515625e+00	8.138769149780273438e+00
2.862862825393676758e+00	7.854732513427734375e+00	8.195983886718750000e+00
2.872872829437255859e+00	7.908806324005126953e+00	8.253397941589355469e+00
2.882882833480834961e+00	7.963069438934326172e+00	8.311013221740722656e+00
2.892892837524414062e+00	8.017519950866699219e+00	8.368828773498535156e+00
2.902902841567993164e+00	8.072170257568359375e+00	8.426844596862792969e+00
2.912912845611572266e+00	8.127009391784667969e+00	8.485061645507812500e+00
2.922922849655151367e+00	8.182037353515625000e+00	8.543478012084960938e+00
2.932932853698730469e+00	8.237264633178710938e+00	8.602094650268554688e+00
2.942942857742309570e+00	8.292677879333496094e+00	8.660912513732910156e+00
2.952952861785888672e+00	8.348286628723144531e+00	8.719930648803710938e+00
2.962962865829467773e+00	8.404087066650390625e+00	8.779149055480957031e+00
2.972972869873046875e+00	8.460087776184082031e+00	8.838567733764648438e+00
2.982982873916625977e+00	8.516276359558105469e+00	8.898186683654785156e+00
2.992992877960205078e+00	8.572657585144042969e+00	8.958005905151367188e+00
3.003003120422363281e+00	8.629234313964843750e+00	9.018027305603027344e+00
3.013013124465942383e+00	8.686012268066406250e+00	9.078248023986816406e+00
3.023023128509521484e+00	8.742978096008300781e+00	9.138669013977050781e+00
3.033033132553100586e+00	8.800144195556640625e+00	9.199290275573730469e+00
3.043043136596679688e+00	8.857502937316894531e+00	9.260111808776855469e+00
3.053053140640258789e+00	8.915055274963378906e+00	9.321133613586425781e+00
3.063063144683837891e+00	8.972807884216308594e+00	9.382355690002441406e+00
3.073073148727416992e+00	9.030755043029785156e+00	9.443778991699218750e+00
3.083083152770996094e+00	9.088898658752441406e+00	9.505401611328125000e+00
3.093093156814575195e+00	9.147240638732910156e+00	9.567225456237792969e+00
3.103103160858154297e+00	9.205781936645507812e+00	9.629249572753906250e+00
3.113113164901733398e+00	9.264514923095703125e+00	9.691473960876464844e+00
3.123123168945312500e+00	9.323451042175292969e+00	9.753898620605468750e+00
3.133133172988891602e+00	9.382583618164062500e+00	9.816523551940917969e+00
3.143143177032470703e+00	9.441914558410644531e+00	9.879348754882812500e+00
3.153153181076049805e+00	9.501440048217773438e+00	9.942375183105468750e+00
3.163163185119628906e+00	9.561170578002929688e+00	1.000560092926025391e+01
3.173173189163208008e+00	9.621097564697265625e+00	1.006902790069580078e+01
3.183183193206787109e+00	9.681224822998046875e+00	1.013265514373779297e+01
3.193193197250366211e+00	9.741548538208007812e+00	1.019648265838623047e+01
3.203203201293945312e+00	9.802077293395996094e+00	1.026051044464111328e+01
3.213213205337524414e+00	9.862803459167480469e+00	1.032473945617675781e+01
3.223223209381103516e+00	9.923730850219726562e+00	1.038916778564453125e+01
3.233233213424682617e+00	9.984860420227050781e+00	1.045379734039306641e+01
3.243243217468261719e+00	1.004619121551513672e+01	1.051862621307373047e+01
3.253253221511840820e+00	1.010772418975830078e+01	1.058365631103515625e+01
3.263263225555419922e+00	1.016945266723632812e+01	1.064888668060302734e+01
3.273273229598999023e+00	1.023138904571533203e+01	1.071431732177734375e+01
3.283283233642578125e+00	1.029352283477783203e+01	1.077994918823242188e+01
3.293293237686157227e+00	1.035586357116699219e+01	1.084578037261962891e+01
3.303303241729736328e+00	1.041840457916259766e+01	1.091181278228759766e+01
3.313313245773315430e+00	1.048114967346191406e+01	1.097804450988769531e+01
3.323323249816894531e+00	1.054409790039062500e+01	1.104447746276855469e+01
3.333333253860473633e+00	1.060724544525146484e+01	1.111111068725585938e+01
3.343343257904052734e+00	1.067060375213623047e+01	1.117794418334960938e+01
3.353353261947631836e+00	1.073416328430175781e+01	1.124497795104980469e+01
3.363363265991210938e+00	1.079793071746826172e+01	1.131221199035644531e+01
3.373373270034790039e+00	1.086189365386962891e+01	1.137964725494384766e+01
3.383383274078369141e+00	1.092606735229492188e+01	1.144728279113769531e+01
3.393393278121948242e+00	1.099044418334960938e+01	1.151511764526367188e+01
3.403403520584106445e+00	1.105502986907958984e+01	1.158315563201904297e+01
3.413413524627685547e+00	1.111982059478759766e+01	1.165139198303222656e+01
3.423423528671264648e+00	1.118481063842773438e+01	1.171982860565185547e+01
3.433433532714843750e+00	1.125001144409179688e+01	1.178846549987792969e+01
3.443443536758422852e+00	1.131541538238525391e+01	1.185730361938476562e+01
3.453453540802001953e+00	1.138103008270263672e+01	1.192634105682373047e+01
3.463463544845581055e+00	1.144684886932373047e+01	1.199557971954345703e+01
3.473473548889160156e+00	1.151287555694580078e+01	1.206501865386962891e+01
3.483483552932739258e+00	1.157910919189453125e+01	1.213465785980224609e+01
3.493493556976318359e+00	1.164554786682128906e+01	1.220449733734130859e+01
3.503503561019897461e+00	1.171219921112060547e+01	1.227453708648681641e+01
3.513513565063476562e+00	1.177905178070068359e+01	1.234477710723876953e+01
3.523523569107055664e+00	1.184611892700195312e+01	1.241521835327148438e+01
3.533533573150634766e+00	1.191339111328125000e+01	1.248585987091064453e+01
3.543543577194213867e+00	1.198086929321289062e+01	1.255670070648193359e+01
3.553553581237792969e+00	1.204856109619140625e+01	1.262774276733398438e+01
3.563563585281372070e+00	1.211645984649658203e+01	1.269898509979248047e+01
3.573573589324951172e+00	1.218456649780273438e+01	1.277042865753173828e+01
3.583583593368530273e+00	1.225288200378417969e+01	1.284207153320312500e+01
3.593593597412109375e+00	1.232141304016113281e+01	1.291391468048095703e+01
3.603603601455688477e+00	1.239014911651611328e+01	1.298595905303955078e+01
3.613613605499267578e+00	1.245909690856933594e+01	1.305820369720458984e+01
3.623623609542846680e+00	1.252825164794921875e+01	1.313064765930175781e+01
3.633633613586425781e+00	1.259761810302734375e+01	1.320329284667968750e+01
3.643643617630004883e+00	1.266719627380371094e+01	1.327613925933837891e+01
3.653653621673583984e+00	1.273698616027832031e+01	1.334918498992919922e+01
3.663663625717163086e+00	1.280698871612548828e+01	1.342243099212646484e+01
3.673673629760742188e+00	1.287719631195068359e+01	1.349587821960449219e+01
3.683683633804321289e+00	1.294762039184570312e+01	1.356952476501464844e+01
3.693693637847900391e+00	1.301825809478759766e+01	1.364337253570556641e+01
3.703703641891479492e+00	1.308910179138183594e+01	1.371742057800292969e+01
3.713713645935058594e+00	1.316015815734863281e+01	1.379166889190673828e+01
3.723723649978637695e+00	1.323143005371093750e+01	1.386611747741699219e+01
3.733733654022216797e+00	1.330291366577148438e+01	1.394076728820800781e+01
3.743743658065795898e+00	1.337460899353027344e+01	1.401561641693115234e+01
3.753753662109375000e+00	1.344651985168457031e+01	1.409066677093505859e+01
3.763763666152954102e+00	1.351864051818847656e+01	1.416591739654541016e+01
3.773773670196533203e+00	1.359097766876220703e+01	1.424136734008789062e+01
3.783783674240112305e+00	1.366352081298828125e+01	1.431701850891113281e+01
3.793793678283691406e+00	1.373628425598144531e+01	1.439287090301513672e+01
3.803803920745849609e+00	1.380926322937011719e+01	1.446892452239990234e+01
3.813813924789428711e+00	1.388245677947998047e+01	1.454517650604248047e+01
3.823823928833007812e+00	1.395585346221923828e+01	1.462162971496582031e+01
3.833833932876586914e+00	1.402947139739990234e+01	1.469828224182128906e+01
3.843843936920166016e+00	1.410330295562744141e+01	1.477513599395751953e+01
3.853853940963745117e+00	1.417734909057617188e+01	1.485219001770019531e+01
3.863863945007324219e+00	1.425161361694335938e+01	1.492944431304931641e+01
3.873873949050903320e+00	1.432608890533447266e+01	1.500689983367919922e+01
3.883883953094482422e+00	1.440077877044677734e+01	1.508455467224121094e+01
3.893893957138061523e+00	1.447568607330322266e+01	1.516240978240966797e+01
3.903903961181640625e+00	1.455080413818359375e+01	1.524046611785888672e+01
3.913913965225219727e+00	1.462614345550537109e+01	1.531872272491455078e+01
3.923923969268798828e+00	1.470169830322265625e+01	1.539717960357666016e+01
3.933933973312377930e+00	1.477746486663818359e+01	1.547583675384521484e+01
3.943943977355957031e+00	1.485344791412353516e+01	1.555469417572021484e+01
3.953953981399536133e+00	1.492965126037597656e+01	1.563375186920166016e+01
3.963963985443115234e+00	1.500606727600097656e+01	1.571301078796386719e+01
3.973973989486694336e+00	1.508269882202148438e+01	1.579246902465820312e+01
3.983983993530273438e+00	1.515954875946044922e+01	1.587212848663330078e+01
3.993993997573852539e+00	1.523661613464355469e+01	1.595198822021484375e+01
4.004004001617431641e+00	1.531389427185058594e+01	1.603204727172851562e+01
4.014014244079589844e+00	1.539139652252197266e+01	1.611231040954589844e+01
4.024024009704589844e+00	1.546911144256591797e+01	1.619277000427246094e+01
4.034034252166748047e+00	1.554704570770263672e+01	1.627343177795410156e+01
4.044044017791748047e+00	1.562519359588623047e+01	1.635429191589355469e+01
4.054054260253906250e+00	1.570356178283691406e+01	1.643535614013671875e+01
4.064064025878906250e+00	1.578214931488037109e+01	1.651661682128906250e+01
4.074074268341064453e+00	1.586095237731933594e+01	1.659808158874511719e+01
4.084084033966064453e+00	1.593997001647949219e+01	1.667974281311035156e+01
4.094094276428222656e+00	1.601921081542968750e+01	1.676160812377929688e+01
4.104104042053222656e+00	1.609866523742675781e+01	1.684366989135742188e+01
4.114114284515380859e+00	1.617833900451660156e+01	1.692593574523925781e+01
4.124124050140380859e+00	1.625823020935058594e+01	1.700839996337890625e+01
4.134134292602539062e+00	1.633834457397460938e+01	1.709106636047363281e+01
4.144144058227539062e+00	1.641866493225097656e+01	1.717392921447753906e+01
4.154154300689697266e+00	1.649921417236328125e+01	1.725699806213378906e+01
4.164164066314697266e+00	1.657997894287109375e+01	1.734026145935058594e+01
4.174174308776855469e+00	1.666096305847167969e+01	1.742373085021972656e+01
4.184184074401855469e+00	1.674216651916503906e+01	1.750739669799804688e+01
4.194194316864013672e+00	1.682358741760253906e+01	1.759126663208007812e+01
4.204204082489013672e+00	1.690522384643554688e+01	1.767533111572265625e+01
4.214214324951171875e+00	1.698708343505859375e+01	1.775960159301757812e+01
4.224224090576171875e+00	1.706915855407714844e+01	1.784406852722167969e+01
4.234234333038330078e+00	1.715145683288574219e+01	1.792873954772949219e+01
4.244244098663330078e+00	1.723396873474121094e+01	1.801360702514648438e+01
4.254254341125488281e+00	1.731670570373535156e+01	1.809868049621582031e+01
4.264264106750488281e+00	1.739965629577636719e+01	1.818394851684570312e+01
4.274274349212646484e+00	1.748282814025878906e+01	1.826942062377929688e+01
4.284284114837646484e+00	1.756621742248535156e+01	1.835509109497070312e+01
4.294294357299804688e+00	1.764982795715332031e+01	1.844096374511718750e+01
4.304304122924804688e+00	1.773365783691406250e+01	1.852703475952148438e+01
4.314314365386962891e+00	1.781771087646484375e+01	1.861330795288085938e+01
4.324324131011962891e+00	1.790197563171386719e+01	1.869977951049804688e+01
4.334334373474121094e+00	1.798646354675292969e+01	1.878645515441894531e+01
4.344344139099121094e+00	1.807117271423339844e+01	1.887332534790039062e+01
4.354354381561279297e+00	1.815610122680664062e+01	1.896040153503417969e+01
4.364364147186279297e+00	1.824124526977539062e+01	1.904767417907714844e+01
4.374374389648437500e+00	1.832661437988281250e+01	1.913515090942382812e+01
4.384384155273437500e+00	1.841219520568847656e+01	1.922282409667968750e+01
4.394394397735595703e+00	1.849800491333007812e+01	1.931070137023925781e+01
4.404404640197753906e+00	1.858403015136718750e+01	1.939878082275390625e+01
4.414414405822753906e+00	1.867027664184570312e+01	1.948705482482910156e+01
4.424424648284912109e+00	1.875673675537109375e+01	1.957553291320800781e+01
4.434434413909912109e+00	1.884342002868652344e+01	1.966420936584472656e+01
4.444444656372070312e+00	1.893032646179199219e+01	1.975308799743652344e+01
4.454454421997070312e+00	1.901744461059570312e+01	1.984216499328613281e+01
4.464464664459228516e+00	1.910478973388671875e+01	1.993144416809082031e+01
4.474474430084228516e+00	1.919235420227050781e+01	2.002092170715332031e+01
4.484484672546386719e+00	1.928013610839843750e+01	2.011060333251953125e+01
4.494494438171386719e+00	1.936813735961914062e+01	2.020047950744628906e+01
4.504504680633544922e+00	1.945635986328125000e+01	2.029056167602539062e+01
4.514514446258544922e+00	1.954479598999023438e+01	2.038084030151367188e+01
4.524524688720703125e+00	1.963346099853515625e+01	2.047132301330566406e+01
4.534534454345703125e+00	1.972233963012695312e+01	2.056200218200683594e+01
4.544544696807861328e+00	1.981144332885742188e+01	2.065288734436035156e+01
4.554554462432861328e+00	1.990076065063476562e+01	2.074396705627441406e+01
4.564564704895019531e+00	1.999030113220214844e+01	2.083525085449218750e+01
4.574574470520019531e+00	2.008005714416503906e+01	2.092673110961914062e+01
4.584584712982177734e+00	2.017003631591796875e+01	2.101841735839843750e+01
4.594594478607177734e+00	2.026023101806640625e+01	2.111029815673828125e+01
4.604604721069335938e+00	2.035064888000488281e+01	2.120238494873046875e+01
4.614614486694335938e+00	2.044128417968750000e+01	2.129466629028320312e+01
4.624624729156494141e+00	2.053214454650878906e+01	2.138715362548828125e+01
4.634634494781494141e+00	2.062321853637695312e+01	2.147983741760253906e+01
4.644644737243652344e+00	2.071451568603515625e+01	2.157272529602050781e+01
4.654654502868652344e+00	2.080602645874023438e+01	2.166580772399902344e+01
4.664664745330810547e+00	2.089776229858398438e+01	2.175909805297851562e+01
4.674674510955810547e+00	2.098970985412597656e+01	2.185258102416992188e+01
4.684684753417968750e+00	2.108188247680664062e+01	2.194627189636230469e+01
4.694694519042968750e+00	2.117427062988281250e+01	2.204015731811523438e+01
4.704704761505126953e+00	2.126688385009765625e+01	2.213424682617187500e+01
4.714714527130126953e+00	2.135970878601074219e+01	2.222853279113769531e+01
4.724724769592285156e+00	2.145275688171386719e+01	2.232302474975585938e+01
4.734734535217285156e+00	2.154601860046386719e+01	2.241771125793457031e+01
4.744744777679443359e+00	2.163950538635253906e+01	2.251260375976562500e+01
4.754754543304443359e+00	2.173320579528808594e+01	2.260769081115722656e+01
4.764764785766601562e+00	2.182712936401367188e+01	2.270298385620117188e+01
4.774774551391601562e+00	2.192126464843750000e+01	2.279847145080566406e+01
4.784784793853759766e+00	2.201562881469726562e+01	2.289416503906250000e+01
4.794794559478759766e+00	2.211019897460937500e+01	2.299005508422851562e+01
4.804804801940917969e+00	2.220499420166015625e+01	2.308614921569824219e+01
4.814815044403076172e+00	2.230001068115234375e+01	2.318244361877441406e+01
4.824824810028076172e+00	2.239523696899414062e+01	2.327893447875976562e+01
4.834835052490234375e+00	2.249068641662597656e+01	2.337562942504882812e+01
4.844844818115234375e+00	2.258634757995605469e+01	2.347252082824707031e+01
4.854855060577392578e+00	2.268223190307617188e+01	2.356961822509765625e+01
4.864864826202392578e+00	2.277833175659179688e+01	2.366691017150878906e+01
4.874875068664550781e+00	2.287465095520019531e+01	2.376440620422363281e+01
4.884884834289550781e+00	2.297118568420410156e+01	2.386210060119628906e+01
4.894895076751708984e+00	2.306793785095214844e+01	2.395999717712402344e+01
4.904904842376708984e+00	2.316490554809570312e+01	2.405809211730957031e+01
4.914915084838867188e+00	2.326209259033203125e+01	2.415639114379882812e+01
4.924924850463867188e+00	2.335949325561523438e+01	2.425488471984863281e+01
4.934935092926025391e+00	2.345711517333984375e+01	2.435358428955078125e+01
4.944944858551025391e+00	2.355495071411132812e+01	2.445248031616210938e+01
4.954955101013183594e+00	2.365300369262695312e+01	2.455158042907714844e+01
4.964964866638183594e+00	2.375126838684082031e+01	2.465087699890136719e+01
4.974975109100341797e+00	2.384975814819335938e+01	2.475037765502929688e+01
4.984984874725341797e+00	2.394845390319824219e+01	2.485007476806640625e+01
4.994995117187500000e+00	2.404737281799316406e+01	2.494997596740722656e+01
5.005004882812500000e+00	2.414650535583496094e+01	2.505007362365722656e+01
5.015015125274658203e+00	2.424585342407226562e+01	2.515037727355957031e+01
5.025024890899658203e+00	2.434541702270507812e+01	2.525087547302246094e+01
5.035035133361816406e+00	2.444519996643066406e+01	2.535157966613769531e+01
5.045044898986816406e+00	2.454518699645996094e+01	2.545247840881347656e+01
5.055055141448974609e+00	2.464540100097656250e+01	2.555358314514160156e+01
5.065064907073974609e+00	2.474582099914550781e+01	2.565488243103027344e+01
5.075075149536132812e+00	2.484646224975585938e+01	2.575638771057128906e+01
5.085084915161132812e+00	2.494731140136718750e+01	2.585808944702148438e+01
5.095095157623291016e+00	2.504837989807128906e+01	2.595999526977539062e+01
5.105104923248291016e+00	2.514966011047363281e+01	2.606209564208984375e+01
5.115115165710449219e+00	2.525115776062011719e+01	2.616440391540527344e+01
5.125124931335449219e+00	2.535285949707031250e+01	2.626690483093261719e+01
5.135135173797607422e+00	2.545478630065917969e+01	2.636961364746093750e+01
5.145144939422607422e+00	2.555691719055175781e+01	2.647251701354980469e+01
5.155155181884765625e+00	2.565926933288574219e+01	2.657562446594238281e+01
5.165164947509765625e+00	2.576182746887207031e+01	2.667892837524414062e+01
5.175175189971923828e+00	2.586460304260253906e+01	2.678243827819824219e+01
5.185184955596923828e+00	2.596759033203125000e+01	2.688614273071289062e+01
5.195195198059082031e+00	2.607079315185546875e+01	2.699005317687988281e+01
5.205205440521240234e+00	2.617420768737792969e+01	2.709416389465332031e+01
5.215215206146240234e+00	2.627782821655273438e+01	2.719846916198730469e+01
5.225225448608398438e+00	2.638166618347167969e+01	2.730298042297363281e+01
5.235235214233398438e+00	2.648571014404296875e+01	2.740768814086914062e+01
5.245245456695556641e+00	2.658997154235839844e+01	2.751259994506835938e+01
5.255255222320556641e+00	2.669444084167480469e+01	2.761770820617675781e+01
5.265265464782714844e+00	2.679912376403808594e+01	2.772302055358886719e+01
5.275275230407714844e+00	2.690401649475097656e+01	2.782852935791015625e+01
5.285285472869873047e+00	2.700912094116210938e+01	2.793424224853515625e+01
5.295295238494873047e+00	2.711443138122558594e+01	2.804015159606933594e+01
5.305305480957031250e+00	2.721995544433593750e+01	2.814626693725585938e+01
5.315315246582031250e+00	2.732568931579589844e+01	2.825257682800292969e+01
5.325325489044189453e+00	2.743163490295410156e+01	2.835909080505371094e+01
5.335335254669189453e+00	2.753778266906738281e+01	2.846580314636230469e+01
5.345345497131347656e+00	2.764414978027343750e+01	2.857271766662597656e+01
5.355355262756347656e+00	2.775071716308593750e+01	2.867983055114746094e+01
5.365365505218505859e+00	2.785750007629394531e+01	2.878714752197265625e+01
5.375375270843505859e+00	2.796449089050292969e+01	2.889465904235839844e+01
5.385385513305664062e+00	2.807168960571289062e+01	2.900237655639648438e+01
5.395395278930664062e+00	2.817909240722656250e+01	2.911029052734375000e+01
5.405405521392822266e+00	2.828671073913574219e+01	2.921840858459472656e+01
5.415415287017822266e+00	2.839453125000000000e+01	2.932672309875488281e+01
5.425425529479980469e+00	2.850256347656250000e+01	2.943524169921875000e+01
5.435435295104980469e+00	2.861079597473144531e+01	2.954395675659179688e+01
5.445445537567138672e+00	2.871924400329589844e+01	2.965287780761718750e+01
5.455455303192138672e+00	2.882788848876953125e+01	2.976199340820312500e+01
5.465465545654296875e+00	2.893675231933593750e+01	2.987131309509277344e+01
5.475475311279296875e+00	2.904581069946289062e+01	2.998082923889160156e+01
5.485485553741455078e+00	2.915508651733398438e+01	3.009055137634277344e+01
5.495495319366455078e+00	2.926456069946289062e+01	3.020046806335449219e+01
5.505505561828613281e+00	2.937424468994140625e+01	3.031059074401855469e+01
5.515515327453613281e+00	2.948412895202636719e+01	3.042090988159179688e+01
5.525525569915771484e+00	2.959422302246093750e+01	3.053143310546875000e+01
5.535535335540771484e+00	2.970451545715332031e+01	3.064215087890625000e+01
5.545545578002929688e+00	2.981502151489257812e+01	3.075307655334472656e+01
5.555555343627929688e+00	2.992572402954101562e+01	3.086419486999511719e+01
5.565565586090087891e+00	3.003663253784179688e+01	3.097552108764648438e+01
5.575575351715087891e+00	3.014774894714355469e+01	3.108703994750976562e+01
5.585585594177246094e+00	3.025906753540039062e+01	3.119876670837402344e+01
5.595595359802246094e+00	3.037059020996093750e+01	3.131068801879882812e+01
5.605605602264404297e+00	3.048231315612792969e+01	3.142281341552734375e+01
5.615615844726562500e+00	3.059424018859863281e+01	3.153514099121093750e+01
5.625625610351562500e+00	3.070637321472167969e+01	3.164766311645507812e+01
5.635635852813720703e+00	3.081870651245117188e+01	3.176039123535156250e+01
5.645645618438720703e+00	3.093123435974121094e+01	3.187331390380859375e+01
5.655655860900878906e+00	3.104397392272949219e+01	3.198644256591796875e+01
5.665665626525878906e+00	3.115691375732421875e+01	3.209976577758789062e+01
5.675675868988037109e+00	3.127005195617675781e+01	3.221329498291015625e+01
5.685685634613037109e+00	3.138339233398437500e+01	3.232702255249023438e+01
5.695695877075195312e+00	3.149693489074707031e+01	3.244095230102539062e+01
5.705705642700195312e+00	3.161067199707031250e+01	3.255507659912109375e+01
5.715715885162353516e+00	3.172462081909179688e+01	3.266940689086914062e+01
5.725725650787353516e+00	3.183875656127929688e+01	3.278393554687500000e+01
5.735735893249511719e+00	3.195310211181640625e+01	3.289866638183593750e+01
5.745745658874511719e+00	3.206764221191406250e+01	3.301359176635742188e+01
5.755755901336669922e+00	3.218238449096679688e+01	3.312872695922851562e+01
5.765765666961669922e+00	3.229732513427734375e+01	3.324405288696289062e+01
5.775775909423828125e+00	3.241246414184570312e+01	3.335958862304687500e+01
5.785785675048828125e+00	3.252780151367187500e+01	3.347531509399414062e+01
5.795795917510986328e+00	3.264333724975585938e+01	3.359125137329101562e+01
5.805805683135986328e+00	3.275906372070312500e+01	3.370737838745117188e+01
5.815815925598144531e+00	3.287500000000000000e+01	3.382371520996093750e+01
5.825825691223144531e+00	3.299112319946289062e+01	3.394024658203125000e+01
5.835835933685302734e+00	3.310745239257812500e+01	3.405698013305664062e+01
5.845845699310302734e+00	3.322397232055664062e+01	3.417391204833984375e+01
5.855855941772460938e+00	3.334069061279296875e+01	3.429104995727539062e+01
5.865865707397460938e+00	3.345760345458984375e+01	3.440837860107421875e+01
5.875875949859619141e+00	3.357471466064453125e+01	3.452591705322265625e+01
5.885885715484619141e+00	3.369202041625976562e+01	3.464365005493164062e+01
5.895895957946777344e+00	3.380952835083007812e+01	3.476158905029296875e+01
5.905905723571777344e+00	3.392721939086914062e+01	3.487972259521484375e+01
5.915915966033935547e+00	3.404512023925781250e+01	3.499806213378906250e+01
5.925925731658935547e+00	3.416320419311523438e+01	3.511659622192382812e+01
5.935935974121093750e+00	3.428148651123046875e+01	3.523533630371093750e+01
5.945945739746093750e+00	3.439995956420898438e+01	3.535427093505859375e+01
5.955955982208251953e+00	3.451863479614257812e+01	3.547341156005859375e+01
5.965965747833251953e+00	3.463749313354492188e+01	3.559274673461914062e+01
5.975975990295410156e+00	3.475655364990234375e+01	3.571228790283203125e+01
5.985985755920410156e+00	3.487580490112304688e+01	3.583202362060546875e+01
5.995995998382568359e+00	3.499524688720703125e+01	3.595196914672851562e+01
6.006006240844726562e+00	3.511488342285156250e+01	3.607210922241210938e+01
6.016016006469726562e+00	3.523470687866210938e+01	3.619244766235351562e+01
6.026026248931884766e+00	3.535473251342773438e+01	3.631299209594726562e+01
6.036036014556884766e+00	3.547494506835937500e+01	3.643373107910156250e+01
6.046046257019042969e+00	3.559534835815429688e+01	3.655467605590820312e+01
6.056056022644042969e+00	3.571594619750976562e+01	3.667581558227539062e+01
6.066066265106201172e+00	3.583673477172851562e+01	3.679716110229492188e+01
6.076076030731201172e+00	3.595771026611328125e+01	3.691870117187500000e+01
6.086086273193359375e+00	3.607888031005859375e+01	3.704044723510742188e+01
6.096096038818359375e+00	3.620023345947265625e+01	3.716238784790039062e+01
6.106106281280517578e+00	3.632178115844726562e+01	3.728453445434570312e+01
6.116116046905517578e+00	3.644351959228515625e+01	3.740687561035156250e+01
6.126126289367675781e+00	3.656544876098632812e+01	3.752942276000976562e+01
6.136136054992675781e+00	3.668757247924804688e+01	3.765216445922851562e+01
6.146146297454833984e+00	3.680987548828125000e+01	3.777511596679687500e+01
6.156156063079833984e+00	3.693236923217773438e+01	3.789825820922851562e+01
6.166166305541992188e+00	3.705505752563476562e+01	3.802160644531250000e+01
6.176176071166992188e+00	3.717792892456054688e+01	3.814514923095703125e+01
6.186186313629150391e+00	3.730099105834960938e+01	3.826890182495117188e+01
6.196196079254150391e+00	3.742424011230468750e+01	3.839284515380859375e+01
6.206206321716308594e+00	3.754767990112304688e+01	3.851699829101562500e+01
6.216216087341308594e+00	3.767130279541015625e+01	3.864134216308593750e+01
6.226226329803466797e+00	3.779511642456054688e+01	3.876589584350585938e+01
6.236236095428466797e+00	3.791911315917968750e+01	3.889064025878906250e+01
6.246246337890625000e+00	3.804330062866210938e+01	3.901559448242187500e+01
6.256256103515625000e+00	3.816767120361328125e+01	3.914073944091796875e+01
6.266266345977783203e+00	3.829223251342773438e+01	3.926609420776367188e+01
6.276276111602783203e+00	3.841697311401367188e+01	3.939164352416992188e+01
6.286286354064941406e+00	3.854190826416015625e+01	3.951739501953125000e+01
6.296296119689941406e+00	3.866702270507812500e+01	3.964334487915039062e+01
6.306306362152099609e+00	3.879232406616210938e+01	3.976950073242187500e+01
6.316316127777099609e+00	3.891781616210937500e+01	3.989585113525390625e+01
6.326326370239257812e+00	3.904349136352539062e+01	4.002240371704101562e+01
6.336336135864257812e+00	3.916934585571289062e+01	4.014915466308593750e+01
6.346346378326416016e+00	3.929539108276367188e+01	4.027611160278320312e+01
6.356356143951416016e+00	3.942161560058593750e+01	4.040326309204101562e+01
6.366366386413574219e+00	3.954803085327148438e+01	4.053062057495117188e+01
6.376376152038574219e+00	3.967462539672851562e+01	4.065817260742187500e+01
6.386386394500732422e+00	3.980140304565429688e+01	4.078593063354492188e+01
6.396396160125732422e+00	3.992836761474609375e+01	4.091388320922851562e+01
6.406406402587890625e+00	4.005551910400390625e+01	4.104204177856445312e+01
6.416416645050048828e+00	4.018285369873046875e+01	4.117040252685546875e+01
6.426426410675048828e+00	4.031036376953125000e+01	4.129895782470703125e+01
6.436436653137207031e+00	4.043806457519531250e+01	4.142771530151367188e+01
6.446446418762207031e+00	4.056594085693359375e+01	4.155667114257812500e+01
6.456456661224365234e+00	4.069400405883789062e+01	4.168583297729492188e+01
6.466466426849365234e+00	4.082225036621093750e+01	4.181518936157226562e+01
6.476476669311523438e+00	4.095068740844726562e+01	4.194475173950195312e+01
6.486486434936523438e+00	4.107929229736328125e+01	4.207450485229492188e+01
6.496496677398681641e+00	4.120808792114257812e+01	4.220446777343750000e+01
6.506506443023681641e+00	4.133705902099609375e+01	4.233462524414062500e+01
6.516516685485839844e+00	4.146622467041015625e+01	4.246498870849609375e+01
6.526526451110839844e+00	4.159555816650390625e+01	4.259554672241210938e+01
6.536536693572998047e+00	4.172508239746093750e+01	4.272631072998046875e+01
6.546546459197998047e+00	4.185477828979492188e+01	4.285726928710937500e+01
6.556556701660156250e+00	4.198466110229492188e+01	4.298843765258789062e+01
6.566566467285156250e+00	4.211472320556640625e+01	4.311979675292968750e+01
6.576576709747314453e+00	4.224497604370117188e+01	4.325136184692382812e+01
6.586586475372314453e+00	4.237539672851562500e+01	4.338312149047851562e+01
6.596596717834472656e+00	4.250600814819335938e+01	4.351508712768554688e+01
6.606606483459472656e+00	4.263679504394531250e+01	4.364725112915039062e+01
6.616616725921630859e+00	4.276776504516601562e+01	4.377961730957031250e+01
6.626626491546630859e+00	4.289891433715820312e+01	4.391217803955078125e+01
6.636636734008789062e+00	4.303025054931640625e+01	4.404494857788085938e+01
6.646646499633789062e+00	4.316175460815429688e+01	4.417790985107421875e+01
6.656656742095947266e+00	4.329344940185546875e+01	4.431107711791992188e+01
6.666666507720947266e+00	4.342531204223632812e+01	4.444444274902343750e+01
6.676676750183105469e+00	4.355736541748046875e+01	4.457801055908203125e+01
6.686686515808105469e+00	4.368959808349609375e+01	4.471177673339843750e+01
6.696696758270263672e+00	4.382201004028320312e+01	4.484574890136718750e+01
6.706706523895263672e+00	4.395459747314453125e+01	4.497991180419921875e+01
6.716716766357421875e+00	4.408737564086914062e+01	4.511428451538085938e+01
6.726726531982421875e+00	4.422031784057617188e+01	4.524884796142578125e+01
6.736736774444580078e+00	4.435345077514648438e+01	4.538362121582031250e+01
6.746746540069580078e+00	4.448675537109375000e+01	4.551858901977539062e+01
6.756756782531738281e+00	4.462025070190429688e+01	4.565376281738281250e+01
6.766766548156738281e+00	4.475391769409179688e+01	4.578913116455078125e+01
6.776776790618896484e+00	4.488776779174804688e+01	4.592470550537109375e+01
6.786786556243896484e+00	4.502179718017578125e+01	4.606047058105468750e+01
6.796796798706054688e+00	4.515600967407226562e+01	4.619644546508789062e+01
6.806807041168212891e+00	4.529039764404296875e+01	4.633262252807617188e+01
6.816816806793212891e+00	4.542496109008789062e+01	4.646899032592773438e+01
6.826827049255371094e+00	4.555970764160156250e+01	4.660556793212890625e+01
6.836836814880371094e+00	4.569463348388671875e+01	4.674233627319335938e+01
6.846847057342529297e+00	4.582973861694335938e+01	4.687931442260742188e+01
6.856856822967529297e+00	4.596501922607421875e+01	4.701648712158203125e+01
6.866867065429687500e+00	4.610049057006835938e+01	4.715386199951171875e+01
6.876876831054687500e+00	4.623612594604492188e+01	4.729143524169921875e+01
6.886887073516845703e+00	4.637195205688476562e+01	4.742921447753906250e+01
6.896896839141845703e+00	4.650796127319335938e+01	4.756718444824218750e+01
6.906907081604003906e+00	4.664414215087890625e+01	4.770536422729492188e+01
6.916916847229003906e+00	4.678050613403320312e+01	4.784373855590820312e+01
6.926927089691162109e+00	4.691705322265625000e+01	4.798231887817382812e+01
6.936936855316162109e+00	4.705376815795898438e+01	4.812109375000000000e+01
6.946947097778320312e+00	4.719067001342773438e+01	4.826007461547851562e+01
6.956956863403320312e+00	4.732775497436523438e+01	4.839925003051757812e+01
6.966967105865478516e+00	4.746501541137695312e+01	4.853863143920898438e+01
6.976976871490478516e+00	4.760245895385742188e+01	4.867820739746093750e+01
6.986987113952636719e+00	4.774008178710937500e+01	4.881798934936523438e+01
6.996996879577636719e+00	4.787788391113281250e+01	4.895796585083007812e+01
7.007007122039794922e+00	4.801586532592773438e+01	4.909814834594726562e+01
7.017016887664794922e+00	4.815402603149414062e+01	4.923852539062500000e+01
7.027027130126953125e+00	4.829237365722656250e+01	4.937910842895507812e+01
7.037036895751953125e+00	4.843089675903320312e+01	4.951988983154296875e+01
7.047047138214111328e+00	4.856960296630859375e+01	4.966087341308593750e+01
7.057056903839111328e+00	4.870848846435546875e+01	4.980205154418945312e+01
7.067067146301269531e+00	4.884754943847656250e+01	4.994343948364257812e+01
7.077076911926269531e+00	4.898680114746093750e+01	5.008501815795898438e+01
7.087087154388427734e+00	4.912623977661132812e+01	5.022680282592773438e+01
7.097096920013427734e+00	4.926584625244140625e+01	5.036878585815429688e+01
7.107107162475585938e+00	4.940563583374023438e+01	5.051097106933593750e+01
7.117116928100585938e+00	4.954561233520507812e+01	5.065335464477539062e+01
7.127127170562744141e+00	4.968576812744140625e+01	5.079594039916992188e+01
7.137136936187744141e+00	4.982610321044921875e+01	5.093872451782226562e+01
7.147147178649902344e+00	4.996662902832031250e+01	5.108171463012695312e+01
7.157156944274902344e+00	5.010733413696289062e+01	5.122489547729492188e+01
7.167167186737060547e+00	5.024821472167968750e+01	5.136828613281250000e+01
7.177176952362060547e+00	5.038928604125976562e+01	5.151186752319335938e+01
7.187187194824218750e+00	5.053054046630859375e+01	5.165565872192382812e+01
7.197196960449218750e+00	5.067197799682617188e+01	5.179964447021484375e+01
7.207207202911376953e+00	5.081359481811523438e+01	5.194383621215820312e+01
7.217217445373535156e+00	5.095540237426757812e+01	5.208822631835937500e+01
7.227227210998535156e+00	5.109738922119140625e+01	5.223281478881835938e+01
7.237237453460693359e+00	5.123955917358398438e+01	5.237760543823242188e+01
7.247247219085693359e+00	5.138191604614257812e+01	5.252259063720703125e+01
7.257257461547851562e+00	5.152445983886718750e+01	5.266778564453125000e+01
7.267267227172851562e+00	5.166717910766601562e+01	5.281317138671875000e+01
7.277277469635009766e+00	5.181010055541992188e+01	5.295876693725585938e+01
7.287287235260009766e+00	5.195319747924804688e+01	5.310455703735351562e+01
7.297297477722167969e+00	5.209647369384765625e+01	5.325054931640625000e+01
7.307307243347167969e+00	5.223994445800781250e+01	5.339673995971679688e+01
7.317317485809326172e+00	5.238360214233398438e+01	5.354313659667968750e+01
7.327327251434326172e+00	5.252743911743164062e+01	5.368972396850585938e+01
7.337337493896484375e+00	5.267147827148437500e+01	5.383652114868164062e+01
7.347347259521484375e+00	5.281568908691406250e+01	5.398351287841796875e+01
7.357357501983642578e+00	5.296009826660156250e+01	5.413071060180664062e+01
7.367367267608642578e+00	5.310468292236328125e+01	5.427809906005859375e+01
7.377377510070800781e+00	5.324946975708007812e+01	5.442569732666015625e+01
7.387387275695800781e+00	5.339443588256835938e+01	5.457349014282226562e+01
7.397397518157958984e+00	5.353960037231445312e+01	5.472148895263671875e+01
7.407407283782958984e+00	5.368494415283203125e+01	5.486968231201171875e+01
7.417417526245117188e+00	5.383048629760742188e+01	5.501808166503906250e+01
7.427427291870117188e+00	5.397621154785156250e+01	5.516667556762695312e+01
7.437437534332275391e+00	5.412213134765625000e+01	5.531547546386718750e+01
7.447447299957275391e+00	5.426823806762695312e+01	5.546446990966796875e+01
7.457457542419433594e+00	5.441454315185546875e+01	5.561367416381835938e+01
7.467467308044433594e+00	5.456103134155273438e+01	5.576306915283203125e+01
7.477477550506591797e+00	5.470772552490234375e+01	5.591267013549804688e+01
7.487487316131591797e+00	5.485460281372070312e+01	5.606246566772460938e+01
7.497497558593750000e+00	5.500167083740234375e+01	5.621247100830078125e+01
7.507507324218750000e+00	5.514893341064453125e+01	5.636266708374023438e+01
7.517517566680908203e+00	5.529639434814453125e+01	5.651306915283203125e+01
7.527527332305908203e+00	5.544404602050781250e+01	5.666366958618164062e+01
7.537537574768066406e+00	5.559189224243164062e+01	5.681447219848632812e+01
7.547547340393066406e+00	5.573993301391601562e+01	5.696546936035156250e+01
7.557557582855224609e+00	5.588817596435546875e+01	5.711667633056640625e+01
7.567567348480224609e+00	5.603660964965820312e+01	5.726807403564453125e+01
7.577577590942382812e+00	5.618524169921875000e+01	5.741968154907226562e+01
7.587587356567382812e+00	5.633406448364257812e+01	5.757148361206054688e+01
7.597597599029541016e+00	5.648309707641601562e+01	5.772348785400390625e+01
7.607607841491699219e+00	5.663232421875000000e+01	5.787569808959960938e+01
7.617617607116699219e+00	5.678173828125000000e+01	5.802809906005859375e+01
7.627627849578857422e+00	5.693136596679687500e+01	5.818070602416992188e+01
7.637637615203857422e+00	5.708118057250976562e+01	5.833350753784179688e+01
7.647647857666015625e+00	5.723120498657226562e+01	5.848651885986328125e+01
7.657657623291015625e+00	5.738142776489257812e+01	5.863972091674804688e+01
7.667667865753173828e+00	5.753184890747070312e+01	5.879312896728515625e+01
7.677677631378173828e+00	5.768246841430664062e+01	5.894673538208007812e+01
7.687687873840332031e+00	5.783330154418945312e+01	5.910054397583007812e+01
7.697697639465332031e+00	5.798432922363281250e+01	5.925454711914062500e+01
7.707707881927490234e+00	5.813556289672851562e+01	5.940876007080078125e+01
7.717717647552490234e+00	5.828698730468750000e+01	5.956316757202148438e+01
7.727727890014648438e+00	5.843863677978515625e+01	5.971777725219726562e+01
7.737737655639648438e+00	5.859047698974609375e+01	5.987258529663085938e+01
7.747747898101806641e+00	5.874253463745117188e+01	6.002759933471679688e+01
7.757757663726806641e+00	5.889479064941406250e+01	6.018280410766601562e+01
7.767767906188964844e+00	5.904725646972656250e+01	6.033821868896484375e+01
7.777777671813964844e+00	5.919992065429687500e+01	6.049382400512695312e+01
7.787787914276123047e+00	5.935280227661132812e+01	6.064963912963867188e+01
7.797797679901123047e+00	5.950588226318359375e+01	6.080564880371093750e+01
7.807807922363281250e+00	5.965918350219726562e+01	6.096186447143554688e+01
7.817817687988281250e+00	5.981267929077148438e+01	6.111827468872070312e+01
7.827827930450439453e+00	5.996641159057617188e+01	6.127489089965820312e+01
7.837837696075439453e+00	6.012033081054687500e+01	6.143169784545898438e+01
7.847847938537597656e+00	6.027447128295898438e+01	6.158871841430664062e+01
7.857857704162597656e+00	6.042881393432617188e+01	6.174592590332031250e+01
7.867867946624755859e+00	6.058337783813476562e+01	6.190334701538085938e+01
7.877877712249755859e+00	6.073815155029296875e+01	6.206095886230468750e+01
7.887887954711914062e+00	6.089314651489257812e+01	6.221877670288085938e+01
7.897897720336914062e+00	6.104834365844726562e+01	6.237678909301757812e+01
7.907907962799072266e+00	6.120376205444335938e+01	6.253500747680664062e+01
7.917917728424072266e+00	6.135940170288085938e+01	6.269342041015625000e+01
7.927927970886230469e+00	6.151525878906250000e+01	6.285204315185546875e+01
7.937937736511230469e+00	6.167131805419921875e+01	6.301085662841796875e+01
7.947947978973388672e+00	6.182760238647460938e+01	6.316987609863281250e+01
7.957957744598388672e+00	6.198410415649414062e+01	6.332909011840820312e+01
7.967967987060546875e+00	6.214083480834960938e+01	6.348851394653320312e+01
7.977977752685546875e+00	6.229777526855468750e+01	6.364812850952148438e+01
7.987987995147705078e+00	6.245494461059570312e+01	6.380795288085937500e+01
7.997997760772705078e+00	6.261231994628906250e+01	6.396796798706054688e+01
8.008008003234863281e+00	6.276992797851562500e+01	6.412818908691406250e+01
8.018017768859863281e+00	6.292775726318359375e+01	6.428861236572265625e+01
8.028028488159179688e+00	6.308581542968750000e+01	6.444924163818359375e+01
8.038038253784179688e+00	6.324409103393554688e+01	6.461006164550781250e+01
8.048048019409179688e+00	6.340258026123046875e+01	6.477108001708984375e+01
8.058057785034179688e+00	6.356130218505859375e+01	6.493229675292968750e+01
8.068068504333496094e+00	6.372025299072265625e+01	6.509372711181640625e+01
8.078078269958496094e+00	6.387943267822265625e+01	6.525534820556640625e+01
8.088088035583496094e+00	6.403882598876953125e+01	6.541716766357421875e+01
8.098097801208496094e+00	6.419844055175781250e+01	6.557918548583984375e+01
8.108108520507812500e+00	6.435831451416015625e+01	6.574142456054687500e+01
8.118118286132812500e+00	6.451840209960937500e+01	6.590384674072265625e+01
8.128128051757812500e+00	6.467870330810546875e+01	6.606646728515625000e+01
8.138137817382812500e+00	6.483925628662109375e+01	6.622928619384765625e+01
8.148148536682128906e+00	6.500003051757812500e+01	6.639232635498046875e+01
8.158158302307128906e+00	6.516102600097656250e+01	6.655554962158203125e+01
8.168168067932128906e+00	6.532226562500000000e+01	6.671897125244140625e+01
8.178177833557128906e+00	6.548372650146484375e+01	6.688259124755859375e+01
8.188188552856445312e+00	6.564543914794921875e+01	6.704643249511718750e+01
8.198198318481445312e+00	6.580737304687500000e+01	6.721045684814453125e+01
8.208208084106445312e+00	6.596953582763671875e+01	6.737467956542968750e+01
8.218217849731445312e+00	6.613194274902343750e+01	6.753910827636718750e+01
8.228228569030761719e+00	6.629459381103515625e+01	6.770374298095703125e+01
8.238238334655761719e+00	6.645746612548828125e+01	6.786856842041015625e+01
8.248248100280761719e+00	6.662056732177734375e+01	6.803359985351562500e+01
8.258257865905761719e+00	6.678391265869140625e+01	6.819882202148437500e+01
8.268268585205078125e+00	6.694750213623046875e+01	6.836426544189453125e+01
8.278278350830078125e+00	6.711133575439453125e+01	6.852989196777343750e+01
8.288288116455078125e+00	6.727538299560546875e+01	6.869571685791015625e+01
8.298297882080078125e+00	6.743968963623046875e+01	6.886174774169921875e+01
8.308308601379394531e+00	6.760423278808593750e+01	6.902799224853515625e+01
8.318318367004394531e+00	6.776900482177734375e+01	6.919441986083984375e+01
8.328328132629394531e+00	6.793402862548828125e+01	6.936104583740234375e+01
8.338337898254394531e+00	6.809929656982421875e+01	6.952787780761718750e+01
8.348348617553710938e+00	6.826480102539062500e+01	6.969492340087890625e+01
8.358358383178710938e+00	6.843053436279296875e+01	6.986215209960937500e+01
8.368368148803710938e+00	6.859651947021484375e+01	7.002958679199218750e+01
8.378377914428710938e+00	6.876274871826171875e+01	7.019721984863281250e+01
8.388388633728027344e+00	6.892923736572265625e+01	7.036506652832031250e+01
8.398398399353027344e+00	6.909594726562500000e+01	7.053309631347656250e+01
8.408408164978027344e+00	6.926290130615234375e+01	7.070132446289062500e+01
8.418418884277343750e+00	6.943011474609375000e+01	7.086977386474609375e+01
8.428428649902343750e+00	6.959756469726562500e+01	7.103840637207031250e+01
8.438438415527343750e+00	6.976525115966796875e+01	7.120724487304687500e+01
8.448448181152343750e+00	6.993318176269531250e+01	7.137627410888671875e+01
8.458458900451660156e+00	7.010137939453125000e+01	7.154552459716796875e+01
8.468468666076660156e+00	7.026980590820312500e+01	7.171495819091796875e+01
8.478478431701660156e+00	7.043847656250000000e+01	7.188459777832031250e+01
8.488488197326660156e+00	7.060739135742187500e+01	7.205442810058593750e+01
8.498498916625976562e+00	7.077657318115234375e+01	7.222448730468750000e+01
8.508508682250976562e+00	7.094598388671875000e+01	7.239472198486328125e+01
8.518518447875976562e+00	7.111563873291015625e+01	7.256515502929687500e+01
8.528528213500976562e+00	7.128553771972656250e+01	7.273579406738281250e+01
8.538538932800292969e+00	7.145570373535156250e+01	7.290664672851562500e+01
8.548548698425292969e+00	7.162609863281250000e+01	7.307768249511718750e+01
8.558558464050292969e+00	7.179673767089843750e+01	7.324892425537109375e+01
8.568568229675292969e+00	7.196763610839843750e+01	7.342036437988281250e+01
8.578578948974609375e+00	7.213877868652343750e+01	7.359201812744140625e+01
8.588588714599609375e+00	7.231015777587890625e+01	7.376385498046875000e+01
8.598598480224609375e+00	7.248178863525390625e+01	7.393589782714843750e+01
8.608608245849609375e+00	7.265367126464843750e+01	7.410813903808593750e+01
8.618618965148925781e+00	7.282580566406250000e+01	7.428059387207031250e+01
8.628628730773925781e+00	7.299817657470703125e+01	7.445323181152343750e+01
8.638638496398925781e+00	7.317078399658203125e+01	7.462607574462890625e+01
8.648648262023925781e+00	7.334364318847656250e+01	7.479911804199218750e+01
8.658658981323242188e+00	7.351676940917968750e+01	7.497237396240234375e+01
8.668668746948242188e+00	7.369010162353515625e+01	7.514582061767578125e+01
8.678678512573242188e+00	7.386370849609375000e+01	7.531945800781250000e+01
8.688688278198242188e+00	7.403754425048828125e+01	7.549330139160156250e+01
8.698698997497558594e+00	7.421163940429687500e+01	7.566736602783203125e+01
8.708708763122558594e+00	7.438596343994140625e+01	7.584160614013671875e+01
8.718718528747558594e+00	7.456052398681640625e+01	7.601605224609375000e+01
8.728728294372558594e+00	7.473535156250000000e+01	7.619069671630859375e+01
8.738739013671875000e+00	7.491042327880859375e+01	7.636556243896484375e+01
8.748748779296875000e+00	7.508570861816406250e+01	7.654060363769531250e+01
8.758758544921875000e+00	7.526123809814453125e+01	7.671585083007812500e+01
8.768768310546875000e+00	7.543701934814453125e+01	7.689129638671875000e+01
8.778779029846191406e+00	7.561303710937500000e+01	7.706696319580078125e+01
8.788788795471191406e+00	7.578927612304687500e+01	7.724280548095703125e+01
8.798798561096191406e+00	7.596576690673828125e+01	7.741885375976562500e+01
8.808809280395507812e+00	7.614251708984375000e+01	7.759512329101562500e+01
8.818819046020507812e+00	7.631947326660156250e+01	7.777156829833984375e+01
8.828828811645507812e+00	7.649665069580078125e+01	7.794821929931640625e+01
8.838838577270507812e+00	7.667407989501953125e+01	7.812506866455078125e+01
8.848849296569824219e+00	7.685175323486328125e+01	7.830213165283203125e+01
8.858859062194824219e+00	7.702964019775390625e+01	7.847938537597656250e+01
8.868868827819824219e+00	7.720774841308593750e+01	7.865683746337890625e+01
8.878878593444824219e+00	7.738609313964843750e+01	7.883448791503906250e+01
8.888889312744140625e+00	7.756468200683593750e+01	7.901235198974609375e+01
8.898899078369140625e+00	7.774347686767578125e+01	7.919040679931640625e+01
8.908908843994140625e+00	7.792249298095703125e+01	7.936865997314453125e+01
8.918918609619140625e+00	7.810173797607421875e+01	7.954711151123046875e+01
8.928929328918457031e+00	7.828121948242187500e+01	7.972577667236328125e+01
8.938939094543457031e+00	7.846089935302734375e+01	7.990463256835937500e+01
8.948948860168457031e+00	7.864080047607421875e+01	8.008368682861328125e+01
8.958958625793457031e+00	7.882090759277343750e+01	8.026293945312500000e+01
8.968969345092773438e+00	7.900125885009765625e+01	8.044241333007812500e+01
8.978979110717773438e+00	7.918179321289062500e+01	8.062206268310546875e+01
8.988988876342773438e+00	7.936254882812500000e+01	8.080191802978515625e+01
8.998998641967773438e+00	7.954349517822265625e+01	8.098197937011718750e+01
9.009009361267089844e+00	7.972467803955078125e+01	8.116224670410156250e+01
9.019019126892089844e+00	7.990605163574218750e+01	8.134270477294921875e+01
9.029028892517089844e+00	8.008760833740234375e+01	8.152336120605468750e+01
9.039038658142089844e+00	8.026937866210937500e+01	8.170422363281250000e+01
9.049049377441406250e+00	8.045135498046875000e+01	8.188529205322265625e+01
9.059059143066406250e+00	8.063350677490234375e+01	8.206655120849609375e+01
9.069068908691406250e+00	8.081585693359375000e+01	8.224800872802734375e+01
9.079078674316406250e+00	8.099839782714843750e+01	8.242967224121093750e+01
9.089089393615722656e+00	8.118113708496093750e+01	8.261154937744140625e+01
9.099099159240722656e+00	8.136403656005859375e+01	8.279360198974609375e+01
9.109108924865722656e+00	8.154712677001953125e+01	8.297586822509765625e+01
9.119118690490722656e+00	8.173040008544921875e+01	8.315832519531250000e+01
9.129129409790039062e+00	8.191385650634765625e+01	8.334100341796875000e+01
9.139139175415039062e+00	8.209745788574218750e+01	8.352386474609375000e+01
9.149148941040039062e+00	8.228125000000000000e+01	8.370692443847656250e+01
9.159158706665039062e+00	8.246519470214843750e+01	8.389019012451171875e+01
9.169169425964355469e+00	8.264931488037109375e+01	8.407366943359375000e+01
9.179179191589355469e+00	8.283358764648437500e+01	8.425733184814453125e+01
9.189188957214355469e+00	8.301800537109375000e+01	8.444119262695312500e+01
9.199198722839355469e+00	8.320257568359375000e+01	8.462525939941406250e+01
9.209209442138671875e+00	8.338731384277343750e+01	8.480953979492187500e+01
9.219219207763671875e+00	8.357218933105468750e+01	8.499400329589843750e+01
9.229228973388671875e+00	8.375718688964843750e+01	8.517866516113281250e+01
9.239239692687988281e+00	8.394235992431640625e+01	8.536354827880859375e+01
9.249249458312988281e+00	8.412763214111328125e+01	8.554861450195312500e+01
9.259259223937988281e+00	8.431304168701171875e+01	8.573387908935546875e+01
9.269268989562988281e+00	8.449858093261718750e+01	8.591934967041015625e+01
9.279279708862304688e+00	8.468424224853515625e+01	8.610503387451171875e+01
9.289289474487304688e+00	8.487001800537109375e+01	8.629090118408203125e+01
9.299299240112304688e+00	8.505589294433593750e+01	8.647696685791015625e+01
9.309309005737304688e+00	8.524188995361328125e+01	8.666323089599609375e+01
9.319319725036621094e+00	8.542799377441406250e+01	8.684972381591796875e+01
9.329329490661621094e+00	8.561419677734375000e+01	8.703639221191406250e+01
9.339339256286621094e+00	8.580048370361328125e+01	8.722325897216796875e+01
9.349349021911621094e+00	8.598685455322265625e+01	8.741032409667968750e+01
9.359359741210937500e+00	8.617333984375000000e+01	8.759761810302734375e+01
9.369369506835937500e+00	8.635988616943359375e+01	8.778508758544921875e+01
9.379379272460937500e+00	8.654650878906250000e+01	8.797275543212890625e+01
9.389389038085937500e+00	8.673320007324218750e+01	8.816062927246093750e+01
9.399399757385253906e+00	8.691996765136718750e+01	8.834871673583984375e+01
9.409409523010253906e+00	8.710679626464843750e+01	8.853698730468750000e+01
9.419419288635253906e+00	8.729366302490234375e+01	8.872545623779296875e+01
9.429429054260253906e+00	8.748058319091796875e+01	8.891413116455078125e+01
9.439439773559570312e+00	8.766755676269531250e+01	8.910301971435546875e+01
9.449449539184570312e+00	8.785456848144531250e+01	8.929209899902343750e+01
9.459459304809570312e+00	8.804161071777343750e+01	8.948136901855468750e+01
9.469469070434570312e+00	8.822867584228515625e+01	8.967084503173828125e+01
9.479479789733886719e+00	8.841578674316406250e+01	8.986053466796875000e+01
9.489489555358886719e+00	8.860289764404296875e+01	9.005041503906250000e+01
9.499499320983886719e+00	8.879000854492187500e+01	9.024048614501953125e+01
9.509509086608886719e+00	8.897712707519531250e+01	9.043076324462890625e+01
9.519519805908203125e+00	8.916427612304687500e+01	9.062125396728515625e+01
9.529529571533203125e+00	8.935139465332031250e+01	9.081193542480468750e+01
9.539539337158203125e+00	8.953849029541015625e+01	9.100280761718750000e+01
9.549549102783203125e+00	8.972557830810546875e+01	9.119388580322265625e+01
9.559559822082519531e+00	8.991264343261718750e+01	9.138518524169921875e+01
9.569569587707519531e+00	9.009968566894531250e+01	9.157666015625000000e+01
9.579579353332519531e+00	9.028666687011718750e+01	9.176834106445312500e+01
9.589589118957519531e+00	9.047361755371093750e+01	9.196022033691406250e+01
9.599599838256835938e+00	9.066053009033203125e+01	9.215232086181640625e+01
9.609609603881835938e+00	9.084737396240234375e+01	9.234459686279296875e+01
9.619619369506835938e+00	9.103414916992187500e+01	9.253707885742187500e+01
9.629630088806152344e+00	9.122087097167968750e+01	9.272977447509765625e+01
9.639639854431152344e+00	9.140750885009765625e+01	9.292265319824218750e+01
9.649649620056152344e+00	9.159404754638671875e+01	9.311573791503906250e+01
9.659659385681152344e+00	9.178051757812500000e+01	9.330902099609375000e+01
9.669670104980468750e+00	9.196689605712890625e+01	9.350251770019531250e+01
9.679679870605468750e+00	9.215316772460937500e+01	9.369620513916015625e+01
9.689689636230468750e+00	9.233931732177734375e+01	9.389008331298828125e+01
9.699699401855468750e+00	9.252536010742187500e+01	9.408416748046875000e+01
9.709710121154785156e+00	9.271128845214843750e+01	9.427847290039062500e+01
9.719719886779785156e+00	9.289707183837890625e+01	9.447295379638671875e+01
9.729729652404785156e+00	9.308271026611328125e+01	9.466764068603515625e+01
9.739739418029785156e+00	9.326822662353515625e+01	9.486252593994140625e+01
9.749750137329101562e+00	9.345358276367187500e+01	9.505762481689453125e+01
9.759759902954101562e+00	9.363877868652343750e+01	9.525291442871093750e+01
9.769769668579101562e+00	9.382381439208984375e+01	9.544840240478515625e+01
9.779779434204101562e+00	9.400867462158203125e+01	9.564408874511718750e+01
9.789790153503417969e+00	9.419336700439453125e+01	9.583998870849609375e+01
9.799799919128417969e+00	9.437786102294921875e+01	9.603607940673828125e+01
9.809809684753417969e+00	9.456217193603515625e+01	9.623236846923828125e+01
9.819819450378417969e+00	9.474628448486328125e+01	9.642885589599609375e+01
9.829830169677734375e+00	9.493019104003906250e+01	9.662556457519531250e+01
9.839839935302734375e+00	9.511387634277343750e+01	9.682244873046875000e+01
9.849849700927734375e+00	9.529732513427734375e+01	9.701953887939453125e+01
9.859859466552734375e+00	9.548056030273437500e+01	9.721682739257812500e+01
9.869870185852050781e+00	9.566357421875000000e+01	9.741433715820312500e+01
9.879879951477050781e+00	9.584635162353515625e+01	9.761203002929687500e+01
9.889889717102050781e+00	9.602885437011718750e+01	9.780992126464843750e+01
9.899899482727050781e+00	9.621109771728515625e+01	9.800801086425781250e+01
9.909910202026367188e+00	9.639309692382812500e+01	9.820632171630859375e+01
9.919919967651367188e+00	9.657482147216796875e+01	9.840481567382812500e+01
9.929929733276367188e+00	9.675626373291015625e+01	9.860350799560546875e+01
9.939939498901367188e+00	9.693742370605468750e+01	9.880239868164062500e+01
9.949950218200683594e+00	9.711830139160156250e+01	9.900151062011718750e+01
9.959959983825683594e+00	9.729887390136718750e+01	9.920080566406250000e+01
9.969969749450683594e+00	9.747913360595703125e+01	9.940029907226562500e+01
9.979979515075683594e+00	9.765908050537109375e+01	9.959999084472656250e+01
9.989990234375000000e+00	9.783873748779296875e+01	9.979990386962890625e+01
1.000000000000000000e+01	9.801803588867187500e+01	1.000000000000000000e+02
		
		
		
		
		
		
		
		
