x	u_pred	u_exact
0.000000000000000000e+00	-0.000000000000000000e+00	0.000000000000000000e+00
1.001000963151454926e-02	-3.237918853759765625e+00	1.002002900349907577e-04
2.002001926302909851e-02	-6.493434906005859375e+00	4.008011601399630308e-04
3.003003075718879700e-02	-9.761904716491699219e+00	9.018027340061962605e-04
4.004003852605819702e-02	-1.303436565399169922e+01	1.603204640559852123e-03
5.005005002021789551e-02	-1.629224205017089844e+01	2.505007432773709297e-03
6.006006151437759399e-02	-1.949595069885253906e+01	3.607210936024785042e-03
7.007007300853729248e-02	-2.256123542785644531e+01	4.909815266728401184e-03
8.008007705211639404e-02	-2.531352233886718750e+01	6.412818562239408493e-03
9.009008854627609253e-02	-2.741225814819335938e+01	8.116223849356174469e-03
1.001001000404357910e-01	-2.827038383483886719e+01	1.002002973109483719e-02
1.101101115345954895e-01	-2.710641098022460938e+01	1.212423667311668396e-02
1.201201230287551880e-01	-2.339361381530761719e+01	1.442884374409914017e-02
1.301301270723342896e-01	-1.761286735534667969e+01	1.693384908139705658e-02
1.401401460170745850e-01	-1.130271720886230469e+01	1.963926106691360474e-02
1.501501500606536865e-01	-5.962709903717041016e+00	2.254506759345531464e-02
1.601601541042327881e-01	-2.181092500686645508e+00	2.565127424895763397e-02
1.701701730489730835e-01	2.109434902667999268e-01	2.895788848400115967e-02
1.801801770925521851e-01	1.631165862083435059e+00	3.246489539742469788e-02
1.901901960372924805e-01	2.450595378875732422e+00	3.617231175303459167e-02
2.002002000808715820e-01	2.921364545822143555e+00	4.008011892437934875e-02
2.102102041244506836e-01	3.195759773254394531e+00	4.418832808732986450e-02
2.202202230691909790e-01	3.360626935958862305e+00	4.849694669246673584e-02
2.302302271127700806e-01	3.464093923568725586e+00	5.300595611333847046e-02
2.402402460575103760e-01	3.532477855682373047e+00	5.771537497639656067e-02
2.502502501010894775e-01	3.580135345458984375e+00	6.262518465518951416e-02
2.602602541446685791e-01	3.614943742752075195e+00	6.773539632558822632e-02
2.702702581882476807e-01	3.641282558441162109e+00	7.304601371288299561e-02
2.802802920341491699e-01	3.661649465560913086e+00	7.855704426765441895e-02
2.902902960777282715e-01	3.677535533905029297e+00	8.426845818758010864e-02
3.003003001213073730e-01	3.689892768859863281e+00	9.018027037382125854e-02
3.103103041648864746e-01	3.699371099472045898e+00	9.629248827695846558e-02
3.203203082084655762e-01	3.706421136856079102e+00	1.026050969958305359e-01
3.303303420543670654e-01	3.711446285247802734e+00	1.091181337833404541e-01
3.403403460979461670e-01	3.714748144149780273e+00	1.158315539360046387e-01
3.503503501415252686e-01	3.716603994369506836e+00	1.227453649044036865e-01
3.603603541851043701e-01	3.717257261276245117e+00	1.298595815896987915e-01
3.703703582286834717e-01	3.716926336288452148e+00	1.371742039918899536e-01
3.803803920745849609e-01	3.715809822082519531e+00	1.446892470121383667e-01
3.903903961181640625e-01	3.714085578918457031e+00	1.524046659469604492e-01
4.004004001617431641e-01	3.711924314498901367e+00	1.603204756975173950e-01
4.104104042053222656e-01	3.709475994110107422e+00	1.684367060661315918e-01
4.204204082489013672e-01	3.706875801086425781e+00	1.767533123493194580e-01
4.304304420948028564e-01	3.704244136810302734e+00	1.852703690528869629e-01
4.404404461383819580e-01	3.701693058013916016e+00	1.939877867698669434e-01
4.504504501819610596e-01	3.699329853057861328e+00	2.029056102037429810e-01
4.604604542255401611e-01	3.697235822677612305e+00	2.120238244533538818e-01
4.704704582691192627e-01	3.695488929748535156e+00	2.213424593210220337e-01
4.804804921150207520e-01	3.694164991378784180e+00	2.308614999055862427e-01
4.904904961585998535e-01	3.693323135375976562e+00	2.405809313058853149e-01
5.005005002021789551e-01	3.693022727966308594e+00	2.505007386207580566e-01
5.105105042457580566e-01	3.693300962448120117e+00	2.606209814548492432e-01
5.205205082893371582e-01	3.694201469421386719e+00	2.709415853023529053e-01
5.305305123329162598e-01	3.695755243301391602e+00	2.814626097679138184e-01
5.405405163764953613e-01	3.698002576828002930e+00	2.921840548515319824e-01
5.505505800247192383e-01	3.700953960418701172e+00	3.031059503555297852e-01
5.605605840682983398e-01	3.704631328582763672e+00	3.142281770706176758e-01
5.705705881118774414e-01	3.709047317504882812e+00	3.255507946014404297e-01
5.805805921554565430e-01	3.714212417602539062e+00	3.370738327503204346e-01
5.905905961990356445e-01	3.720140457153320312e+00	3.487972617149353027e-01
6.006006002426147461e-01	3.726816415786743164e+00	3.607210814952850342e-01
6.106106042861938477e-01	3.734255313873291016e+00	3.728453218936920166e-01
6.206206083297729492e-01	3.742451667785644531e+00	3.851699531078338623e-01
6.306306123733520508e-01	3.751397609710693359e+00	3.976949751377105713e-01
6.406406164169311523e-01	3.761089801788330078e+00	4.104203879833221436e-01
6.506506800651550293e-01	3.771526098251342773e+00	4.233463108539581299e-01
6.606606841087341309e-01	3.782670021057128906e+00	4.364725351333618164e-01
6.706706881523132324e-01	3.794541358947753906e+00	4.497991800308227539e-01
6.806806921958923340e-01	3.807105779647827148e+00	4.633262157440185547e-01
6.906906962394714355e-01	3.820360660552978516e+00	4.770536422729492188e-01
7.007007002830505371e-01	3.834281682968139648e+00	4.909814596176147461e-01
7.107107043266296387e-01	3.848852872848510742e+00	5.051097273826599121e-01
7.207207083702087402e-01	3.864077091217041016e+00	5.194383263587951660e-01
7.307307124137878418e-01	3.879909038543701172e+00	5.339673757553100586e-01
7.407407164573669434e-01	3.896347045898437500e+00	5.486968159675598145e-01
7.507507801055908203e-01	3.913382053375244141e+00	5.636267066001892090e-01
7.607607841491699219e-01	3.930978298187255859e+00	5.787569880485534668e-01
7.707707881927490234e-01	3.949124574661254883e+00	5.940876007080078125e-01
7.807807922363281250e-01	3.967811346054077148e+00	6.096186637878417969e-01
7.907907962799072266e-01	3.987011909484863281e+00	6.253500580787658691e-01
8.008008003234863281e-01	4.006707668304443359e+00	6.412819027900695801e-01
8.108108043670654297e-01	4.026894092559814453e+00	6.574141383171081543e-01
8.208208084106445312e-01	4.047524929046630859e+00	6.737468242645263672e-01
8.308308124542236328e-01	4.068614482879638672e+00	6.902798414230346680e-01
8.408408164978027344e-01	4.090131282806396484e+00	7.070132493972778320e-01
8.508508801460266113e-01	4.112061023712158203e+00	7.239472270011901855e-01
8.608608841896057129e-01	4.134385585784912109e+00	7.410814762115478516e-01
8.708708882331848145e-01	4.157092094421386719e+00	7.584161162376403809e-01
8.808808922767639160e-01	4.180163383483886719e+00	7.759511470794677734e-01
8.908908963203430176e-01	4.203586101531982422e+00	7.936865687370300293e-01
9.009009003639221191e-01	4.227338790893554688e+00	8.116224408149719238e-01
9.109109044075012207e-01	4.251411437988281250e+00	8.297587037086486816e-01
9.209209084510803223e-01	4.275805950164794922e+00	8.480952978134155273e-01
9.309309124946594238e-01	4.300486087799072266e+00	8.666323423385620117e-01
9.409409165382385254e-01	4.325451374053955078e+00	8.853698372840881348e-01
9.509509801864624023e-01	4.350679874420166016e+00	9.043077826499938965e-01
9.609609842300415039e-01	4.376156330108642578e+00	9.234459996223449707e-01
9.709709882736206055e-01	4.401892662048339844e+00	9.427846670150756836e-01
9.809809923171997070e-01	4.427866935729980469e+00	9.623237252235412598e-01
9.909909963607788086e-01	4.454056262969970703e+00	9.820631742477416992e-01
1.001001000404357910e+00	4.480455398559570312e+00	1.002002954483032227e+00
1.011011004447937012e+00	4.507071018218994141e+00	1.022143244743347168e+00
1.021021008491516113e+00	4.533868789672851562e+00	1.042483925819396973e+00
1.031031012535095215e+00	4.560862064361572266e+00	1.063024997711181641e+00
1.041041016578674316e+00	4.588032245635986328e+00	1.083766341209411621e+00
1.051051020622253418e+00	4.615365982055664062e+00	1.104708194732666016e+00
1.061061024665832520e+00	4.642858028411865234e+00	1.125850439071655273e+00
1.071071028709411621e+00	4.670511722564697266e+00	1.147193193435668945e+00
1.081081032752990723e+00	4.698309421539306641e+00	1.168736219406127930e+00
1.091091036796569824e+00	4.726244449615478516e+00	1.190479636192321777e+00
1.101101160049438477e+00	4.754318237304687500e+00	1.212423801422119141e+00
1.111111164093017578e+00	4.782511234283447266e+00	1.234567999839782715e+00
1.121121168136596680e+00	4.810841083526611328e+00	1.256912708282470703e+00
1.131131172180175781e+00	4.839272499084472656e+00	1.279457688331604004e+00
1.141141176223754883e+00	4.867829799652099609e+00	1.302203178405761719e+00
1.151151180267333984e+00	4.896492004394531250e+00	1.325149059295654297e+00
1.161161184310913086e+00	4.925252914428710938e+00	1.348295331001281738e+00
1.171171188354492188e+00	4.954117774963378906e+00	1.371641993522644043e+00
1.181181192398071289e+00	4.983070373535156250e+00	1.395189046859741211e+00
1.191191196441650391e+00	5.012129783630371094e+00	1.418936491012573242e+00
1.201201200485229492e+00	5.041273593902587891e+00	1.442884325981140137e+00
1.211211204528808594e+00	5.070489883422851562e+00	1.467032551765441895e+00
1.221221208572387695e+00	5.099809169769287109e+00	1.491381287574768066e+00
1.231231212615966797e+00	5.129189968109130859e+00	1.515930294990539551e+00
1.241241216659545898e+00	5.158670425415039062e+00	1.540679812431335449e+00
1.251251220703125000e+00	5.188215732574462891e+00	1.565629601478576660e+00
1.261261224746704102e+00	5.217838764190673828e+00	1.590779900550842285e+00
1.271271228790283203e+00	5.247529029846191406e+00	1.616130590438842773e+00
1.281281232833862305e+00	5.277308940887451172e+00	1.641681551933288574e+00
1.291291236877441406e+00	5.307144641876220703e+00	1.667433023452758789e+00
1.301301360130310059e+00	5.337046146392822266e+00	1.693385243415832520e+00
1.311311364173889160e+00	5.367017269134521484e+00	1.719537496566772461e+00
1.321321368217468262e+00	5.397063732147216797e+00	1.745890140533447266e+00
1.331331372261047363e+00	5.427191734313964844e+00	1.772443175315856934e+00
1.341341376304626465e+00	5.457371234893798828e+00	1.799196720123291016e+00
1.351351380348205566e+00	5.487619400024414062e+00	1.826150536537170410e+00
1.361361384391784668e+00	5.517932891845703125e+00	1.853304862976074219e+00
1.371371388435363770e+00	5.548307895660400391e+00	1.880659461021423340e+00
1.381381392478942871e+00	5.578757286071777344e+00	1.908214569091796875e+00
1.391391396522521973e+00	5.609284877777099609e+00	1.935970067977905273e+00
1.401401400566101074e+00	5.639860630035400391e+00	1.963925838470458984e+00
1.411411404609680176e+00	5.670509815216064453e+00	1.992082118988037109e+00
1.421421408653259277e+00	5.701224803924560547e+00	2.020438909530639648e+00
1.431431412696838379e+00	5.732020854949951172e+00	2.048995971679687500e+00
1.441441416740417480e+00	5.762880802154541016e+00	2.077753305435180664e+00
1.451451420783996582e+00	5.793799400329589844e+00	2.106711149215698242e+00
1.461461424827575684e+00	5.824802875518798828e+00	2.135869503021240234e+00
1.471471428871154785e+00	5.855875968933105469e+00	2.165228128433227539e+00
1.481481432914733887e+00	5.887020587921142578e+00	2.194787263870239258e+00
1.491491436958312988e+00	5.918244361877441406e+00	2.224546670913696289e+00
1.501501560211181641e+00	5.949538707733154297e+00	2.254506826400756836e+00
1.511511564254760742e+00	5.980921745300292969e+00	2.284667253494262695e+00
1.521521568298339844e+00	6.012379646301269531e+00	2.315027952194213867e+00
1.531531572341918945e+00	6.043908119201660156e+00	2.345588922500610352e+00
1.541541576385498047e+00	6.075532913208007812e+00	2.376350402832031250e+00
1.551551580429077148e+00	6.107228279113769531e+00	2.407312393188476562e+00
1.561561584472656250e+00	6.139009952545166016e+00	2.438474655151367188e+00
1.571571588516235352e+00	6.170883655548095703e+00	2.469837188720703125e+00
1.581581592559814453e+00	6.202841281890869141e+00	2.501400232315063477e+00
1.591591596603393555e+00	6.234892845153808594e+00	2.533163785934448242e+00
1.601601600646972656e+00	6.267032146453857422e+00	2.565127611160278320e+00
1.611611604690551758e+00	6.299262523651123047e+00	2.597291946411132812e+00
1.621621608734130859e+00	6.331588268280029297e+00	2.629656553268432617e+00
1.631631612777709961e+00	6.364020824432373047e+00	2.662221670150756836e+00
1.641641616821289062e+00	6.396547794342041016e+00	2.694987297058105469e+00
1.651651620864868164e+00	6.429176330566406250e+00	2.727953195571899414e+00
1.661661624908447266e+00	6.461905479431152344e+00	2.761119365692138672e+00
1.671671628952026367e+00	6.494742393493652344e+00	2.794486045837402344e+00
1.681681632995605469e+00	6.527669429779052734e+00	2.828052997589111328e+00
1.691691637039184570e+00	6.560724258422851562e+00	2.861820697784423828e+00
1.701701760292053223e+00	6.593888282775878906e+00	2.895788908004760742e+00
1.711711764335632324e+00	6.627157688140869141e+00	2.929957151412963867e+00
1.721721768379211426e+00	6.660541534423828125e+00	2.964325904846191406e+00
1.731731772422790527e+00	6.694055080413818359e+00	2.998894929885864258e+00
1.741741776466369629e+00	6.727677822113037109e+00	3.033664464950561523e+00
1.751751780509948730e+00	6.761408329010009766e+00	3.068634271621704102e+00
1.761761784553527832e+00	6.795289039611816406e+00	3.103804588317871094e+00
1.771771788597106934e+00	6.829287528991699219e+00	3.139175176620483398e+00
1.781781792640686035e+00	6.863419055938720703e+00	3.174746274948120117e+00
1.791791796684265137e+00	6.897653102874755859e+00	3.210517883300781250e+00
1.801801800727844238e+00	6.932033538818359375e+00	3.246489763259887695e+00
1.811811804771423340e+00	6.966547012329101562e+00	3.282661914825439453e+00
1.821821808815002441e+00	7.001186847686767578e+00	3.319034814834594727e+00
1.831831812858581543e+00	7.035985469818115234e+00	3.355607748031616211e+00
1.841841816902160645e+00	7.070912837982177734e+00	3.392381191253662109e+00
1.851851820945739746e+00	7.105977535247802734e+00	3.429355144500732422e+00
1.861861824989318848e+00	7.141200065612792969e+00	3.466529369354248047e+00
1.871871829032897949e+00	7.176566600799560547e+00	3.503904104232788086e+00
1.881881833076477051e+00	7.212068557739257812e+00	3.541479349136352539e+00
1.891891837120056152e+00	7.247734069824218750e+00	3.579254627227783203e+00
1.901901960372924805e+00	7.283553123474121094e+00	3.617231130599975586e+00
1.911911964416503906e+00	7.319507122039794922e+00	3.655407428741455078e+00
1.921921968460083008e+00	7.355633258819580078e+00	3.693783998489379883e+00
1.931931972503662109e+00	7.391929149627685547e+00	3.732361078262329102e+00
1.941941976547241211e+00	7.428372383117675781e+00	3.771138668060302734e+00
1.951951980590820312e+00	7.464961051940917969e+00	3.810116529464721680e+00
1.961961984634399414e+00	7.501750469207763672e+00	3.849294900894165039e+00
1.971971988677978516e+00	7.538686752319335938e+00	3.888673543930053711e+00
1.981981992721557617e+00	7.575798988342285156e+00	3.928252696990966797e+00
1.991991996765136719e+00	7.613088130950927734e+00	3.968032121658325195e+00
2.002002000808715820e+00	7.650528907775878906e+00	4.008011817932128906e+00
2.012012004852294922e+00	7.688164710998535156e+00	4.048192501068115234e+00
2.022022008895874023e+00	7.725965023040771484e+00	4.088572978973388672e+00
2.032032012939453125e+00	7.763954162597656250e+00	4.129154205322265625e+00
2.042042016983032227e+00	7.802120208740234375e+00	4.169935703277587891e+00
2.052052021026611328e+00	7.840471267700195312e+00	4.210917472839355469e+00
2.062062025070190430e+00	7.879007339477539062e+00	4.252099990844726562e+00
2.072072029113769531e+00	7.917721271514892578e+00	4.293482303619384766e+00
2.082082033157348633e+00	7.956637382507324219e+00	4.335065364837646484e+00
2.092092037200927734e+00	7.995749950408935547e+00	4.376849174499511719e+00
2.102102041244506836e+00	8.035037040710449219e+00	4.418832778930664062e+00
2.112112045288085938e+00	8.074531555175781250e+00	4.461017131805419922e+00
2.122122049331665039e+00	8.114212989807128906e+00	4.503401756286621094e+00
2.132132053375244141e+00	8.154098510742187500e+00	4.545987129211425781e+00
2.142142057418823242e+00	8.194174766540527344e+00	4.588772773742675781e+00
2.152152061462402344e+00	8.234468460083007812e+00	4.631758689880371094e+00
2.162162065505981445e+00	8.274953842163085938e+00	4.674944877624511719e+00
2.172172069549560547e+00	8.315649032592773438e+00	4.718331336975097656e+00
2.182182073593139648e+00	8.356554031372070312e+00	4.761918544769287109e+00
2.192192077636718750e+00	8.397658348083496094e+00	4.805706024169921875e+00
2.202202320098876953e+00	8.438976287841796875e+00	4.849695205688476562e+00
2.212212324142456055e+00	8.480507850646972656e+00	4.893883228302001953e+00
2.222222328186035156e+00	8.522248268127441406e+00	4.938271999359130859e+00
2.232232332229614258e+00	8.564203262329101562e+00	4.982861042022705078e+00
2.242242336273193359e+00	8.606392860412597656e+00	5.027650833129882812e+00
2.252252340316772461e+00	8.648770332336425781e+00	5.072640419006347656e+00
2.262262344360351562e+00	8.691393852233886719e+00	5.117830753326416016e+00
2.272272348403930664e+00	8.734227180480957031e+00	5.163221836090087891e+00
2.282282352447509766e+00	8.777284622192382812e+00	5.208812713623046875e+00
2.292292356491088867e+00	8.820564270019531250e+00	5.254604339599609375e+00
2.302302360534667969e+00	8.864059448242187500e+00	5.300596237182617188e+00
2.312312364578247070e+00	8.907796859741210938e+00	5.346788406372070312e+00
2.322322368621826172e+00	8.951756477355957031e+00	5.393181324005126953e+00
2.332332372665405273e+00	8.995935440063476562e+00	5.439774513244628906e+00
2.342342376708984375e+00	9.040367126464843750e+00	5.486567974090576172e+00
2.352352380752563477e+00	9.085015296936035156e+00	5.533561706542968750e+00
2.362362384796142578e+00	9.129897117614746094e+00	5.580756187438964844e+00
2.372372388839721680e+00	9.175018310546875000e+00	5.628150939941406250e+00
2.382382392883300781e+00	9.220373153686523438e+00	5.675745964050292969e+00
2.392392396926879883e+00	9.265975952148437500e+00	5.723541259765625000e+00
2.402402400970458984e+00	9.311797142028808594e+00	5.771537303924560547e+00
2.412412405014038086e+00	9.357862472534179688e+00	5.819733619689941406e+00
2.422422409057617188e+00	9.404175758361816406e+00	5.868130207061767578e+00
2.432432413101196289e+00	9.450706481933593750e+00	5.916727542877197266e+00
2.442442417144775391e+00	9.497504234313964844e+00	5.965525150299072266e+00
2.452452421188354492e+00	9.544549942016601562e+00	6.014523029327392578e+00
2.462462425231933594e+00	9.591823577880859375e+00	6.063721179962158203e+00
2.472472429275512695e+00	9.639339447021484375e+00	6.113120079040527344e+00
2.482482433319091797e+00	9.687109947204589844e+00	6.162719249725341797e+00
2.492492437362670898e+00	9.735128402709960938e+00	6.212518692016601562e+00
2.502502441406250000e+00	9.783386230468750000e+00	6.262518405914306641e+00
2.512512445449829102e+00	9.831899642944335938e+00	6.312718868255615234e+00
2.522522449493408203e+00	9.880646705627441406e+00	6.363119602203369141e+00
2.532532453536987305e+00	9.929670333862304688e+00	6.413720607757568359e+00
2.542542457580566406e+00	9.978928565979003906e+00	6.464522361755371094e+00
2.552552461624145508e+00	1.002842807769775391e+01	6.515523910522460938e+00
2.562562465667724609e+00	1.007820034027099609e+01	6.566726207733154297e+00
2.572572469711303711e+00	1.012820720672607422e+01	6.618129253387451172e+00
2.582582473754882812e+00	1.017847156524658203e+01	6.669732093811035156e+00
2.592592477798461914e+00	1.022899246215820312e+01	6.721535682678222656e+00
2.602602720260620117e+00	1.027977371215820312e+01	6.773540973663330078e+00
2.612612724304199219e+00	1.033079051971435547e+01	6.825745105743408203e+00
2.622622728347778320e+00	1.038207530975341797e+01	6.878149986267089844e+00
2.632632732391357422e+00	1.043362712860107422e+01	6.930755138397216797e+00
2.642642736434936523e+00	1.048542308807373047e+01	6.983560562133789062e+00
2.652652740478515625e+00	1.053746318817138672e+01	7.036566734313964844e+00
2.662662744522094727e+00	1.058976364135742188e+01	7.089772701263427734e+00
2.672672748565673828e+00	1.064232540130615234e+01	7.143179416656494141e+00
2.682682752609252930e+00	1.069513988494873047e+01	7.196786880493164062e+00
2.692692756652832031e+00	1.074820709228515625e+01	7.250594139099121094e+00
2.702702760696411133e+00	1.080153656005859375e+01	7.304602146148681641e+00
2.712712764739990234e+00	1.085514068603515625e+01	7.358810424804687500e+00
2.722722768783569336e+00	1.090898513793945312e+01	7.413219451904296875e+00
2.732732772827148438e+00	1.096309280395507812e+01	7.467828273773193359e+00
2.742742776870727539e+00	1.101743125915527344e+01	7.522637844085693359e+00
2.752752780914306641e+00	1.107205772399902344e+01	7.577647686004638672e+00
2.762762784957885742e+00	1.112692070007324219e+01	7.632858276367187500e+00
2.772772789001464844e+00	1.118205547332763672e+01	7.688269138336181641e+00
2.782782793045043945e+00	1.123744583129882812e+01	7.743880271911621094e+00
2.792792797088623047e+00	1.129310226440429688e+01	7.799691677093505859e+00
2.802802801132202148e+00	1.134900283813476562e+01	7.855703353881835938e+00
2.812812805175781250e+00	1.140516185760498047e+01	7.911915779113769531e+00
2.822822809219360352e+00	1.146156311035156250e+01	7.968328475952148438e+00
2.832832813262939453e+00	1.151825237274169922e+01	8.024941444396972656e+00
2.842842817306518555e+00	1.157515239715576172e+01	8.081755638122558594e+00
2.852852821350097656e+00	1.163232707977294922e+01	8.138769149780273438e+00
2.862862825393676758e+00	1.168976593017578125e+01	8.195983886718750000e+00
2.872872829437255859e+00	1.174745941162109375e+01	8.253397941589355469e+00
2.882882833480834961e+00	1.180540561676025391e+01	8.311013221740722656e+00
2.892892837524414062e+00	1.186359882354736328e+01	8.368828773498535156e+00
2.902902841567993164e+00	1.192205333709716797e+01	8.426844596862792969e+00
2.912912845611572266e+00	1.198075771331787109e+01	8.485061645507812500e+00
2.922922849655151367e+00	1.203971385955810547e+01	8.543478012084960938e+00
2.932932853698730469e+00	1.209892177581787109e+01	8.602094650268554688e+00
2.942942857742309570e+00	1.215837860107421875e+01	8.660912513732910156e+00
2.952952861785888672e+00	1.221809005737304688e+01	8.719930648803710938e+00
2.962962865829467773e+00	1.227804946899414062e+01	8.779149055480957031e+00
2.972972869873046875e+00	1.233825683593750000e+01	8.838567733764648438e+00
2.982982873916625977e+00	1.239871597290039062e+01	8.898186683654785156e+00
2.992992877960205078e+00	1.245941448211669922e+01	8.958005905151367188e+00
3.003003120422363281e+00	1.252036476135253906e+01	9.018027305603027344e+00
3.013013124465942383e+00	1.258156204223632812e+01	9.078248023986816406e+00
3.023023128509521484e+00	1.264300441741943359e+01	9.138669013977050781e+00
3.033033132553100586e+00	1.270468330383300781e+01	9.199290275573730469e+00
3.043043136596679688e+00	1.276661396026611328e+01	9.260111808776855469e+00
3.053053140640258789e+00	1.282879161834716797e+01	9.321133613586425781e+00
3.063063144683837891e+00	1.289120006561279297e+01	9.382355690002441406e+00
3.073073148727416992e+00	1.295386123657226562e+01	9.443778991699218750e+00
3.083083152770996094e+00	1.301675224304199219e+01	9.505401611328125000e+00
3.093093156814575195e+00	1.307988643646240234e+01	9.567225456237792969e+00
3.103103160858154297e+00	1.314325714111328125e+01	9.629249572753906250e+00
3.113113164901733398e+00	1.320686435699462891e+01	9.691473960876464844e+00
3.123123168945312500e+00	1.327070903778076172e+01	9.753898620605468750e+00
3.133133172988891602e+00	1.333478927612304688e+01	9.816523551940917969e+00
3.143143177032470703e+00	1.339909744262695312e+01	9.879348754882812500e+00
3.153153181076049805e+00	1.346364212036132812e+01	9.942375183105468750e+00
3.163163185119628906e+00	1.352841949462890625e+01	1.000560092926025391e+01
3.173173189163208008e+00	1.359342288970947266e+01	1.006902790069580078e+01
3.183183193206787109e+00	1.365865802764892578e+01	1.013265514373779297e+01
3.193193197250366211e+00	1.372412014007568359e+01	1.019648265838623047e+01
3.203203201293945312e+00	1.378981494903564453e+01	1.026051044464111328e+01
3.213213205337524414e+00	1.385573005676269531e+01	1.032473945617675781e+01
3.223223209381103516e+00	1.392187309265136719e+01	1.038916778564453125e+01
3.233233213424682617e+00	1.398823070526123047e+01	1.045379734039306641e+01
3.243243217468261719e+00	1.405482292175292969e+01	1.051862621307373047e+01
3.253253221511840820e+00	1.412162876129150391e+01	1.058365631103515625e+01
3.263263225555419922e+00	1.418865776062011719e+01	1.064888668060302734e+01
3.273273229598999023e+00	1.425590801239013672e+01	1.071431732177734375e+01
3.283283233642578125e+00	1.432337379455566406e+01	1.077994918823242188e+01
3.293293237686157227e+00	1.439105129241943359e+01	1.084578037261962891e+01
3.303303241729736328e+00	1.445894241333007812e+01	1.091181278228759766e+01
3.313313245773315430e+00	1.452705097198486328e+01	1.097804450988769531e+01
3.323323249816894531e+00	1.459537029266357422e+01	1.104447746276855469e+01
3.333333253860473633e+00	1.466390705108642578e+01	1.111111068725585938e+01
3.343343257904052734e+00	1.473264694213867188e+01	1.117794418334960938e+01
3.353353261947631836e+00	1.480159187316894531e+01	1.124497795104980469e+01
3.363363265991210938e+00	1.487074851989746094e+01	1.131221199035644531e+01
3.373373270034790039e+00	1.494011497497558594e+01	1.137964725494384766e+01
3.383383274078369141e+00	1.500968647003173828e+01	1.144728279113769531e+01
3.393393278121948242e+00	1.507945823669433594e+01	1.151511764526367188e+01
3.403403520584106445e+00	1.514943313598632812e+01	1.158315563201904297e+01
3.413413524627685547e+00	1.521960449218750000e+01	1.165139198303222656e+01
3.423423528671264648e+00	1.528997707366943359e+01	1.171982860565185547e+01
3.433433532714843750e+00	1.536055183410644531e+01	1.178846549987792969e+01
3.443443536758422852e+00	1.543132400512695312e+01	1.185730361938476562e+01
3.453453540802001953e+00	1.550228404998779297e+01	1.192634105682373047e+01
3.463463544845581055e+00	1.557344436645507812e+01	1.199557971954345703e+01
3.473473548889160156e+00	1.564479827880859375e+01	1.206501865386962891e+01
3.483483552932739258e+00	1.571634578704833984e+01	1.213465785980224609e+01
3.493493556976318359e+00	1.578807449340820312e+01	1.220449733734130859e+01
3.503503561019897461e+00	1.586000156402587891e+01	1.227453708648681641e+01
3.513513565063476562e+00	1.593211841583251953e+01	1.234477710723876953e+01
3.523523569107055664e+00	1.600442123413085938e+01	1.241521835327148438e+01
3.533533573150634766e+00	1.607690620422363281e+01	1.248585987091064453e+01
3.543543577194213867e+00	1.614958000183105469e+01	1.255670070648193359e+01
3.553553581237792969e+00	1.622244071960449219e+01	1.262774276733398438e+01
3.563563585281372070e+00	1.629547500610351562e+01	1.269898509979248047e+01
3.573573589324951172e+00	1.636870765686035156e+01	1.277042865753173828e+01
3.583583593368530273e+00	1.644210624694824219e+01	1.284207153320312500e+01
3.593593597412109375e+00	1.651568794250488281e+01	1.291391468048095703e+01
3.603603601455688477e+00	1.658944511413574219e+01	1.298595905303955078e+01
3.613613605499267578e+00	1.666338539123535156e+01	1.305820369720458984e+01
3.623623609542846680e+00	1.673749351501464844e+01	1.313064765930175781e+01
3.633633613586425781e+00	1.681178283691406250e+01	1.320329284667968750e+01
3.643643617630004883e+00	1.688625335693359375e+01	1.327613925933837891e+01
3.653653621673583984e+00	1.696088218688964844e+01	1.334918498992919922e+01
3.663663625717163086e+00	1.703569412231445312e+01	1.342243099212646484e+01
3.673673629760742188e+00	1.711067581176757812e+01	1.349587821960449219e+01
3.683683633804321289e+00	1.718582153320312500e+01	1.356952476501464844e+01
3.693693637847900391e+00	1.726114273071289062e+01	1.364337253570556641e+01
3.703703641891479492e+00	1.733663368225097656e+01	1.371742057800292969e+01
3.713713645935058594e+00	1.741229438781738281e+01	1.379166889190673828e+01
3.723723649978637695e+00	1.748811149597167969e+01	1.386611747741699219e+01
3.733733654022216797e+00	1.756410026550292969e+01	1.394076728820800781e+01
3.743743658065795898e+00	1.764025878906250000e+01	1.401561641693115234e+01
3.753753662109375000e+00	1.771658134460449219e+01	1.409066677093505859e+01
3.763763666152954102e+00	1.779305839538574219e+01	1.416591739654541016e+01
3.773773670196533203e+00	1.786971664428710938e+01	1.424136734008789062e+01
3.783783674240112305e+00	1.794652748107910156e+01	1.431701850891113281e+01
3.793793678283691406e+00	1.802349853515625000e+01	1.439287090301513672e+01
3.803803920745849609e+00	1.810063171386718750e+01	1.446892452239990234e+01
3.813813924789428711e+00	1.817792892456054688e+01	1.454517650604248047e+01
3.823823928833007812e+00	1.825538253784179688e+01	1.462162971496582031e+01
3.833833932876586914e+00	1.833300209045410156e+01	1.469828224182128906e+01
3.843843936920166016e+00	1.841076469421386719e+01	1.477513599395751953e+01
3.853853940963745117e+00	1.848870468139648438e+01	1.485219001770019531e+01
3.863863945007324219e+00	1.856679534912109375e+01	1.492944431304931641e+01
3.873873949050903320e+00	1.864504623413085938e+01	1.500689983367919922e+01
3.883883953094482422e+00	1.872345733642578125e+01	1.508455467224121094e+01
3.893893957138061523e+00	1.880202865600585938e+01	1.516240978240966797e+01
3.903903961181640625e+00	1.888074302673339844e+01	1.524046611785888672e+01
3.913913965225219727e+00	1.895962905883789062e+01	1.531872272491455078e+01
3.923923969268798828e+00	1.903865814208984375e+01	1.539717960357666016e+01
3.933933973312377930e+00	1.911785888671875000e+01	1.547583675384521484e+01
3.943943977355957031e+00	1.919719696044921875e+01	1.555469417572021484e+01
3.953953981399536133e+00	1.927671241760253906e+01	1.563375186920166016e+01
3.963963985443115234e+00	1.935637283325195312e+01	1.571301078796386719e+01
3.973973989486694336e+00	1.943619155883789062e+01	1.579246902465820312e+01
3.983983993530273438e+00	1.951615524291992188e+01	1.587212848663330078e+01
3.993993997573852539e+00	1.959628105163574219e+01	1.595198822021484375e+01
4.004004001617431641e+00	1.967656517028808594e+01	1.603204727172851562e+01
4.014014244079589844e+00	1.975701522827148438e+01	1.611231040954589844e+01
4.024024009704589844e+00	1.983760070800781250e+01	1.619277000427246094e+01
4.034034252166748047e+00	1.991835403442382812e+01	1.627343177795410156e+01
4.044044017791748047e+00	1.999926185607910156e+01	1.635429191589355469e+01
4.054054260253906250e+00	2.008032989501953125e+01	1.643535614013671875e+01
4.064064025878906250e+00	2.016154861450195312e+01	1.651661682128906250e+01
4.074074268341064453e+00	2.024292564392089844e+01	1.659808158874511719e+01
4.084084033966064453e+00	2.032445144653320312e+01	1.667974281311035156e+01
4.094094276428222656e+00	2.040614891052246094e+01	1.676160812377929688e+01
4.104104042053222656e+00	2.048799324035644531e+01	1.684366989135742188e+01
4.114114284515380859e+00	2.057000160217285156e+01	1.692593574523925781e+01
4.124124050140380859e+00	2.065217208862304688e+01	1.700839996337890625e+01
4.134134292602539062e+00	2.073449707031250000e+01	1.709106636047363281e+01
4.144144058227539062e+00	2.081696891784667969e+01	1.717392921447753906e+01
4.154154300689697266e+00	2.089961433410644531e+01	1.725699806213378906e+01
4.164164066314697266e+00	2.098241996765136719e+01	1.734026145935058594e+01
4.174174308776855469e+00	2.106539344787597656e+01	1.742373085021972656e+01
4.184184074401855469e+00	2.114851379394531250e+01	1.750739669799804688e+01
4.194194316864013672e+00	2.123179626464843750e+01	1.759126663208007812e+01
4.204204082489013672e+00	2.131524467468261719e+01	1.767533111572265625e+01
4.214214324951171875e+00	2.139885711669921875e+01	1.775960159301757812e+01
4.224224090576171875e+00	2.148262786865234375e+01	1.784406852722167969e+01
4.234234333038330078e+00	2.156657028198242188e+01	1.792873954772949219e+01
4.244244098663330078e+00	2.165067672729492188e+01	1.801360702514648438e+01
4.254254341125488281e+00	2.173493957519531250e+01	1.809868049621582031e+01
4.264264106750488281e+00	2.181937599182128906e+01	1.818394851684570312e+01
4.274274349212646484e+00	2.190398216247558594e+01	1.826942062377929688e+01
4.284284114837646484e+00	2.198875427246093750e+01	1.835509109497070312e+01
4.294294357299804688e+00	2.207369613647460938e+01	1.844096374511718750e+01
4.304304122924804688e+00	2.215880393981933594e+01	1.852703475952148438e+01
4.314314365386962891e+00	2.224408912658691406e+01	1.861330795288085938e+01
4.324324131011962891e+00	2.232953071594238281e+01	1.869977951049804688e+01
4.334334373474121094e+00	2.241515731811523438e+01	1.878645515441894531e+01
4.344344139099121094e+00	2.250095748901367188e+01	1.887332534790039062e+01
4.354354381561279297e+00	2.258692741394042969e+01	1.896040153503417969e+01
4.364364147186279297e+00	2.267306900024414062e+01	1.904767417907714844e+01
4.374374389648437500e+00	2.275940132141113281e+01	1.913515090942382812e+01
4.384384155273437500e+00	2.284589958190917969e+01	1.922282409667968750e+01
4.394394397735595703e+00	2.293258094787597656e+01	1.931070137023925781e+01
4.404404640197753906e+00	2.301944351196289062e+01	1.939878082275390625e+01
4.414414405822753906e+00	2.310648155212402344e+01	1.948705482482910156e+01
4.424424648284912109e+00	2.319371032714843750e+01	1.957553291320800781e+01
4.434434413909912109e+00	2.328110313415527344e+01	1.966420936584472656e+01
4.444444656372070312e+00	2.336869621276855469e+01	1.975308799743652344e+01
4.454454421997070312e+00	2.345643997192382812e+01	1.984216499328613281e+01
4.464464664459228516e+00	2.354441452026367188e+01	1.993144416809082031e+01
4.474474430084228516e+00	2.363254737854003906e+01	2.002092170715332031e+01
4.484484672546386719e+00	2.372088050842285156e+01	2.011060333251953125e+01
4.494494438171386719e+00	2.380940246582031250e+01	2.020047950744628906e+01
4.504504680633544922e+00	2.389811706542968750e+01	2.029056167602539062e+01
4.514514446258544922e+00	2.398702430725097656e+01	2.038084030151367188e+01
4.524524688720703125e+00	2.407612228393554688e+01	2.047132301330566406e+01
4.534534454345703125e+00	2.416540908813476562e+01	2.056200218200683594e+01
4.544544696807861328e+00	2.425490570068359375e+01	2.065288734436035156e+01
4.554554462432861328e+00	2.434458160400390625e+01	2.074396705627441406e+01
4.564564704895019531e+00	2.443446731567382812e+01	2.083525085449218750e+01
4.574574470520019531e+00	2.452455139160156250e+01	2.092673110961914062e+01
4.584584712982177734e+00	2.461483001708984375e+01	2.101841735839843750e+01
4.594594478607177734e+00	2.470531082153320312e+01	2.111029815673828125e+01
4.604604721069335938e+00	2.479599380493164062e+01	2.120238494873046875e+01
4.614614486694335938e+00	2.488688278198242188e+01	2.129466629028320312e+01
4.624624729156494141e+00	2.497800064086914062e+01	2.138715362548828125e+01
4.634634494781494141e+00	2.506928634643554688e+01	2.147983741760253906e+01
4.644644737243652344e+00	2.516078567504882812e+01	2.157272529602050781e+01
4.654654502868652344e+00	2.525250244140625000e+01	2.166580772399902344e+01
4.664664745330810547e+00	2.534441947937011719e+01	2.175909805297851562e+01
4.674674510955810547e+00	2.543655395507812500e+01	2.185258102416992188e+01
4.684684753417968750e+00	2.552890777587890625e+01	2.194627189636230469e+01
4.694694519042968750e+00	2.562147331237792969e+01	2.204015731811523438e+01
4.704704761505126953e+00	2.571424674987792969e+01	2.213424682617187500e+01
4.714714527130126953e+00	2.580723762512207031e+01	2.222853279113769531e+01
4.724724769592285156e+00	2.590045547485351562e+01	2.232302474975585938e+01
4.734734535217285156e+00	2.599387550354003906e+01	2.241771125793457031e+01
4.744744777679443359e+00	2.608751678466796875e+01	2.251260375976562500e+01
4.754754543304443359e+00	2.618137741088867188e+01	2.260769081115722656e+01
4.764764785766601562e+00	2.627546501159667969e+01	2.270298385620117188e+01
4.774774551391601562e+00	2.636977005004882812e+01	2.279847145080566406e+01
4.784784793853759766e+00	2.646430778503417969e+01	2.289416503906250000e+01
4.794794559478759766e+00	2.655905151367187500e+01	2.299005508422851562e+01
4.804804801940917969e+00	2.665404319763183594e+01	2.308614921569824219e+01
4.814815044403076172e+00	2.674924850463867188e+01	2.318244361877441406e+01
4.824824810028076172e+00	2.684468841552734375e+01	2.327893447875976562e+01
4.834835052490234375e+00	2.694034576416015625e+01	2.337562942504882812e+01
4.844844818115234375e+00	2.703623390197753906e+01	2.347252082824707031e+01
4.854855060577392578e+00	2.713236999511718750e+01	2.356961822509765625e+01
4.864864826202392578e+00	2.722871780395507812e+01	2.366691017150878906e+01
4.874875068664550781e+00	2.732531356811523438e+01	2.376440620422363281e+01
4.884884834289550781e+00	2.742213439941406250e+01	2.386210060119628906e+01
4.894895076751708984e+00	2.751918792724609375e+01	2.395999717712402344e+01
4.904904842376708984e+00	2.761645698547363281e+01	2.405809211730957031e+01
4.914915084838867188e+00	2.771399688720703125e+01	2.415639114379882812e+01
4.924924850463867188e+00	2.781175994873046875e+01	2.425488471984863281e+01
4.934935092926025391e+00	2.790976142883300781e+01	2.435358428955078125e+01
4.944944858551025391e+00	2.800798416137695312e+01	2.445248031616210938e+01
4.954955101013183594e+00	2.810645866394042969e+01	2.455158042907714844e+01
4.964964866638183594e+00	2.820518875122070312e+01	2.465087699890136719e+01
4.974975109100341797e+00	2.830414772033691406e+01	2.475037765502929688e+01
4.984984874725341797e+00	2.840333557128906250e+01	2.485007476806640625e+01
4.994995117187500000e+00	2.850277519226074219e+01	2.494997596740722656e+01
5.005004882812500000e+00	2.860245323181152344e+01	2.505007362365722656e+01
5.015015125274658203e+00	2.870236396789550781e+01	2.515037727355957031e+01
5.025024890899658203e+00	2.880254554748535156e+01	2.525087547302246094e+01
5.035035133361816406e+00	2.890295600891113281e+01	2.535157966613769531e+01
5.045044898986816406e+00	2.900360870361328125e+01	2.545247840881347656e+01
5.055055141448974609e+00	2.910450553894042969e+01	2.555358314514160156e+01
5.065064907073974609e+00	2.920565032958984375e+01	2.565488243103027344e+01
5.075075149536132812e+00	2.930703544616699219e+01	2.575638771057128906e+01
5.085084915161132812e+00	2.940866088867187500e+01	2.585808944702148438e+01
5.095095157623291016e+00	2.951054954528808594e+01	2.595999526977539062e+01
5.105104923248291016e+00	2.961267280578613281e+01	2.606209564208984375e+01
5.115115165710449219e+00	2.971504211425781250e+01	2.616440391540527344e+01
5.125124931335449219e+00	2.981764793395996094e+01	2.626690483093261719e+01
5.135135173797607422e+00	2.992051506042480469e+01	2.636961364746093750e+01
5.145144939422607422e+00	3.002363014221191406e+01	2.647251701354980469e+01
5.155155181884765625e+00	3.012700653076171875e+01	2.657562446594238281e+01
5.165164947509765625e+00	3.023061180114746094e+01	2.667892837524414062e+01
5.175175189971923828e+00	3.033444976806640625e+01	2.678243827819824219e+01
5.185184955596923828e+00	3.043855094909667969e+01	2.688614273071289062e+01
5.195195198059082031e+00	3.054291152954101562e+01	2.699005317687988281e+01
5.205205440521240234e+00	3.064750862121582031e+01	2.709416389465332031e+01
5.215215206146240234e+00	3.075233650207519531e+01	2.719846916198730469e+01
5.225225448608398438e+00	3.085744094848632812e+01	2.730298042297363281e+01
5.235235214233398438e+00	3.096275711059570312e+01	2.740768814086914062e+01
5.245245456695556641e+00	3.106834411621093750e+01	2.751259994506835938e+01
5.255255222320556641e+00	3.117416954040527344e+01	2.761770820617675781e+01
5.265265464782714844e+00	3.128026199340820312e+01	2.772302055358886719e+01
5.275275230407714844e+00	3.138656806945800781e+01	2.782852935791015625e+01
5.285285472869873047e+00	3.149313163757324219e+01	2.793424224853515625e+01
5.295295238494873047e+00	3.159995651245117188e+01	2.804015159606933594e+01
5.305305480957031250e+00	3.170700836181640625e+01	2.814626693725585938e+01
5.315315246582031250e+00	3.181428337097167969e+01	2.825257682800292969e+01
5.325325489044189453e+00	3.192183303833007812e+01	2.835909080505371094e+01
5.335335254669189453e+00	3.202962493896484375e+01	2.846580314636230469e+01
5.345345497131347656e+00	3.213766479492187500e+01	2.857271766662597656e+01
5.355355262756347656e+00	3.224591827392578125e+01	2.867983055114746094e+01
5.365365505218505859e+00	3.235443496704101562e+01	2.878714752197265625e+01
5.375375270843505859e+00	3.246316909790039062e+01	2.889465904235839844e+01
5.385385513305664062e+00	3.257215881347656250e+01	2.900237655639648438e+01
5.395395278930664062e+00	3.268140792846679688e+01	2.911029052734375000e+01
5.405405521392822266e+00	3.279086303710937500e+01	2.921840858459472656e+01
5.415415287017822266e+00	3.290056991577148438e+01	2.932672309875488281e+01
5.425425529479980469e+00	3.301052856445312500e+01	2.943524169921875000e+01
5.435435295104980469e+00	3.312069702148437500e+01	2.954395675659179688e+01
5.445445537567138672e+00	3.323112869262695312e+01	2.965287780761718750e+01
5.455455303192138672e+00	3.334175109863281250e+01	2.976199340820312500e+01
5.465465545654296875e+00	3.345263290405273438e+01	2.987131309509277344e+01
5.475475311279296875e+00	3.356374740600585938e+01	2.998082923889160156e+01
5.485485553741455078e+00	3.367509460449218750e+01	3.009055137634277344e+01
5.495495319366455078e+00	3.378668594360351562e+01	3.020046806335449219e+01
5.505505561828613281e+00	3.389846420288085938e+01	3.031059074401855469e+01
5.515515327453613281e+00	3.401051712036132812e+01	3.042090988159179688e+01
5.525525569915771484e+00	3.412276840209960938e+01	3.053143310546875000e+01
5.535535335540771484e+00	3.423525619506835938e+01	3.064215087890625000e+01
5.545545578002929688e+00	3.434797668457031250e+01	3.075307655334472656e+01
5.555555343627929688e+00	3.446087646484375000e+01	3.086419486999511719e+01
5.565565586090087891e+00	3.457406234741210938e+01	3.097552108764648438e+01
5.575575351715087891e+00	3.468743133544921875e+01	3.108703994750976562e+01
5.585585594177246094e+00	3.480101013183593750e+01	3.119876670837402344e+01
5.595595359802246094e+00	3.491484069824218750e+01	3.131068801879882812e+01
5.605605602264404297e+00	3.502886581420898438e+01	3.142281341552734375e+01
5.615615844726562500e+00	3.514311218261718750e+01	3.153514099121093750e+01
5.625625610351562500e+00	3.525756835937500000e+01	3.164766311645507812e+01
5.635635852813720703e+00	3.537221527099609375e+01	3.176039123535156250e+01
5.645645618438720703e+00	3.548712539672851562e+01	3.187331390380859375e+01
5.655655860900878906e+00	3.560222244262695312e+01	3.198644256591796875e+01
5.665665626525878906e+00	3.571751403808593750e+01	3.209976577758789062e+01
5.675675868988037109e+00	3.583303070068359375e+01	3.221329498291015625e+01
5.685685634613037109e+00	3.594874191284179688e+01	3.232702255249023438e+01
5.695695877075195312e+00	3.606466293334960938e+01	3.244095230102539062e+01
5.705705642700195312e+00	3.618078231811523438e+01	3.255507659912109375e+01
5.715715885162353516e+00	3.629711532592773438e+01	3.266940689086914062e+01
5.725725650787353516e+00	3.641362762451171875e+01	3.278393554687500000e+01
5.735735893249511719e+00	3.653035736083984375e+01	3.289866638183593750e+01
5.745745658874511719e+00	3.664728164672851562e+01	3.301359176635742188e+01
5.755755901336669922e+00	3.676440429687500000e+01	3.312872695922851562e+01
5.765765666961669922e+00	3.688172149658203125e+01	3.324405288696289062e+01
5.775775909423828125e+00	3.699919509887695312e+01	3.335958862304687500e+01
5.785785675048828125e+00	3.711690902709960938e+01	3.347531509399414062e+01
5.795795917510986328e+00	3.723479843139648438e+01	3.359125137329101562e+01
5.805805683135986328e+00	3.735285186767578125e+01	3.370737838745117188e+01
5.815815925598144531e+00	3.747111511230468750e+01	3.382371520996093750e+01
5.825825691223144531e+00	3.758955764770507812e+01	3.394024658203125000e+01
5.835835933685302734e+00	3.770817565917968750e+01	3.405698013305664062e+01
5.845845699310302734e+00	3.782697677612304688e+01	3.417391204833984375e+01
5.855855941772460938e+00	3.794598770141601562e+01	3.429104995727539062e+01
5.865865707397460938e+00	3.806514358520507812e+01	3.440837860107421875e+01
5.875875949859619141e+00	3.818450927734375000e+01	3.452591705322265625e+01
5.885885715484619141e+00	3.830402374267578125e+01	3.464365005493164062e+01
5.895895957946777344e+00	3.842371368408203125e+01	3.476158905029296875e+01
5.905905723571777344e+00	3.854357528686523438e+01	3.487972259521484375e+01
5.915915966033935547e+00	3.866362380981445312e+01	3.499806213378906250e+01
5.925925731658935547e+00	3.878383636474609375e+01	3.511659622192382812e+01
5.935935974121093750e+00	3.890420913696289062e+01	3.523533630371093750e+01
5.945945739746093750e+00	3.902477264404296875e+01	3.535427093505859375e+01
5.955955982208251953e+00	3.914548110961914062e+01	3.547341156005859375e+01
5.965965747833251953e+00	3.926636505126953125e+01	3.559274673461914062e+01
5.975975990295410156e+00	3.938740921020507812e+01	3.571228790283203125e+01
5.985985755920410156e+00	3.950860595703125000e+01	3.583202362060546875e+01
5.995995998382568359e+00	3.962997817993164062e+01	3.595196914672851562e+01
6.006006240844726562e+00	3.975150299072265625e+01	3.607210922241210938e+01
6.016016006469726562e+00	3.987321090698242188e+01	3.619244766235351562e+01
6.026026248931884766e+00	3.999504470825195312e+01	3.631299209594726562e+01
6.036036014556884766e+00	4.011703872680664062e+01	3.643373107910156250e+01
6.046046257019042969e+00	4.023919677734375000e+01	3.655467605590820312e+01
6.056056022644042969e+00	4.036150741577148438e+01	3.667581558227539062e+01
6.066066265106201172e+00	4.048397827148437500e+01	3.679716110229492188e+01
6.076076030731201172e+00	4.060657501220703125e+01	3.691870117187500000e+01
6.086086273193359375e+00	4.072936630249023438e+01	3.704044723510742188e+01
6.096096038818359375e+00	4.085228347778320312e+01	3.716238784790039062e+01
6.106106281280517578e+00	4.097533035278320312e+01	3.728453445434570312e+01
6.116116046905517578e+00	4.109855651855468750e+01	3.740687561035156250e+01
6.126126289367675781e+00	4.122193908691406250e+01	3.752942276000976562e+01
6.136136054992675781e+00	4.134542465209960938e+01	3.765216445922851562e+01
6.146146297454833984e+00	4.146908950805664062e+01	3.777511596679687500e+01
6.156156063079833984e+00	4.159290313720703125e+01	3.789825820922851562e+01
6.166166305541992188e+00	4.171683883666992188e+01	3.802160644531250000e+01
6.176176071166992188e+00	4.184092712402343750e+01	3.814514923095703125e+01
6.186186313629150391e+00	4.196518325805664062e+01	3.826890182495117188e+01
6.196196079254150391e+00	4.208955764770507812e+01	3.839284515380859375e+01
6.206206321716308594e+00	4.221406936645507812e+01	3.851699829101562500e+01
6.216216087341308594e+00	4.233872985839843750e+01	3.864134216308593750e+01
6.226226329803466797e+00	4.246355056762695312e+01	3.876589584350585938e+01
6.236236095428466797e+00	4.258849716186523438e+01	3.889064025878906250e+01
6.246246337890625000e+00	4.271357727050781250e+01	3.901559448242187500e+01
6.256256103515625000e+00	4.283880233764648438e+01	3.914073944091796875e+01
6.266266345977783203e+00	4.296417617797851562e+01	3.926609420776367188e+01
6.276276111602783203e+00	4.308968734741210938e+01	3.939164352416992188e+01
6.286286354064941406e+00	4.321534347534179688e+01	3.951739501953125000e+01
6.296296119689941406e+00	4.334114074707031250e+01	3.964334487915039062e+01
6.306306362152099609e+00	4.346708297729492188e+01	3.976950073242187500e+01
6.316316127777099609e+00	4.359316253662109375e+01	3.989585113525390625e+01
6.326326370239257812e+00	4.371939086914062500e+01	4.002240371704101562e+01
6.336336135864257812e+00	4.384573364257812500e+01	4.014915466308593750e+01
6.346346378326416016e+00	4.397225189208984375e+01	4.027611160278320312e+01
6.356356143951416016e+00	4.409888458251953125e+01	4.040326309204101562e+01
6.366366386413574219e+00	4.422568893432617188e+01	4.053062057495117188e+01
6.376376152038574219e+00	4.435260391235351562e+01	4.065817260742187500e+01
6.386386394500732422e+00	4.447967529296875000e+01	4.078593063354492188e+01
6.396396160125732422e+00	4.460690689086914062e+01	4.091388320922851562e+01
6.406406402587890625e+00	4.473427200317382812e+01	4.104204177856445312e+01
6.416416645050048828e+00	4.486177825927734375e+01	4.117040252685546875e+01
6.426426410675048828e+00	4.498943328857421875e+01	4.129895782470703125e+01
6.436436653137207031e+00	4.511724090576171875e+01	4.142771530151367188e+01
6.446446418762207031e+00	4.524520111083984375e+01	4.155667114257812500e+01
6.456456661224365234e+00	4.537329864501953125e+01	4.168583297729492188e+01
6.466466426849365234e+00	4.550153732299804688e+01	4.181518936157226562e+01
6.476476669311523438e+00	4.562994003295898438e+01	4.194475173950195312e+01
6.486486434936523438e+00	4.575850296020507812e+01	4.207450485229492188e+01
6.496496677398681641e+00	4.588721466064453125e+01	4.220446777343750000e+01
6.506506443023681641e+00	4.601609802246093750e+01	4.233462524414062500e+01
6.516516685485839844e+00	4.614510726928710938e+01	4.246498870849609375e+01
6.526526451110839844e+00	4.627428054809570312e+01	4.259554672241210938e+01
6.536536693572998047e+00	4.640361404418945312e+01	4.272631072998046875e+01
6.546546459197998047e+00	4.653311920166015625e+01	4.285726928710937500e+01
6.556556701660156250e+00	4.666276168823242188e+01	4.298843765258789062e+01
6.566566467285156250e+00	4.679259109497070312e+01	4.311979675292968750e+01
6.576576709747314453e+00	4.692258071899414062e+01	4.325136184692382812e+01
6.586586475372314453e+00	4.705275726318359375e+01	4.338312149047851562e+01
6.596596717834472656e+00	4.718308258056640625e+01	4.351508712768554688e+01
6.606606483459472656e+00	4.731359100341796875e+01	4.364725112915039062e+01
6.616616725921630859e+00	4.744424057006835938e+01	4.377961730957031250e+01
6.626626491546630859e+00	4.757508468627929688e+01	4.391217803955078125e+01
6.636636734008789062e+00	4.770611190795898438e+01	4.404494857788085938e+01
6.646646499633789062e+00	4.783729553222656250e+01	4.417790985107421875e+01
6.656656742095947266e+00	4.796868133544921875e+01	4.431107711791992188e+01
6.666666507720947266e+00	4.810023880004882812e+01	4.444444274902343750e+01
6.676676750183105469e+00	4.823198318481445312e+01	4.457801055908203125e+01
6.686686515808105469e+00	4.836392593383789062e+01	4.471177673339843750e+01
6.696696758270263672e+00	4.849603271484375000e+01	4.484574890136718750e+01
6.706706523895263672e+00	4.862835311889648438e+01	4.497991180419921875e+01
6.716716766357421875e+00	4.876084518432617188e+01	4.511428451538085938e+01
6.726726531982421875e+00	4.889354324340820312e+01	4.524884796142578125e+01
6.736736774444580078e+00	4.902644348144531250e+01	4.538362121582031250e+01
6.746746540069580078e+00	4.915953445434570312e+01	4.551858901977539062e+01
6.756756782531738281e+00	4.929284286499023438e+01	4.565376281738281250e+01
6.766766548156738281e+00	4.942634201049804688e+01	4.578913116455078125e+01
6.776776790618896484e+00	4.956004714965820312e+01	4.592470550537109375e+01
6.786786556243896484e+00	4.969398117065429688e+01	4.606047058105468750e+01
6.796796798706054688e+00	4.982810592651367188e+01	4.619644546508789062e+01
6.806807041168212891e+00	4.996245956420898438e+01	4.633262252807617188e+01
6.816816806793212891e+00	5.009703063964843750e+01	4.646899032592773438e+01
6.826827049255371094e+00	5.023181533813476562e+01	4.660556793212890625e+01
6.836836814880371094e+00	5.036683273315429688e+01	4.674233627319335938e+01
6.846847057342529297e+00	5.050205612182617188e+01	4.687931442260742188e+01
6.856856822967529297e+00	5.063751220703125000e+01	4.701648712158203125e+01
6.866867065429687500e+00	5.077321624755859375e+01	4.715386199951171875e+01
6.876876831054687500e+00	5.090911865234375000e+01	4.729143524169921875e+01
6.886887073516845703e+00	5.104529190063476562e+01	4.742921447753906250e+01
6.896896839141845703e+00	5.118166732788085938e+01	4.756718444824218750e+01
6.906907081604003906e+00	5.131830978393554688e+01	4.770536422729492188e+01
6.916916847229003906e+00	5.145517349243164062e+01	4.784373855590820312e+01
6.926927089691162109e+00	5.159230422973632812e+01	4.798231887817382812e+01
6.936936855316162109e+00	5.172964477539062500e+01	4.812109375000000000e+01
6.946947097778320312e+00	5.186726379394531250e+01	4.826007461547851562e+01
6.956956863403320312e+00	5.200513458251953125e+01	4.839925003051757812e+01
6.966967105865478516e+00	5.214326095581054688e+01	4.853863143920898438e+01
6.976976871490478516e+00	5.228161621093750000e+01	4.867820739746093750e+01
6.986987113952636719e+00	5.242023849487304688e+01	4.881798934936523438e+01
6.996996879577636719e+00	5.255912017822265625e+01	4.895796585083007812e+01
7.007007122039794922e+00	5.269826889038085938e+01	4.909814834594726562e+01
7.017016887664794922e+00	5.283768463134765625e+01	4.923852539062500000e+01
7.027027130126953125e+00	5.297736358642578125e+01	4.937910842895507812e+01
7.037036895751953125e+00	5.311730957031250000e+01	4.951988983154296875e+01
7.047047138214111328e+00	5.325752258300781250e+01	4.966087341308593750e+01
7.057056903839111328e+00	5.339801406860351562e+01	4.980205154418945312e+01
7.067067146301269531e+00	5.353878021240234375e+01	4.994343948364257812e+01
7.077076911926269531e+00	5.367980575561523438e+01	5.008501815795898438e+01
7.087087154388427734e+00	5.382112121582031250e+01	5.022680282592773438e+01
7.097096920013427734e+00	5.396269607543945312e+01	5.036878585815429688e+01
7.107107162475585938e+00	5.410456848144531250e+01	5.051097106933593750e+01
7.117116928100585938e+00	5.424670791625976562e+01	5.065335464477539062e+01
7.127127170562744141e+00	5.438914871215820312e+01	5.079594039916992188e+01
7.137136936187744141e+00	5.453185272216796875e+01	5.093872451782226562e+01
7.147147178649902344e+00	5.467484664916992188e+01	5.108171463012695312e+01
7.157156944274902344e+00	5.481810760498046875e+01	5.122489547729492188e+01
7.167167186737060547e+00	5.496165847778320312e+01	5.136828613281250000e+01
7.177176952362060547e+00	5.510551071166992188e+01	5.151186752319335938e+01
7.187187194824218750e+00	5.524964523315429688e+01	5.165565872192382812e+01
7.197196960449218750e+00	5.539407348632812500e+01	5.179964447021484375e+01
7.207207202911376953e+00	5.553876876831054688e+01	5.194383621215820312e+01
7.217217445373535156e+00	5.568376922607421875e+01	5.208822631835937500e+01
7.227227210998535156e+00	5.582905960083007812e+01	5.223281478881835938e+01
7.237237453460693359e+00	5.597462081909179688e+01	5.237760543823242188e+01
7.247247219085693359e+00	5.612047958374023438e+01	5.252259063720703125e+01
7.257257461547851562e+00	5.626664733886718750e+01	5.266778564453125000e+01
7.267267227172851562e+00	5.641305160522460938e+01	5.281317138671875000e+01
7.277277469635009766e+00	5.655978012084960938e+01	5.295876693725585938e+01
7.287287235260009766e+00	5.670677947998046875e+01	5.310455703735351562e+01
7.297297477722167969e+00	5.685406494140625000e+01	5.325054931640625000e+01
7.307307243347167969e+00	5.700164031982421875e+01	5.339673995971679688e+01
7.317317485809326172e+00	5.714950561523437500e+01	5.354313659667968750e+01
7.327327251434326172e+00	5.729763031005859375e+01	5.368972396850585938e+01
7.337337493896484375e+00	5.744605255126953125e+01	5.383652114868164062e+01
7.347347259521484375e+00	5.759474945068359375e+01	5.398351287841796875e+01
7.357357501983642578e+00	5.774371337890625000e+01	5.413071060180664062e+01
7.367367267608642578e+00	5.789294815063476562e+01	5.427809906005859375e+01
7.377377510070800781e+00	5.804248046875000000e+01	5.442569732666015625e+01
7.387387275695800781e+00	5.819226837158203125e+01	5.457349014282226562e+01
7.397397518157958984e+00	5.834232330322265625e+01	5.472148895263671875e+01
7.407407283782958984e+00	5.849265670776367188e+01	5.486968231201171875e+01
7.417417526245117188e+00	5.864325714111328125e+01	5.501808166503906250e+01
7.427427291870117188e+00	5.879410552978515625e+01	5.516667556762695312e+01
7.437437534332275391e+00	5.894522476196289062e+01	5.531547546386718750e+01
7.447447299957275391e+00	5.909658050537109375e+01	5.546446990966796875e+01
7.457457542419433594e+00	5.924821853637695312e+01	5.561367416381835938e+01
7.467467308044433594e+00	5.940007781982421875e+01	5.576306915283203125e+01
7.477477550506591797e+00	5.955221557617187500e+01	5.591267013549804688e+01
7.487487316131591797e+00	5.970454406738281250e+01	5.606246566772460938e+01
7.497497558593750000e+00	5.985715484619140625e+01	5.621247100830078125e+01
7.507507324218750000e+00	6.000997924804687500e+01	5.636266708374023438e+01
7.517517566680908203e+00	6.016305541992187500e+01	5.651306915283203125e+01
7.527527332305908203e+00	6.031636047363281250e+01	5.666366958618164062e+01
7.537537574768066406e+00	6.046987533569335938e+01	5.681447219848632812e+01
7.547547340393066406e+00	6.062360000610351562e+01	5.696546936035156250e+01
7.557557582855224609e+00	6.077755355834960938e+01	5.711667633056640625e+01
7.567567348480224609e+00	6.093171691894531250e+01	5.726807403564453125e+01
7.577577590942382812e+00	6.108609771728515625e+01	5.741968154907226562e+01
7.587587356567382812e+00	6.124066925048828125e+01	5.757148361206054688e+01
7.597597599029541016e+00	6.139547348022460938e+01	5.772348785400390625e+01
7.607607841491699219e+00	6.155042648315429688e+01	5.787569808959960938e+01
7.617617607116699219e+00	6.170556640625000000e+01	5.802809906005859375e+01
7.627627849578857422e+00	6.186090469360351562e+01	5.818070602416992188e+01
7.637637615203857422e+00	6.201642608642578125e+01	5.833350753784179688e+01
7.647647857666015625e+00	6.217210006713867188e+01	5.848651885986328125e+01
7.657657623291015625e+00	6.232796859741210938e+01	5.863972091674804688e+01
7.667667865753173828e+00	6.248399734497070312e+01	5.879312896728515625e+01
7.677677631378173828e+00	6.264017486572265625e+01	5.894673538208007812e+01
7.687687873840332031e+00	6.279649353027343750e+01	5.910054397583007812e+01
7.697697639465332031e+00	6.295296096801757812e+01	5.925454711914062500e+01
7.707707881927490234e+00	6.310958862304687500e+01	5.940876007080078125e+01
7.717717647552490234e+00	6.326635742187500000e+01	5.956316757202148438e+01
7.727727890014648438e+00	6.342324447631835938e+01	5.971777725219726562e+01
7.737737655639648438e+00	6.358025360107421875e+01	5.987258529663085938e+01
7.747747898101806641e+00	6.373742294311523438e+01	6.002759933471679688e+01
7.757757663726806641e+00	6.389466094970703125e+01	6.018280410766601562e+01
7.767767906188964844e+00	6.405204010009765625e+01	6.033821868896484375e+01
7.777777671813964844e+00	6.420953369140625000e+01	6.049382400512695312e+01
7.787787914276123047e+00	6.436711883544921875e+01	6.064963912963867188e+01
7.797797679901123047e+00	6.452479553222656250e+01	6.080564880371093750e+01
7.807807922363281250e+00	6.468258666992187500e+01	6.096186447143554688e+01
7.817817687988281250e+00	6.484045410156250000e+01	6.111827468872070312e+01
7.827827930450439453e+00	6.499840545654296875e+01	6.127489089965820312e+01
7.837837696075439453e+00	6.515645599365234375e+01	6.143169784545898438e+01
7.847847938537597656e+00	6.531455993652343750e+01	6.158871841430664062e+01
7.857857704162597656e+00	6.547274017333984375e+01	6.174592590332031250e+01
7.867867946624755859e+00	6.563100433349609375e+01	6.190334701538085938e+01
7.877877712249755859e+00	6.578931427001953125e+01	6.206095886230468750e+01
7.887887954711914062e+00	6.594770050048828125e+01	6.221877670288085938e+01
7.897897720336914062e+00	6.610614013671875000e+01	6.237678909301757812e+01
7.907907962799072266e+00	6.626464843750000000e+01	6.253500747680664062e+01
7.917917728424072266e+00	6.642321014404296875e+01	6.269342041015625000e+01
7.927927970886230469e+00	6.658180236816406250e+01	6.285204315185546875e+01
7.937937736511230469e+00	6.674044799804687500e+01	6.301085662841796875e+01
7.947947978973388672e+00	6.689918518066406250e+01	6.316987609863281250e+01
7.957957744598388672e+00	6.705789184570312500e+01	6.332909011840820312e+01
7.967967987060546875e+00	6.721672821044921875e+01	6.348851394653320312e+01
7.977977752685546875e+00	6.737555694580078125e+01	6.364812850952148438e+01
7.987987995147705078e+00	6.753443145751953125e+01	6.380795288085937500e+01
7.997997760772705078e+00	6.769336700439453125e+01	6.396796798706054688e+01
8.008008003234863281e+00	6.785231781005859375e+01	6.412818908691406250e+01
8.018017768859863281e+00	6.801133728027343750e+01	6.428861236572265625e+01
8.028028488159179688e+00	6.817041015625000000e+01	6.444924163818359375e+01
8.038038253784179688e+00	6.832949066162109375e+01	6.461006164550781250e+01
8.048048019409179688e+00	6.848865509033203125e+01	6.477108001708984375e+01
8.058057785034179688e+00	6.864781188964843750e+01	6.493229675292968750e+01
8.068068504333496094e+00	6.880709075927734375e+01	6.509372711181640625e+01
8.078078269958496094e+00	6.896636199951171875e+01	6.525534820556640625e+01
8.088088035583496094e+00	6.912574005126953125e+01	6.541716766357421875e+01
8.098097801208496094e+00	6.928514099121093750e+01	6.557918548583984375e+01
8.108108520507812500e+00	6.944461059570312500e+01	6.574142456054687500e+01
8.118118286132812500e+00	6.960415649414062500e+01	6.590384674072265625e+01
8.128128051757812500e+00	6.976377868652343750e+01	6.606646728515625000e+01
8.138137817382812500e+00	6.992347717285156250e+01	6.622928619384765625e+01
8.148148536682128906e+00	7.008322906494140625e+01	6.639232635498046875e+01
8.158158302307128906e+00	7.024312591552734375e+01	6.655554962158203125e+01
8.168168067932128906e+00	7.040306091308593750e+01	6.671897125244140625e+01
8.178177833557128906e+00	7.056312561035156250e+01	6.688259124755859375e+01
8.188188552856445312e+00	7.072332763671875000e+01	6.704643249511718750e+01
8.198198318481445312e+00	7.088361358642578125e+01	6.721045684814453125e+01
8.208208084106445312e+00	7.104402160644531250e+01	6.737467956542968750e+01
8.218217849731445312e+00	7.120458221435546875e+01	6.753910827636718750e+01
8.228228569030761719e+00	7.136528778076171875e+01	6.770374298095703125e+01
8.238238334655761719e+00	7.152613067626953125e+01	6.786856842041015625e+01
8.248248100280761719e+00	7.168714904785156250e+01	6.803359985351562500e+01
8.258257865905761719e+00	7.184833526611328125e+01	6.819882202148437500e+01
8.268268585205078125e+00	7.200973510742187500e+01	6.836426544189453125e+01
8.278278350830078125e+00	7.217130279541015625e+01	6.852989196777343750e+01
8.288288116455078125e+00	7.233307647705078125e+01	6.869571685791015625e+01
8.298297882080078125e+00	7.249509429931640625e+01	6.886174774169921875e+01
8.308308601379394531e+00	7.265734100341796875e+01	6.902799224853515625e+01
8.318318367004394531e+00	7.281979370117187500e+01	6.919441986083984375e+01
8.328328132629394531e+00	7.298254394531250000e+01	6.936104583740234375e+01
8.338337898254394531e+00	7.314554595947265625e+01	6.952787780761718750e+01
8.348348617553710938e+00	7.330885314941406250e+01	6.969492340087890625e+01
8.358358383178710938e+00	7.347241210937500000e+01	6.986215209960937500e+01
8.368368148803710938e+00	7.363632965087890625e+01	7.002958679199218750e+01
8.378377914428710938e+00	7.380055999755859375e+01	7.019721984863281250e+01
8.388388633728027344e+00	7.396511077880859375e+01	7.036506652832031250e+01
8.398398399353027344e+00	7.413005065917968750e+01	7.053309631347656250e+01
8.408408164978027344e+00	7.429528808593750000e+01	7.070132446289062500e+01
8.418418884277343750e+00	7.446093750000000000e+01	7.086977386474609375e+01
8.428428649902343750e+00	7.462697601318359375e+01	7.103840637207031250e+01
8.438438415527343750e+00	7.479344177246093750e+01	7.120724487304687500e+01
8.448448181152343750e+00	7.496030426025390625e+01	7.137627410888671875e+01
8.458458900451660156e+00	7.512760162353515625e+01	7.154552459716796875e+01
8.468468666076660156e+00	7.529533386230468750e+01	7.171495819091796875e+01
8.478478431701660156e+00	7.546354675292968750e+01	7.188459777832031250e+01
8.488488197326660156e+00	7.563217163085937500e+01	7.205442810058593750e+01
8.498498916625976562e+00	7.580136108398437500e+01	7.222448730468750000e+01
8.508508682250976562e+00	7.597097015380859375e+01	7.239472198486328125e+01
8.518518447875976562e+00	7.614110565185546875e+01	7.256515502929687500e+01
8.528528213500976562e+00	7.631175231933593750e+01	7.273579406738281250e+01
8.538538932800292969e+00	7.648292541503906250e+01	7.290664672851562500e+01
8.548548698425292969e+00	7.665460205078125000e+01	7.307768249511718750e+01
8.558558464050292969e+00	7.682682037353515625e+01	7.324892425537109375e+01
8.568568229675292969e+00	7.699958801269531250e+01	7.342036437988281250e+01
8.578578948974609375e+00	7.717289733886718750e+01	7.359201812744140625e+01
8.588588714599609375e+00	7.734674835205078125e+01	7.376385498046875000e+01
8.598598480224609375e+00	7.752113342285156250e+01	7.393589782714843750e+01
8.608608245849609375e+00	7.769606781005859375e+01	7.410813903808593750e+01
8.618618965148925781e+00	7.787155914306640625e+01	7.428059387207031250e+01
8.628628730773925781e+00	7.804763031005859375e+01	7.445323181152343750e+01
8.638638496398925781e+00	7.822421264648437500e+01	7.462607574462890625e+01
8.648648262023925781e+00	7.840135955810546875e+01	7.479911804199218750e+01
8.658658981323242188e+00	7.857904052734375000e+01	7.497237396240234375e+01
8.668668746948242188e+00	7.875723266601562500e+01	7.514582061767578125e+01
8.678678512573242188e+00	7.893595123291015625e+01	7.531945800781250000e+01
8.688688278198242188e+00	7.911518096923828125e+01	7.549330139160156250e+01
8.698698997497558594e+00	7.929489135742187500e+01	7.566736602783203125e+01
8.708708763122558594e+00	7.947509002685546875e+01	7.584160614013671875e+01
8.718718528747558594e+00	7.965574645996093750e+01	7.601605224609375000e+01
8.728728294372558594e+00	7.983683013916015625e+01	7.619069671630859375e+01
8.738739013671875000e+00	8.001834106445312500e+01	7.636556243896484375e+01
8.748748779296875000e+00	8.020024871826171875e+01	7.654060363769531250e+01
8.758758544921875000e+00	8.038253021240234375e+01	7.671585083007812500e+01
8.768768310546875000e+00	8.056515502929687500e+01	7.689129638671875000e+01
8.778779029846191406e+00	8.074807739257812500e+01	7.706696319580078125e+01
8.788788795471191406e+00	8.093129730224609375e+01	7.724280548095703125e+01
8.798798561096191406e+00	8.111472320556640625e+01	7.741885375976562500e+01
8.808809280395507812e+00	8.129845428466796875e+01	7.759512329101562500e+01
8.818819046020507812e+00	8.148225402832031250e+01	7.777156829833984375e+01
8.828828811645507812e+00	8.166624450683593750e+01	7.794821929931640625e+01
8.838838577270507812e+00	8.185033416748046875e+01	7.812506866455078125e+01
8.848849296569824219e+00	8.203450012207031250e+01	7.830213165283203125e+01
8.858859062194824219e+00	8.221862792968750000e+01	7.847938537597656250e+01
8.868868827819824219e+00	8.240274810791015625e+01	7.865683746337890625e+01
8.878878593444824219e+00	8.258678436279296875e+01	7.883448791503906250e+01
8.888889312744140625e+00	8.277072906494140625e+01	7.901235198974609375e+01
8.898899078369140625e+00	8.295448303222656250e+01	7.919040679931640625e+01
8.908908843994140625e+00	8.313802337646484375e+01	7.936865997314453125e+01
8.918918609619140625e+00	8.332130432128906250e+01	7.954711151123046875e+01
8.928929328918457031e+00	8.350427246093750000e+01	7.972577667236328125e+01
8.938939094543457031e+00	8.368689727783203125e+01	7.990463256835937500e+01
8.948948860168457031e+00	8.386911010742187500e+01	8.008368682861328125e+01
8.958958625793457031e+00	8.405088043212890625e+01	8.026293945312500000e+01
8.968969345092773438e+00	8.423212432861328125e+01	8.044241333007812500e+01
8.978979110717773438e+00	8.441290283203125000e+01	8.062206268310546875e+01
8.988988876342773438e+00	8.459308624267578125e+01	8.080191802978515625e+01
8.998998641967773438e+00	8.477265167236328125e+01	8.098197937011718750e+01
9.009009361267089844e+00	8.495161437988281250e+01	8.116224670410156250e+01
9.019019126892089844e+00	8.512988281250000000e+01	8.134270477294921875e+01
9.029028892517089844e+00	8.530746459960937500e+01	8.152336120605468750e+01
9.039038658142089844e+00	8.548432922363281250e+01	8.170422363281250000e+01
9.049049377441406250e+00	8.566050720214843750e+01	8.188529205322265625e+01
9.059059143066406250e+00	8.583590698242187500e+01	8.206655120849609375e+01
9.069068908691406250e+00	8.601058959960937500e+01	8.224800872802734375e+01
9.079078674316406250e+00	8.618451690673828125e+01	8.242967224121093750e+01
9.089089393615722656e+00	8.635772705078125000e+01	8.261154937744140625e+01
9.099099159240722656e+00	8.653023529052734375e+01	8.279360198974609375e+01
9.109108924865722656e+00	8.670200347900390625e+01	8.297586822509765625e+01
9.119118690490722656e+00	8.687313079833984375e+01	8.315832519531250000e+01
9.129129409790039062e+00	8.704364776611328125e+01	8.334100341796875000e+01
9.139139175415039062e+00	8.721360778808593750e+01	8.352386474609375000e+01
9.149148941040039062e+00	8.738303375244140625e+01	8.370692443847656250e+01
9.159158706665039062e+00	8.755199432373046875e+01	8.389019012451171875e+01
9.169169425964355469e+00	8.772062683105468750e+01	8.407366943359375000e+01
9.179179191589355469e+00	8.788893127441406250e+01	8.425733184814453125e+01
9.189188957214355469e+00	8.805706024169921875e+01	8.444119262695312500e+01
9.199198722839355469e+00	8.822507476806640625e+01	8.462525939941406250e+01
9.209209442138671875e+00	8.839309692382812500e+01	8.480953979492187500e+01
9.219219207763671875e+00	8.856127166748046875e+01	8.499400329589843750e+01
9.229228973388671875e+00	8.872969818115234375e+01	8.517866516113281250e+01
9.239239692687988281e+00	8.889853668212890625e+01	8.536354827880859375e+01
9.249249458312988281e+00	8.906790924072265625e+01	8.554861450195312500e+01
9.259259223937988281e+00	8.923798370361328125e+01	8.573387908935546875e+01
9.269268989562988281e+00	8.940888214111328125e+01	8.591934967041015625e+01
9.279279708862304688e+00	8.958081817626953125e+01	8.610503387451171875e+01
9.289289474487304688e+00	8.975386047363281250e+01	8.629090118408203125e+01
9.299299240112304688e+00	8.992823028564453125e+01	8.647696685791015625e+01
9.309309005737304688e+00	9.010408020019531250e+01	8.666323089599609375e+01
9.319319725036621094e+00	9.028164672851562500e+01	8.684972381591796875e+01
9.329329490661621094e+00	9.046092224121093750e+01	8.703639221191406250e+01
9.339339256286621094e+00	9.064218902587890625e+01	8.722325897216796875e+01
9.349349021911621094e+00	9.082543945312500000e+01	8.741032409667968750e+01
9.359359741210937500e+00	9.101094818115234375e+01	8.759761810302734375e+01
9.369369506835937500e+00	9.119879150390625000e+01	8.778508758544921875e+01
9.379379272460937500e+00	9.138899993896484375e+01	8.797275543212890625e+01
9.389389038085937500e+00	9.158169555664062500e+01	8.816062927246093750e+01
9.399399757385253906e+00	9.177698516845703125e+01	8.834871673583984375e+01
9.409409523010253906e+00	9.197479248046875000e+01	8.853698730468750000e+01
9.419419288635253906e+00	9.217520141601562500e+01	8.872545623779296875e+01
9.429429054260253906e+00	9.237818145751953125e+01	8.891413116455078125e+01
9.439439773559570312e+00	9.258362579345703125e+01	8.910301971435546875e+01
9.449449539184570312e+00	9.279151916503906250e+01	8.929209899902343750e+01
9.459459304809570312e+00	9.300169372558593750e+01	8.948136901855468750e+01
9.469469070434570312e+00	9.321401214599609375e+01	8.967084503173828125e+01
9.479479789733886719e+00	9.342822265625000000e+01	8.986053466796875000e+01
9.489489555358886719e+00	9.364414978027343750e+01	9.005041503906250000e+01
9.499499320983886719e+00	9.386145782470703125e+01	9.024048614501953125e+01
9.509509086608886719e+00	9.407982635498046875e+01	9.043076324462890625e+01
9.519519805908203125e+00	9.429901123046875000e+01	9.062125396728515625e+01
9.529529571533203125e+00	9.451847839355468750e+01	9.081193542480468750e+01
9.539539337158203125e+00	9.473787689208984375e+01	9.100280761718750000e+01
9.549549102783203125e+00	9.495671844482421875e+01	9.119388580322265625e+01
9.559559822082519531e+00	9.517459869384765625e+01	9.138518524169921875e+01
9.569569587707519531e+00	9.539084625244140625e+01	9.157666015625000000e+01
9.579579353332519531e+00	9.560504150390625000e+01	9.176834106445312500e+01
9.589589118957519531e+00	9.581668090820312500e+01	9.196022033691406250e+01
9.599599838256835938e+00	9.602514648437500000e+01	9.215232086181640625e+01
9.609609603881835938e+00	9.622993469238281250e+01	9.234459686279296875e+01
9.619619369506835938e+00	9.643045806884765625e+01	9.253707885742187500e+01
9.629630088806152344e+00	9.662625885009765625e+01	9.272977447509765625e+01
9.639639854431152344e+00	9.681689453125000000e+01	9.292265319824218750e+01
9.649649620056152344e+00	9.700183868408203125e+01	9.311573791503906250e+01
9.659659385681152344e+00	9.718062591552734375e+01	9.330902099609375000e+01
9.669670104980468750e+00	9.735306549072265625e+01	9.350251770019531250e+01
9.679679870605468750e+00	9.751879119873046875e+01	9.369620513916015625e+01
9.689689636230468750e+00	9.767758941650390625e+01	9.389008331298828125e+01
9.699699401855468750e+00	9.782942199707031250e+01	9.408416748046875000e+01
9.709710121154785156e+00	9.797422790527343750e+01	9.427847290039062500e+01
9.719719886779785156e+00	9.811206817626953125e+01	9.447295379638671875e+01
9.729729652404785156e+00	9.824325561523437500e+01	9.466764068603515625e+01
9.739739418029785156e+00	9.836808013916015625e+01	9.486252593994140625e+01
9.749750137329101562e+00	9.848693847656250000e+01	9.505762481689453125e+01
9.759759902954101562e+00	9.860053253173828125e+01	9.525291442871093750e+01
9.769769668579101562e+00	9.870976257324218750e+01	9.544840240478515625e+01
9.779779434204101562e+00	9.881533050537109375e+01	9.564408874511718750e+01
9.789790153503417969e+00	9.891854095458984375e+01	9.583998870849609375e+01
9.799799919128417969e+00	9.902056884765625000e+01	9.603607940673828125e+01
9.809809684753417969e+00	9.912297821044921875e+01	9.623236846923828125e+01
9.819819450378417969e+00	9.922739410400390625e+01	9.642885589599609375e+01
9.829830169677734375e+00	9.933573913574218750e+01	9.662556457519531250e+01
9.839839935302734375e+00	9.944995117187500000e+01	9.682244873046875000e+01
9.849849700927734375e+00	9.957243347167968750e+01	9.701953887939453125e+01
9.859859466552734375e+00	9.970563507080078125e+01	9.721682739257812500e+01
9.869870185852050781e+00	9.985235595703125000e+01	9.741433715820312500e+01
9.879879951477050781e+00	1.000154800415039062e+02	9.761203002929687500e+01
9.889889717102050781e+00	1.001980133056640625e+02	9.780992126464843750e+01
9.899899482727050781e+00	1.004035415649414062e+02	9.800801086425781250e+01
9.909910202026367188e+00	1.006356658935546875e+02	9.820632171630859375e+01
9.919919967651367188e+00	1.008983001708984375e+02	9.840481567382812500e+01
9.929929733276367188e+00	1.011953277587890625e+02	9.860350799560546875e+01
9.939939498901367188e+00	1.015311660766601562e+02	9.880239868164062500e+01
9.949950218200683594e+00	1.019104080200195312e+02	9.900151062011718750e+01
9.959959983825683594e+00	1.023378524780273438e+02	9.920080566406250000e+01
9.969969749450683594e+00	1.028183212280273438e+02	9.940029907226562500e+01
9.979979515075683594e+00	1.033571014404296875e+02	9.959999084472656250e+01
9.989990234375000000e+00	1.039595642089843750e+02	9.979990386962890625e+01
1.000000000000000000e+01	1.046313552856445312e+02	1.000000000000000000e+02
