933.64197531 -0.36058387
223.92021751 -0.35187149
524.03871439 -0.35734141
182.53389425 -0.35037580
786.52455158 -0.35963807
109.65171478 -0.34627244
145.37262488 -0.34868661
198.95399003 -0.35099962
631.92598905 -0.35845676
225.90180270 -0.35193434
573.55215576 -0.35791066
901.62235208 -0.36038709
1.04862520 -0.18339892
363.28588949 -0.35505801
567.24076329 -0.35784012
86.16076437 -0.34396723
246.19777435 -0.35254794
146.97011426 -0.34876668
33.41742644 -0.32301217
801.41699357 -0.35973871
358.26645564 -0.35497105
816.44910676 -0.35983843
314.66285204 -0.35415998
554.72273174 -0.35769778
399.39962485 -0.35565007
84.93864134 -0.34383416
66.57187818 -0.34105033
412.71203636 -0.35585570
700.10299489 -0.35901123
139.06996185 -0.34836200
98.86211437 -0.34527105
333.69305341 -0.35452741
378.55369784 -0.35531518
269.53159466 -0.35316095
6.13789465 -0.20134464
545.42586731 -0.35758996
1003.53868283 -0.36102691
689.65384303 -0.35893011
9.43762682 -0.24014057
93.67682097 -0.34475282
153.44736629 -0.34908265
827.81485089 -0.35991505
451.14780546 -0.35641336
12.49293438 -0.27026066
34.96253912 -0.32504016
73.19753086 -0.34235752
40.64541118 -0.33111641
652.01245390 -0.35862699
378.55369784 -0.35531518
746.29051574 -0.35935619
1024.57665774 -0.36115673
289.40855270 -0.35362220
13.44444444 -0.27713186
125.39964289 -0.34752613
602.38552967 -0.35819423
1024.57665774 -0.36115673
8.25915104 -0.22651839
2.83816249 -0.18817016
491.29454680 -0.35694125
576.72094617 -0.35794580
439.99156814 -0.35625729
797.68078890 -0.35971364
693.12816420 -0.35895720
26.89652716 -0.31628186
431.71604938 -0.35613817
812.67798429 -0.35981360
58.22652382 -0.33891720
10.69466764 -0.25328538
113.84185086 -0.34662992
137.51611972 -0.34827968
212.21402484 -0.35147807
195.24397370 -0.35086328
269.53159466 -0.35316095
728.35149564 -0.35922480
303.05268331 -0.35392484
0.31535139 -0.18149135
204.58448539 -0.35120258
812.67798429 -0.35981360
317.01107414 -0.35420662
64.43316289 -0.34053621
225.90180270 -0.35193434
312.32335940 -0.35411310
482.54763773 -0.35683003
35.74818963 -0.32605231
386.30544959 -0.35544181
554.72273174 -0.35769778
721.23699375 -0.35917181
43.21186953 -0.33272889
394.13576640 -0.35556713
824.01754006 -0.35988951
448.34565196 -0.35637477
210.29354580 -0.35140952
476.76001226 -0.35675529
256.67311456 -0.35284522
5.81490500 -0.19855478
509.02406010 -0.35716113
202.69892415 -0.35113499
635.25190957 -0.35848531
459.60664268 -0.35652837
1.49382716 -0.18454783
