933.64197531 -17.88789749
223.92021751 -12.08433247
524.03871439 -15.56488323
182.53389425 -11.24770737
786.52455158 -17.21603394
109.65171478 -9.16648293
145.37262488 -10.31663513
198.95399003 -11.60034275
631.92598905 -16.33055496
225.90180270 -12.12041283
573.55215576 -15.93411064
901.62235208 -17.75405312
1.04862520 -0.13676327
363.28588949 -14.06724644
567.24076329 -15.88885117
86.16076437 -8.18695068
246.19777435 -12.47277546
146.97011426 -10.36130810
33.41742644 -4.76276255
801.41699357 -17.29133034
358.26645564 -14.01040077
816.44910676 -17.36592293
314.66285204 -13.47834301
554.72273174 -15.79759026
399.39962485 -14.45452499
84.93864134 -8.12916183
66.57187818 -7.17325878
412.71203636 -14.58852959
700.10299489 -16.74870872
139.06996185 -10.13558292
98.86211437 -8.74502468
333.69305341 -13.71911335
378.55369784 -14.23546314
269.53159466 -12.84376907
6.13789465 -0.16528112
545.42586731 -15.72846413
1003.53868283 -18.15813446
689.65384303 -16.68772125
9.43762682 -1.11272252
93.67682097 -8.52603245
153.44736629 -10.53762054
827.81485089 -17.42141914
451.14780546 -14.95251465
12.49293438 -1.82746387
34.96253912 -4.90988541
73.19753086 -7.53614759
40.64541118 -5.41446352
652.01245390 -16.45856476
378.55369784 -14.23546314
746.29051574 -17.00527000
1024.57665774 -18.23385620
289.40855270 -13.13537693
13.44444444 -2.01699853
125.39964289 -9.71342087
602.38552967 -16.13472557
1024.57665774 -18.23385620
8.25915104 -0.72429544
2.83816249 -0.13698590
491.29454680 -15.30105114
576.72094617 -15.95664597
439.99156814 -14.85015488
797.68078890 -17.27257156
693.12816420 -16.70809937
26.89652716 -4.06307459
431.71604938 -14.77254105
812.67798429 -17.34734154
58.22652382 -6.68062973
10.69466764 -1.43636072
113.84185086 -9.31921291
137.51611972 -10.08972454
212.21402484 -11.86449814
195.24397370 -11.52327061
269.53159466 -12.84376907
728.35149564 -16.90761566
303.05268331 -13.32421398
0.31535139 -0.13675880
204.58448539 -11.71462345
812.67798429 -17.34734154
317.01107414 -13.50882530
64.43316289 -7.05274963
225.90180270 -12.12041283
312.32335940 -13.44774437
482.54763773 -15.22759724
35.74818963 -4.98281717
386.30544959 -14.31829834
554.72273174 -15.79759026
721.23699375 -16.86821747
43.21186953 -5.62416792
394.13576640 -14.40030670
824.01754006 -17.40296173
448.34565196 -14.92704296
210.29354580 -11.82728291
476.76001226 -15.17826080
256.67311456 -12.64347935
5.81490500 -0.15537173
509.02406010 -15.44600677
202.69892415 -11.67670727
635.25190957 -16.35202599
459.60664268 -15.02845478
1.49382716 -0.13676757
