-30.55555556 934.07543945
14.96396396 218.25933838
22.89189189 511.21228027
-13.51051051 182.16497803
28.04504505 763.55718994
10.47147147 107.50404358
12.05705706 143.11036682
-14.10510511 199.30828857
25.13813814 619.45129395
-15.03003003 228.98239136
-23.94894895 575.17864990
30.02702703 875.56774902
1.02402402 1.05419898
19.06006006 362.25744629
23.81681682 555.22558594
9.28228228 85.61685181
15.69069069 239.73889160
12.12312312 144.72663879
-5.78078078 33.43644333
-28.30930931 802.28436279
-18.92792793 360.72256470
-28.57357357 816.77197266
-17.73873874 314.56790161
23.55255255 542.47509766
-19.98498498 399.49270630
9.21621622 84.53942871
-8.15915916 66.63781738
-20.31531532 412.43991089
-26.45945946 701.89270020
11.79279279 136.82279968
9.94294294 97.16578674
-18.26726727 334.66207886
-19.45645646 379.61492920
16.41741742 263.32223511
-2.47747748 6.12330675
-23.35435435 548.68237305
-31.67867868 1007.86999512
26.26126126 674.10961914
3.07207207 9.35224533
9.67867868 92.37203979
12.38738739 151.37493896
28.77177177 802.86138916
21.24024024 440.69674683
3.53453453 12.54995155
5.91291291 34.89107513
-8.55555556 73.42598724
6.37537538 40.04383087
25.53453453 639.62219238
19.45645646 375.40240479
27.31831832 726.17114258
-32.00900901 1030.66137695
17.01201201 284.32693481
-3.66666667 13.41100502
-11.19819820 125.25012207
24.54354354 589.88854980
32.00900901 1003.99829102
2.87387387 8.18495750
1.68468468 2.83001065
-22.16516517 493.07546997
24.01501502 564.79370117
-20.97597598 439.60424805
28.24324324 774.08056641
-26.32732733 694.57360840
5.18618619 26.67157555
-20.77777778 431.27233887
-28.50750751 813.12487793
7.63063063 58.07278824
3.27027027 10.67566109
-10.66966967 114.23191833
-11.72672673 137.32194519
-14.56756757 213.74391174
-13.97297297 195.36502075
-16.41741742 269.43884277
26.98798799 709.78765869
-17.40840841 302.62496948
0.56156156 0.31623852
14.30330330 200.40013123
28.50750751 788.33764648
-17.80480480 317.01202393
8.02702703 65.27136230
15.03003003 220.13011169
-17.67267267 312.14184570
21.96696697 470.44149780
-5.97897898 35.64712906
19.65465465 382.15203857
-23.55255255 557.37573242
26.85585586 703.33850098
6.57357357 42.47282028
-19.85285285 394.42749023
-28.70570571 824.11029053
-21.17417417 448.09628296
-14.50150150 211.61950684
21.83483483 464.88803101
16.02102102 250.18621826
-2.41141141 5.79536819
-22.56156156 512.30535889
14.23723724 198.69628906
25.20420420 622.82775879
21.43843844 448.61776733
1.22222222 1.49276829
