933.64197531 30.93453789
223.92021751 15.15458202
524.03871439 23.15463257
182.53389425 13.56856060
786.52455158 28.45289803
109.65171478 10.57201862
145.37262488 12.14010429
198.95399003 14.23628902
631.92598905 25.36338806
225.90180270 15.22304535
573.55215576 24.18464088
901.62235208 30.42943954
1.04862520 1.02034342
363.28588949 19.08040047
567.24076329 24.05225563
86.16076437 9.30779743
246.19777435 15.89168549
146.97011426 12.20367432
33.41742644 5.77058697
801.41699357 28.72434807
358.26645564 18.92608833
816.44910676 28.99328232
314.66285204 17.78705406
554.72273174 23.79524994
399.39962485 20.13167572
84.93864134 9.23139000
66.57187818 8.09032440
412.71203636 20.49543381
700.10299489 26.76951599
139.06996185 11.88178253
98.86211437 10.02586651
333.69305341 18.25076866
378.55369784 19.53702927
269.53159466 16.59058571
6.13789465 2.48213792
545.42586731 23.60420227
1003.53868283 31.97954750
689.65384303 26.55837440
9.43762682 3.08404493
93.67682097 9.74570084
153.44736629 12.45458221
827.81485089 29.19334984
451.14780546 21.48347855
12.49293438 3.52353144
34.96253912 5.91437292
73.19753086 8.46798611
40.64541118 6.42210531
652.01245390 25.77597046
378.55369784 19.53702927
746.29051574 27.69305038
1024.57665774 32.27956009
289.40855270 17.13274574
13.44444444 3.66784239
125.39964289 11.27667332
602.38552967 24.78062439
1024.57665774 32.27956009
8.25915104 2.88469362
2.83816249 1.68634820
491.29454680 22.42958832
576.72094617 24.25153732
439.99156814 21.20562553
797.68078890 28.65672874
693.12816420 26.62868881
26.89652716 5.20447588
431.71604938 20.99493027
812.67798429 28.92628479
58.22652382 7.63629103
10.69466764 3.27155232
113.84185086 10.76737690
137.51611972 11.81597900
212.21402484 14.73742485
195.24397370 14.09012032
269.53159466 16.59058571
728.35149564 27.34097672
303.05268331 17.49020004
0.31535139 0.56041074
204.58448539 14.45302773
812.67798429 28.92628479
317.01107414 17.84576416
64.43316289 7.97685289
225.90180270 15.22304535
312.32335940 17.72812080
482.54763773 22.23020363
35.74818963 5.98753405
386.30544959 19.76187706
554.72273174 23.79524994
721.23699375 27.19893837
43.21186953 6.62788677
394.13576640 19.98449326
824.01754006 29.12681580
448.34565196 21.41433907
210.29354580 14.66680908
476.76001226 22.09628677
256.67311456 16.21560860
5.81490500 2.41438055
509.02406010 22.82792664
202.69892415 14.38111115
635.25190957 25.43062973
459.60664268 21.68962860
1.49382716 1.22146893
