934.07543945 933.64197531
218.25933838 223.92021751
511.21228027 524.03871439
182.16497803 182.53389425
763.55718994 786.52455158
107.50404358 109.65171478
143.11036682 145.37262488
199.30828857 198.95399003
619.45129395 631.92598905
228.98239136 225.90180270
575.17864990 573.55215576
875.56774902 901.62235208
1.05419898 1.04862520
362.25744629 363.28588949
555.22558594 567.24076329
85.61685181 86.16076437
239.73889160 246.19777435
144.72663879 146.97011426
33.43644333 33.41742644
802.28436279 801.41699357
360.72256470 358.26645564
816.77197266 816.44910676
314.56790161 314.66285204
542.47509766 554.72273174
399.49270630 399.39962485
84.53942871 84.93864134
66.63781738 66.57187818
412.43991089 412.71203636
701.89270020 700.10299489
136.82279968 139.06996185
97.16578674 98.86211437
334.66207886 333.69305341
379.61492920 378.55369784
263.32223511 269.53159466
6.12330675 6.13789465
548.68237305 545.42586731
1007.86999512 1003.53868283
674.10961914 689.65384303
9.35224533 9.43762682
92.37203979 93.67682097
151.37493896 153.44736629
802.86138916 827.81485089
440.69674683 451.14780546
12.54995155 12.49293438
34.89107513 34.96253912
73.42598724 73.19753086
40.04383087 40.64541118
639.62219238 652.01245390
375.40240479 378.55369784
726.17114258 746.29051574
1030.66137695 1024.57665774
284.32693481 289.40855270
13.41100502 13.44444444
125.25012207 125.39964289
589.88854980 602.38552967
1003.99829102 1024.57665774
8.18495750 8.25915104
2.83001065 2.83816249
493.07546997 491.29454680
564.79370117 576.72094617
439.60424805 439.99156814
774.08056641 797.68078890
694.57360840 693.12816420
26.67157555 26.89652716
431.27233887 431.71604938
813.12487793 812.67798429
58.07278824 58.22652382
10.67566109 10.69466764
114.23191833 113.84185086
137.32194519 137.51611972
213.74391174 212.21402484
195.36502075 195.24397370
269.43884277 269.53159466
709.78765869 728.35149564
302.62496948 303.05268331
0.31623852 0.31535139
200.40013123 204.58448539
788.33764648 812.67798429
317.01202393 317.01107414
65.27136230 64.43316289
220.13011169 225.90180270
312.14184570 312.32335940
470.44149780 482.54763773
35.64712906 35.74818963
382.15203857 386.30544959
557.37573242 554.72273174
703.33850098 721.23699375
42.47282028 43.21186953
394.42749023 394.13576640
824.11029053 824.01754006
448.09628296 448.34565196
211.61950684 210.29354580
464.88803101 476.76001226
250.18621826 256.67311456
5.79536819 5.81490500
512.30535889 509.02406010
198.69628906 202.69892415
622.82775879 635.25190957
448.61776733 459.60664268
1.49276829 1.49382716
