30.93453789 -30.55555556
15.15458202 14.96396396
23.15463257 22.89189189
13.56856060 -13.51051051
28.45289803 28.04504505
10.57201862 10.47147147
12.14010429 12.05705706
14.23628902 -14.10510511
25.36338806 25.13813814
15.22304535 -15.03003003
24.18464088 -23.94894895
30.42943954 30.02702703
1.02034342 1.02402402
19.08040047 19.06006006
24.05225563 23.81681682
9.30779743 9.28228228
15.89168549 15.69069069
12.20367432 12.12312312
5.77058697 -5.78078078
28.72434807 -28.30930931
18.92608833 -18.92792793
28.99328232 -28.57357357
17.78705406 -17.73873874
23.79524994 23.55255255
20.13167572 -19.98498498
9.23139000 9.21621622
8.09032440 -8.15915916
20.49543381 -20.31531532
26.76951599 -26.45945946
11.88178253 11.79279279
10.02586651 9.94294294
18.25076866 -18.26726727
19.53702927 -19.45645646
16.59058571 16.41741742
2.48213792 -2.47747748
23.60420227 -23.35435435
31.97954750 -31.67867868
26.55837440 26.26126126
3.08404493 3.07207207
9.74570084 9.67867868
12.45458221 12.38738739
29.19334984 28.77177177
21.48347855 21.24024024
3.52353144 3.53453453
5.91437292 5.91291291
8.46798611 -8.55555556
6.42210531 6.37537538
25.77597046 25.53453453
19.53702927 19.45645646
27.69305038 27.31831832
32.27956009 -32.00900901
17.13274574 17.01201201
3.66784239 -3.66666667
11.27667332 -11.19819820
24.78062439 24.54354354
32.27956009 32.00900901
2.88469362 2.87387387
1.68634820 1.68468468
22.42958832 -22.16516517
24.25153732 24.01501502
21.20562553 -20.97597598
28.65672874 28.24324324
26.62868881 -26.32732733
5.20447588 5.18618619
20.99493027 -20.77777778
28.92628479 -28.50750751
7.63629103 7.63063063
3.27155232 3.27027027
10.76737690 -10.66966967
11.81597900 -11.72672673
14.73742485 -14.56756757
14.09012032 -13.97297297
16.59058571 -16.41741742
27.34097672 26.98798799
17.49020004 -17.40840841
0.56041074 0.56156156
14.45302773 14.30330330
28.92628479 28.50750751
17.84576416 -17.80480480
7.97685289 8.02702703
15.22304535 15.03003003
17.72812080 -17.67267267
22.23020363 21.96696697
5.98753405 -5.97897898
19.76187706 19.65465465
23.79524994 -23.55255255
27.19893837 26.85585586
6.62788677 6.57357357
19.98449326 -19.85285285
29.12681580 -28.70570571
21.41433907 -21.17417417
14.66680908 -14.50150150
22.09628677 21.83483483
16.21560860 16.02102102
2.41438055 -2.41141141
22.82792664 -22.56156156
14.38111115 14.23723724
25.43062973 25.20420420
21.68962860 21.43843844
1.22146893 1.22222222
