922.82700350 935.97846464
223.29722689 242.87745840
525.57982525 486.04976165
184.52477661 179.65417695
791.27909876 848.93877250
109.97540226 106.63189085
144.84705945 129.16457612
200.13874077 209.13093108
641.13777595 591.51352025
226.91544639 217.25174479
576.02672840 588.93346074
893.64798376 852.77821650
6.71275036 1.13017241
354.08994971 377.47504507
572.89164736 577.63047450
86.95416946 86.73334675
244.48271673 251.25481650
146.39317026 143.83807928
27.47499565 36.79339424
803.58326504 764.57346028
349.01129207 364.78824031
817.61190755 780.91688014
309.80747642 331.50918938
559.24252016 594.12871778
390.64149948 422.56103165
85.67295887 87.50705882
67.63291085 74.07755899
404.59091979 391.90431147
705.38252113 724.05306157
138.66287792 134.98984941
99.92960769 108.93108592
327.21868855 378.62514215
368.14845835 379.79544002
266.60141523 256.22166345
7.15723221 6.01122238
547.49497225 519.37251382
982.44884195 943.37132611
699.14684363 700.99529478
10.21988020 8.53224850
94.73930616 90.41344211
152.57736718 140.51348639
828.81435249 840.25452922
447.02175489 461.96522204
11.90021923 11.95771410
30.48266842 35.33017972
74.60023144 74.83559070
35.97725805 38.62431670
661.61158990 609.64410384
370.98681791 370.78044539
753.74366029 738.91812673
999.98450653 1057.18496790
284.69847060 305.33064038
9.80032272 14.30124625
126.92835411 132.71922459
610.42696266 603.51715020
995.85694643 906.55481345
9.50487900 7.45879041
6.80421152 2.82286793
490.75345989 486.24711135
583.12858512 612.86488171
434.19446957 416.26089699
801.51591336 796.47272733
698.36958541 739.80843971
22.23763188 22.60289320
424.79723178 432.74437006
814.10482389 802.44515304
54.98306726 56.09842504
10.93494298 10.92956456
114.87470920 122.61046896
139.91887165 136.90786998
213.00951671 226.66029445
196.66889740 199.19312141
268.24497582 261.03814401
736.68215893 686.48338078
298.96653476 316.26450760
6.68128317 0.32063997
204.73533760 191.00918627
815.16528687 800.04297150
311.97566475 296.91384754
62.61086028 63.85730127
225.19486507 210.33965694
307.63925730 317.83935274
479.83163337 451.29705315
30.06257212 36.10678872
379.43508266 375.13110285
557.00545500 520.89154204
729.85759534 705.57094794
38.32916923 43.36139874
385.06173752 367.86517219
824.62638275 810.86284052
443.62089612 487.84413294
210.99706329 198.80716899
473.29249140 456.86407628
254.53663980 256.11496034
7.07109768 6.23522751
509.60643613 498.20389713
202.89227437 199.41076047
644.55002696 677.62436228
455.47017359 487.15769070
6.72123296 1.48909809
