30.85141236 -30.55555556
15.64838693 14.96396396
22.08746123 22.89189189
13.41604346 -13.51051051
29.16997612 28.04504505
10.25187555 10.47147147
11.31647524 12.05705706
14.48411778 -14.10510511
24.16844666 25.13813814
14.76592514 -15.03003003
24.11843687 -23.94894895
29.24398273 30.02702703
3.89023478 1.02402402
19.60643095 19.06006006
23.89940876 23.81681682
9.23363104 9.28228228
15.92994645 15.69069069
11.97176179 12.12312312
6.30451749 -5.78078078
27.52966493 -28.30930931
19.30062085 -18.92792793
27.84841758 -28.57357357
18.46176642 -17.73873874
24.21918029 23.55255255
20.67773598 -19.98498498
9.27606511 9.21621622
8.53897986 -8.15915916
19.95215642 -20.31531532
26.73986828 -26.45945946
11.58450016 11.79279279
10.36338410 9.94294294
19.63401157 -18.26726727
19.66208589 -19.45645646
16.09560621 16.41741742
4.17247832 -2.47747748
22.76449245 -23.35435435
30.99464786 -31.67867868
26.29229987 26.26126126
4.34811839 3.07207207
9.43417472 9.67867868
11.82808077 12.38738739
29.00260806 28.77177177
21.57534921 21.24024024
4.60215041 3.53453453
6.20747982 5.91291291
8.58041570 -8.55555556
6.42557462 6.37537538
24.52007890 25.53453453
19.44526076 19.45645646
27.02929956 27.31831832
33.20258439 -32.00900901
17.69102955 17.01201201
4.76523346 -3.66666667
11.48093122 -11.19819820
24.40127295 24.54354354
30.28141093 32.00900901
4.27174012 2.87387387
3.97152109 1.68468468
22.09157807 -22.16516517
24.58254933 24.01501502
20.52926642 -20.97597598
28.15180832 28.24324324
27.04666579 -26.32732733
5.35588691 5.18618619
20.91790491 -20.77777778
28.26828343 -28.50750751
7.53922127 7.63063063
4.52414350 3.27027027
11.01413780 -10.66966967
11.66933486 -11.72672673
15.09443486 -14.56756757
14.13245505 -13.97297297
16.25518513 -16.41741742
26.01060855 26.98798799
18.01973891 -17.40840841
3.86745304 0.56156156
13.83656332 14.30330330
28.22143847 28.50750751
17.42940313 -17.80480480
7.97678871 8.02702703
14.52600503 15.03003003
18.06637341 -17.67267267
21.33944070 21.96696697
6.25898351 -5.97897898
19.55020952 19.65465465
22.79431540 -23.55255255
26.38110781 26.85585586
6.73813923 6.57357357
19.37481040 -19.85285285
28.43246698 -28.70570571
22.12487859 -21.17417417
14.11884373 -14.50150150
21.46255624 21.83483483
16.09207258 16.02102102
4.18773647 -2.41141141
22.33837759 -22.56156156
14.14012814 14.23723724
25.83868110 25.20420420
22.11056113 21.43843844
3.90308981 1.22222222
