-30.55555556 922.82700350
14.96396396 223.29722689
22.89189189 525.57982525
-13.51051051 184.52477661
28.04504505 791.27909876
10.47147147 109.97540226
12.05705706 144.84705945
-14.10510511 200.13874077
25.13813814 641.13777595
-15.03003003 226.91544639
-23.94894895 576.02672840
30.02702703 893.64798376
1.02402402 6.71275036
19.06006006 354.08994971
23.81681682 572.89164736
9.28228228 86.95416946
15.69069069 244.48271673
12.12312312 146.39317026
-5.78078078 27.47499565
-28.30930931 803.58326504
-18.92792793 349.01129207
-28.57357357 817.61190755
-17.73873874 309.80747642
23.55255255 559.24252016
-19.98498498 390.64149948
9.21621622 85.67295887
-8.15915916 67.63291085
-20.31531532 404.59091979
-26.45945946 705.38252113
11.79279279 138.66287792
9.94294294 99.92960769
-18.26726727 327.21868855
-19.45645646 368.14845835
16.41741742 266.60141523
-2.47747748 7.15723221
-23.35435435 547.49497225
-31.67867868 982.44884195
26.26126126 699.14684363
3.07207207 10.21988020
9.67867868 94.73930616
12.38738739 152.57736718
28.77177177 828.81435249
21.24024024 447.02175489
3.53453453 11.90021923
5.91291291 30.48266842
-8.55555556 74.60023144
6.37537538 35.97725805
25.53453453 661.61158990
19.45645646 370.98681791
27.31831832 753.74366029
-32.00900901 999.98450653
17.01201201 284.69847060
-3.66666667 9.80032272
-11.19819820 126.92835411
24.54354354 610.42696266
32.00900901 995.85694643
2.87387387 9.50487900
1.68468468 6.80421152
-22.16516517 490.75345989
24.01501502 583.12858512
-20.97597598 434.19446957
28.24324324 801.51591336
-26.32732733 698.36958541
5.18618619 22.23763188
-20.77777778 424.79723178
-28.50750751 814.10482389
7.63063063 54.98306726
3.27027027 10.93494298
-10.66966967 114.87470920
-11.72672673 139.91887165
-14.56756757 213.00951671
-13.97297297 196.66889740
-16.41741742 268.24497582
26.98798799 736.68215893
-17.40840841 298.96653476
0.56156156 6.68128317
14.30330330 204.73533760
28.50750751 815.16528687
-17.80480480 311.97566475
8.02702703 62.61086028
15.03003003 225.19486507
-17.67267267 307.63925730
21.96696697 479.83163337
-5.97897898 30.06257212
19.65465465 379.43508266
-23.55255255 557.00545500
26.85585586 729.85759534
6.57357357 38.32916923
-19.85285285 385.06173752
-28.70570571 824.62638275
-21.17417417 443.62089612
-14.50150150 210.99706329
21.83483483 473.29249140
16.02102102 254.53663980
-2.41141141 7.07109768
-22.56156156 509.60643613
14.23723724 202.89227437
25.20420420 644.55002696
21.43843844 455.47017359
1.22222222 6.72123296
