935.97846464 30.85141236
242.87745840 15.64838693
486.04976165 22.08746123
179.65417695 13.41604346
848.93877250 29.16997612
106.63189085 10.25187555
129.16457612 11.31647524
209.13093108 14.48411778
591.51352025 24.16844666
217.25174479 14.76592514
588.93346074 24.11843687
852.77821650 29.24398273
1.13017241 3.89023478
377.47504507 19.60643095
577.63047450 23.89940876
86.73334675 9.23363104
251.25481650 15.92994645
143.83807928 11.97176179
36.79339424 6.30451749
764.57346028 27.52966493
364.78824031 19.30062085
780.91688014 27.84841758
331.50918938 18.46176642
594.12871778 24.21918029
422.56103165 20.67773598
87.50705882 9.27606511
74.07755899 8.53897986
391.90431147 19.95215642
724.05306157 26.73986828
134.98984941 11.58450016
108.93108592 10.36338410
378.62514215 19.63401157
379.79544002 19.66208589
256.22166345 16.09560621
6.01122238 4.17247832
519.37251382 22.76449245
943.37132611 30.99464786
700.99529478 26.29229987
8.53224850 4.34811839
90.41344211 9.43417472
140.51348639 11.82808077
840.25452922 29.00260806
461.96522204 21.57534921
11.95771410 4.60215041
35.33017972 6.20747982
74.83559070 8.58041570
38.62431670 6.42557462
609.64410384 24.52007890
370.78044539 19.44526076
738.91812673 27.02929956
1057.18496790 33.20258439
305.33064038 17.69102955
14.30124625 4.76523346
132.71922459 11.48093122
603.51715020 24.40127295
906.55481345 30.28141093
7.45879041 4.27174012
2.82286793 3.97152109
486.24711135 22.09157807
612.86488171 24.58254933
416.26089699 20.52926642
796.47272733 28.15180832
739.80843971 27.04666579
22.60289320 5.35588691
432.74437006 20.91790491
802.44515304 28.26828343
56.09842504 7.53922127
10.92956456 4.52414350
122.61046896 11.01413780
136.90786998 11.66933486
226.66029445 15.09443486
199.19312141 14.13245505
261.03814401 16.25518513
686.48338078 26.01060855
316.26450760 18.01973891
0.32063997 3.86745304
191.00918627 13.83656332
800.04297150 28.22143847
296.91384754 17.42940313
63.85730127 7.97678871
210.33965694 14.52600503
317.83935274 18.06637341
451.29705315 21.33944070
36.10678872 6.25898351
375.13110285 19.55020952
520.89154204 22.79431540
705.57094794 26.38110781
43.36139874 6.73813923
367.86517219 19.37481040
810.86284052 28.43246698
487.84413294 22.12487859
198.80716899 14.11884373
456.86407628 21.46255624
256.11496034 16.09207258
6.23522751 4.18773647
498.20389713 22.33837759
199.41076047 14.14012814
677.62436228 25.83868110
487.15769070 22.11056113
1.48909809 3.90308981
