X My_beautiful_solution_real My_beautiful_solution_imag
   0.0000000000000000        1.8086983102907014E-016   0.0000000000000000     
   1.9607843137254906E-003  0.97839560712762896        0.0000000000000000     
   3.9215686274509812E-003  0.90977824924544815        0.0000000000000000     
   5.8823529411764696E-003   1.0499243335872723        0.0000000000000000     
   7.8431372549019607E-003   1.0700365198743427        0.0000000000000000     
   9.8039215686274508E-003  0.83639401283057802        0.0000000000000000     
   1.1764705882352939E-002   1.1586368860614380        0.0000000000000000     
   1.3725490196078431E-002  0.99961031295919978        0.0000000000000000     
   1.5686274509803921E-002  0.85318962621685035        0.0000000000000000     
   1.7647058823529412E-002   1.1529873013728271        0.0000000000000000     
   1.9607843137254902E-002   1.0122187269811898        0.0000000000000000     
   2.1568627450980392E-002  0.84753677798826255        0.0000000000000000     
   2.3529411764705879E-002   1.1698962016406202        0.0000000000000000     
   2.5490196078431369E-002  0.94248863378068248        0.0000000000000000     
   2.7450980392156862E-002  0.95283582935258904        0.0000000000000000     
   2.9411764705882353E-002   1.1045328631906091        0.0000000000000000     
   3.1372549019607843E-002   1.0182965926497443        0.0000000000000000     
   3.3333333333333333E-002   1.8396676177827478        0.0000000000000000     
   3.5294117647058823E-002   1.0253782863572489        0.0000000000000000     
   3.7254901960784313E-002   1.0824864561681462        0.0000000000000000     
   3.9215686274509803E-002  0.96584707176243378        0.0000000000000000     
   4.1176470588235294E-002  0.94910830208082841        0.0000000000000000     
   4.3137254901960784E-002   1.1435619560703456        0.0000000000000000     
   4.5098039215686274E-002  0.87536887355011261        0.0000000000000000     
   4.7058823529411764E-002   1.0077219227123959        0.0000000000000000     
   4.9019607843137254E-002   1.1295834705829277        0.0000000000000000     
   5.0980392156862744E-002  0.88007085351139902        0.0000000000000000     
   5.2941176470588235E-002  0.99722831772326082        0.0000000000000000     
   5.4901960784313725E-002   1.1342881666906894        0.0000000000000000     
   5.6862745098039208E-002  0.86599808274883627        0.0000000000000000     
   5.8823529411764705E-002   1.0552625837796876        0.0000000000000000     
   6.0784313725490195E-002   1.0466509231150256        0.0000000000000000     
   6.2745098039215685E-002  0.92039802974212259        0.0000000000000000     
   6.4705882352941169E-002  0.99216989234226727        0.0000000000000000     
   6.6666666666666666E-002  0.30856741289993339        0.0000000000000000     
   6.8627450980392163E-002  0.98627601097930950        0.0000000000000000     
   7.0588235294117646E-002  0.93874659335368849        0.0000000000000000     
   7.2549019607843143E-002   1.0358220561355087        0.0000000000000000     
   7.4509803921568626E-002   1.0497532323117162        0.0000000000000000     
   7.6470588235294124E-002  0.88791528583396651        0.0000000000000000     
   7.8431372549019607E-002   1.1111243479632451        0.0000000000000000     
   8.0392156862745104E-002   1.0009708731015881        0.0000000000000000     
   8.2352941176470587E-002  0.89954916022891718        0.0000000000000000     
   8.4313725490196084E-002   1.1072110310072441        0.0000000000000000     
   8.6274509803921567E-002   1.0097043859348402        0.0000000000000000     
   8.8235294117647065E-002  0.89563358270562898        0.0000000000000000     
   9.0196078431372548E-002   1.1189233762100113        0.0000000000000000     
   9.2156862745098045E-002  0.96140420616850086        0.0000000000000000     
   9.4117647058823528E-002  0.96857143316134897        0.0000000000000000     
   9.6078431372549025E-002   1.0736479312427205        0.0000000000000000     
   9.8039215686274522E-002   1.0139143617273987        0.0000000000000000     
  0.10000000000000001        1.5828562109044941        0.0000000000000000     
  0.10196078431372549        1.0188196624867008        0.0000000000000000     
  0.10392156862745099        1.0583769718403790        0.0000000000000000     
  0.10588235294117647       0.97758397449800993        0.0000000000000000     
  0.10784313725490197       0.96598947422444637        0.0000000000000000     
  0.10980392156862745        1.1006823451619525        0.0000000000000000     
  0.11176470588235295       0.91491213457914089        0.0000000000000000     
  0.11372549019607843        1.0065895692956000        0.0000000000000000     
  0.11568627450980393        1.0909998202876183        0.0000000000000000     
  0.11764705882352941       0.91816907096003531        0.0000000000000000     
  0.11960784313725491       0.99932092839597009        0.0000000000000000     
  0.12156862745098039        1.0942586380708881        0.0000000000000000     
  0.12352941176470589       0.90842123718491286        0.0000000000000000     
  0.12549019607843137        1.0395197199718416        0.0000000000000000     
  0.12745098039215685        1.0335546518197878        0.0000000000000000     
  0.12941176470588234       0.94610263266935379        0.0000000000000000     
  0.13137254901960785       0.99581709175926081        0.0000000000000000     
  0.13333333333333333       0.52230384761595550        0.0000000000000000     
  0.13529411764705881       0.99173455699864432        0.0000000000000000     
  0.13725490196078433       0.95881219435521658        0.0000000000000000     
  0.13921568627450981        1.0260537838620680        0.0000000000000000     
  0.14117647058823529        1.0357035388356155        0.0000000000000000     
  0.14313725490196078       0.92360270045849857        0.0000000000000000     
  0.14509803921568626        1.0782136773192437        0.0000000000000000     
  0.14705882352941177        1.0019132969023314        0.0000000000000000     
  0.14901960784313725       0.93166117562845785        0.0000000000000000     
  0.15098039215686274        1.0755030268126688        0.0000000000000000     
  0.15294117647058822        1.0079627688085975        0.0000000000000000     
  0.15490196078431373       0.92894895928708499        0.0000000000000000     
  0.15686274509803921        1.0836158566227834        0.0000000000000000     
  0.15882352941176470       0.97450651974332325        0.0000000000000000     
  0.16078431372549018       0.97947106713300469        0.0000000000000000     
  0.16274509803921566        1.0522547608526538        0.0000000000000000     
  0.16470588235294117        1.0108789069959898        0.0000000000000000     
  0.16666666666666666        1.4049697841274917        0.0000000000000000     
  0.16862745098039214        1.0142766782824977        0.0000000000000000     
  0.17058823529411765        1.0416769736952900        0.0000000000000000     
  0.17254901960784313       0.98571381465753050        0.0000000000000000     
  0.17450980392156862       0.97768261289355562        0.0000000000000000     
  0.17647058823529410        1.0709807798817885        0.0000000000000000     
  0.17843137254901961       0.94230269909133568        0.0000000000000000     
  0.18039215686274510        1.0058052182201889        0.0000000000000000     
  0.18235294117647058        1.0642739525916316        0.0000000000000000     
  0.18431372549019609       0.94455869224241940        0.0000000000000000     
  0.18627450980392157        1.0007704241163065        0.0000000000000000     
  0.18823529411764706        1.0665312489400685        0.0000000000000000     
  0.19019607843137254       0.93780662721481411        0.0000000000000000     
  0.19215686274509805        1.0286150571920318        0.0000000000000000     
  0.19411764705882353        1.0244832132371666        0.0000000000000000     
  0.19607843137254902       0.96390752701587779        0.0000000000000000     
  0.19803921568627453       0.99834340972901292        0.0000000000000000     
  0.20000000000000001       0.67035338757170326        0.0000000000000000     
  0.20196078431372549       0.99551554655273422        0.0000000000000000     
  0.20392156862745098       0.97271110214395440        0.0000000000000000     
  0.20588235294117649        1.0192875616306276        0.0000000000000000     
  0.20784313725490197        1.0259716900826459        0.0000000000000000     
  0.20980392156862746       0.94832242278562706        0.0000000000000000     
  0.21176470588235294        1.0554173316472888        0.0000000000000000     
  0.21372549019607845        1.0025660887874810        0.0000000000000000     
  0.21568627450980393       0.95390431406795229        0.0000000000000000     
  0.21764705882352942        1.0535397361825185        0.0000000000000000     
  0.21960784313725490        1.0067563969765712        0.0000000000000000     
  0.22156862745098041       0.95202563399108986        0.0000000000000000     
  0.22352941176470589        1.0591592774774867        0.0000000000000000     
  0.22549019607843138       0.98358214365220531        0.0000000000000000     
  0.22745098039215686       0.98702095350278907        0.0000000000000000     
  0.22941176470588237        1.0374362810803466        0.0000000000000000     
  0.23137254901960785        1.0087763282890019        0.0000000000000000     
  0.23333333333333334        1.2817525905606129        0.0000000000000000     
  0.23529411764705882        1.0111298740310302        0.0000000000000000     
  0.23725490196078433        1.0301093294332091        0.0000000000000000     
  0.23921568627450981       0.99134513856881923        0.0000000000000000     
  0.24117647058823530       0.98578213884896704        0.0000000000000000     
  0.24313725490196081        1.0504072960883799        0.0000000000000000     
  0.24509803921568629       0.96127541415764661        0.0000000000000000     
  0.24705882352941178        1.0052619191049377        0.0000000000000000     
  0.24901960784313729        1.0457616553196967        0.0000000000000000     
  0.25098039215686280       0.96283808057249964        0.0000000000000000     
  0.25294117647058828        1.0017744512249678        0.0000000000000000     
  0.25490196078431376        1.0473252244246718        0.0000000000000000     
  0.25686274509803925       0.95816110482704042        0.0000000000000000     
  0.25882352941176473        1.0210616875006766        0.0000000000000000     
  0.26078431372549021        1.0181996691578561        0.0000000000000000     
  0.26274509803921575       0.97624050347103297        0.0000000000000000     
  0.26470588235294124        1.0000933229513427        0.0000000000000000     
  0.26666666666666672       0.77290336371505763        0.0000000000000000     
  0.26862745098039220       0.99813453738976188        0.0000000000000000     
  0.27058823529411768       0.98233850566428960        0.0000000000000000     
  0.27254901960784317        1.0146007795668499        0.0000000000000000     
  0.27450980392156865        1.0192306974544618        0.0000000000000000     
  0.27647058823529419       0.96544511655201970        0.0000000000000000     
  0.27843137254901967        1.0396269097012716        0.0000000000000000     
  0.28039215686274516        1.0030182603529503        0.0000000000000000     
  0.28235294117647064       0.96931154408707654        0.0000000000000000     
  0.28431372549019612        1.0383263492930694        0.0000000000000000     
  0.28627450980392161        1.0059207753148531        0.0000000000000000     
  0.28823529411764709       0.96801023239694239        0.0000000000000000     
  0.29019607843137257        1.0422188559898671        0.0000000000000000     
  0.29215686274509811       0.98986858679562872        0.0000000000000000     
  0.29411764705882359       0.99225055885879332        0.0000000000000000     
  0.29607843137254908        1.0271719145204452        0.0000000000000000     
  0.29803921568627456        1.0073199279766092        0.0000000000000000     
  0.30000000000000004        1.1964033198738415        0.0000000000000000     
  0.30196078431372553        1.0089501664749487        0.0000000000000000     
  0.30392156862745101        1.0220967301136434        0.0000000000000000     
  0.30588235294117649       0.99524580677035968        0.0000000000000000     
  0.30784313725490198       0.99139246491784960        0.0000000000000000     
  0.30980392156862752        1.0361565914064832        0.0000000000000000     
  0.31176470588235300       0.97441730894507195        0.0000000000000000     
  0.31372549019607848        1.0048855902671419        0.0000000000000000     
  0.31568627450980397        1.0329386796848969        0.0000000000000000     
  0.31764705882352945       0.97549972638190563        0.0000000000000000     
  0.31960784313725493        1.0024699140820046        0.0000000000000000     
  0.32156862745098042        1.0340217223911530        0.0000000000000000     
  0.32352941176470590       0.97226010975585331        0.0000000000000000     
  0.32549019607843144        1.0158296693405253        0.0000000000000000     
  0.32745098039215692        1.0138472254040842        0.0000000000000000     
  0.32941176470588240       0.98478322803222318        0.0000000000000000     
  0.33137254901960789        1.0013054412683369        0.0000000000000000     
  0.33333333333333337       0.84393700292898988        0.0000000000000000     
  0.33529411764705885       0.99994864264086314        0.0000000000000000     
  0.33725490196078434       0.98900715185952870        0.0000000000000000     
  0.33921568627450982        1.0113543703650831        0.0000000000000000     
  0.34117647058823530        1.0145613912654003        0.0000000000000000     
  0.34313725490196079       0.97730555082137727        0.0000000000000000     
  0.34509803921568627        1.0286893046648642        0.0000000000000000     
  0.34705882352941175        1.0033314675622758        0.0000000000000000     
  0.34901960784313724       0.97998372227397845        0.0000000000000000     
  0.35098039215686277        1.0277884410831613        0.0000000000000000     
  0.35294117647058826        1.0053419624289801        0.0000000000000000     
  0.35490196078431374       0.97908233829927471        0.0000000000000000     
  0.35686274509803922        1.0304846768770299        0.0000000000000000     
  0.35882352941176471       0.99422303865395767        0.0000000000000000     
  0.36078431372549019       0.99587296730841079        0.0000000000000000     
  0.36274509803921567        1.0200620609798037        0.0000000000000000     
  0.36470588235294116        1.0063111182407900        0.0000000000000000     
  0.36666666666666664        1.1372841515508656        0.0000000000000000     
  0.36862745098039212        1.0074403410614936        0.0000000000000000     
  0.37058823529411761        1.0165466158119485        0.0000000000000000     
  0.37254901960784315       0.99794769582135501        0.0000000000000000     
  0.37450980392156863       0.99527858847279382        0.0000000000000000     
  0.37647058823529411        1.0262855075409645        0.0000000000000000     
  0.37843137254901960       0.98352034970650803        0.0000000000000000     
  0.38039215686274508        1.0046249172967998        0.0000000000000000     
  0.38235294117647056        1.0240565457327839        0.0000000000000000     
  0.38431372549019610       0.98427011145759291        0.0000000000000000     
  0.38627450980392158        1.0029516426940555        0.0000000000000000     
  0.38823529411764707        1.0248067405913559        0.0000000000000000     
  0.39019607843137255       0.98202611523974137        0.0000000000000000     
  0.39215686274509803        1.0122055896056910        0.0000000000000000     
  0.39411764705882352        1.0108324034515941        0.0000000000000000     
  0.39607843137254906       0.99070054598006130        0.0000000000000000     
  0.39803921568627454        1.0021450433672556        0.0000000000000000     
  0.40000000000000002       0.89314011432631302        0.0000000000000000     
  0.40196078431372551        1.0012052250677836        0.0000000000000000     
  0.40392156862745099       0.99362634559991170        0.0000000000000000     
  0.40588235294117647        1.0091056691108133        0.0000000000000000     
  0.40784313725490196        1.0113270871369493        0.0000000000000000     
  0.40980392156862749       0.98552095798668227        0.0000000000000000     
  0.41176470588235298        1.0211131167490881        0.0000000000000000     
  0.41372549019607846        1.0035484178604932        0.0000000000000000     
  0.41568627450980394       0.98737605607516132        0.0000000000000000     
  0.41764705882352943        1.0204891125215865        0.0000000000000000     
  0.41960784313725491        1.0049410341474365        0.0000000000000000     
  0.42156862745098039       0.98675169138527719        0.0000000000000000     
  0.42352941176470588        1.0223567232984971        0.0000000000000000     
  0.42549019607843142       0.99723925156702897        0.0000000000000000     
  0.42745098039215690       0.99838211323483939        0.0000000000000000     
  0.42941176470588238        1.0151372546535335        0.0000000000000000     
  0.43137254901960786        1.0056123425852050        0.0000000000000000     
  0.43333333333333335        1.0963338770485012        0.0000000000000000     
  0.43529411764705883        1.0063945251800195        0.0000000000000000     
  0.43725490196078431        1.0127021993456640        0.0000000000000000     
  0.43921568627450980       0.99981922245902188        0.0000000000000000     
  0.44117647058823528       0.99797040283418004        0.0000000000000000     
  0.44313725490196082        1.0194480704559139        0.0000000000000000     
  0.44509803921568630       0.98982578377402630        0.0000000000000000     
  0.44705882352941179        1.0044443560677832        0.0000000000000000     
  0.44901960784313727        1.0179041279328798        0.0000000000000000     
  0.45098039215686275       0.99034512378487682        0.0000000000000000     
  0.45294117647058824        1.0032853232829195        0.0000000000000000     
  0.45490196078431372        1.0184237679457591        0.0000000000000000     
  0.45686274509803920       0.98879076732638782        0.0000000000000000     
  0.45882352941176474        1.0096952860244706        0.0000000000000000     
  0.46078431372549022        1.0087441165214435        0.0000000000000000     
  0.46274509803921571       0.99479931463928806        0.0000000000000000     
  0.46470588235294119        1.0027266133960424        0.0000000000000000     
  0.46666666666666667       0.92722180010178390        0.0000000000000000     
  0.46862745098039216        1.0020756262722819        0.0000000000000000     
  0.47058823529411764       0.99682593816885534        0.0000000000000000     
  0.47254901960784312        1.0075480535988168        0.0000000000000000     
  0.47450980392156861        1.0090867707447997        0.0000000000000000     
  0.47647058823529415       0.99121155188560195        0.0000000000000000     
  0.47843137254901963        1.0158652930121632        0.0000000000000000     
  0.48039215686274511        1.0036986935581624        0.0000000000000000     
  0.48235294117647060       0.99249652895999241        0.0000000000000000     
  0.48431372549019608        1.0154330618909946        0.0000000000000000     
  0.48627450980392156        1.0046633217970991        0.0000000000000000     
  0.48823529411764705       0.99206404815612370        0.0000000000000000     
  0.49019607843137253        1.0167267061716487        0.0000000000000000     
  0.49215686274509807       0.99932850197855561        0.0000000000000000     
  0.49411764705882355        1.0001201318397770        0.0000000000000000     
  0.49607843137254903        1.0117259723799059        0.0000000000000000     
  0.49803921568627452        1.0051283192857665        0.0000000000000000     
  0.50000000000000000        1.0679687117495282        0.0000000000000000     
  0.50196078431372548        1.0056701163522217        0.0000000000000000     
  0.50392156862745097        1.0100392743746018        0.0000000000000000     
  0.50588235294117645        1.0011155791522071        0.0000000000000000     
  0.50784313725490193       0.99983495100248354        0.0000000000000000     
  0.50980392156862742        1.0147119597583514        0.0000000000000000     
  0.51176470588235290       0.99419339014004982        0.0000000000000000     
  0.51372549019607838        1.0043192861098917        0.0000000000000000     
  0.51568627450980387        1.0136425118630648        0.0000000000000000     
  0.51764705882352946       0.99455312314387401        0.0000000000000000     
  0.51960784313725494        1.0035164549462645        0.0000000000000000     
  0.52156862745098043        1.0140024526703086        0.0000000000000000     
  0.52352941176470591       0.99347646179265281        0.0000000000000000     
  0.52549019607843139        1.0079564655428690        0.0000000000000000     
  0.52745098039215688        1.0072976157425049        0.0000000000000000     
  0.52941176470588236       0.99763842260508295        0.0000000000000000     
  0.53137254901960784        1.0031294514771036        0.0000000000000000     
  0.53333333333333333       0.95082927678995721        0.0000000000000000     
  0.53529411764705881        1.0026785300218173        0.0000000000000000     
  0.53725490196078429       0.99904221078754418        0.0000000000000000     
  0.53921568627450978        1.0064691347879675        0.0000000000000000     
  0.54117647058823526        1.0075349632036397        0.0000000000000000     
  0.54313725490196074       0.99515327483016613        0.0000000000000000     
  0.54509803921568623        1.0122302651749466        0.0000000000000000     
  0.54705882352941171        1.0038027855345066        0.0000000000000000     
  0.54901960784313719       0.99604334425127317        0.0000000000000000     
  0.55098039215686279        1.0119308701806942        0.0000000000000000     
  0.55294117647058827        1.0044709578430446        0.0000000000000000     
  0.55490196078431375       0.99574377630845845        0.0000000000000000     
  0.55686274509803924        1.0128269431449106        0.0000000000000000     
  0.55882352941176472        1.0007756701354009        0.0000000000000000     
  0.56078431372549020        1.0013240110718662        0.0000000000000000     
  0.56274509803921569        1.0093630679366825        0.0000000000000000     
  0.56470588235294117        1.0047930492280206        0.0000000000000000     
  0.56666666666666665        1.0483209166561982        0.0000000000000000     
  0.56862745098039214        1.0051683376365901        0.0000000000000000     
  0.57058823529411762        1.0081947371181141        0.0000000000000000     
  0.57254901960784310        1.0020135309323945        0.0000000000000000     
  0.57450980392156858        1.0011264738956631        0.0000000000000000     
  0.57647058823529407        1.0114313819247922        0.0000000000000000     
  0.57843137254901955       0.99721871483050883        0.0000000000000000     
  0.58039215686274503        1.0042326534786667        0.0000000000000000     
  0.58235294117647052        1.0106906038299672        0.0000000000000000     
  0.58431372549019611       0.99746789230833999        0.0000000000000000     
  0.58627450980392160        1.0036765536981354        0.0000000000000000     
  0.58823529411764708        1.0109399252476958        0.0000000000000000     
  0.59019607843137256       0.99672211764456708        0.0000000000000000     
  0.59215686274509804        1.0067520308721558        0.0000000000000000     
  0.59411764705882353        1.0062956631500428        0.0000000000000000     
  0.59607843137254901       0.99960499713309503        0.0000000000000000     
  0.59803921568627449        1.0034084866947399        0.0000000000000000     
  0.59999999999999998       0.96718154760350250        0.0000000000000000     
  0.60196078431372546        1.0030961454034670        0.0000000000000000     
  0.60392156862745094        1.0005773638467290        0.0000000000000000     
  0.60588235294117643        1.0057217964419907        0.0000000000000000     
  0.60784313725490191        1.0064600674196162        0.0000000000000000     
  0.60980392156862739       0.99788360140902388        0.0000000000000000     
  0.61176470588235288        1.0097123781345787        0.0000000000000000     
  0.61372549019607836        1.0038748872762213        0.0000000000000000     
  0.61568627450980384       0.99850012880875660        0.0000000000000000     
  0.61764705882352944        1.0095049951901458        0.0000000000000000     
  0.61960784313725492        1.0043377124516371        0.0000000000000000     
  0.62156862745098040       0.99829262606745628        0.0000000000000000     
  0.62352941176470589        1.0101256810844115        0.0000000000000000     
  0.62549019607843137        1.0017780850027778        0.0000000000000000     
  0.62745098039215685        1.0021579061759451        0.0000000000000000     
  0.62941176470588234        1.0077263469150961        0.0000000000000000     
  0.63137254901960782        1.0045608165818822        0.0000000000000000     
  0.63333333333333330        1.0347114119006076        0.0000000000000000     
  0.63529411764705879        1.0048207688745894        0.0000000000000000     
  0.63725490196078427        1.0069170752509795        0.0000000000000000     
  0.63921568627450975        1.0026355182324820        0.0000000000000000     
  0.64117647058823524        1.0020210774312357        0.0000000000000000     
  0.64313725490196083        1.0091590129686412        0.0000000000000000     
  0.64509803921568631       0.99931427672773143        0.0000000000000000     
  0.64705882352941180        1.0041726453606545        0.0000000000000000     
  0.64901960784313728        1.0086458956973920        0.0000000000000000     
  0.65098039215686276       0.99948687533502700        0.0000000000000000     
  0.65294117647058825        1.0037874498426957        0.0000000000000000     
  0.65490196078431373        1.0088185940080232        0.0000000000000000     
  0.65686274509803921       0.99897029707344531        0.0000000000000000     
  0.65882352941176481        1.0059177510305246        0.0000000000000000     
  0.66078431372549029        1.0056016372551673        0.0000000000000000     
  0.66274509803921577        1.0009671909703206        0.0000000000000000     
  0.66470588235294126        1.0036017669637658        0.0000000000000000     
  0.66666666666666674       0.97850833039742569        0.0000000000000000     
  0.66862745098039222        1.0033854164639386        0.0000000000000000     
  0.67058823529411771        1.0016407235143301        0.0000000000000000     
  0.67254901960784319        1.0052041350593630        0.0000000000000000     
  0.67450980392156867        1.0057155157172528        0.0000000000000000     
  0.67647058823529416       0.99977482596540657        0.0000000000000000     
  0.67843137254901964        1.0079683047926513        0.0000000000000000     
  0.68039215686274512        1.0039248302337942        0.0000000000000000     
  0.68235294117647061        1.0002018780869684        0.0000000000000000     
  0.68431372549019609        1.0078246561463238        0.0000000000000000     
  0.68627450980392157        1.0042454169151955        0.0000000000000000     
  0.68823529411764706        1.0000581464605380        0.0000000000000000     
  0.69019607843137254        1.0082545887463739        0.0000000000000000     
  0.69215686274509802        1.0024724311031843        0.0000000000000000     
  0.69411764705882351        1.0027355231212924        0.0000000000000000     
  0.69607843137254899        1.0065926338230642        0.0000000000000000     
  0.69803921568627447        1.0043999552085321        0.0000000000000000     
  0.69999999999999996        1.0252844701591735        0.0000000000000000     
  0.70196078431372544        1.0045800172433312        0.0000000000000000     
  0.70392156862745092        1.0060320728792520        0.0000000000000000     
  0.70588235294117641        1.0030663522817094        0.0000000000000000     
  0.70784313725490189        1.0026407454913870        0.0000000000000000     
  0.70980392156862748        1.0075850034694431        0.0000000000000000     
  0.71176470588235297        1.0007658166827449        0.0000000000000000     
  0.71372549019607845        1.0041310793343607        0.0000000000000000     
  0.71568627450980393        1.0072295807917298        0.0000000000000000     
  0.71764705882352942        1.0008853711444869        0.0000000000000000     
  0.71960784313725490        1.0038642646506475        0.0000000000000000     
  0.72156862745098038        1.0073492043153185        0.0000000000000000     
  0.72352941176470587        1.0005275511308802        0.0000000000000000     
  0.72549019607843146        1.0053398675877139        0.0000000000000000     
  0.72745098039215694        1.0051209039885618        0.0000000000000000     
  0.72941176470588243        1.0019107463879999        0.0000000000000000     
  0.73137254901960791        1.0037356470621674        0.0000000000000000     
  0.73333333333333339       0.98635409138827368        0.0000000000000000     
  0.73529411764705888        1.0035857868288796        0.0000000000000000     
  0.73725490196078436        1.0023772844558694        0.0000000000000000     
  0.73921568627450984        1.0048455647966339        0.0000000000000000     
  0.74117647058823533        1.0051997845684921        0.0000000000000000     
  0.74313725490196081        1.0010848268826453        0.0000000000000000     
  0.74509803921568629        1.0067602316053903        0.0000000000000000     
  0.74705882352941178        1.0039594243913255        0.0000000000000000     
  0.74901960784313726        1.0013806345217051        0.0000000000000000     
  0.75098039215686285        1.0066607300111385        0.0000000000000000     
  0.75294117647058834        1.0041814862534524        0.0000000000000000     
  0.75490196078431382        1.0012810754493433        0.0000000000000000     
  0.75686274509803930        1.0069585328809851        0.0000000000000000     
  0.75882352941176479        1.0029533861676387        0.0000000000000000     
  0.76078431372549027        1.0031356230066626        0.0000000000000000     
  0.76274509803921575        1.0058073409368051        0.0000000000000000     
  0.76470588235294124        1.0042885308163694        0.0000000000000000     
  0.76666666666666672        1.0187546785030996        0.0000000000000000     
  0.76862745098039220        1.0044132549957119        0.0000000000000000     
  0.77058823529411768        1.0054190552897708        0.0000000000000000     
  0.77254901960784317        1.0033647795614105        0.0000000000000000     
  0.77450980392156865        1.0030699730648351        0.0000000000000000     
  0.77647058823529413        1.0064947289799688        0.0000000000000000     
  0.77843137254901962        1.0017712597783615        0.0000000000000000     
  0.78039215686274510        1.0041022876541834        0.0000000000000000     
  0.78235294117647058        1.0062485371503209        0.0000000000000000     
  0.78431372549019618        1.0018540719721936        0.0000000000000000     
  0.78627450980392166        1.0039174722237694        0.0000000000000000     
  0.78823529411764715        1.0063313971814547        0.0000000000000000     
  0.79019607843137263        1.0016062195717739        0.0000000000000000     
  0.79215686274509811        1.0049395831066434        0.0000000000000000     
  0.79411764705882359        1.0047879128489978        0.0000000000000000     
  0.79607843137254908        1.0025643221140834        0.0000000000000000     
  0.79803921568627456        1.0038283822432508        0.0000000000000000     
  0.80000000000000004       0.99178864121989496        0.0000000000000000     
  0.80196078431372553       0.99396937954549069        0.0000000000000000     
  0.80392156862745101       0.98332494347428467        0.0000000000000000     
  0.80588235294117649       0.97523771313372487        0.0000000000000000     
  0.80784313725490198       0.96568015173947275        0.0000000000000000     
  0.80980392156862746       0.95301427334750588        0.0000000000000000     
  0.81176470588235294       0.94715760093950441        0.0000000000000000     
  0.81372549019607843       0.93540571539916528        0.0000000000000000     
  0.81568627450980391       0.92380824312436582        0.0000000000000000     
  0.81764705882352950       0.91767663278407519        0.0000000000000000     
  0.81960784313725499       0.90614839492091226        0.0000000000000000     
  0.82156862745098047       0.89432723499285838        0.0000000000000000     
  0.82352941176470595       0.88847199024576673        0.0000000000000000     
  0.82549019607843144       0.87588248548532199        0.0000000000000000     
  0.82745098039215692       0.86620530980443489        0.0000000000000000     
  0.82941176470588240       0.85825957049282320        0.0000000000000000     
  0.83137254901960789       0.84739931510028010        0.0000000000000000     
  0.83333333333333337       0.84765661244086332        0.0000000000000000     
  0.83529411764705885       0.82787821774350578        0.0000000000000000     
  0.83725490196078434       0.81877383119668490        0.0000000000000000     
  0.83921568627450982       0.80754115898548762        0.0000000000000000     
  0.84117647058823530       0.79753219922962892        0.0000000000000000     
  0.84313725490196079       0.79011019852334718        0.0000000000000000     
  0.84509803921568627       0.77702109981720746        0.0000000000000000     
  0.84705882352941175       0.76883841026210675        0.0000000000000000     
  0.84901960784313724       0.76052720717541811        0.0000000000000000     
  0.85098039215686283       0.74766693106766036        0.0000000000000000     
  0.85294117647058831       0.73929810625582071        0.0000000000000000     
  0.85490196078431380       0.73117307169675783        0.0000000000000000     
  0.85686274509803928       0.71808278479124510        0.0000000000000000     
  0.85882352941176476       0.71059722060113983        0.0000000000000000     
  0.86078431372549025       0.70068781222999676        0.0000000000000000     
  0.86274509803921573       0.68933738127732658        0.0000000000000000     
  0.86470588235294121       0.68041261468135505        0.0000000000000000     
  0.86666666666666670       0.66223504225076624        0.0000000000000000     
  0.86862745098039218       0.66073257563165244        0.0000000000000000     
  0.87058823529411766       0.65034645203650499        0.0000000000000000     
  0.87254901960784315       0.64173163679361489        0.0000000000000000     
  0.87450980392156863       0.63209836236115835        0.0000000000000000     
  0.87647058823529411       0.62031203946899716        0.0000000000000000     
  0.87843137254901960       0.61324227234201889        0.0000000000000000     
  0.88039215686274508       0.60208904797321439        0.0000000000000000     
  0.88235294117647056       0.59104278156390178        0.0000000000000000     
  0.88431372549019616       0.58378257224841312        0.0000000000000000     
  0.88627450980392164       0.57278426267343929        0.0000000000000000     
  0.88823529411764712       0.56158305377993045        0.0000000000000000     
  0.89019607843137261       0.55451427555566879        0.0000000000000000     
  0.89215686274509809       0.54278085464545833        0.0000000000000000     
  0.89411764705882357       0.53306472658005921        0.0000000000000000     
  0.89607843137254906       0.52454791840728521        0.0000000000000000     
  0.89803921568627454       0.51401230251205388        0.0000000000000000     
  0.90000000000000002       0.51117751951300017        0.0000000000000000     
  0.90196078431372551       0.49446454586828953        0.0000000000000000     
  0.90392156862745099       0.48514517359187254        0.0000000000000000     
  0.90588235294117647       0.47435159447784436        0.0000000000000000     
  0.90784313725490196       0.46440564841379911        0.0000000000000000     
  0.90980392156862744       0.45625162003418085        0.0000000000000000     
  0.91176470588235292       0.44417214369395935        0.0000000000000000     
  0.91372549019607840       0.43549120639370387        0.0000000000000000     
  0.91568627450980389       0.42672125119037108        0.0000000000000000     
  0.91764705882352948       0.41480027417417403        0.0000000000000000     
  0.91960784313725497       0.40599040593537122        0.0000000000000000     
  0.92156862745098045       0.39734940471644381        0.0000000000000000     
  0.92352941176470593       0.38526910534213926        0.0000000000000000     
  0.92549019607843142       0.37707104822895210        0.0000000000000000     
  0.92745098039215690       0.36719405875964334        0.0000000000000000     
  0.92941176470588238       0.35631891129942228        0.0000000000000000     
  0.93137254901960786       0.34712395698256243        0.0000000000000000     
  0.93333333333333335       0.33151983031783705        0.0000000000000000     
  0.93529411764705883       0.32746610565817363        0.0000000000000000     
  0.93725490196078431       0.31725890824047415        0.0000000000000000     
  0.93921568627450980       0.30827864897686180        0.0000000000000000     
  0.94117647058823528       0.29859293013786425        0.0000000000000000     
  0.94313725490196076       0.28741585193196717        0.0000000000000000     
  0.94509803921568625       0.27950580637840355        0.0000000000000000     
  0.94705882352941173       0.26876725867037882        0.0000000000000000     
  0.94901960784313721       0.25810279789432000        0.0000000000000000     
  0.95098039215686281       0.25006083810519536        0.0000000000000000     
  0.95294117647058829       0.23942959575196188        0.0000000000000000     
  0.95490196078431377       0.22865781044073302        0.0000000000000000     
  0.95686274509803926       0.22074844987376241        0.0000000000000000     
  0.95882352941176474       0.20960801546283117        0.0000000000000000     
  0.96078431372549022       0.19986490611735777        0.0000000000000000     
  0.96274509803921571       0.19095253374285817        0.0000000000000000     
  0.96470588235294119       0.18064178698747405        0.0000000000000000     
  0.96666666666666667       0.17566520222964865        0.0000000000000000     
  0.96862745098039216       0.16107556416512070        0.0000000000000000     
  0.97058823529411764       0.15160727699543261        0.0000000000000000     
  0.97254901960784312       0.14111784598380933        0.0000000000000000     
  0.97450980392156861       0.13121554782703942        0.0000000000000000     
  0.97647058823529409       0.12255446336025358        0.0000000000000000     
  0.97843137254901957       0.11117432556285826        0.0000000000000000     
  0.98039215686274506       0.10214826530987742        0.0000000000000000     
  0.98235294117647054        9.3060544724553926E-002   0.0000000000000000     
  0.98431372549019613        8.1790195190616352E-002   0.0000000000000000     
  0.98627450980392162        7.2674827907866529E-002   0.0000000000000000     
  0.98823529411764710        6.3676430315565205E-002   0.0000000000000000     
  0.99019607843137258        5.2295722424364623E-002   0.0000000000000000     
  0.99215686274509807        4.3604140425613815E-002   0.0000000000000000     
  0.99411764705882355        3.3749606666810622E-002   0.0000000000000000     
  0.99607843137254903        2.3203675432635008E-002   0.0000000000000000     
  0.99803921568627452        1.3821569272280339E-002   0.0000000000000000     
   1.0000000000000000        9.5609242061180188E-019   0.0000000000000000     
