X My_beautiful_solution_real My_beautiful_solution_imag
   0.0000000000000000        1.8989503257303180E-016   0.0000000000000000     
   2.2222222222222218E-003  0.86605931337137010        0.0000000000000000     
   4.4444444444444436E-003   1.0630723447075408        0.0000000000000000     
   6.6666666666666671E-003  0.89867271487743872        0.0000000000000000     
   8.8888888888888889E-003   1.2067219457439142        0.0000000000000000     
   1.1111111111111110E-002  0.84753809372273103        0.0000000000000000     
   1.3333333333333334E-002   1.0152655952015206        0.0000000000000000     
   1.5555555555555555E-002   1.1787964273481784        0.0000000000000000     
   1.7777777777777778E-002  0.84993305493807747        0.0000000000000000     
   2.0000000000000000E-002   1.0079699130751452        0.0000000000000000     
   2.2222222222222220E-002   1.1813812288906858        0.0000000000000000     
   2.4444444444444442E-002  0.82160914854076594        0.0000000000000000     
   2.6666666666666668E-002   1.1239423704397180        0.0000000000000000     
   2.8888888888888891E-002  0.97008707101870217        0.0000000000000000     
   3.1111111111111110E-002   1.1519769764637615        0.0000000000000000     
   3.3333333333333333E-002   1.8909852971532060        0.0000000000000000     
   3.5555555555555556E-002   1.1410743905606320        0.0000000000000000     
   3.7777777777777778E-002  0.97048304807539787        0.0000000000000000     
   4.0000000000000001E-002   1.1128348172278557        0.0000000000000000     
   4.2222222222222223E-002  0.84609849278956950        0.0000000000000000     
   4.4444444444444439E-002   1.1571117039449101        0.0000000000000000     
   4.6666666666666669E-002   1.0118783685918953        0.0000000000000000     
   4.8888888888888885E-002  0.87027888146952481        0.0000000000000000     
   5.1111111111111107E-002   1.1550379342751838        0.0000000000000000     
   5.3333333333333330E-002   1.0181956167446844        0.0000000000000000     
   5.5555555555555552E-002  0.86804073122025438        0.0000000000000000     
   5.7777777777777775E-002   1.1795632825933793        0.0000000000000000     
   5.9999999999999998E-002  0.91777638529102623        0.0000000000000000     
   6.2222222222222220E-002   1.0509979387014341        0.0000000000000000     
   6.4444444444444443E-002  0.89350153887477268        0.0000000000000000     
   6.6666666666666666E-002  0.25360264143054057        0.0000000000000000     
   6.8888888888888888E-002  0.90294196397337256        0.0000000000000000     
   7.1111111111111111E-002   1.0506550666729315        0.0000000000000000     
   7.3333333333333334E-002  0.92739428925041434        0.0000000000000000     
   7.5555555555555556E-002   1.1583582380150843        0.0000000000000000     
   7.7777777777777779E-002  0.88905543676486487        0.0000000000000000     
   8.0000000000000002E-002   1.0148113295778707        0.0000000000000000     
   8.2222222222222224E-002   1.1374207145489887        0.0000000000000000     
   8.4444444444444447E-002  0.89085109032932508        0.0000000000000000     
   8.6666666666666670E-002   1.0093412962715063        0.0000000000000000     
   8.8888888888888892E-002   1.1393587033871733        0.0000000000000000     
   9.1111111111111115E-002  0.86961487023696105        0.0000000000000000     
   9.3333333333333338E-002   1.0962931663525399        0.0000000000000000     
   9.5555555555555560E-002  0.98093813886976977        0.0000000000000000     
   9.7777777777777783E-002   1.1173124796978828        0.0000000000000000     
  0.10000000000000001        1.6713936550875719        0.0000000000000000     
  0.10222222222222223        1.1091381230054496        0.0000000000000000     
  0.10444444444444445       0.98123502785851202        0.0000000000000000     
  0.10666666666666667        1.0879651327336606        0.0000000000000000     
  0.10888888888888890       0.88797607709487902        0.0000000000000000     
  0.11111111111111112        1.1211623089331013        0.0000000000000000     
  0.11333333333333334        1.0122717120273921        0.0000000000000000     
  0.11555555555555555       0.90610564046524678        0.0000000000000000     
  0.11777777777777779        1.1196074729401619        0.0000000000000000     
  0.12000000000000000        1.0170081516367051        0.0000000000000000     
  0.12222222222222222       0.90442755797808727        0.0000000000000000     
  0.12444444444444444        1.1379956743210462        0.0000000000000000     
  0.12666666666666668       0.94171751655473424        0.0000000000000000     
  0.12888888888888889        1.0416021224980234        0.0000000000000000     
  0.13111111111111112       0.92351713225842469        0.0000000000000000     
  0.13333333333333333       0.44374454607737263        0.0000000000000000     
  0.13555555555555554       0.93059521472158679        0.0000000000000000     
  0.13777777777777778        1.0413450497002745        0.0000000000000000     
  0.13999999999999999       0.94892866612017546        0.0000000000000000     
  0.14222222222222222        1.1220969141918478        0.0000000000000000     
  0.14444444444444443       0.92018360892180917        0.0000000000000000     
  0.14666666666666667        1.0144707379720057        0.0000000000000000     
  0.14888888888888888        1.1063987315231862        0.0000000000000000     
  0.15111111111111111       0.92152992371926790        0.0000000000000000     
  0.15333333333333332        1.0103695087991278        0.0000000000000000     
  0.15555555555555556        1.1078517640578560        0.0000000000000000     
  0.15777777777777777       0.90560778933973340        0.0000000000000000     
  0.16000000000000000        1.0755628131612311        0.0000000000000000     
  0.16222222222222221       0.98907386922736573        0.0000000000000000     
  0.16444444444444445        1.0913223188639638        0.0000000000000000     
  0.16666666666666666        1.5067519430322494        0.0000000000000000     
  0.16888888888888889        1.0851934877839942        0.0000000000000000     
  0.17111111111111110       0.98929646563830897        0.0000000000000000     
  0.17333333333333334        1.0693187607912562        0.0000000000000000     
  0.17555555555555555       0.91937434486093905        0.0000000000000000     
  0.17777777777777778        1.0942087787968000        0.0000000000000000     
  0.17999999999999999        1.0125666264241184        0.0000000000000000     
  0.18222222222222223       0.93296722264096910        0.0000000000000000     
  0.18444444444444444        1.0930430201302368        0.0000000000000000     
  0.18666666666666668        1.0161178341066552        0.0000000000000000     
  0.18888888888888888       0.93170905829984352        0.0000000000000000     
  0.19111111111111112        1.1068298151488896        0.0000000000000000     
  0.19333333333333336       0.95966769354106596        0.0000000000000000     
  0.19555555555555557        1.0345574861387545        0.0000000000000000     
  0.19777777777777777       0.94602171684348768        0.0000000000000000     
  0.20000000000000001       0.58630593147457888        0.0000000000000000     
  0.20222222222222222       0.95132860195005575        0.0000000000000000     
  0.20444444444444446        1.0343647424389211        0.0000000000000000     
  0.20666666666666667       0.96507434745181597        0.0000000000000000     
  0.20888888888888890        1.0949095113403866        0.0000000000000000     
  0.21111111111111111       0.94352236402589607        0.0000000000000000     
  0.21333333333333335        1.0142153749510188        0.0000000000000000     
  0.21555555555555556        1.0831395931121048        0.0000000000000000     
  0.21777777777777779       0.94453178119284298        0.0000000000000000     
  0.22000000000000000        1.0111404246195654        0.0000000000000000     
  0.22222222222222224        1.0842290233013865        0.0000000000000000     
  0.22444444444444445       0.93259395223376418        0.0000000000000000     
  0.22666666666666668        1.0600199591216859        0.0000000000000000     
  0.22888888888888889       0.99517373970648171        0.0000000000000000     
  0.23111111111111110        1.0718358550985880        0.0000000000000000     
  0.23333333333333334        1.3833096612881084        0.0000000000000000     
  0.23555555555555557        1.0672406836593979        0.0000000000000000     
  0.23777777777777778       0.99534063428338682        0.0000000000000000     
  0.24000000000000002        1.0553383990099896        0.0000000000000000     
  0.24222222222222223       0.94291560768839244        0.0000000000000000     
  0.24444444444444446        1.0740000162690710        0.0000000000000000     
  0.24666666666666670        1.0127877423588147        0.0000000000000000     
  0.24888888888888891       0.95310704597999563        0.0000000000000000     
  0.25111111111111112        1.0731259734280005        0.0000000000000000     
  0.25333333333333335        1.0154503068681793        0.0000000000000000     
  0.25555555555555559       0.95216372077316414        0.0000000000000000     
  0.25777777777777783        1.0834628037111365        0.0000000000000000     
  0.26000000000000006       0.97312607402826168        0.0000000000000000     
  0.26222222222222225        1.0292756776869927        0.0000000000000000     
  0.26444444444444448       0.96289482412720540        0.0000000000000000     
  0.26666666666666672       0.69319319887695685        0.0000000000000000     
  0.26888888888888896       0.96687373079873296        0.0000000000000000     
  0.27111111111111114        1.0291311655715509        0.0000000000000000     
  0.27333333333333337       0.97717978366849834        0.0000000000000000     
  0.27555555555555561        1.0745253996788589        0.0000000000000000     
  0.27777777777777785       0.96102090159059217        0.0000000000000000     
  0.28000000000000003        1.0140239131787248        0.0000000000000000     
  0.28222222222222226        1.0657007492066102        0.0000000000000000     
  0.28444444444444450       0.96177772534299399        0.0000000000000000     
  0.28666666666666674        1.0117184288611363        0.0000000000000000     
  0.28888888888888892        1.0665175637713213        0.0000000000000000     
  0.29111111111111115       0.95282718159934943        0.0000000000000000     
  0.29333333333333339        1.0483665005691369        0.0000000000000000     
  0.29555555555555563       0.99974719755556030        0.0000000000000000     
  0.29777777777777781        1.0572256234610928        0.0000000000000000     
  0.30000000000000004        1.2907571924636609        0.0000000000000000     
  0.30222222222222228        1.0537803334408546        0.0000000000000000     
  0.30444444444444446       0.99987232895225864        0.0000000000000000     
  0.30666666666666670        1.0448564395093034        0.0000000000000000     
  0.30888888888888894       0.96056597807316124        0.0000000000000000     
  0.31111111111111117        1.0588482316665773        0.0000000000000000     
  0.31333333333333335        1.0129535269292500        0.0000000000000000     
  0.31555555555555559       0.96820714252210160        0.0000000000000000     
  0.31777777777777783        1.0581929065894946        0.0000000000000000     
  0.32000000000000006        1.0149498195711566        0.0000000000000000     
  0.32222222222222224       0.96749987208313259        0.0000000000000000     
  0.32444444444444448        1.0659430805898906        0.0000000000000000     
  0.32666666666666672       0.98321667121156953        0.0000000000000000     
  0.32888888888888895        1.0253155725661163        0.0000000000000000     
  0.33111111111111113       0.97554565748658784        0.0000000000000000     
  0.33333333333333337       0.77333332869473870        0.0000000000000000     
  0.33555555555555561       0.97852889491924533        0.0000000000000000     
  0.33777777777777779        1.0252072227132925        0.0000000000000000     
  0.34000000000000002       0.98625599315053658        0.0000000000000000     
  0.34222222222222226        1.0592421447648130        0.0000000000000000     
  0.34444444444444444       0.97414065950130424        0.0000000000000000     
  0.34666666666666668        1.0138803622052583        0.0000000000000000     
  0.34888888888888892        1.0526257473993492        0.0000000000000000     
  0.35111111111111110       0.97470809803014680        0.0000000000000000     
  0.35333333333333333        1.0121517951177592        0.0000000000000000     
  0.35555555555555557        1.0532381648260816        0.0000000000000000     
  0.35777777777777775       0.96799731053423776        0.0000000000000000     
  0.35999999999999999        1.0396291672653291        0.0000000000000000     
  0.36222222222222222        1.0031762075269892        0.0000000000000000     
  0.36444444444444440        1.0462714107793365        0.0000000000000000     
  0.36666666666666664        1.2213647657808393        0.0000000000000000     
  0.36888888888888888        1.0436882594256529        0.0000000000000000     
  0.37111111111111111        1.0032700264318919        0.0000000000000000     
  0.37333333333333329        1.0369974529756871        0.0000000000000000     
  0.37555555555555553       0.97379957463095457        0.0000000000000000     
  0.37777777777777777        1.0474879825506163        0.0000000000000000     
  0.38000000000000000        1.0130778260840456        0.0000000000000000     
  0.38222222222222224       0.97952863783725896        0.0000000000000000     
  0.38444444444444442        1.0469966439840439        0.0000000000000000     
  0.38666666666666666        1.0145745726598043        0.0000000000000000     
  0.38888888888888890       0.97899835255471013        0.0000000000000000     
  0.39111111111111113        1.0528074385304536        0.0000000000000000     
  0.39333333333333337       0.99078222871773236        0.0000000000000000     
  0.39555555555555555        1.0223464318425100        0.0000000000000000     
  0.39777777777777779       0.98503078562545232        0.0000000000000000     
  0.40000000000000002       0.83341944150587910        0.0000000000000000     
  0.40222222222222226       0.98726750699499044        0.0000000000000000     
  0.40444444444444444        1.0222651951201003        0.0000000000000000     
  0.40666666666666668       0.99306100018103538        0.0000000000000000     
  0.40888888888888891        1.0477833240594487        0.0000000000000000     
  0.41111111111111115       0.98397736996921137        0.0000000000000000     
  0.41333333333333333        1.0137727329812289        0.0000000000000000     
  0.41555555555555557        1.0428225934066708        0.0000000000000000     
  0.41777777777777780       0.98440281444421940        0.0000000000000000     
  0.42000000000000004        1.0124767171492448        0.0000000000000000     
  0.42222222222222222        1.0432817613999572        0.0000000000000000     
  0.42444444444444446       0.97937131355387119        0.0000000000000000     
  0.42666666666666669        1.0330782370914591        0.0000000000000000     
  0.42888888888888893        1.0057471527006780        0.0000000000000000     
  0.43111111111111111        1.0380583462328994        0.0000000000000000     
  0.43333333333333335        1.1693368842764886        0.0000000000000000     
  0.43555555555555558        1.0361215946454165        0.0000000000000000     
  0.43777777777777777        1.0058174946544105        0.0000000000000000     
  0.44000000000000000        1.0311050748061765        0.0000000000000000     
  0.44222222222222224       0.98372163711671146        0.0000000000000000     
  0.44444444444444448        1.0389704868652905        0.0000000000000000     
  0.44666666666666666        1.0131710210046720        0.0000000000000000     
  0.44888888888888889       0.98801707735244471        0.0000000000000000     
  0.45111111111111113        1.0386020993345162        0.0000000000000000     
  0.45333333333333337        1.0142932263692657        0.0000000000000000     
  0.45555555555555555       0.98761948901085139        0.0000000000000000     
  0.45777777777777778        1.0429588187138317        0.0000000000000000     
  0.46000000000000002       0.99645460462763280        0.0000000000000000     
  0.46222222222222226        1.0201202796653630        0.0000000000000000     
  0.46444444444444444       0.99214238477903183        0.0000000000000000     
  0.46666666666666667       0.87846979219737809        0.0000000000000000     
  0.46888888888888891       0.99381939594488311        0.0000000000000000     
  0.47111111111111109        1.0200593713678812        0.0000000000000000     
  0.47333333333333333       0.99816314340247714        0.0000000000000000     
  0.47555555555555556        1.0391919230328870        0.0000000000000000     
  0.47777777777777780       0.99135257258254761        0.0000000000000000     
  0.47999999999999998        1.0136920365597046        0.0000000000000000     
  0.48222222222222222        1.0354725502004967        0.0000000000000000     
  0.48444444444444446       0.99167155515442917        0.0000000000000000     
  0.48666666666666669        1.0127203317014433        0.0000000000000000     
  0.48888888888888887        1.0358168174222566        0.0000000000000000     
  0.49111111111111111       0.98789912140876113        0.0000000000000000     
  0.49333333333333335        1.0281665913237259        0.0000000000000000     
  0.49555555555555558        1.0076747525447107        0.0000000000000000     
  0.49777777777777776        1.0319004934320053        0.0000000000000000     
  0.50000000000000000        1.1303282981348968        0.0000000000000000     
  0.50222222222222224        1.0304483885422608        0.0000000000000000     
  0.50444444444444447        1.0077274923465682        0.0000000000000000     
  0.50666666666666671        1.0266871870360337        0.0000000000000000     
  0.50888888888888884       0.99116083352423634        0.0000000000000000     
  0.51111111111111107        1.0325843828275121        0.0000000000000000     
  0.51333333333333331        1.0132408951180145        0.0000000000000000     
  0.51555555555555554       0.99438139614579080        0.0000000000000000     
  0.51777777777777778        1.0323081794474747        0.0000000000000000     
  0.52000000000000002        1.0140822833000345        0.0000000000000000     
  0.52222222222222225       0.99408329907507642        0.0000000000000000     
  0.52444444444444449        1.0355746869101790        0.0000000000000000     
  0.52666666666666662        1.0007075428198304        0.0000000000000000     
  0.52888888888888885        1.0184511928900468        0.0000000000000000     
  0.53111111111111109       0.99747439946358074        0.0000000000000000     
  0.53333333333333333       0.91224688315025571        0.0000000000000000     
  0.53555555555555556       0.99873176056751090        0.0000000000000000     
  0.53777777777777780        1.0184055260956211        0.0000000000000000     
  0.54000000000000004        1.0019885421618693        0.0000000000000000     
  0.54222222222222216        1.0327504074967619        0.0000000000000000     
  0.54444444444444440       0.99688222741637322        0.0000000000000000     
  0.54666666666666663        1.0136315333598942        0.0000000000000000     
  0.54888888888888887        1.0299617589619801        0.0000000000000000     
  0.55111111111111111       0.99712138878087908        0.0000000000000000     
  0.55333333333333334        1.0129029849052644        0.0000000000000000     
  0.55555555555555558        1.0302198778241645        0.0000000000000000     
  0.55777777777777782       0.99429295713084243        0.0000000000000000     
  0.55999999999999994        1.0244840205273009        0.0000000000000000     
  0.56222222222222218        1.0091199957948365        0.0000000000000000     
  0.56444444444444442        1.0272835625771319        0.0000000000000000     
  0.56666666666666665        1.1010810993490230        0.0000000000000000     
  0.56888888888888889        1.0261948279017981        0.0000000000000000     
  0.57111111111111112        1.0091595381525931        0.0000000000000000     
  0.57333333333333336        1.0233748177705129        0.0000000000000000     
  0.57555555555555549       0.99673846854407444        0.0000000000000000     
  0.57777777777777772        1.0277963176158693        0.0000000000000000     
  0.57999999999999996        1.0132932841504056        0.0000000000000000     
  0.58222222222222220       0.99915312758485819        0.0000000000000000     
  0.58444444444444443        1.0275892305112004        0.0000000000000000     
  0.58666666666666667        1.0139241259688274        0.0000000000000000     
  0.58888888888888891       0.99892962539862062        0.0000000000000000     
  0.59111111111111114        1.0300383372988828        0.0000000000000000     
  0.59333333333333327        1.0038962389771218        0.0000000000000000     
  0.59555555555555550        1.0171997732017934        0.0000000000000000     
  0.59777777777777774        1.0014721473655914        0.0000000000000000     
  0.59999999999999998       0.93757169984373179        0.0000000000000000     
  0.60222222222222221        1.0024148703348068        0.0000000000000000     
  0.60444444444444445        1.0171655339240708        0.0000000000000000     
  0.60666666666666669        1.0048566850252099        0.0000000000000000     
  0.60888888888888881        1.0279207967878978        0.0000000000000000     
  0.61111111111111105        1.0010281586109808        0.0000000000000000     
  0.61333333333333329        1.0135861702927580        0.0000000000000000     
  0.61555555555555552        1.0258299709952208        0.0000000000000000     
  0.61777777777777776        1.0012074729789568        0.0000000000000000     
  0.62000000000000000        1.0130399315390544        0.0000000000000000     
  0.62222222222222223        1.0260234989955759        0.0000000000000000     
  0.62444444444444447       0.99908681927413800        0.0000000000000000     
  0.62666666666666659        1.0217229648013890        0.0000000000000000     
  0.62888888888888883        1.0102035858659273        0.0000000000000000     
  0.63111111111111107        1.0238219581497676        0.0000000000000000     
  0.63333333333333330        1.0791526286857760        0.0000000000000000     
  0.63555555555555554        1.0230056650557549        0.0000000000000000     
  0.63777777777777778        1.0102332332669786        0.0000000000000000     
  0.64000000000000001        1.0208913254950096        0.0000000000000000     
  0.64222222222222225        1.0009203735120775        0.0000000000000000     
  0.64444444444444449        1.0242064029612761        0.0000000000000000     
  0.64666666666666672        1.0133325635141590        0.0000000000000000     
  0.64888888888888896        1.0027307957793601        0.0000000000000000     
  0.65111111111111108        1.0240511366900442        0.0000000000000000     
  0.65333333333333332        1.0138055454366222        0.0000000000000000     
  0.65555555555555556        1.0025632220855518        0.0000000000000000     
  0.65777777777777779        1.0258873866071065        0.0000000000000000     
  0.66000000000000003        1.0062870057186177        0.0000000000000000     
  0.66222222222222227        1.0162615048868631        0.0000000000000000     
  0.66444444444444450        1.0044695112577766        0.0000000000000000     
  0.66666666666666674       0.95655931311845055        0.0000000000000000     
  0.66888888888888898        1.0051763301611985        0.0000000000000000     
  0.67111111111111121        1.0162358335395807        0.0000000000000000     
  0.67333333333333334        1.0070071127327396        0.0000000000000000     
  0.67555555555555558        1.0242997328521828        0.0000000000000000     
  0.67777777777777781        1.0041366248691830        0.0000000000000000     
  0.68000000000000005        1.0135521587385519        0.0000000000000000     
  0.68222222222222229        1.0227321088074883        0.0000000000000000     
  0.68444444444444441        1.0042710681670333        0.0000000000000000     
  0.68666666666666665        1.0131426090728415        0.0000000000000000     
  0.68888888888888888        1.0228772089625282        0.0000000000000000     
  0.69111111111111112        1.0026810802542254        0.0000000000000000     
  0.69333333333333336        1.0196528270788499        0.0000000000000000     
  0.69555555555555548        1.0110160217254729        0.0000000000000000     
  0.69777777777777772        1.0212265748554921        0.0000000000000000     
  0.69999999999999996        1.0627114703666709        0.0000000000000000     
  0.70222222222222219        1.0206145484082507        0.0000000000000000     
  0.70444444444444443        1.0110382502530308        0.0000000000000000     
  0.70666666666666667        1.0190292946077280        0.0000000000000000     
  0.70888888888888890        1.0040558115784282        0.0000000000000000     
  0.71111111111111114        1.0215148173922388        0.0000000000000000     
  0.71333333333333337        1.0133620137320087        0.0000000000000000     
  0.71555555555555561        1.0054131994044160        0.0000000000000000     
  0.71777777777777774        1.0213984044701461        0.0000000000000000     
  0.71999999999999997        1.0137166381282425        0.0000000000000000     
  0.72222222222222221        1.0052875588309202        0.0000000000000000     
  0.72444444444444445        1.0227751569151062        0.0000000000000000     
  0.72666666666666668        1.0080795144213275        0.0000000000000000     
  0.72888888888888892        1.0155580259188826        0.0000000000000000     
  0.73111111111111116        1.0067168241255164        0.0000000000000000     
  0.73333333333333339       0.97079552506162226        0.0000000000000000     
  0.73555555555555563        1.0072467708633697        0.0000000000000000     
  0.73777777777777787        1.0155387784897565        0.0000000000000000     
  0.74000000000000010        1.0086194240943589        0.0000000000000000     
  0.74222222222222223        1.0215847927013184        0.0000000000000000     
  0.74444444444444446        1.0064672381921786        0.0000000000000000     
  0.74666666666666670        1.0135266581299607        0.0000000000000000     
  0.74888888888888894        1.0204094460253259        0.0000000000000000     
  0.75111111111111117        1.0065680388170308        0.0000000000000000     
  0.75333333333333341        1.0132195928996999        0.0000000000000000     
  0.75555555555555565        1.0205182367685459        0.0000000000000000     
  0.75777777777777788        1.0053759245377729        0.0000000000000000     
  0.76000000000000001        1.0181007141859217        0.0000000000000000     
  0.76222222222222225        1.0116251561606118        0.0000000000000000     
  0.76444444444444448        1.0192806522102127        0.0000000000000000     
  0.76666666666666672        1.0503844964055127        0.0000000000000000     
  0.76888888888888896        1.0188217773589254        0.0000000000000000     
  0.77111111111111119        1.0116418222905208        0.0000000000000000     
  0.77333333333333343        1.0176332125424083        0.0000000000000000     
  0.77555555555555555        1.0064066473681315        0.0000000000000000     
  0.77777777777777779        1.0194967658304339        0.0000000000000000     
  0.78000000000000003        1.0133840944188761        0.0000000000000000     
  0.78222222222222226        1.0074243666833640        0.0000000000000000     
  0.78444444444444450        1.0194094837161494        0.0000000000000000     
  0.78666666666666674        1.0136499787083846        0.0000000000000000     
  0.78888888888888897        1.0073301660164833        0.0000000000000000     
  0.79111111111111121        1.0204417219082882        0.0000000000000000     
  0.79333333333333333        1.0094234713174650        0.0000000000000000     
  0.79555555555555557        1.0150305833414068        0.0000000000000000     
  0.79777777777777781        1.0084017764059778        0.0000000000000000     
  0.80000000000000004       0.98146931157489281        0.0000000000000000     
  0.80222222222222228       0.99773072806790664        0.0000000000000000     
  0.80444444444444452       0.99284637828290612        0.0000000000000000     
  0.80666666666666675       0.97653927962665432        0.0000000000000000     
  0.80888888888888888       0.97516432162322775        0.0000000000000000     
  0.81111111111111112       0.95270090501455074        0.0000000000000000     
  0.81333333333333335       0.94689096161021780        0.0000000000000000     
  0.81555555555555559       0.94094837896817207        0.0000000000000000     
  0.81777777777777783       0.91944326642979468        0.0000000000000000     
  0.82000000000000006       0.91332704215268778        0.0000000000000000     
  0.82222222222222230       0.90769674044543758        0.0000000000000000     
  0.82444444444444454       0.88521473238936543        0.0000000000000000     
  0.82666666666666666       0.88365911515067364        0.0000000000000000     
  0.82888888888888890       0.86768527885963387        0.0000000000000000     
  0.83111111111111113       0.86232295005573645        0.0000000000000000     
  0.83333333333333337       0.87456881386012875        0.0000000000000000     
  0.83555555555555561       0.83975614250433195        0.0000000000000000     
  0.83777777777777784       0.82325334960063667        0.0000000000000000     
  0.84000000000000008       0.81664138499192063        0.0000000000000000     
  0.84222222222222221       0.79709984966969327        0.0000000000000000     
  0.84444444444444444       0.79581857073769180        0.0000000000000000     
  0.84666666666666668       0.78011723881882433        0.0000000000000000     
  0.84888888888888892       0.76453075770690093        0.0000000000000000     
  0.85111111111111115       0.76241969418271949        0.0000000000000000     
  0.85333333333333339       0.74698356738713534        0.0000000000000000     
  0.85555555555555562       0.73112668576648299        0.0000000000000000     
  0.85777777777777786       0.72986150495727298        0.0000000000000000     
  0.85999999999999999       0.71047640041156623        0.0000000000000000     
  0.86222222222222222       0.70357586771221992        0.0000000000000000     
  0.86444444444444446       0.68748695140319271        0.0000000000000000     
  0.86666666666666670       0.65615130143693312        0.0000000000000000     
  0.86888888888888893       0.66556310169728228        0.0000000000000000     
  0.87111111111111117       0.65912058651107786        0.0000000000000000     
  0.87333333333333341       0.64411371562876929        0.0000000000000000     
  0.87555555555555553       0.64030241293205781        0.0000000000000000     
  0.87777777777777777       0.62067976196763863        0.0000000000000000     
  0.88000000000000000       0.61354327083261850        0.0000000000000000     
  0.88222222222222224       0.60630733169048234        0.0000000000000000     
  0.88444444444444448       0.58740318176426121        0.0000000000000000     
  0.88666666666666671       0.58003705253013593        0.0000000000000000     
  0.88888888888888895       0.57303525011225465        0.0000000000000000     
  0.89111111111111119       0.55339865996645332        0.0000000000000000     
  0.89333333333333331       0.54945190564001278        0.0000000000000000     
  0.89555555555555555       0.53469490258443975        0.0000000000000000     
  0.89777777777777779       0.52789401636344746        0.0000000000000000     
  0.90000000000000002       0.53429510335946495        0.0000000000000000     
  0.90222222222222226       0.50541343677383099        0.0000000000000000     
  0.90444444444444450       0.49025984156433372        0.0000000000000000     
  0.90666666666666673       0.48252202451839882        0.0000000000000000     
  0.90888888888888886       0.46509009234864063        0.0000000000000000     
  0.91111111111111109       0.46134902676367945        0.0000000000000000     
  0.91333333333333333       0.44679633743314151        0.0000000000000000     
  0.91555555555555557       0.43232975900057924        0.0000000000000000     
  0.91777777777777780       0.42796655154077906        0.0000000000000000     
  0.92000000000000004       0.41361270322774285        0.0000000000000000     
  0.92222222222222228       0.39894338846933969        0.0000000000000000     
  0.92444444444444451       0.39521439266295616        0.0000000000000000     
  0.92666666666666664       0.37789974651839559        0.0000000000000000     
  0.92888888888888888       0.36994557176394788        0.0000000000000000     
  0.93111111111111111       0.35510228595641474        0.0000000000000000     
  0.93333333333333335       0.32882756173453126        0.0000000000000000     
  0.93555555555555558       0.33310377243937689        0.0000000000000000     
  0.93777777777777782       0.32549300231912065        0.0000000000000000     
  0.94000000000000006       0.31146099425376783        0.0000000000000000     
  0.94222222222222218       0.30582301018755526        0.0000000000000000     
  0.94444444444444442       0.28833026050179639        0.0000000000000000     
  0.94666666666666666       0.28019917281724871        0.0000000000000000     
  0.94888888888888889       0.27199352268579724        0.0000000000000000     
  0.95111111111111113       0.25503947857156983        0.0000000000000000     
  0.95333333333333337       0.24673621671211210        0.0000000000000000     
  0.95555555555555560       0.23870611365874517        0.0000000000000000     
  0.95777777777777784       0.22120291288902971        0.0000000000000000     
  0.95999999999999996       0.21546337218792164        0.0000000000000000     
  0.96222222222222220       0.20161870580094216        0.0000000000000000     
  0.96444444444444444       0.19373924229981013        0.0000000000000000     
  0.96666666666666667       0.19575813127016362        0.0000000000000000     
  0.96888888888888891       0.17132331325482475        0.0000000000000000     
  0.97111111111111115       0.15718129670189374        0.0000000000000000     
  0.97333333333333338       0.14859935703343177        0.0000000000000000     
  0.97555555555555551       0.13274912748000611        0.0000000000000000     
  0.97777777777777775       0.12716380460899937        0.0000000000000000     
  0.97999999999999998       0.11347232511551759        0.0000000000000000     
  0.98222222222222222        9.9845408396538674E-002   0.0000000000000000     
  0.98444444444444446        9.3793626499809005E-002   0.0000000000000000     
  0.98666666666666669        8.0251230665615986E-002   0.0000000000000000     
  0.98888888888888893        6.6472309728861464E-002   0.0000000000000000     
  0.99111111111111116        6.0896036332554491E-002   0.0000000000000000     
  0.99333333333333329        4.5133743513910717E-002   0.0000000000000000     
  0.99555555555555553        3.6389586817465680E-002   0.0000000000000000     
  0.99777777777777776        2.2480228806205288E-002   0.0000000000000000     
   1.0000000000000000        3.0295050129172031E-018   0.0000000000000000     
