X My_beautiful_solution_real My_beautiful_solution_imag
   0.0000000000000000        3.1926316841652079E-016   0.0000000000000000     
   4.7619047619047615E-003   1.4191881969402174        0.0000000000000000     
   9.5238095238095229E-003   1.4837143858696331        0.0000000000000000     
   1.4285714285714285E-002   1.9745974704152260        0.0000000000000000     
   1.9047619047619046E-002   1.1767151719394331        0.0000000000000000     
   2.3809523809523805E-002   1.6609305305301993        0.0000000000000000     
   2.8571428571428571E-002   1.7366376769703835        0.0000000000000000     
   3.3333333333333333E-002   3.0972935536802857        0.0000000000000000     
   3.8095238095238092E-002   1.7249978051337702        0.0000000000000000     
   4.2857142857142858E-002   1.6626036738066852        0.0000000000000000     
   4.7619047619047616E-002   1.1879402208497942        0.0000000000000000     
   5.2380952380952375E-002   1.9594590993181411        0.0000000000000000     
   5.7142857142857134E-002   1.4912430590440890        0.0000000000000000     
   6.1904761904761907E-002   1.4180374085049627        0.0000000000000000     
   6.6666666666666666E-002  0.10233997044176783        0.0000000000000000     
   7.1428571428571425E-002   1.4292926787146842        0.0000000000000000     
   7.6190476190476197E-002   1.4896251993338825        0.0000000000000000     
   8.0952380952380956E-002   1.9486049455631105        0.0000000000000000     
   8.5714285714285715E-002   1.2025783938146191        0.0000000000000000     
   9.0476190476190474E-002   1.6553237610989990        0.0000000000000000     
   9.5238095238095233E-002   1.7261105695159606        0.0000000000000000     
  0.10000000000000001        2.9983350740040664        0.0000000000000000     
  0.10476190476190476        1.7152271930259002        0.0000000000000000     
  0.10952380952380952        1.6568881639081878        0.0000000000000000     
  0.11428571428571428        1.2130739074358732        0.0000000000000000     
  0.11904761904761904        1.9344504433135574        0.0000000000000000     
  0.12380952380952381        1.4966645710536388        0.0000000000000000     
  0.12857142857142856        1.4282166820046653        0.0000000000000000     
  0.13333333333333333       0.19802868969348200        0.0000000000000000     
  0.13809523809523810        1.4387404527909036        0.0000000000000000     
  0.14285714285714285        1.4951518588364046        0.0000000000000000     
  0.14761904761904762        1.9243017197317958        0.0000000000000000     
  0.15238095238095237        1.2267607202924895        0.0000000000000000     
  0.15714285714285714        1.6500813852834189        0.0000000000000000     
  0.16190476190476188        1.7162676369316467        0.0000000000000000     
  0.16666666666666666        2.9058080766008674        0.0000000000000000     
  0.17142857142857143        1.7060915898508124        0.0000000000000000     
  0.17619047619047618        1.6515441148558343        0.0000000000000000     
  0.18095238095238095        1.2365741123813287        0.0000000000000000     
  0.18571428571428572        1.9110671429964610        0.0000000000000000     
  0.19047619047619047        1.5017337296469151        0.0000000000000000     
  0.19523809523809524        1.4377343869628905        0.0000000000000000     
  0.20000000000000001       0.28749843404162606        0.0000000000000000     
  0.20476190476190478        1.4475741997348355        0.0000000000000000     
  0.20952380952380953        1.5003193312057357        0.0000000000000000     
  0.21428571428571430        1.9015780024643107        0.0000000000000000     
  0.21904761904761905        1.2493713956640322        0.0000000000000000     
  0.22380952380952382        1.6451797205138963        0.0000000000000000     
  0.22857142857142856        1.7070644135126125        0.0000000000000000     
  0.23333333333333334        2.8192945683450827        0.0000000000000000     
  0.23809523809523811        1.6975497252827245        0.0000000000000000     
  0.24285714285714288        1.6465473847685537        0.0000000000000000     
  0.24761904761904766        1.2585469984753468        0.0000000000000000     
  0.25238095238095243        1.8892035636973732        0.0000000000000000     
  0.25714285714285717        1.5064734348801760        0.0000000000000000     
  0.26190476190476197        1.4466335198602045        0.0000000000000000     
  0.26666666666666672       0.37115338539138504        0.0000000000000000     
  0.27142857142857146        1.4558338262288579        0.0000000000000000     
  0.27619047619047626        1.5051509606331726        0.0000000000000000     
  0.28095238095238101        1.8803311387748236        0.0000000000000000     
  0.28571428571428575        1.2705125642453634        0.0000000000000000     
  0.29047619047619050        1.6405966233919029        0.0000000000000000     
  0.29523809523809530        1.6984593234568615        0.0000000000000000     
  0.30000000000000004        2.7384037222052604        0.0000000000000000     
  0.30476190476190479        1.6895630112255116        0.0000000000000000     
  0.30952380952380959        1.6418754007877672        0.0000000000000000     
  0.31428571428571433        1.2790918288043298        0.0000000000000000     
  0.31904761904761908        1.8687609361261901        0.0000000000000000     
  0.32380952380952382        1.5109050984955068        0.0000000000000000     
  0.32857142857142863        1.4549542827617170        0.0000000000000000     
  0.33333333333333337       0.44937145716890103        0.0000000000000000     
  0.33809523809523812        1.4635566453512228        0.0000000000000000     
  0.34285714285714286        1.5096685741307572        0.0000000000000000     
  0.34761904761904761        1.8604651454020931        0.0000000000000000     
  0.35238095238095241        1.2902797318173160        0.0000000000000000     
  0.35714285714285715        1.6363113896565760        0.0000000000000000     
  0.36190476190476190        1.6904134930454844        0.0000000000000000     
  0.36666666666666664        2.6627701116726943        0.0000000000000000     
  0.37142857142857139        1.6820953674899854        0.0000000000000000     
  0.37619047619047619        1.6375070571039065        0.0000000000000000     
  0.38095238095238093        1.2983014151754855        0.0000000000000000     
  0.38571428571428573        1.8496469101793300        0.0000000000000000     
  0.39047619047619048        1.5150487406489568        0.0000000000000000     
  0.39523809523809528        1.4627342649310049        0.0000000000000000     
  0.40000000000000002       0.52250600155479487        0.0000000000000000     
  0.40476190476190477        1.4707775451388727        0.0000000000000000     
  0.40952380952380957        1.5138925801353698        0.0000000000000000     
  0.41428571428571431        1.8418902772025763        0.0000000000000000     
  0.41904761904761906        1.3087621970752956        0.0000000000000000     
  0.42380952380952380        1.6323046606526721        0.0000000000000000     
  0.42857142857142860        1.6828905750296077        0.0000000000000000     
  0.43333333333333335        2.5920520599378891        0.0000000000000000     
  0.43809523809523809        1.6751130588006669        0.0000000000000000     
  0.44285714285714289        1.6334226196103732        0.0000000000000000     
  0.44761904761904764        1.3162625373966028        0.0000000000000000     
  0.45238095238095238        1.8317751377457157        0.0000000000000000     
  0.45714285714285713        1.5189230803520959        0.0000000000000000     
  0.46190476190476193        1.4700086126405689        0.0000000000000000     
  0.46666666666666667       0.59088740576207199        0.0000000000000000     
  0.47142857142857142        1.4775291461950610        0.0000000000000000     
  0.47619047619047622        1.5178420607043788        0.0000000000000000     
  0.48095238095238096        1.8245226217243937        0.0000000000000000     
  0.48571428571428571        1.3260434550384854        0.0000000000000000     
  0.49047619047619045        1.6285583358773494        0.0000000000000000     
  0.49523809523809526        1.6758565844307536        0.0000000000000000     
  0.50000000000000000        2.5259300963564533        0.0000000000000000     
  0.50476190476190474        1.6685845423958228        0.0000000000000000     
  0.50952380952380949        1.6296036367541897        0.0000000000000000     
  0.51428571428571423        1.3330563353060823        0.0000000000000000     
  0.51904761904761909        1.8150648826269440        0.0000000000000000     
  0.52380952380952384        1.5225456200356495        0.0000000000000000     
  0.52857142857142858        1.4768101879460378        0.0000000000000000     
  0.53333333333333333       0.65482458456893111        0.0000000000000000     
  0.53809523809523807        1.4838419490537655        0.0000000000000000     
  0.54285714285714282        1.5215348577193279        0.0000000000000000     
  0.54761904761904756        1.8082837201306403        0.0000000000000000     
  0.55238095238095242        1.3422015742407585        0.0000000000000000     
  0.55714285714285716        1.6250554912106601        0.0000000000000000     
  0.56190476190476191        1.6692797450128130        0.0000000000000000     
  0.56666666666666665        2.4641055132321847        0.0000000000000000     
  0.57142857142857140        1.6624803255322016        0.0000000000000000     
  0.57619047619047614        1.6260328561806254        0.0000000000000000     
  0.58095238095238089        1.3487586753242815        0.0000000000000000     
  0.58571428571428574        1.7994406558093927        0.0000000000000000     
  0.59047619047619049        1.5259327246171874        0.0000000000000000     
  0.59523809523809523        1.4831697171413729        0.0000000000000000     
  0.59999999999999998       0.71460637584933473        0.0000000000000000     
  0.60476190476190472        1.4897444719666628        0.0000000000000000     
  0.60952380952380947        1.5249876534871185        0.0000000000000000     
  0.61428571428571421        1.7931002127595499        0.0000000000000000     
  0.61904761904761907        1.3573095494073202        0.0000000000000000     
  0.62380952380952381        1.6217803024603941        0.0000000000000000     
  0.62857142857142856        1.6631303457320603        0.0000000000000000     
  0.63333333333333330        2.4062990163972571        0.0000000000000000     
  0.63809523809523805        1.6567728322508097        0.0000000000000000     
  0.64285714285714290        1.6226941467952471        0.0000000000000000     
  0.64761904761904765        1.3634404931820479        0.0000000000000000     
  0.65238095238095239        1.7848318744406384        0.0000000000000000     
  0.65714285714285714        1.5290996954300573        0.0000000000000000     
  0.66190476190476200        1.4891159295656888        0.0000000000000000     
  0.66666666666666674       0.77050284540564340        0.0000000000000000     
  0.67142857142857149        1.4952633797350665        0.0000000000000000     
  0.67619047619047623        1.5282160461027479        0.0000000000000000     
  0.68095238095238098        1.7789035077202966        0.0000000000000000     
  0.68571428571428572        1.3714356312102929        0.0000000000000000     
  0.69047619047619047        1.6187179738758934        0.0000000000000000     
  0.69523809523809521        1.6573806065167496        0.0000000000000000     
  0.69999999999999996        2.3522494634935200        0.0000000000000000     
  0.70476190476190470        1.6514362788017862        0.0000000000000000     
  0.70952380952380956        1.6195724258912736        0.0000000000000000     
  0.71428571428571430        1.3771681143747405        0.0000000000000000     
  0.71904761904761905        1.7711725429695664        0.0000000000000000     
  0.72380952380952379        1.5320608393475568        0.0000000000000000     
  0.72857142857142865        1.4946756873888070        0.0000000000000000     
  0.73333333333333339       0.82276650699791953        0.0000000000000000     
  0.73809523809523814        1.5004236041688424        0.0000000000000000     
  0.74285714285714288        1.5312346199141005        0.0000000000000000     
  0.74761904761904763        1.7656294710273430        0.0000000000000000     
  0.75238095238095248        1.3846436345928981        0.0000000000000000     
  0.75714285714285723        1.6158546713078668        0.0000000000000000     
  0.76190476190476197        1.6520045527699283        0.0000000000000000     
  0.76666666666666672        2.3017126842550883        0.0000000000000000     
  0.77142857142857146        1.6464465571656475        0.0000000000000000     
  0.77619047619047621        1.6166535910130468        0.0000000000000000     
  0.78095238095238095        1.3900035537893767        0.0000000000000000     
  0.78571428571428581        1.7584009550097606        0.0000000000000000     
  0.79047619047619055        1.5348295334146154        0.0000000000000000     
  0.79523809523809530        1.4998741069617965        0.0000000000000000     
  0.80000000000000004       0.87163346308144030        0.0000000000000000     
  0.80476190476190479        1.4814839961840107        0.0000000000000000     
  0.80952380952380953        1.4864850759558081        0.0000000000000000     
  0.81428571428571428        1.6818522645519933        0.0000000000000000     
  0.81904761904761914        1.3017924958832152        0.0000000000000000     
  0.82380952380952388        1.4941825799508277        0.0000000000000000     
  0.82857142857142863        1.5041758983755933        0.0000000000000000     
  0.83333333333333337        2.0878920587090892        0.0000000000000000     
  0.83809523809523812        1.4513597092735919        0.0000000000000000     
  0.84285714285714286        1.3996915343754104        0.0000000000000000     
  0.84761904761904761        1.1639472782567890        0.0000000000000000     
  0.85238095238095246        1.4846168710951018        0.0000000000000000     
  0.85714285714285721        1.2517513507892177        0.0000000000000000     
  0.86190476190476195        1.1952558894930931        0.0000000000000000     
  0.86666666666666670       0.58399438765859712        0.0000000000000000     
  0.87142857142857144        1.1526622607557906        0.0000000000000000     
  0.87619047619047619        1.1557908897096816        0.0000000000000000     
  0.88095238095238093        1.3369134057410739        0.0000000000000000     
  0.88571428571428579       0.98000695492914014        0.0000000000000000     
  0.89047619047619053        1.1583458535900388        0.0000000000000000     
  0.89523809523809528        1.1661422669964674        0.0000000000000000     
  0.90000000000000002        1.7103742852861636        0.0000000000000000     
  0.90476190476190477        1.1136638490832247        0.0000000000000000     
  0.90952380952380951        1.0638062559685688        0.0000000000000000     
  0.91428571428571426       0.84183600363764011        0.0000000000000000     
  0.91904761904761911        1.1401173045438493        0.0000000000000000     
  0.92380952380952386       0.92083869402008156        0.0000000000000000     
  0.92857142857142860       0.86646754817635896        0.0000000000000000     
  0.93333333333333335       0.29338556360287338        0.0000000000000000     
  0.93809523809523809       0.82354730879832894        0.0000000000000000     
  0.94285714285714284       0.82492518074248300        0.0000000000000000     
  0.94761904761904758       0.99272881004760050        0.0000000000000000     
  0.95238095238095244       0.65747090303125544        0.0000000000000000     
  0.95714285714285718       0.82267182705983743        0.0000000000000000     
  0.96190476190476193       0.82841411609418714        0.0000000000000000     
  0.96666666666666667        1.3357281348318768        0.0000000000000000     
  0.97142857142857142       0.77625151703757489        0.0000000000000000     
  0.97619047619047616       0.72808683287352727        0.0000000000000000     
  0.98095238095238091       0.51899538806738399        0.0000000000000000     
  0.98571428571428577       0.79634345074841595        0.0000000000000000     
  0.99047619047619051       0.58976871330597047        0.0000000000000000     
  0.99523809523809526       0.53738381998947982        0.0000000000000000     
   1.0000000000000000        1.2050464766460183E-016   0.0000000000000000     
