X My_beautiful_solution_real My_beautiful_solution_imag
   0.0000000000000000        2.5022932933314994E-016   0.0000000000000000     
   3.7037037037037034E-003  0.92851240654129552        0.0000000000000000     
   7.4074074074074068E-003   1.4609627199660533        0.0000000000000000     
   1.1111111111111110E-002   1.2781932584851101        0.0000000000000000     
   1.4814814814814814E-002  0.97124511337836084        0.0000000000000000     
   1.8518518518518517E-002   1.5203842362507696        0.0000000000000000     
   2.2222222222222220E-002   1.2191304477825180        0.0000000000000000     
   2.5925925925925922E-002   1.0288795087459712        0.0000000000000000     
   2.9629629629629627E-002   1.5687585067377356        0.0000000000000000     
   3.3333333333333333E-002   2.4278819236045890        0.0000000000000000     
   3.7037037037037035E-002   1.5481793386530915        0.0000000000000000     
   4.0740740740740737E-002   1.0437187479510337        0.0000000000000000     
   4.4444444444444439E-002   1.2168804274097922        0.0000000000000000     
   4.8148148148148148E-002   1.5076929946885826        0.0000000000000000     
   5.1851851851851850E-002  0.98742088794491689        0.0000000000000000     
   5.5555555555555552E-002   1.2728384381843780        0.0000000000000000     
   5.9259259259259255E-002   1.4530883106479409        0.0000000000000000     
   6.2962962962962957E-002  0.94158954472028022        0.0000000000000000     
   6.6666666666666666E-002  0.12762832537002897        0.0000000000000000     
   7.0370370370370375E-002  0.96108691194195450        0.0000000000000000     
   7.4074074074074070E-002   1.4390291370758450        0.0000000000000000     
   7.7777777777777779E-002   1.2749701800158662        0.0000000000000000     
   8.1481481481481488E-002  0.99944497930852871        0.0000000000000000     
   8.5185185185185197E-002   1.4923675444312201        0.0000000000000000     
   8.8888888888888892E-002   1.2219537567776280        0.0000000000000000     
   9.2592592592592587E-002   1.0511792171739640        0.0000000000000000     
   9.6296296296296297E-002   1.5357896363951806        0.0000000000000000     
  0.10000000000000001        2.3069627339953982        0.0000000000000000     
  0.10370370370370371        1.5173172021834023        0.0000000000000000     
  0.10740740740740741        1.0644993314196358        0.0000000000000000     
  0.11111111111111112        1.2199340758488668        0.0000000000000000     
  0.11481481481481481        1.4809755326716094        0.0000000000000000     
  0.11851851851851852        1.0139648049047938        0.0000000000000000     
  0.12222222222222222        1.2701635442318380        0.0000000000000000     
  0.12592592592592591        1.4319608480426251        0.0000000000000000     
  0.12962962962962962       0.97282531524844806        0.0000000000000000     
  0.13333333333333333       0.24219106348750363        0.0000000000000000     
  0.13703703703703704       0.99032669488747860        0.0000000000000000     
  0.14074074074074075        1.4193409424267123        0.0000000000000000     
  0.14444444444444443        1.2720770550490252        0.0000000000000000     
  0.14814814814814814        1.0247579640722031        0.0000000000000000     
  0.15185185185185185        1.4672189818489385        0.0000000000000000     
  0.15555555555555556        1.2244880375346112        0.0000000000000000     
  0.15925925925925924        1.0711960562990142        0.0000000000000000     
  0.16296296296296295        1.5061958604983987        0.0000000000000000     
  0.16666666666666666        2.1984223029241283        0.0000000000000000     
  0.17037037037037037        1.4896144892639258        0.0000000000000000     
  0.17407407407407408        1.0831525616875837        0.0000000000000000     
  0.17777777777777778        1.2226751157035698        0.0000000000000000     
  0.18148148148148147        1.4569931949316359        0.0000000000000000     
  0.18518518518518517        1.0377913637698981        0.0000000000000000     
  0.18888888888888888        1.2677624849490474        0.0000000000000000     
  0.19259259259259259        1.4129962494042001        0.0000000000000000     
  0.19629629629629630        1.0008634125010545        0.0000000000000000     
  0.20000000000000001       0.34502576673164703        0.0000000000000000     
  0.20370370370370372        1.0165731381162006        0.0000000000000000     
  0.20740740740740743        1.4016682707759958        0.0000000000000000     
  0.21111111111111111        1.2694801055320877        0.0000000000000000     
  0.21481481481481482        1.0474796039279768        0.0000000000000000     
  0.21851851851851853        1.4446449319208157        0.0000000000000000     
  0.22222222222222224        1.2267628784983013        0.0000000000000000     
  0.22592592592592592        1.0891637283810143        0.0000000000000000     
  0.22962962962962963        1.4796316633412148        0.0000000000000000     
  0.23333333333333334        2.1009933901499500        0.0000000000000000     
  0.23703703703703705        1.4647477628837038        0.0000000000000000     
  0.24074074074074076        1.0998962204956069        0.0000000000000000     
  0.24444444444444446        1.2251355493896972        0.0000000000000000     
  0.24814814814814817        1.4354659808904895        0.0000000000000000     
  0.25185185185185188        1.0591787463559630        0.0000000000000000     
  0.25555555555555559        1.2656072272895762        0.0000000000000000     
  0.25925925925925930        1.3959730976781131        0.0000000000000000     
  0.26296296296296301        1.0260311891960390        0.0000000000000000     
  0.26666666666666672       0.43733305935655026        0.0000000000000000     
  0.27037037037037043        1.0401326762783771        0.0000000000000000     
  0.27407407407407414        1.3858047886822751        0.0000000000000000     
  0.27777777777777785        1.2671490113447184        0.0000000000000000     
  0.28148148148148155        1.0678751804495055        0.0000000000000000     
  0.28518518518518521        1.4243818362273566        0.0000000000000000     
  0.28888888888888892        1.2288048390805351        0.0000000000000000     
  0.29259259259259263        1.1052920110748807        0.0000000000000000     
  0.29629629629629634        1.4557869004063448        0.0000000000000000     
  0.30000000000000004        2.0135384855520821        0.0000000000000000     
  0.30370370370370375        1.4424266969770740        0.0000000000000000     
  0.30740740740740746        1.1149257947973237        0.0000000000000000     
  0.31111111111111117        1.2273441031666259        0.0000000000000000     
  0.31481481481481488        1.4161425542338648        0.0000000000000000     
  0.31851851851851853        1.0783766564054966        0.0000000000000000     
  0.32222222222222224        1.2636726080104956        0.0000000000000000     
  0.32592592592592595        1.3806926427518555        0.0000000000000000     
  0.32962962962962966        1.0486224862466578        0.0000000000000000     
  0.33333333333333337       0.52019065511880036        0.0000000000000000     
  0.33703703703703708        1.0612803736474181        0.0000000000000000     
  0.34074074074074079        1.3715652855040761        0.0000000000000000     
  0.34444444444444444        1.2650565563027802        0.0000000000000000     
  0.34814814814814815        1.0861828177629078        0.0000000000000000     
  0.35185185185185186        1.4061931173935907        0.0000000000000000     
  0.35555555555555557        1.2306377597488154        0.0000000000000000     
  0.35925925925925922        1.1197692066440132        0.0000000000000000     
  0.36296296296296293        1.4343831773404718        0.0000000000000000     
  0.36666666666666664        1.9350365283769098        0.0000000000000000     
  0.37037037037037035        1.4223906867845812        0.0000000000000000     
  0.37407407407407406        1.1284167591248193        0.0000000000000000     
  0.37777777777777777        1.2293265625245415        0.0000000000000000     
  0.38148148148148148        1.3987973084886336        0.0000000000000000     
  0.38518518518518519        1.0956092349497306        0.0000000000000000     
  0.38888888888888890        1.2619360398843840        0.0000000000000000     
  0.39259259259259260        1.3669764809910729        0.0000000000000000     
  0.39629629629629631        1.0689010634374292        0.0000000000000000     
  0.40000000000000002       0.59456593989070172        0.0000000000000000     
  0.40370370370370373        1.0802631355731385        0.0000000000000000     
  0.40740740740740744        1.3587835110132049        0.0000000000000000     
  0.41111111111111115        1.2631783104016663        0.0000000000000000     
  0.41481481481481486        1.1026162627133513        0.0000000000000000     
  0.41851851851851851        1.3898664169812487        0.0000000000000000     
  0.42222222222222222        1.2322830403705090        0.0000000000000000     
  0.42592592592592593        1.1327643404425156        0.0000000000000000     
  0.42962962962962964        1.4151705996213317        0.0000000000000000     
  0.43333333333333335        1.8645709860649169        0.0000000000000000     
  0.43703703703703706        1.4044058062187093        0.0000000000000000     
  0.44074074074074077        1.1405266243034360        0.0000000000000000     
  0.44444444444444448        1.2311060732373167        0.0000000000000000     
  0.44814814814814818        1.3832277330034610        0.0000000000000000     
  0.45185185185185184        1.1110776772185516        0.0000000000000000     
  0.45555555555555555        1.2603772479870694        0.0000000000000000     
  0.45925925925925926        1.3546644723266787        0.0000000000000000     
  0.46296296296296297        1.0871036788941966        0.0000000000000000     
  0.46666666666666667       0.66132726616396065        0.0000000000000000     
  0.47037037037037038        1.0973025911715582        0.0000000000000000     
  0.47407407407407409        1.3473102343763053        0.0000000000000000     
  0.47777777777777780        1.2614923445890951        0.0000000000000000     
  0.48148148148148151        1.1173673804199238        0.0000000000000000     
  0.48518518518518516        1.3752111161439216        0.0000000000000000     
  0.48888888888888887        1.2337598900623494        0.0000000000000000     
  0.49259259259259258        1.1444291343340238        0.0000000000000000     
  0.49629629629629629        1.3979248549685008        0.0000000000000000     
  0.50000000000000000        1.8013191534737436        0.0000000000000000     
  0.50370370370370365        1.3882620767106120        0.0000000000000000     
  0.50740740740740742        1.1513967764352242        0.0000000000000000     
  0.51111111111111107        1.2327034115959761        0.0000000000000000     
  0.51481481481481484        1.3692520485796558        0.0000000000000000     
  0.51851851851851849        1.1249625816517383        0.0000000000000000     
  0.52222222222222225        1.2589780329821378        0.0000000000000000     
  0.52592592592592591        1.3436128705742350        0.0000000000000000     
  0.52962962962962967        1.1034428533022584        0.0000000000000000     
  0.53333333333333333       0.72125409131069540        0.0000000000000000     
  0.53703703703703698        1.1125976809075497        0.0000000000000000     
  0.54074074074074074        1.3370115018426485        0.0000000000000000     
  0.54444444444444440        1.2599789747372159        0.0000000000000000     
  0.54814814814814816        1.1306083943551979        0.0000000000000000     
  0.55185185185185182        1.3620561100980919        0.0000000000000000     
  0.55555555555555558        1.2350855514623156        0.0000000000000000     
  0.55925925925925923        1.1548997780873955        0.0000000000000000     
  0.56296296296296300        1.3824445944340318        0.0000000000000000     
  0.56666666666666665        1.7445425475629051        0.0000000000000000     
  0.57037037037037031        1.3737710156509984        0.0000000000000000     
  0.57407407407407407        1.1611541276216426        0.0000000000000000     
  0.57777777777777772        1.2341372269777688        0.0000000000000000     
  0.58148148148148149        1.3567070851476484        0.0000000000000000     
  0.58518518518518514        1.1374260584367841        0.0000000000000000     
  0.58888888888888891        1.2577220586385489        0.0000000000000000     
  0.59259259259259256        1.3336926451566256        0.0000000000000000     
  0.59629629629629632        1.1181093511454090        0.0000000000000000     
  0.59999999999999998       0.77504607796878311        0.0000000000000000     
  0.60370370370370363        1.1263269792809747        0.0000000000000000     
  0.60740740740740740        1.3277670727962496        0.0000000000000000     
  0.61111111111111105        1.2586205318248540        0.0000000000000000     
  0.61481481481481481        1.1424938971029399        0.0000000000000000     
  0.61851851851851847        1.3502478104264375        0.0000000000000000     
  0.62222222222222223        1.2362755020423009        0.0000000000000000     
  0.62592592592592589        1.1642985194307451        0.0000000000000000     
  0.62962962962962965        1.3685490815966050        0.0000000000000000     
  0.63333333333333330        1.6935782853953503        0.0000000000000000     
  0.63703703703703707        1.3607634358022151        0.0000000000000000     
  0.64074074074074072        1.1699125976983229        0.0000000000000000     
  0.64444444444444449        1.2354242595829297        0.0000000000000000     
  0.64814814814814814        1.3454463767101761        0.0000000000000000     
  0.65185185185185190        1.1486136221912961        0.0000000000000000     
  0.65555555555555556        1.2565946611005048        0.0000000000000000     
  0.65925925925925932        1.3247879746354934        0.0000000000000000     
  0.66296296296296298        1.1312744079353845        0.0000000000000000     
  0.66666666666666674       0.82333126280109969        0.0000000000000000     
  0.67037037037037039        1.1386507797346104        0.0000000000000000     
  0.67407407407407416        1.3194690159125748        0.0000000000000000     
  0.67777777777777781        1.2574011556466802        0.0000000000000000     
  0.68148148148148147        1.1531626552703527        0.0000000000000000     
  0.68518518518518523        1.3396483518895108        0.0000000000000000     
  0.68888888888888888        1.2373436348119842        0.0000000000000000     
  0.69259259259259254        1.1727350913283281        0.0000000000000000     
  0.69629629629629630        1.3560760824125495        0.0000000000000000     
  0.69999999999999996        1.6478313447916382        0.0000000000000000     
  0.70370370370370372        1.3490874699894657        0.0000000000000000     
  0.70740740740740737        1.1777744442813256        0.0000000000000000     
  0.71111111111111114        1.2365795358812441        0.0000000000000000     
  0.71481481481481479        1.3353384513103905        0.0000000000000000     
  0.71851851851851856        1.1586558908872560        0.0000000000000000     
  0.72222222222222221        1.2555826776827899        0.0000000000000000     
  0.72592592592592597        1.3167948944632220        0.0000000000000000     
  0.72962962962962963        1.1430917294348184        0.0000000000000000     
  0.73333333333333339       0.86667338900124036        0.0000000000000000     
  0.73703703703703705        1.1497129661253562        0.0000000000000000     
  0.74074074074074081        1.3120204490298537        0.0000000000000000     
  0.74444444444444446        1.2563066096408300        0.0000000000000000     
  0.74814814814814823        1.1627392296274039        0.0000000000000000     
  0.75185185185185188        1.3301339828101364        0.0000000000000000     
  0.75555555555555565        1.2383024205236464        0.0000000000000000     
  0.75925925925925930        1.1803079931438922        0.0000000000000000     
  0.76296296296296306        1.3448799710875761        0.0000000000000000     
  0.76666666666666672        1.6067676172776644        0.0000000000000000     
  0.77037037037037037        1.3386067980085654        0.0000000000000000     
  0.77407407407407414        1.1848314566537539        0.0000000000000000     
  0.77777777777777779        1.2376165440503435        0.0000000000000000     
  0.78148148148148155        1.3262652960595516        0.0000000000000000     
  0.78518518518518521        1.1676701108528109        0.0000000000000000     
  0.78888888888888897        1.2546742931926951        0.0000000000000000     
  0.79259259259259263        1.3096200831674285        0.0000000000000000     
  0.79629629629629639        1.1536992862155320        0.0000000000000000     
  0.80000000000000004       0.90557848815478903        0.0000000000000000     
  0.80370370370370370        1.1411614126187231        0.0000000000000000     
  0.80740740740740746        1.2683559637420412        0.0000000000000000     
  0.81111111111111112        1.1998198217989535        0.0000000000000000     
  0.81481481481481488        1.0973003076632279        0.0000000000000000     
  0.81851851851851853        1.2290620035359683        0.0000000000000000     
  0.82222222222222230        1.1281008360938420        0.0000000000000000     
  0.82592592592592595        1.0575172748280528        0.0000000000000000     
  0.82962962962962972        1.1867447976754333        0.0000000000000000     
  0.83333333333333337        1.4033383771621981        0.0000000000000000     
  0.83703703703703702        1.1440759604935127        0.0000000000000000     
  0.84074074074074079       0.98750418267323326        0.0000000000000000     
  0.84444444444444444        1.0163739729266235        0.0000000000000000     
  0.84814814814814821        1.0774407054638446        0.0000000000000000     
  0.85185185185185186       0.91654186748410083        0.0000000000000000     
  0.85555555555555562       0.97613217212983627        0.0000000000000000     
  0.85925925925925928        1.0069417534489884        0.0000000000000000     
  0.86296296296296304       0.84844387268362431        0.0000000000000000     
  0.86666666666666670       0.60717257357589527        0.0000000000000000     
  0.87037037037037035       0.81674258464733474        0.0000000000000000     
  0.87407407407407411       0.92902017419712490        0.0000000000000000     
  0.87777777777777777       0.86560444436571282        0.0000000000000000     
  0.88148148148148153       0.77168429353240009        0.0000000000000000     
  0.88518518518518519       0.88806147936190249        0.0000000000000000     
  0.88888888888888895       0.79554014390626915        0.0000000000000000     
  0.89259259259259260       0.73028659348915792        0.0000000000000000     
  0.89629629629629637       0.84438903505787699        0.0000000000000000     
  0.90000000000000002        1.0369136814006461        0.0000000000000000     
  0.90370370370370368       0.80229673741738194        0.0000000000000000     
  0.90740740740740744       0.65985776984649502        0.0000000000000000     
  0.91111111111111109       0.68387631660661097        0.0000000000000000     
  0.91481481481481486       0.73679573514697461        0.0000000000000000     
  0.91851851851851851       0.59047267790845170        0.0000000000000000     
  0.92222222222222228       0.64206681366859175        0.0000000000000000     
  0.92592592592592593       0.66782657089452901        0.0000000000000000     
  0.92962962962962969       0.52365867969602753        0.0000000000000000     
  0.93333333333333335       0.30519106372127752        0.0000000000000000     
  0.93703703703703700       0.49141115951319186        0.0000000000000000     
  0.94074074074074077       0.59029886905552886        0.0000000000000000     
  0.94444444444444442       0.53147936369155191        0.0000000000000000     
  0.94814814814814818       0.44527824077101197        0.0000000000000000     
  0.95185185185185184       0.54784586206975894        0.0000000000000000     
  0.95555555555555560       0.46290035477626035        0.0000000000000000     
  0.95925925925925926       0.40243117048829935        0.0000000000000000     
  0.96296296296296302       0.50295691800803333        0.0000000000000000     
  0.96666666666666667       0.67387661986415426        0.0000000000000000     
  0.97037037037037033       0.46138213831120178        0.0000000000000000     
  0.97407407407407409       0.33162917468788289        0.0000000000000000     
  0.97777777777777775       0.35129311022628923        0.0000000000000000     
  0.98148148148148151       0.39689927289592830        0.0000000000000000     
  0.98518518518518516       0.26365984225105865        0.0000000000000000     
  0.98888888888888893       0.30807639420033262        0.0000000000000000     
  0.99259259259259258       0.32930328872942594        0.0000000000000000     
  0.99629629629629635       0.19799839512346890        0.0000000000000000     
   1.0000000000000000        5.2275526740306309E-017   0.0000000000000000     
