X My_beautiful_solution_real My_beautiful_solution_imag
   0.0000000000000000        4.4572922215850940E-017   0.0000000000000000     
   3.0303030303030312E-003   7.2485538609910374E-002   0.0000000000000000     
   6.0606060606060606E-003  0.13693364726200424        0.0000000000000000     
   9.0909090909090905E-003   9.1429311127264767E-002   0.0000000000000000     
   1.2121212121212121E-002  0.11377319962862222        0.0000000000000000     
   1.5151515151515152E-002  0.13926484750988719        0.0000000000000000     
   1.8181818181818181E-002   9.8776230926161501E-002   0.0000000000000000     
   2.1212121212121210E-002  0.12480983324972741        0.0000000000000000     
   2.4242424242424242E-002  0.14652234032333594        0.0000000000000000     
   2.7272727272727275E-002  0.10130901887776300        0.0000000000000000     
   3.0303030303030304E-002  0.16574800743985474        0.0000000000000000     
   3.3333333333333333E-002  0.24665952002464211        0.0000000000000000     
   3.6363636363636362E-002  0.17451005497241495        0.0000000000000000     
   3.9393939393939391E-002  0.11106046855663218        0.0000000000000000     
   4.2424242424242420E-002  0.16662565806377971        0.0000000000000000     
   4.5454545454545456E-002  0.14875054101395405        0.0000000000000000     
   4.8484848484848485E-002  0.12746822480648079        0.0000000000000000     
   5.1515151515151514E-002  0.17760429684731407        0.0000000000000000     
   5.4545454545454543E-002  0.15573535806281730        0.0000000000000000     
   5.7575757575757572E-002  0.13854366118878786        0.0000000000000000     
   6.0606060606060608E-002  0.19379385044206582        0.0000000000000000     
   6.3636363636363630E-002  0.13035413579830329        0.0000000000000000     
   6.6666666666666666E-002   4.9084224115745617E-002   0.0000000000000000     
   6.9696969696969702E-002  0.13349064633673108        0.0000000000000000     
   7.2727272727272724E-002  0.20848014191747494        0.0000000000000000     
   7.5757575757575760E-002  0.15464560893344290        0.0000000000000000     
   7.8787878787878796E-002  0.18030436639452263        0.0000000000000000     
   8.1818181818181818E-002  0.20965114593695222        0.0000000000000000     
   8.4848484848484854E-002  0.16169320078109795        0.0000000000000000     
   8.7878787878787890E-002  0.19167495260350867        0.0000000000000000     
   9.0909090909090912E-002  0.21659396208316523        0.0000000000000000     
   9.3939393939393948E-002  0.16310039181899477        0.0000000000000000     
   9.6969696969696983E-002  0.23807920199172206        0.0000000000000000     
  0.10000000000000001       0.33235778225457757        0.0000000000000000     
  0.10303030303030304       0.24730490887408618        0.0000000000000000     
  0.10606060606060606       0.17244510956433368        0.0000000000000000     
  0.10909090909090910       0.23702707458142636        0.0000000000000000     
  0.11212121212121212       0.21556387554561038        0.0000000000000000     
  0.11515151515151516       0.19010868595004235        0.0000000000000000     
  0.11818181818181818       0.24832971206379417        0.0000000000000000     
  0.12121212121212122       0.22218721548050338        0.0000000000000000     
  0.12424242424242424       0.20152473479541766        0.0000000000000000     
  0.12727272727272726       0.26573763478825302        0.0000000000000000     
  0.13030303030303031       0.19088940158276738        0.0000000000000000     
  0.13333333333333333        9.5150702348137106E-002   0.0000000000000000     
  0.13636363636363635       0.19352403775425236        0.0000000000000000     
  0.13939393939393940       0.28086418123046575        0.0000000000000000     
  0.14242424242424243       0.21726970594643616        0.0000000000000000     
  0.14545454545454545       0.24681227676322162        0.0000000000000000     
  0.14848484848484847       0.28067585984013871        0.0000000000000000     
  0.15151515151515152       0.22396659497328783        0.0000000000000000     
  0.15454545454545454       0.25857413319638356        0.0000000000000000     
  0.15757575757575756       0.28724999008721419        0.0000000000000000     
  0.16060606060606059       0.22405499833670800        0.0000000000000000     
  0.16363636363636364       0.31138262242501480        0.0000000000000000     
  0.16666666666666666       0.42132251437334417        0.0000000000000000     
  0.16969696969696968       0.32115156839077652        0.0000000000000000     
  0.17272727272727273       0.23292317509812641        0.0000000000000000     
  0.17575757575757575       0.30806950135435990        0.0000000000000000     
  0.17878787878787877       0.28240238327743539        0.0000000000000000     
  0.18181818181818182       0.25205811311992954        0.0000000000000000     
  0.18484848484848485       0.31975174674553186        0.0000000000000000     
  0.18787878787878787       0.28860220431608291        0.0000000000000000     
  0.19090909090909092       0.26387323512604161        0.0000000000000000     
  0.19393939393939394       0.33858715223194336        0.0000000000000000     
  0.19696969696969699       0.25037231018091621        0.0000000000000000     
  0.20000000000000001       0.13768148673914007        0.0000000000000000     
  0.20303030303030303       0.25241893325356946        0.0000000000000000     
  0.20606060606060608       0.35422951638543543        0.0000000000000000     
  0.20909090909090911       0.27919996034369410        0.0000000000000000     
  0.21212121212121213       0.31329293914500095        0.0000000000000000     
  0.21515151515151515       0.35244856305535543        0.0000000000000000     
  0.21818181818181820       0.28548595400307564        0.0000000000000000     
  0.22121212121212122       0.32551322109688141        0.0000000000000000     
  0.22424242424242424       0.35859072834799938        0.0000000000000000     
  0.22727272727272729       0.28402922081789889        0.0000000000000000     
  0.23030303030303031       0.38582513580856659        0.0000000000000000     
  0.23333333333333334       0.51411435384821313        0.0000000000000000     
  0.23636363636363636       0.39623055918356548        0.0000000000000000     
  0.23939393939393941       0.29233906593472397        0.0000000000000000     
  0.24242424242424243       0.37986295757095567        0.0000000000000000     
  0.24545454545454548       0.34927038478781114        0.0000000000000000     
  0.24848484848484850       0.31319790135421449        0.0000000000000000     
  0.25151515151515152       0.39198996451501561        0.0000000000000000     
  0.25454545454545457       0.35497399666536716        0.0000000000000000     
  0.25757575757575762       0.32548059106523675        0.0000000000000000     
  0.26060606060606067       0.41249785741594669        0.0000000000000000     
  0.26363636363636367       0.30862224126325444        0.0000000000000000     
  0.26666666666666672       0.17606973182324206        0.0000000000000000     
  0.26969696969696977       0.30997992816548220        0.0000000000000000     
  0.27272727272727276       0.42874457116530951        0.0000000000000000     
  0.27575757575757581       0.34031728510466830        0.0000000000000000     
  0.27878787878787886       0.37974167685741844        0.0000000000000000     
  0.28181818181818186       0.42509763602011241        0.0000000000000000     
  0.28484848484848491       0.34612185975914589        0.0000000000000000     
  0.28787878787878790       0.39249906575796906        0.0000000000000000     
  0.29090909090909095       0.43073369646227810        0.0000000000000000     
  0.29393939393939400       0.34285479197650970        0.0000000000000000     
  0.29696969696969699       0.46160224928260934        0.0000000000000000     
  0.30000000000000004       0.61139016262743551        0.0000000000000000     
  0.30303030303030309       0.47275339126447857        0.0000000000000000     
  0.30606060606060609       0.35051047672544799        0.0000000000000000     
  0.30909090909090914       0.45253634545883903        0.0000000000000000     
  0.31212121212121219       0.41617294221349993        0.0000000000000000     
  0.31515151515151518       0.37338908904060497        0.0000000000000000     
  0.31818181818181823       0.46518445018389681        0.0000000000000000     
  0.32121212121212123       0.42129517854032078        0.0000000000000000     
  0.32424242424242428       0.38621959699696001        0.0000000000000000     
  0.32727272727272733       0.48765188629352912        0.0000000000000000     
  0.33030303030303032       0.36542757390101788        0.0000000000000000     
  0.33333333333333337       0.20960443678790402        0.0000000000000000     
  0.33636363636363642       0.36597807972536911        0.0000000000000000     
  0.33939393939393941       0.50460667660956249        0.0000000000000000     
  0.34242424242424246       0.40048215382077107        0.0000000000000000     
  0.34545454545454546       0.44615301054006984        0.0000000000000000     
  0.34848484848484851       0.49877349362678441        0.0000000000000000     
  0.35151515151515150       0.40572268157515740        0.0000000000000000     
  0.35454545454545455       0.45953969223198871        0.0000000000000000     
  0.35757575757575755       0.50381658439154753        0.0000000000000000     
  0.36060606060606060       0.40033456413012386        0.0000000000000000     
  0.36363636363636365       0.53894302567031471        0.0000000000000000     
  0.36666666666666664       0.71391954253795908        0.0000000000000000     
  0.36969696969696969       0.55096787696623306        0.0000000000000000     
  0.37272727272727268       0.40722381231567401        0.0000000000000000     
  0.37575757575757573       0.52624069125744899        0.0000000000000000     
  0.37878787878787878       0.48311598652631388        0.0000000000000000     
  0.38181818181818183       0.43246886402202567        0.0000000000000000     
  0.38484848484848483       0.53949933188786658        0.0000000000000000     
  0.38787878787878788       0.48755706346009181        0.0000000000000000     
  0.39090909090909093       0.44594121448967772        0.0000000000000000     
  0.39393939393939398       0.56426263554988532        0.0000000000000000     
  0.39696969696969697       0.42054036580765458        0.0000000000000000     
  0.40000000000000002       0.23745256886918026        0.0000000000000000     
  0.40303030303030307       0.42014515079392101        0.0000000000000000     
  0.40606060606060607       0.58204703248383061        0.0000000000000000     
  0.40909090909090912       0.45953109260035341        0.0000000000000000     
  0.41212121212121217       0.51252052038771201        0.0000000000000000     
  0.41515151515151516       0.57365236708541134        0.0000000000000000     
  0.41818181818181821       0.46411076379888933        0.0000000000000000     
  0.42121212121212120       0.52664450294354692        0.0000000000000000     
  0.42424242424242425       0.57800071438350753        0.0000000000000000     
  0.42727272727272730       0.45623755234047780        0.0000000000000000     
  0.43030303030303030       0.61811584277567777        0.0000000000000000     
  0.43333333333333335       0.82260418528777346        0.0000000000000000     
  0.43636363636363640       0.63116436165669176        0.0000000000000000     
  0.43939393939393939       0.46222881734860582        0.0000000000000000     
  0.44242424242424244       0.60115294245187267        0.0000000000000000     
  0.44545454545454549       0.55010646665480145        0.0000000000000000     
  0.44848484848484849       0.49024647003094368        0.0000000000000000     
  0.45151515151515154       0.61512690773981971        0.0000000000000000     
  0.45454545454545453       0.55374947404790742        0.0000000000000000     
  0.45757575757575758       0.50447082504173724        0.0000000000000000     
  0.46060606060606063       0.64258012800826747        0.0000000000000000     
  0.46363636363636362       0.47367011935696912        0.0000000000000000     
  0.46666666666666667       0.25863811851324831        0.0000000000000000     
  0.46969696969696972       0.47216686560434218        0.0000000000000000     
  0.47272727272727272       0.66133652030666834        0.0000000000000000     
  0.47575757575757577       0.51727256986511982        0.0000000000000000     
  0.47878787878787882       0.57883668473790839        0.0000000000000000     
  0.48181818181818181       0.64994073488294712        0.0000000000000000     
  0.48484848484848486       0.52107795901842102        0.0000000000000000     
  0.48787878787878786       0.59382451409349368        0.0000000000000000     
  0.49090909090909091       0.65347509707713203        0.0000000000000000     
  0.49393939393939396       0.51029312678808258        0.0000000000000000     
  0.49696969696969695       0.69943514117302885        0.0000000000000000     
  0.50000000000000000       0.93850054358761181        0.0000000000000000     
  0.50303030303030305       0.71368302385605675        0.0000000000000000     
  0.50606060606060610       0.51523228412620037        0.0000000000000000     
  0.50909090909090904       0.67748041674127568        0.0000000000000000     
  0.51212121212121209       0.61715252420027833        0.0000000000000000     
  0.51515151515151514       0.54649841052843562        0.0000000000000000     
  0.51818181818181819       0.69229248075720895        0.0000000000000000     
  0.52121212121212124       0.61986048614257039        0.0000000000000000     
  0.52424242424242429       0.56160383967027250        0.0000000000000000     
  0.52727272727272723       0.72289729892249843        0.0000000000000000     
  0.53030303030303028       0.52447647763770966        0.0000000000000000     
  0.53333333333333333       0.27201755969041969        0.0000000000000000     
  0.53636363636363638       0.52167500796613209        0.0000000000000000     
  0.53939393939393943       0.74279251408962466        0.0000000000000000     
  0.54242424242424236       0.57348218069565959        0.0000000000000000     
  0.54545454545454541       0.64509269095481114        0.0000000000000000     
  0.54848484848484846       0.72788051424598144        0.0000000000000000     
  0.55151515151515151       0.57638039463784119        0.0000000000000000     
  0.55454545454545456       0.66109263263788609        0.0000000000000000     
  0.55757575757575761       0.73046118377347802        0.0000000000000000     
  0.56060606060606055       0.56218420836058713        0.0000000000000000     
  0.56363636363636360       0.78326933014699129        0.0000000000000000     
  0.56666666666666665        1.0628463934091648        0.0000000000000000     
  0.56969696969696970       0.79892242830290860        0.0000000000000000     
  0.57272727272727275       0.56589068052465330        0.0000000000000000     
  0.57575757575757569       0.75546601460192186        0.0000000000000000     
  0.57878787878787874       0.68426369814010279        0.0000000000000000     
  0.58181818181818179       0.60096282935864054        0.0000000000000000     
  0.58484848484848484       0.77126002362765922        0.0000000000000000     
  0.58787878787878789       0.68587612899076000        0.0000000000000000     
  0.59090909090909094       0.61710055495596094        0.0000000000000000     
  0.59393939393939388       0.80555736121145927        0.0000000000000000     
  0.59696969696969693       0.57256066690226959        0.0000000000000000     
  0.59999999999999998       0.27625109836338752        0.0000000000000000     
  0.60303030303030303       0.56823816325140597        0.0000000000000000     
  0.60606060606060608       0.82678686003235369        0.0000000000000000     
  0.60909090909090902       0.62789700464659415        0.0000000000000000     
  0.61212121212121207       0.71127821385415624        0.0000000000000000     
  0.61515151515151512       0.80775514363533307        0.0000000000000000     
  0.61818181818181817       0.62973234121904531        0.0000000000000000     
  0.62121212121212122       0.72846398080596708        0.0000000000000000     
  0.62424242424242427       0.80921843435807828        0.0000000000000000     
  0.62727272727272720       0.61153929637227855        0.0000000000000000     
  0.63030303030303025       0.87005005056109719        0.0000000000000000     
  0.63333333333333330        1.1970919552313086        0.0000000000000000     
  0.63636363636363635       0.88734954701736002        0.0000000000000000     
  0.63939393939393940       0.61380151260935201        0.0000000000000000     
  0.64242424242424245       0.83539432650333290        0.0000000000000000     
  0.64545454545454550       0.75145116466497841        0.0000000000000000     
  0.64848484848484855       0.65333292693231237        0.0000000000000000     
  0.65151515151515149       0.85233881574110382        0.0000000000000000     
  0.65454545454545454       0.75178003398213700        0.0000000000000000     
  0.65757575757575759       0.67068012621006012        0.0000000000000000     
  0.66060606060606064       0.89096243481840509        0.0000000000000000     
  0.66363636363636369       0.61745547024843561        0.0000000000000000     
  0.66666666666666674       0.26976898621371204        0.0000000000000000     
  0.66969696969696979       0.61135087139115396        0.0000000000000000     
  0.67272727272727273       0.91375522580487334        0.0000000000000000     
  0.67575757575757578       0.68020899517086963        0.0000000000000000     
  0.67878787878787883       0.77738115609845693        0.0000000000000000     
  0.68181818181818188       0.88989670920365005        0.0000000000000000     
  0.68484848484848482       0.68079902842238271        0.0000000000000000     
  0.68787878787878787       0.79595627631647803        0.0000000000000000     
  0.69090909090909092       0.89005084086822872        0.0000000000000000     
  0.69393939393939397       0.65792312796903873        0.0000000000000000     
  0.69696969696969691       0.96028302754974559        0.0000000000000000     
  0.69999999999999996        1.3429363567518144        0.0000000000000000     
  0.70303030303030301       0.97951150032011780        0.0000000000000000     
  0.70606060606060606       0.65849320478025231        0.0000000000000000     
  0.70909090909090911       0.91759878833084907        0.0000000000000000     
  0.71212121212121215       0.81872801818051544        0.0000000000000000     
  0.71515151515151520       0.70324924640314923        0.0000000000000000     
  0.71818181818181814       0.93589121936277708        0.0000000000000000     
  0.72121212121212119       0.81755302309542177        0.0000000000000000     
  0.72424242424242424       0.72201350623155269        0.0000000000000000     
  0.72727272727272729       0.97958365716236240        0.0000000000000000     
  0.73030303030303034       0.65861348044331014        0.0000000000000000     
  0.73333333333333339       0.25073205265593024        0.0000000000000000     
  0.73636363636363644       0.65042091815576430        0.0000000000000000     
  0.73939393939393949        1.0042080544854439        0.0000000000000000     
  0.74242424242424243       0.73005723444386728        0.0000000000000000     
  0.74545454545454548       0.84338734403515891        0.0000000000000000     
  0.74848484848484853       0.97469429439611077        0.0000000000000000     
  0.75151515151515158       0.72918822791777438        0.0000000000000000     
  0.75454545454545463       0.86359027785204312        0.0000000000000000     
  0.75757575757575768       0.97331457072684335        0.0000000000000000     
  0.76060606060606062       0.70082573436869833        0.0000000000000000     
  0.76363636363636367        1.0545607859021837        0.0000000000000000     
  0.76666666666666672        1.5023703538427911        0.0000000000000000     
  0.76969696969696977        1.0760493130103319        0.0000000000000000     
  0.77272727272727282       0.69941324300550611        0.0000000000000000     
  0.77575757575757576        1.0024700649224230        0.0000000000000000     
  0.77878787878787881       0.88610960053824206        0.0000000000000000     
  0.78181818181818186       0.75029063588923095        0.0000000000000000     
  0.78484848484848491        1.0223417904623604        0.0000000000000000     
  0.78787878787878796       0.88317262670780305        0.0000000000000000     
  0.79090909090909101       0.77071517211448604        0.0000000000000000     
  0.79393939393939394        1.0719730288873832        0.0000000000000000     
  0.79696969696969699       0.69539333653164104        0.0000000000000000     
  0.80000000000000004       0.21698546280205233        0.0000000000000000     
  0.80303030303030309       0.68475444518689588        0.0000000000000000     
  0.80606060606060614        1.0987433985669059        0.0000000000000000     
  0.80909090909090908       0.77701885885174549        0.0000000000000000     
  0.81212121212121213       0.90928017133026329        0.0000000000000000     
  0.81515151515151518        1.0626037626267266        0.0000000000000000     
  0.81818181818181823       0.77444039163697165        0.0000000000000000     
  0.82121212121212128       0.93139030699213854        0.0000000000000000     
  0.82424242424242433        1.0594269218153631        0.0000000000000000     
  0.82727272727272727       0.73964961877987578        0.0000000000000000     
  0.83030303030303032        1.1535775478390011        0.0000000000000000     
  0.83333333333333337        1.6777263838760788        0.0000000000000000     
  0.83636363636363642        1.1777140315717833        0.0000000000000000     
  0.83939393939393947       0.73591428303039741        0.0000000000000000     
  0.84242424242424241        1.0904658725056771        0.0000000000000000     
  0.84545454545454546       0.95361388677385517        0.0000000000000000     
  0.84848484848484851       0.79396365950403103        0.0000000000000000     
  0.85151515151515156        1.1121879532715198        0.0000000000000000     
  0.85454545454545461       0.94861251864403084        0.0000000000000000     
  0.85757575757575766       0.81633343209386533        0.0000000000000000     
  0.86060606060606060        1.1687772927455655        0.0000000000000000     
  0.86363636363636365       0.72704359817769559        0.0000000000000000     
  0.86666666666666670       0.16600453871834692        0.0000000000000000     
  0.86969696969696975       0.71353850440383992        0.0000000000000000     
  0.87272727272727280        1.1980619567154402        0.0000000000000000     
  0.87575757575757573       0.82059842698469898        0.0000000000000000     
  0.87878787878787878       0.97504018143735949        0.0000000000000000     
  0.88181818181818183        1.1541592189949341        0.0000000000000000     
  0.88484848484848488       0.81601709741415052        0.0000000000000000     
  0.88787878787878793       0.99938485972749791        0.0000000000000000     
  0.89090909090909098        1.1488768145419774        0.0000000000000000     
  0.89393939393939392       0.77369473361513419        0.0000000000000000     
  0.89696969696969697        1.2581466877543011        0.0000000000000000     
  0.90000000000000002        1.8717372099034002        0.0000000000000000     
  0.90303030303030307        1.2853856076403820        0.0000000000000000     
  0.90606060606060612       0.76723787428197510        0.0000000000000000     
  0.90909090909090906        1.1821224869995830        0.0000000000000000     
  0.91212121212121211        1.0212619370512770        0.0000000000000000     
  0.91515151515151516       0.83369019095983765        0.0000000000000000     
  0.91818181818181821        1.2060125069589489        0.0000000000000000     
  0.92121212121212126        1.0138418542606871        0.0000000000000000     
  0.92424242424242431       0.85833906871628840        0.0000000000000000     
  0.92727272727272725        1.2707541945688978        0.0000000000000000     
  0.93030303030303030       0.75268385229522305        0.0000000000000000     
  0.93333333333333335        9.4831281763621933E-002   0.0000000000000000     
  0.93636363636363640       0.73582061815153854        0.0000000000000000     
  0.93939393939393945        1.3029846913495713        0.0000000000000000     
  0.94242424242424239       0.86021546281550099        0.0000000000000000     
  0.94545454545454544        1.0406445784041116        0.0000000000000000     
  0.94848484848484849        1.2499864392233695        0.0000000000000000     
  0.95151515151515154       0.85328751150469140        0.0000000000000000     
  0.95454545454545459        1.0676073229312562        0.0000000000000000     
  0.95757575757575764        1.2422370847063600        0.0000000000000000     
  0.96060606060606057       0.80214087928198230        0.0000000000000000     
  0.96363636363636362        1.3692211827864385        0.0000000000000000     
  0.96666666666666667        2.0876046301762141        0.0000000000000000     
  0.96969696969696972        1.4000950225181632        0.0000000000000000     
  0.97272727272727277       0.79249539024110438        0.0000000000000000     
  0.97575757575757571        1.2780682275328636        0.0000000000000000     
  0.97878787878787876        1.0890784261757354        0.0000000000000000     
  0.98181818181818181       0.86879287781076719        0.0000000000000000     
  0.98484848484848486        1.3044982788770199        0.0000000000000000     
  0.98787878787878791        1.0788244949231782        0.0000000000000000     
  0.99090909090909096       0.89611203279166185        0.0000000000000000     
  0.99393939393939390        1.3787915351780109        0.0000000000000000     
  0.99696969696969695       0.77128257693125213        0.0000000000000000     
   1.0000000000000000        4.4315423407883424E-016   0.0000000000000000     
