X My_beautiful_solution_real My_beautiful_solution_imag
   0.0000000000000000        0.0000000000000000        0.0000000000000000     
   6.6666666666666671E-003   1.6163215557988428        0.0000000000000000     
   1.3333333333333334E-002  0.97734728242877233        0.0000000000000000     
   2.0000000000000004E-002   1.8507596658606564        0.0000000000000000     
   2.6666666666666668E-002   1.2061033231667264        0.0000000000000000     
   3.3333333333333333E-002   2.8519723022169376        0.0000000000000000     
   4.0000000000000001E-002   1.2197479772444222        0.0000000000000000     
   4.6666666666666669E-002   1.8837823365785171        0.0000000000000000     
   5.3333333333333337E-002   1.0079606159274470        0.0000000000000000     
   5.9999999999999998E-002   1.6777802478013988        0.0000000000000000     
   6.6666666666666666E-002   1.5471830816515326E-002   0.0000000000000000     
   7.3333333333333334E-002   1.6907966058831465        0.0000000000000000     
   8.0000000000000002E-002   1.0281558346752786        0.0000000000000000     
   8.6666666666666670E-002   1.9333394927580185        0.0000000000000000     
   9.3333333333333338E-002   1.2648083713180820        0.0000000000000000     
  0.10000000000000001        2.9707636546530503        0.0000000000000000     
  0.10666666666666667        1.2784644371128282        0.0000000000000000     
  0.11333333333333334        1.9665951480138899        0.0000000000000000     
  0.12000000000000000        1.0584250922198404        0.0000000000000000     
  0.12666666666666668        1.7525531395674374        0.0000000000000000     
  0.13333333333333333        2.9067072964580561E-002   0.0000000000000000     
  0.13999999999999999        1.7655578786615407        0.0000000000000000     
  0.14666666666666667        1.0783830947400701        0.0000000000000000     
  0.15333333333333332        2.0165026295863990        0.0000000000000000     
  0.16000000000000000        1.3232215798172504        0.0000000000000000     
  0.16666666666666666        3.0914656801685196        0.0000000000000000     
  0.17333333333333334        1.3368894756348886        0.0000000000000000     
  0.17999999999999999        2.0499998096194787        0.0000000000000000     
  0.18666666666666668        1.1082956639444108        0.0000000000000000     
  0.19333333333333336        1.8276231716585254        0.0000000000000000     
  0.20000000000000001        4.0716938548473441E-002   0.0000000000000000     
  0.20666666666666667        1.8406158658614675        0.0000000000000000     
  0.21333333333333335        1.1280077548817897        0.0000000000000000     
  0.22000000000000000        2.1002704580494083        0.0000000000000000     
  0.22666666666666668        1.3813322510425836        0.0000000000000000     
  0.23333333333333334        3.2141484160511018        0.0000000000000000     
  0.24000000000000002        1.3950124105222974        0.0000000000000000     
  0.24666666666666670        2.1340180161483637        0.0000000000000000     
  0.25333333333333335        1.1575505610424481        0.0000000000000000     
  0.26000000000000006        1.9030012359968134        0.0000000000000000     
  0.26666666666666672        5.0350118195807862E-002   0.0000000000000000     
  0.27333333333333337        1.9159814437932357        0.0000000000000000     
  0.28000000000000003        1.1770077263063556        0.0000000000000000     
  0.28666666666666674        2.1846651436145290        0.0000000000000000     
  0.29333333333333339        1.4391292952423487        0.0000000000000000     
  0.30000000000000004        3.3388844668626843        0.0000000000000000     
  0.30666666666666670        1.4528221679187241        0.0000000000000000     
  0.31333333333333335        2.2186722575925821        0.0000000000000000     
  0.32000000000000006        1.2061672154558976        0.0000000000000000     
  0.32666666666666672        1.9786986237568032        0.0000000000000000     
  0.33333333333333337        5.7892688630570045E-002   0.0000000000000000     
  0.34000000000000002        1.9916658874472453        0.0000000000000000     
  0.34666666666666668        1.2253601105368355        0.0000000000000000     
  0.35333333333333333        2.2697096642426260        0.0000000000000000     
  0.35999999999999999        1.4966012161608484        0.0000000000000000     
  0.36666666666666664        3.4657490985450927        0.0000000000000000     
  0.37333333333333329        1.5103072680465248        0.0000000000000000     
  0.38000000000000000        2.3039858483332840        0.0000000000000000     
  0.38666666666666666        1.2541222318760179        0.0000000000000000     
  0.39333333333333337        2.0547270400002469        0.0000000000000000     
  0.40000000000000002        6.3268016858538903E-002   0.0000000000000000     
  0.40666666666666668        2.0676808851078858        0.0000000000000000     
  0.41333333333333333        1.2730411697338178        0.0000000000000000     
  0.42000000000000004        2.3554278401705746        0.0000000000000000     
  0.42666666666666669        1.5537360961377491        0.0000000000000000     
  0.43333333333333335        3.5948203359745827        0.0000000000000000     
  0.44000000000000000        1.5674558103274541        0.0000000000000000     
  0.44666666666666666        2.3899829573593059        0.0000000000000000     
  0.45333333333333337        1.3013913574199156        0.0000000000000000     
  0.46000000000000002        2.1310986188475001        0.0000000000000000     
  0.46666666666666667        6.6396660840451885E-002   0.0000000000000000     
  0.47333333333333333        2.1440385535031896        0.0000000000000000     
  0.47999999999999998        1.3200262959280249        0.0000000000000000     
  0.48666666666666669        2.4418443647854873        0.0000000000000000     
  0.49333333333333335        1.6105215806610882        0.0000000000000000     
  0.50000000000000000        3.7261790640934720        0.0000000000000000     
  0.50666666666666671        1.6242554579577693        0.0000000000000000     
  0.51333333333333331        2.4766886395936423        0.0000000000000000     
  0.52000000000000002        1.3479494501953295        0.0000000000000000     
  0.52666666666666662        2.2078259392050823        0.0000000000000000     
  0.53333333333333333        6.7196266523769657E-002   0.0000000000000000     
  0.54000000000000004        2.2207514535098052        0.0000000000000000     
  0.54666666666666663        1.3662899791248160        0.0000000000000000     
  0.55333333333333334        2.5289848366308858        0.0000000000000000     
  0.55999999999999994        1.6669448623541414        0.0000000000000000     
  0.56666666666666665        3.8599091327478536        0.0000000000000000     
  0.57333333333333336        1.6806934219180927        0.0000000000000000     
  0.57999999999999996        2.5641288683680052        0.0000000000000000     
  0.58666666666666667        1.3937704467133532        0.0000000000000000     
  0.59333333333333327        2.2849220410696249        0.0000000000000000     
  0.59999999999999998        6.5581461100728322E-002   0.0000000000000000     
  0.60666666666666669        2.2978326064335977        0.0000000000000000     
  0.61333333333333329        1.4118057742398082        0.0000000000000000     
  0.62000000000000000        2.6168757925858692        0.0000000000000000     
  0.62666666666666659        1.7229926643752949        0.0000000000000000     
  0.63333333333333330        3.9960974653686550        0.0000000000000000     
  0.64000000000000001        1.7367564443970571        0.0000000000000000     
  0.64666666666666672        2.6523305690878693        0.0000000000000000     
  0.65333333333333332        1.4388273281065351        0.0000000000000000     
  0.66000000000000003        2.3624004424295291        0.0000000000000000     
  0.66666666666666674        6.1463742353321582E-002   0.0000000000000000     
  0.67333333333333334        2.3752955108870735        0.0000000000000000     
  0.68000000000000005        1.4565462668223754        0.0000000000000000     
  0.68666666666666665        2.7055447422605874        0.0000000000000000     
  0.69333333333333336        1.7786512232094256        0.0000000000000000     
  0.69999999999999996        4.1348341716364105        0.0000000000000000     
  0.70666666666666667        1.7924307816073530        0.0000000000000000     
  0.71333333333333337        2.7413216541315166        0.0000000000000000     
  0.71999999999999997        1.4830920851086868        0.0000000000000000     
  0.72666666666666668        2.4402751567861385        0.0000000000000000     
  0.73333333333333339        5.4751363942207795E-002   0.0000000000000000     
  0.74000000000000010        2.4531541602854494        0.0000000000000000     
  0.74666666666666670        1.5004830375227474        0.0000000000000000     
  0.75333333333333341        2.7950202036524900        0.0000000000000000     
  0.76000000000000001        1.8339062708284768        0.0000000000000000     
  0.76666666666666672        4.2762126642758469        0.0000000000000000     
  0.77333333333333343        1.8477021859718856        0.0000000000000000     
  0.78000000000000003        2.8311310590283325        0.0000000000000000     
  0.78666666666666674        1.5265356817510101        0.0000000000000000     
  0.79333333333333333        2.5185607113171677        0.0000000000000000     
  0.80000000000000004        4.5349216490774023E-002   0.0000000000000000     
  0.80666666666666675        2.5314230609840358        0.0000000000000000     
  0.81333333333333335        1.5435866252565758        0.0000000000000000     
  0.82000000000000006        2.8853317401096104        0.0000000000000000     
  0.82666666666666666        1.8887430161981400        0.0000000000000000     
  0.83333333333333337        4.4203297801316834        0.0000000000000000     
  0.84000000000000008        1.9025558876569391        0.0000000000000000     
  0.84666666666666668        2.9217887799632418        0.0000000000000000     
  0.85333333333333339        1.5691280177274822        0.0000000000000000     
  0.85999999999999999        2.5972721657059479        0.0000000000000000     
  0.86666666666666670        3.3158704310256880E-002   0.0000000000000000     
  0.87333333333333341        2.6101172510804944        0.0000000000000000     
  0.88000000000000000        1.5858264890193292        0.0000000000000000     
  0.88666666666666671        2.9765099986487273        0.0000000000000000     
  0.89333333333333331        1.9431461261066099        0.0000000000000000     
  0.90000000000000002        4.5672859056825486        0.0000000000000000     
  0.90666666666666673        1.9569765754284374        0.0000000000000000     
  0.91333333333333333        3.0133259126559202        0.0000000000000000     
  0.92000000000000004        1.6108378893806818        0.0000000000000000     
  0.92666666666666664        2.6764251316608418        0.0000000000000000     
  0.93333333333333335        1.8077617606112359E-002   0.0000000000000000     
  0.94000000000000006        2.6892523199062781        0.0000000000000000     
  0.94666666666666666        1.6271709683009252        0.0000000000000000     
  0.95333333333333337        3.0685867496781389        0.0000000000000000     
  0.95999999999999996        1.9970997052906430        0.0000000000000000     
  0.96666666666666667        4.7171851071557249        0.0000000000000000     
  0.97333333333333338        2.0109483768064749        0.0000000000000000     
  0.97999999999999998        3.1057746926651331        0.0000000000000000     
  0.98666666666666669        1.6516329492575550        0.0000000000000000     
  0.99333333333333329        2.7560357931501760        0.0000000000000000     
   1.0000000000000000        0.0000000000000000        0.0000000000000000     
