X My_beautiful_solution_real My_beautiful_solution_imag
   0.0000000000000000        3.0248634818065072E-018   0.0000000000000000     
   2.2222222222222218E-003   1.3573921192719893E-002   0.0000000000000000     
   4.4444444444444436E-003   1.8590103096557502E-002   0.0000000000000000     
   6.6666666666666671E-003   1.8448997335660720E-002   0.0000000000000000     
   8.8888888888888889E-003   2.5315275149267569E-002   0.0000000000000000     
   1.1111111111111110E-002   2.2011139629926239E-002   0.0000000000000000     
   1.3333333333333334E-002   2.6897084303039723E-002   0.0000000000000000     
   1.5555555555555555E-002   3.1546866255768878E-002   0.0000000000000000     
   1.7777777777777778E-002   2.8717510706120608E-002   0.0000000000000000     
   2.0000000000000000E-002   3.3451684048449296E-002   0.0000000000000000     
   2.2222222222222220E-002   3.8250321248089671E-002   0.0000000000000000     
   2.4444444444444442E-002   3.4955221338668810E-002   0.0000000000000000     
   2.6666666666666668E-002   4.1909301158417463E-002   0.0000000000000000     
   2.8888888888888891E-002   4.1606226903664237E-002   0.0000000000000000     
   3.1111111111111110E-002   4.6854710890986820E-002   0.0000000000000000     
   3.3333333333333333E-002   6.2380226649628029E-002   0.0000000000000000     
   3.5555555555555556E-002   5.1492565378278059E-002   0.0000000000000000     
   3.7777777777777778E-002   5.0488091226071147E-002   0.0000000000000000     
   4.0000000000000001E-002   5.5439680620230525E-002   0.0000000000000000     
   4.2222222222222223E-002   5.2298562262425415E-002   0.0000000000000000     
   4.4444444444444439E-002   6.0903080766815713E-002   0.0000000000000000     
   4.6666666666666669E-002   6.0049015370668687E-002   0.0000000000000000     
   4.8888888888888885E-002   5.9467690271618197E-002   0.0000000000000000     
   5.1111111111111107E-002   6.7523893488232248E-002   0.0000000000000000     
   5.3333333333333330E-002   6.6845106212957195E-002   0.0000000000000000     
   5.5555555555555552E-002   6.6091870728555158E-002   0.0000000000000000     
   5.7777777777777775E-002   7.4685954161185827E-002   0.0000000000000000     
   5.9999999999999998E-002   7.1443434764292879E-002   0.0000000000000000     
   6.2222222222222220E-002   7.6582078809003293E-002   0.0000000000000000     
   6.4444444444444443E-002   7.5309322943396803E-002   0.0000000000000000     
   6.6666666666666666E-002   6.2167798399912995E-002   0.0000000000000000     
   6.8888888888888888E-002   7.9530401428719144E-002   0.0000000000000000     
   7.1111111111111111E-002   8.5479080249890954E-002   0.0000000000000000     
   7.3333333333333334E-002   8.4549202885234265E-002   0.0000000000000000     
   7.5555555555555556E-002   9.2965455650659737E-002   0.0000000000000000     
   7.7777777777777779E-002   8.7816872771535937E-002   0.0000000000000000     
   8.0000000000000002E-002   9.3591847086141600E-002   0.0000000000000000     
   8.2222222222222224E-002   9.9051838284278895E-002   0.0000000000000000     
   8.4444444444444447E-002   9.4536495377354299E-002   0.0000000000000000     
   8.6666666666666670E-002  0.10010904398021617        0.0000000000000000     
   8.8888888888888892E-002  0.10576757154979455        0.0000000000000000     
   9.1111111111111115E-002  0.10063103995703515        0.0000000000000000     
   9.3333333333333338E-002  0.10916439905271337        0.0000000000000000     
   9.5555555555555560E-002  0.10801849546308115        0.0000000000000000     
   9.7777777777777783E-002  0.11427700825846843        0.0000000000000000     
  0.10000000000000001       0.13424255953184167        0.0000000000000000     
  0.10222222222222223       0.11897941423872598        0.0000000000000000     
  0.10444444444444445       0.11689801530405794        0.0000000000000000     
  0.10666666666666667       0.12276054356782669        0.0000000000000000     
  0.10888888888888890       0.11782938557902810        0.0000000000000000     
  0.11111111111111112       0.12856402487499510        0.0000000000000000     
  0.11333333333333334       0.12668323431175316        0.0000000000000000     
  0.11555555555555555       0.12516621237645617        0.0000000000000000     
  0.11777777777777779       0.13516953363090536        0.0000000000000000     
  0.12000000000000000       0.13352252106899709        0.0000000000000000     
  0.12222222222222222       0.13177621286513413        0.0000000000000000     
  0.12444444444444444       0.14249693433606062        0.0000000000000000     
  0.12666666666666668       0.13743053224415783        0.0000000000000000     
  0.12888888888888889       0.14354254550998174        0.0000000000000000     
  0.13111111111111112       0.14110332460391808        0.0000000000000000     
  0.13333333333333333       0.12283407878657684        0.0000000000000000     
  0.13555555555555554       0.14524985367119103        0.0000000000000000     
  0.13777777777777778       0.15244225455247867        0.0000000000000000     
  0.13999999999999999       0.15046034942692235        0.0000000000000000     
  0.14222222222222222       0.16094388842608101        0.0000000000000000     
  0.14444444444444443       0.15333526538227590        0.0000000000000000     
  0.14666666666666667       0.16029598707756085        0.0000000000000000     
  0.14888888888888888       0.16683659858992347        0.0000000000000000     
  0.15111111111111111       0.16007256227678868        0.0000000000000000     
  0.15333333333333332       0.16676329774632806        0.0000000000000000     
  0.15555555555555556       0.17356870805888680        0.0000000000000000     
  0.15777777777777777       0.16597615847379832        0.0000000000000000     
  0.16000000000000000       0.17661588858051680        0.0000000000000000     
  0.16222222222222221       0.17434585748202566        0.0000000000000000     
  0.16444444444444445       0.18195150085403017        0.0000000000000000     
  0.16666666666666666       0.20783896995331497        0.0000000000000000     
  0.16888888888888889       0.18674000268546234        0.0000000000000000     
  0.17111111111111110       0.18322225036009249        0.0000000000000000     
  0.17333333333333334       0.19029974753849158        0.0000000000000000     
  0.17555555555555555       0.18298111594397656        0.0000000000000000     
  0.17777777777777778       0.19655681366056332        0.0000000000000000     
  0.17999999999999999       0.19330662367491672        0.0000000000000000     
  0.18222222222222223       0.19054161177291107        0.0000000000000000     
  0.18444444444444444       0.20314191068196422        0.0000000000000000     
  0.18666666666666668       0.20020352318276413        0.0000000000000000     
  0.18888888888888888       0.19713269966358729        0.0000000000000000     
  0.19111111111111112       0.21068983441689765        0.0000000000000000     
  0.19333333333333336       0.20319082037670966        0.0000000000000000     
  0.19555555555555557       0.21060106932614012        0.0000000000000000     
  0.19777777777777777       0.20660607029770214        0.0000000000000000     
  0.20000000000000001       0.18149770260459661        0.0000000000000000     
  0.20222222222222222       0.21065316873515344        0.0000000000000000     
  0.20444444444444446       0.21950438964475924        0.0000000000000000     
  0.20666666666666667       0.21611933764572477        0.0000000000000000     
  0.20888888888888890       0.22936012918446114        0.0000000000000000     
  0.21111111111111111       0.21847041623600266        0.0000000000000000     
  0.21333333333333335       0.22701263396378030        0.0000000000000000     
  0.21555555555555556       0.23499452779936358        0.0000000000000000     
  0.21777777777777779       0.22523128629449859        0.0000000000000000     
  0.22000000000000000       0.23341340864968541        0.0000000000000000     
  0.22222222222222224       0.24174847910513109        0.0000000000000000     
  0.22444444444444445       0.23088020420629690        0.0000000000000000     
  0.22666666666666668       0.24432931635441546        0.0000000000000000     
  0.22888888888888889       0.24055997501139462        0.0000000000000000     
  0.23111111111111110       0.24996235999707206        0.0000000000000000     
  0.23333333333333334       0.28374821428280672        0.0000000000000000     
  0.23555555555555557       0.25486569256670838        0.0000000000000000     
  0.23777777777777778       0.24943219728827246        0.0000000000000000     
  0.24000000000000002       0.25813016485471463        0.0000000000000000     
  0.24222222222222223       0.24762722933792619        0.0000000000000000     
  0.24444444444444446       0.26499220181362493        0.0000000000000000     
  0.24666666666666670       0.25991556903862928        0.0000000000000000     
  0.24888888888888891       0.25548604476822168        0.0000000000000000     
  0.25111111111111112       0.27155007459007385        0.0000000000000000     
  0.25333333333333335       0.26688930981805359        0.0000000000000000     
  0.25555555555555559       0.26205190789417043        0.0000000000000000     
  0.25777777777777783       0.27939212193206753        0.0000000000000000     
  0.26000000000000006       0.26864860049722328        0.0000000000000000     
  0.26222222222222225       0.27779037727148326        0.0000000000000000     
  0.26444444444444448       0.27172035200384292        0.0000000000000000     
  0.26666666666666672       0.23749027399663380        0.0000000000000000     
  0.26888888888888896       0.27563483438062819        0.0000000000000000     
  0.27111111111111114       0.28669851414626984        0.0000000000000000     
  0.27333333333333337       0.28144200853952062        0.0000000000000000     
  0.27555555555555561       0.29836029835738004        0.0000000000000000     
  0.27777777777777785       0.28309441663046803        0.0000000000000000     
  0.28000000000000003       0.29374596197856689        0.0000000000000000     
  0.28222222222222226       0.30365017275367390        0.0000000000000000     
  0.28444444444444450       0.28988672750504357        0.0000000000000000     
  0.28666666666666674       0.30005799399075528        0.0000000000000000     
  0.28888888888888892       0.31043325570991864        0.0000000000000000     
  0.29111111111111115       0.29519596708047224        0.0000000000000000     
  0.29333333333333339       0.31239210547096452        0.0000000000000000     
  0.29555555555555563       0.30662305218100167        0.0000000000000000     
  0.29777777777777781       0.31842184957267600        0.0000000000000000     
  0.30000000000000004       0.36274221149385999        0.0000000000000000     
  0.30222222222222228       0.32347833816849231        0.0000000000000000     
  0.30444444444444446       0.31548971189932651        0.0000000000000000     
  0.30666666666666670       0.32634898931238560        0.0000000000000000     
  0.30888888888888894       0.31159897376709922        0.0000000000000000     
  0.31111111111111117       0.33401790891242517        0.0000000000000000     
  0.31333333333333335       0.32650524965152128        0.0000000000000000     
  0.31555555555555559       0.31985567434026280        0.0000000000000000     
  0.31777777777777783       0.34053947122672940        0.0000000000000000     
  0.32000000000000006       0.33358147783096925        0.0000000000000000     
  0.32222222222222224       0.32638789382002920        0.0000000000000000     
  0.32444444444444448       0.34877380728485896        0.0000000000000000     
  0.32666666666666672       0.33370290916282874        0.0000000000000000     
  0.32888888888888895       0.34515411915173355        0.0000000000000000     
  0.33111111111111113       0.33631651807655794        0.0000000000000000     
  0.33333333333333337       0.28992031690824782        0.0000000000000000     
  0.33555555555555561       0.34005412317138090        0.0000000000000000     
  0.33777777777777779       0.35406868013050136        0.0000000000000000     
  0.34000000000000002       0.34631611465145462        0.0000000000000000     
  0.34222222222222226       0.36813928474372937        0.0000000000000000     
  0.34444444444444444       0.34703666774469011        0.0000000000000000     
  0.34666666666666668       0.36050153852544081        0.0000000000000000     
  0.34888888888888892       0.37296964837600599        0.0000000000000000     
  0.35111111111111110       0.35387091295257983        0.0000000000000000     
  0.35333333333333333       0.36669520958766377        0.0000000000000000     
  0.35555555555555557       0.37979158580530314        0.0000000000000000     
  0.35777777777777775       0.35872710498175564        0.0000000000000000     
  0.35999999999999999       0.38092085688800847        0.0000000000000000     
  0.36222222222222222       0.37248467857483425        0.0000000000000000     
  0.36444444444444440       0.38747970205484239        0.0000000000000000     
  0.36666666666666664       0.44585051207414850        0.0000000000000000     
  0.36888888888888888       0.39274046320626593        0.0000000000000000     
  0.37111111111111111       0.38134391920505889        0.0000000000000000     
  0.37333333333333329       0.39508585358460779        0.0000000000000000     
  0.37555555555555553       0.37467127548224383        0.0000000000000000     
  0.37777777777777777       0.40383095662508756        0.0000000000000000     
  0.38000000000000000       0.39306923581424086        0.0000000000000000     
  0.38222222222222224       0.38345865719802441        0.0000000000000000     
  0.38444444444444442       0.41030408969320059        0.0000000000000000     
  0.38666666666666666       0.40028215703569664        0.0000000000000000     
  0.38888888888888890       0.38994600430967696        0.0000000000000000     
  0.39111111111111113       0.41906164263400669        0.0000000000000000     
  0.39333333333333337       0.39821908591639577        0.0000000000000000     
  0.39555555555555555       0.41275051309639788        0.0000000000000000     
  0.39777777777777779       0.40022164503589441        0.0000000000000000     
  0.40000000000000002       0.33759882104420053        0.0000000000000000     
  0.40222222222222226       0.40372333924091114        0.0000000000000000     
  0.40444444444444444       0.42167364225345105        0.0000000000000000     
  0.40666666666666668       0.41059194541875182        0.0000000000000000     
  0.40888888888888891       0.43895702217700966        0.0000000000000000     
  0.41111111111111115       0.41006963261512364        0.0000000000000000     
  0.41333333333333333       0.42728678915449991        0.0000000000000000     
  0.41555555555555557       0.44317451121051277        0.0000000000000000     
  0.41777777777777780       0.41695980793329046        0.0000000000000000     
  0.42000000000000004       0.43332259575434040        0.0000000000000000     
  0.42222222222222222       0.45004827097227168        0.0000000000000000     
  0.42444444444444446       0.42121174571016590        0.0000000000000000     
  0.42666666666666669       0.45007108767033022        0.0000000000000000     
  0.42888888888888893       0.43807761906826270        0.0000000000000000     
  0.43111111111111111       0.45733562382068532        0.0000000000000000     
  0.43333333333333335       0.53444628373044178        0.0000000000000000     
  0.43555555555555558       0.46286883443436638        0.0000000000000000     
  0.43777777777777777       0.44692696445554969        0.0000000000000000     
  0.44000000000000000       0.46451365584643522        0.0000000000000000     
  0.44222222222222224       0.43654394133323399        0.0000000000000000     
  0.44444444444444448       0.47469412350928197        0.0000000000000000     
  0.44666666666666666       0.45959895188565214        0.0000000000000000     
  0.44888888888888889       0.44603912146817376        0.0000000000000000     
  0.45111111111111113       0.48110266384714195        0.0000000000000000     
  0.45333333333333337       0.46699418808171994        0.0000000000000000     
  0.45555555555555555       0.45246661985209818        0.0000000000000000     
  0.45777777777777778       0.49055805971601885        0.0000000000000000     
  0.46000000000000002       0.46201752675275465        0.0000000000000000     
  0.46222222222222226       0.48065720780395355        0.0000000000000000     
  0.46444444444444444       0.46320509539369470        0.0000000000000000     
  0.46666666666666667       0.37893993844467477        0.0000000000000000     
  0.46888888888888891       0.46639214236243692        0.0000000000000000     
  0.47111111111111109       0.48959176480827415        0.0000000000000000     
  0.47333333333333333       0.47406982368849332        0.0000000000000000     
  0.47555555555555556       0.51116019860533890        0.0000000000000000     
  0.47777777777777780       0.47188983276822993        0.0000000000000000     
  0.47999999999999998       0.49411161772740114        0.0000000000000000     
  0.48222222222222222       0.51456026331881455        0.0000000000000000     
  0.48444444444444446       0.47885460512868516        0.0000000000000000     
  0.48666666666666669       0.49993687187315466        0.0000000000000000     
  0.48888888888888887       0.52150314135527331        0.0000000000000000     
  0.49111111111111111       0.48230061601236141        0.0000000000000000     
  0.49333333333333335       0.52005021941965202        0.0000000000000000     
  0.49555555555555558       0.50331219850401632        0.0000000000000000     
  0.49777777777777776       0.52825597417085701        0.0000000000000000     
  0.50000000000000000       0.63036099521871625        0.0000000000000000     
  0.50222222222222224       0.53415256551018375        0.0000000000000000     
  0.50444444444444447       0.51214834606543935        0.0000000000000000     
  0.50666666666666671       0.53486299983550656        0.0000000000000000     
  0.50888888888888884       0.49681658732289269        0.0000000000000000     
  0.51111111111111107       0.54695789167709774        0.0000000000000000     
  0.51333333333333331       0.52608296006487609        0.0000000000000000     
  0.51555555555555554       0.50725579686067757        0.0000000000000000     
  0.51777777777777778       0.55328028116336214        0.0000000000000000     
  0.52000000000000002       0.53372135969837708        0.0000000000000000     
  0.52222222222222225       0.51360347172823240        0.0000000000000000     
  0.52444444444444449       0.56366642825297364        0.0000000000000000     
  0.52666666666666662       0.52485868400245628        0.0000000000000000     
  0.52888888888888885       0.54897776758377614        0.0000000000000000     
  0.53111111111111109       0.52495925533742338        0.0000000000000000     
  0.53333333333333333       0.41182853708623413        0.0000000000000000     
  0.53555555555555556       0.52772664010499892        0.0000000000000000     
  0.53777777777777780       0.55792756653204467        0.0000000000000000     
  0.54000000000000004       0.53648342913792557        0.0000000000000000     
  0.54222222222222216       0.58521121067694537        0.0000000000000000     
  0.54444444444444440       0.53209250239159456        0.0000000000000000     
  0.54666666666666663       0.56098923356526320        0.0000000000000000     
  0.54888888888888887       0.58752103193717520        0.0000000000000000     
  0.55111111111111111       0.53915676890091890        0.0000000000000000     
  0.55333333333333334       0.56653366240522507        0.0000000000000000     
  0.55555555555555558       0.59455609679098820        0.0000000000000000     
  0.55777777777777782       0.54152787107735756        0.0000000000000000     
  0.55999999999999994       0.59113490165300275        0.0000000000000000     
  0.56222222222222218       0.56806881222789074        0.0000000000000000     
  0.56444444444444442       0.60059601104990157        0.0000000000000000     
  0.56666666666666665       0.73603737643101519        0.0000000000000000     
  0.56888888888888889       0.60697726310637456        0.0000000000000000     
  0.57111111111111112       0.57688735712826045        0.0000000000000000     
  0.57333333333333336       0.60644145434942021        0.0000000000000000     
  0.57555555555555549       0.55495519945018779        0.0000000000000000     
  0.57777777777777772       0.62108971826041026        0.0000000000000000     
  0.57999999999999996       0.59250600513228946        0.0000000000000000     
  0.58222222222222220       0.56665351255377405        0.0000000000000000     
  0.58444444444444443       0.62729720365140607        0.0000000000000000     
  0.58666666666666667       0.60046872512087890        0.0000000000000000     
  0.58888888888888891       0.57289472243857198        0.0000000000000000     
  0.59111111111111114       0.63892474447024783        0.0000000000000000     
  0.59333333333333327       0.58642305985763465        0.0000000000000000     
  0.59555555555555550       0.61785032181067678        0.0000000000000000     
  0.59777777777777774       0.58507384352725689        0.0000000000000000     
  0.59999999999999998       0.43344354988682615        0.0000000000000000     
  0.60222222222222221       0.58728150190036976        0.0000000000000000     
  0.60444444444444445       0.62682044977191587        0.0000000000000000     
  0.60666666666666669       0.59747755580948669        0.0000000000000000     
  0.60888888888888881       0.66172678205193469        0.0000000000000000     
  0.61111111111111105       0.59013778321791588        0.0000000000000000     
  0.61333333333333329       0.62793725466099226        0.0000000000000000     
  0.61555555555555552       0.66258248608293746        0.0000000000000000     
  0.61777777777777776       0.59733475050672902        0.0000000000000000     
  0.62000000000000000       0.63310713145540953        0.0000000000000000     
  0.62222222222222223       0.66974050552916120        0.0000000000000000     
  0.62444444444444447       0.59827218824208650        0.0000000000000000     
  0.62666666666666659       0.66369411693840752        0.0000000000000000     
  0.62888888888888883       0.63218793698125042        0.0000000000000000     
  0.63111111111111107       0.67482956137823580        0.0000000000000000     
  0.63333333333333330       0.85473342961611964        0.0000000000000000     
  0.63555555555555554       0.68185723189936009        0.0000000000000000     
  0.63777777777777778       0.64098300425133037        0.0000000000000000     
  0.64000000000000001       0.67965924068916428        0.0000000000000000     
  0.64222222222222225       0.61024753408065946        0.0000000000000000     
  0.64444444444444449       0.69771307636276436        0.0000000000000000     
  0.64666666666666672       0.65884774036842797        0.0000000000000000     
  0.64888888888888896       0.62362518236664333        0.0000000000000000     
  0.65111111111111108       0.70376730788725750        0.0000000000000000     
  0.65333333333333332       0.66724302412497305        0.0000000000000000     
  0.65555555555555556       0.62972439409013570        0.0000000000000000     
  0.65777777777777779       0.71705056331236905        0.0000000000000000     
  0.66000000000000003       0.64628452264489589        0.0000000000000000     
  0.66222222222222227       0.68745910117476949        0.0000000000000000     
  0.66444444444444450       0.64300164533574722        0.0000000000000000     
  0.66666666666666674       0.44002236562725955        0.0000000000000000     
  0.66888888888888898       0.64446276605122133        0.0000000000000000     
  0.67111111111111121       0.69645634305072490        0.0000000000000000     
  0.67333333333333334       0.65657844612058935        0.0000000000000000     
  0.67555555555555558       0.74152947075365439        0.0000000000000000     
  0.67777777777777781       0.64530563679567310        0.0000000000000000     
  0.68000000000000005       0.69497917909380413        0.0000000000000000     
  0.68222222222222229       0.74044573923010959        0.0000000000000000     
  0.68444444444444441       0.65267959436056855        0.0000000000000000     
  0.68666666666666665       0.69964949537167020        0.0000000000000000     
  0.68888888888888888       0.74776774993049333        0.0000000000000000     
  0.69111111111111112       0.65170487554180734        0.0000000000000000     
  0.69333333333333336       0.73821999747613054        0.0000000000000000     
  0.69555555555555548       0.69545680788285702        0.0000000000000000     
  0.69777777777777772       0.75158859399421996        0.0000000000000000     
  0.69999999999999996       0.99079453028507392        0.0000000000000000     
  0.70222222222222219       0.75947842812104338        0.0000000000000000     
  0.70444444444444443       0.70422056175536130        0.0000000000000000     
  0.70666666666666667       0.75506349340507772        0.0000000000000000     
  0.70888888888888890       0.66174363298508154        0.0000000000000000     
  0.71111111111111114       0.77765952610875122        0.0000000000000000     
  0.71333333333333337       0.72508102824245679        0.0000000000000000     
  0.71555555555555561       0.67736110230838242        0.0000000000000000     
  0.71777777777777774       0.78350935458265558        0.0000000000000000     
  0.71999999999999997       0.73405324591761500        0.0000000000000000     
  0.72222222222222221       0.68327092332995520        0.0000000000000000     
  0.72444444444444445       0.79900092699283876        0.0000000000000000     
  0.72666666666666668       0.70387471728139295        0.0000000000000000     
  0.72888888888888892       0.75804982420785882        0.0000000000000000     
  0.73111111111111116       0.69801281073217059        0.0000000000000000     
  0.73333333333333339       0.42654658425713837        0.0000000000000000     
  0.73555555555555563       0.69847823340698290        0.0000000000000000     
  0.73777777777777787       0.76708322939250173        0.0000000000000000     
  0.74000000000000010       0.71315422371255521        0.0000000000000000     
  0.74222222222222223       0.82571636733579545        0.0000000000000000     
  0.74444444444444446       0.69663570852247536        0.0000000000000000     
  0.74666666666666670       0.76214634753512367        0.0000000000000000     
  0.74888888888888894       0.82204590470512706        0.0000000000000000     
  0.75111111111111117       0.70424572768360538        0.0000000000000000     
  0.75333333333333341       0.76615037267224029        0.0000000000000000     
  0.75555555555555565       0.82958663949636147        0.0000000000000000     
  0.75777777777777788       0.70072066125023469        0.0000000000000000     
  0.76000000000000001       0.81536892685584483        0.0000000000000000     
  0.76222222222222225       0.75759164879201246        0.0000000000000000     
  0.76444444444444448       0.83171600024790249        0.0000000000000000     
  0.76666666666666672        1.1500163430477157        0.0000000000000000     
  0.76888888888888896       0.84075574905637684        0.0000000000000000     
  0.77111111111111119       0.76631363827622234        0.0000000000000000     
  0.77333333333333343       0.83338395572468404        0.0000000000000000     
  0.77555555555555555       0.70817648499814978        0.0000000000000000     
  0.77777777777777779       0.86203816464608574        0.0000000000000000     
  0.78000000000000003       0.79116967394758497        0.0000000000000000     
  0.78222222222222226       0.72678132595029166        0.0000000000000000     
  0.78444444444444450       0.86761536960944918        0.0000000000000000     
  0.78666666666666674       0.80091137989500361        0.0000000000000000     
  0.78888888888888897       0.73243854625053295        0.0000000000000000     
  0.79111111111111121       0.88605229497363092        0.0000000000000000     
  0.79333333333333333       0.75843559755659629        0.0000000000000000     
  0.79555555555555557       0.82995021913392830        0.0000000000000000     
  0.79777777777777781       0.74913389887515480        0.0000000000000000     
  0.80000000000000004       0.38632289158620470        0.0000000000000000     
  0.80222222222222228       0.74827130470040204        0.0000000000000000     
  0.80444444444444452       0.83903185729816077        0.0000000000000000     
  0.80666666666666675       0.76636212058053155        0.0000000000000000     
  0.80888888888888888       0.91575072137935321        0.0000000000000000     
  0.81111111111111112       0.74284712102240025        0.0000000000000000     
  0.81333333333333335       0.82948056074987198        0.0000000000000000     
  0.81555555555555559       0.90863019421580182        0.0000000000000000     
  0.81777777777777783       0.75077198842519777        0.0000000000000000     
  0.82000000000000006       0.83259591700797486        0.0000000000000000     
  0.82222222222222230       0.91646265327101262        0.0000000000000000     
  0.82444444444444454       0.74384538410972700        0.0000000000000000     
  0.82666666666666666       0.89601635971465932        0.0000000000000000     
  0.82888888888888890       0.81821397197352130        0.0000000000000000     
  0.83111111111111113       0.91633599036115876        0.0000000000000000     
  0.83333333333333337        1.3401288622818190        0.0000000000000000     
  0.83555555555555561       0.92690944317469248        0.0000000000000000     
  0.83777777777777784       0.82688025801240550        0.0000000000000000     
  0.84000000000000008       0.91559392604009915        0.0000000000000000     
  0.84222222222222221       0.74785620814020048        0.0000000000000000     
  0.84444444444444444       0.95232825540586219        0.0000000000000000     
  0.84666666666666668       0.85706540249347896        0.0000000000000000     
  0.84888888888888892       0.77044546976707562        0.0000000000000000     
  0.85111111111111115       0.95754184750588700        0.0000000000000000     
  0.85333333333333339       0.86783341696956007        0.0000000000000000     
  0.85555555555555562       0.77576578269134422        0.0000000000000000     
  0.85777777777777786       0.97990715094362368        0.0000000000000000     
  0.85999999999999999       0.80895611584439120        0.0000000000000000     
  0.86222222222222222       0.90359739498177372        0.0000000000000000     
  0.86444444444444446       0.79506657855723795        0.0000000000000000     
  0.86666666666666670       0.31042404897273768        0.0000000000000000     
  0.86888888888888893       0.79243273579033957        0.0000000000000000     
  0.87111111111111117       0.91274336410477419        0.0000000000000000     
  0.87333333333333341       0.81507809101486384        0.0000000000000000     
  0.87555555555555553        1.0135841487551271        0.0000000000000000     
  0.87777777777777777       0.78223149819347682        0.0000000000000000     
  0.88000000000000000       0.89703757070086509        0.0000000000000000     
  0.88222222222222224        1.0018620821241448        0.0000000000000000     
  0.88444444444444448       0.79057629588930933        0.0000000000000000     
  0.88666666666666671       0.89896766074690604        0.0000000000000000     
  0.88888888888888895        1.0100836297605977        0.0000000000000000     
  0.89111111111111119       0.77911287475048352        0.0000000000000000     
  0.89333333333333331       0.98132993770861243        0.0000000000000000     
  0.89555555555555555       0.87681896766662604        0.0000000000000000     
  0.89777777777777779        1.0069479848973857        0.0000000000000000     
  0.90000000000000002        1.5714420036058698        0.0000000000000000     
  0.90222222222222226        1.0195670224944422        0.0000000000000000     
  0.90444444444444450       0.88541095897864375        0.0000000000000000     
  0.90666666666666673        1.0029915455664222        0.0000000000000000     
  0.90888888888888886       0.77852891453445794        0.0000000000000000     
  0.91111111111111109        1.0505027728052374        0.0000000000000000     
  0.91333333333333333       0.92270382688935015        0.0000000000000000     
  0.91555555555555557       0.80643241559508438        0.0000000000000000     
  0.91777777777777780        1.0552313945733838        0.0000000000000000     
  0.92000000000000004       0.93484068509440832        0.0000000000000000     
  0.92222222222222228       0.81130337675429831        0.0000000000000000     
  0.92444444444444451        1.0828361903673254        0.0000000000000000     
  0.92666666666666664       0.85408778271490138        0.0000000000000000     
  0.92888888888888888       0.97957434793259790        0.0000000000000000     
  0.93111111111111111       0.83407919454821411        0.0000000000000000     
  0.93333333333333335       0.18694331074473081        0.0000000000000000     
  0.93555555555555558       0.82908294081024425        0.0000000000000000     
  0.93777777777777782       0.98880611876827018        0.0000000000000000     
  0.94000000000000006       0.85780293387108797        0.0000000000000000     
  0.94222222222222218        1.1218196261231625        0.0000000000000000     
  0.94444444444444442       0.81251028553809646        0.0000000000000000     
  0.94666666666666666       0.96489173682539486        0.0000000000000000     
  0.94888888888888889        1.1039602350252009        0.0000000000000000     
  0.95111111111111113       0.82141516719715746        0.0000000000000000     
  0.95333333333333337       0.96524097259980390        0.0000000000000000     
  0.95555555555555560        1.1127007313496708        0.0000000000000000     
  0.95777777777777784       0.80390074571610803        0.0000000000000000     
  0.95999999999999996        1.0728670082765324        0.0000000000000000     
  0.96222222222222220       0.93273334352692761        0.0000000000000000     
  0.96444444444444444        1.1055518429418238        0.0000000000000000     
  0.96666666666666667        1.8577066644805307        0.0000000000000000     
  0.96888888888888891        1.1208991886692479        0.0000000000000000     
  0.97111111111111115       0.94122624390466458        0.0000000000000000     
  0.97333333333333338        1.0973082161306797        0.0000000000000000     
  0.97555555555555551       0.79718847084014666        0.0000000000000000     
  0.97777777777777775        1.1591931805638762        0.0000000000000000     
  0.97999999999999998       0.98799907068956139        0.0000000000000000     
  0.98222222222222222       0.83217986323170556        0.0000000000000000     
  0.98444444444444446        1.1632749709173043        0.0000000000000000     
  0.98666666666666669        1.0019616305252981        0.0000000000000000     
  0.98888888888888893       0.83645149940381991        0.0000000000000000     
  0.99111111111111116        1.1978679637830922        0.0000000000000000     
  0.99333333333333329       0.89203204417765214        0.0000000000000000     
  0.99555555555555553        1.0586586518293208        0.0000000000000000     
  0.99777777777777776       0.86386214370592884        0.0000000000000000     
   1.0000000000000000        1.8990052567958283E-016   0.0000000000000000     
