X My_beautiful_solution_real My_beautiful_solution_imag
   0.0000000000000000        0.0000000000000000        0.0000000000000000     
   1.1111111111111110E-002   5.8529207192355468        0.0000000000000000     
   2.2222222222222220E-002   2.4723155345581103        0.0000000000000000     
   3.3333333333333333E-002   8.3585368881896525        0.0000000000000000     
   4.4444444444444439E-002   2.4856255858561336        0.0000000000000000     
   5.5555555555555552E-002   5.9129614703166418        0.0000000000000000     
   6.6666666666666666E-002   6.5089038352055236E-003   0.0000000000000000     
   7.7777777777777779E-002   5.9441602626409544        0.0000000000000000     
   8.8888888888888892E-002   2.5143610250482746        0.0000000000000000     
  0.10000000000000001        8.4857960165398971        0.0000000000000000     
  0.11111111111111112        2.5275418126432649        0.0000000000000000     
  0.12222222222222222        6.0044272253114235        0.0000000000000000     
  0.13333333333333333        1.2145268840529334E-002   0.0000000000000000     
  0.14444444444444443        6.0357562153958391        0.0000000000000000     
  0.15555555555555556        2.5560494056453824        0.0000000000000000     
  0.16666666666666666        8.6139339886690305        0.0000000000000000     
  0.17777777777777778        2.5690990546737411        0.0000000000000000     
  0.18888888888888888        6.0962526706685622        0.0000000000000000     
  0.20000000000000001        1.6896439558501598E-002   0.0000000000000000     
  0.21111111111111111        6.1277137469244138        0.0000000000000000     
  0.22222222222222224        2.5973754967644012        0.0000000000000000     
  0.23333333333333334        8.7429635514826352        0.0000000000000000     
  0.24444444444444446        2.6102921051691568        0.0000000000000000     
  0.25555555555555559        6.1884430234006880        0.0000000000000000     
  0.26666666666666672        2.0749576974685758E-002   0.0000000000000000     
  0.27777777777777785        6.2200381016291200        0.0000000000000000     
  0.28888888888888892        2.6383340436947083        0.0000000000000000     
  0.30000000000000004        8.8728976367696202        0.0000000000000000     
  0.31111111111111117        2.6511156818311306        0.0000000000000000     
  0.32222222222222224        6.2810035761888514        0.0000000000000000     
  0.33333333333333337        2.3691655855184932E-002   0.0000000000000000     
  0.34444444444444444        6.3127345999782563        0.0000000000000000     
  0.35555555555555557        2.6789197155103173        0.0000000000000000     
  0.36666666666666664        9.0037493638839674        0.0000000000000000     
  0.37777777777777777        2.6915644257457338        0.0000000000000000     
  0.38888888888888890        6.3739396984802461        0.0000000000000000     
  0.40000000000000002        2.5709462045937617E-002   0.0000000000000000     
  0.41111111111111115        6.4058086396089813        0.0000000000000000     
  0.42222222222222222        2.7191271039646843        0.0000000000000000     
  0.43333333333333335        9.1355320424649626        0.0000000000000000     
  0.44444444444444448        2.7316329002726754        0.0000000000000000     
  0.45555555555555555        6.4672568376011981        0.0000000000000000     
  0.46666666666666667        2.6789589732419492E-002   0.0000000000000000     
  0.47777777777777780        6.4992656964468409        0.0000000000000000     
  0.48888888888888887        2.7589507223690326        0.0000000000000000     
  0.50000000000000000        9.2682591751973114        0.0000000000000000     
  0.51111111111111107        2.7713155899173985        0.0000000000000000     
  0.52222222222222225        6.5609605198873044        0.0000000000000000     
  0.53333333333333333        2.6918438659786489E-002   0.0000000000000000     
  0.54444444444444440        6.5931113258411163        0.0000000000000000     
  0.55555555555555558        2.7983850044546963        0.0000000000000000     
  0.56666666666666665        9.4019444606110252        0.0000000000000000     
  0.57777777777777772        2.8106068991877828        0.0000000000000000     
  0.58888888888888891        6.6550563518289465        0.0000000000000000     
  0.59999999999999998        2.6082211312703378E-002   0.0000000000000000     
  0.61111111111111105        6.6873511637168788        0.0000000000000000     
  0.62222222222222223        2.8374243032188624        0.0000000000000000     
  0.63333333333333330        9.5366017959220244        0.0000000000000000     
  0.64444444444444449        2.8495011514336777        0.0000000000000000     
  0.65555555555555556        6.7495500212340573        0.0000000000000000     
  0.66666666666666674        2.4266910054226529E-002   0.0000000000000000     
  0.67777777777777781        6.7819909277436672        0.0000000000000000     
  0.68888888888888888        2.8760628897535727        0.0000000000000000     
  0.69999999999999996        9.6722452799139074        0.0000000000000000     
  0.71111111111111114        2.8879925876697814        0.0000000000000000     
  0.72222222222222221        6.8444472984075722        0.0000000000000000     
  0.73333333333333339        2.1458334223219182E-002   0.0000000000000000     
  0.74444444444444446        6.8770364185210546        0.0000000000000000     
  0.75555555555555565        2.9142949520578427        0.0000000000000000     
  0.76666666666666672        9.8088892158615284        0.0000000000000000     
  0.77777777777777779        2.9260753653814624        0.0000000000000000     
  0.78888888888888897        6.9397540373479343        0.0000000000000000     
  0.80000000000000004        1.7642077189639817E-002   0.0000000000000000     
  0.81111111111111112        6.9724935207816205        0.0000000000000000     
  0.82222222222222230        2.9521145938323032        0.0000000000000000     
  0.83333333333333337        9.9465481144969630        0.0000000000000000     
  0.84444444444444444        2.9637435573132209        0.0000000000000000     
  0.85555555555555562        7.0354761769610104        0.0000000000000000     
  0.86666666666666670        1.2803523367136020E-002   0.0000000000000000     
  0.87777777777777777        7.0683682046110858        0.0000000000000000     
  0.88888888888888895        2.9895158332566751        0.0000000000000000     
  0.90000000000000002        10.085236697018511        0.0000000000000000     
  0.91111111111111109        3.0009911502395910        0.0000000000000000     
  0.92222222222222228        7.1316197422916128        0.0000000000000000     
  0.93333333333333335        6.9278451823052839E-003   0.0000000000000000     
  0.94444444444444442        7.1646665266863696        0.0000000000000000     
  0.95555555555555560        3.0264926017492861        0.0000000000000000     
  0.96666666666666667        10.224969898143341        0.0000000000000000     
  0.97777777777777775        3.0378120437182230        0.0000000000000000     
  0.98888888888888893        7.2281908457728719        0.0000000000000000     
   1.0000000000000000        0.0000000000000000        0.0000000000000000     
