X My_beautiful_solution_real My_beautiful_solution_imag
   0.0000000000000000        0.0000000000000000        0.0000000000000000     
   6.6666666666666671E-003   2.7626883186019260        0.0000000000000000     
   1.3333333333333334E-002   1.6649577602667103        0.0000000000000000     
   2.0000000000000004E-002   3.1257586930226076        0.0000000000000000     
   2.6666666666666668E-002   2.0376046137027788        0.0000000000000000     
   3.3333333333333333E-002   4.7504941244060905        0.0000000000000000     
   4.0000000000000001E-002   2.0370892781581027        0.0000000000000000     
   4.6666666666666669E-002   3.1152374705566594        0.0000000000000000     
   5.3333333333333337E-002   1.6804956997769176        0.0000000000000000     
   5.9999999999999998E-002   2.7492382475374737        0.0000000000000000     
   6.6666666666666666E-002   8.4743850499259601E-002   0.0000000000000000     
   7.3333333333333334E-002   2.7497443900346075        0.0000000000000000     
   8.0000000000000002E-002   1.6908292346296592        0.0000000000000000     
   8.6666666666666670E-002   3.0999767116488202        0.0000000000000000     
   9.3333333333333338E-002   2.0502994140112571        0.0000000000000000     
  0.10000000000000001        4.6672620156350231        0.0000000000000000     
  0.10666666666666667        2.0498023005673112        0.0000000000000000     
  0.11333333333333334        3.0898275162584001        0.0000000000000000     
  0.12000000000000000        1.7058177575474109        0.0000000000000000     
  0.12666666666666668        2.7367699091993267        0.0000000000000000     
  0.13333333333333333       0.16649118543465966        0.0000000000000000     
  0.13999999999999999        2.7372581546589601        0.0000000000000000     
  0.14666666666666667        1.7157859018988577        0.0000000000000000     
  0.15333333333333332        3.0751063729251911        0.0000000000000000     
  0.16000000000000000        2.0625453302239514        0.0000000000000000     
  0.16666666666666666        4.5869729677217927        0.0000000000000000     
  0.17333333333333334        2.0620657945530612        0.0000000000000000     
  0.17999999999999999        3.0653160498513952        0.0000000000000000     
  0.18666666666666668        1.7302444354198780        0.0000000000000000     
  0.19333333333333336        2.7247424473338171        0.0000000000000000     
  0.20000000000000001       0.24534796064217163        0.0000000000000000     
  0.20666666666666667        2.7252134285894964        0.0000000000000000     
  0.21333333333333335        1.7398601093617816        0.0000000000000000     
  0.22000000000000000        3.0511154414579611        0.0000000000000000     
  0.22666666666666668        2.0743582347395271        0.0000000000000000     
  0.23333333333333334        4.5095229149717850        0.0000000000000000     
  0.24000000000000002        2.0738956552972327        0.0000000000000000     
  0.24666666666666670        3.0416713010899676        0.0000000000000000     
  0.25333333333333335        1.7538073937423464        0.0000000000000000     
  0.26000000000000006        2.7131402726892944        0.0000000000000000     
  0.26666666666666672       0.32141638539311168        0.0000000000000000     
  0.27333333333333337        2.7135946001977738        0.0000000000000000     
  0.28000000000000003        1.7630830605161263        0.0000000000000000     
  0.28666666666666674        3.0279728216866220        0.0000000000000000     
  0.29333333333333339        2.0857534387136738        0.0000000000000000     
  0.30000000000000004        4.4348114714202689        0.0000000000000000     
  0.30666666666666670        2.0853072159331330        0.0000000000000000     
  0.31333333333333335        3.0188626231142077        0.0000000000000000     
  0.32000000000000006        1.7765371733630204        0.0000000000000000     
  0.32666666666666672        2.7019483472450565        0.0000000000000000     
  0.33333333333333337       0.39479505487168987        0.0000000000000000     
  0.34000000000000002        2.7023866098775269        0.0000000000000000     
  0.34666666666666668        1.7854848555138478        0.0000000000000000     
  0.35333333333333333        3.0056485175797834        0.0000000000000000     
  0.35999999999999999        2.0967457119045338        0.0000000000000000     
  0.36666666666666664        4.3627418007180028        0.0000000000000000     
  0.37333333333333329        2.0963152674194001        0.0000000000000000     
  0.38000000000000000        2.9968604527273879        0.0000000000000000     
  0.38666666666666666        1.7984632352154621        0.0000000000000000     
  0.39333333333333337        2.6911521647200369        0.0000000000000000     
  0.40000000000000002       0.46557907796770859        0.0000000000000000     
  0.40666666666666668        2.6915749305254097        0.0000000000000000     
  0.41333333333333333        1.8070945301751569        0.0000000000000000     
  0.42000000000000004        2.9841135937561445        0.0000000000000000     
  0.42666666666666669        2.1073493018162477        0.0000000000000000     
  0.43333333333333335        4.2932204906186318        0.0000000000000000     
  0.44000000000000000        2.1069340777110148        0.0000000000000000     
  0.44666666666666666        2.9756362720780749        0.0000000000000000     
  0.45333333333333337        1.8196139985039299        0.0000000000000000     
  0.46000000000000002        2.6807377317706731        0.0000000000000000     
  0.46666666666666667       0.53386020055073402        0.0000000000000000     
  0.47333333333333333        2.6811455487118141        0.0000000000000000     
  0.47999999999999998        1.8279400936228032        0.0000000000000000     
  0.48666666666666669        2.9633401379803512        0.0000000000000000     
  0.49333333333333335        2.1175779521657816        0.0000000000000000     
  0.50000000000000000        4.2261574319027666        0.0000000000000000     
  0.50666666666666671        2.1171774102526668        0.0000000000000000     
  0.51333333333333331        2.9551625716969041        0.0000000000000000     
  0.52000000000000002        1.8400168775387540        0.0000000000000000     
  0.52666666666666662        2.6706915498535428        0.0000000000000000     
  0.53333333333333333       0.59972692438584463        0.0000000000000000     
  0.54000000000000004        2.6710849465175288        0.0000000000000000     
  0.54666666666666663        1.8480485645859726        0.0000000000000000     
  0.55333333333333334        2.9433012249847215        0.0000000000000000     
  0.55999999999999994        2.1274449206966457        0.0000000000000000     
  0.56666666666666665        4.1614657015844090        0.0000000000000000     
  0.57333333333333336        2.1270585418180099        0.0000000000000000     
  0.57999999999999996        2.9354128148406122        0.0000000000000000     
  0.58666666666666667        1.8596983172689499        0.0000000000000000     
  0.59333333333333327        2.6610005977294282        0.0000000000000000     
  0.59999999999999998       0.66326462184381385        0.0000000000000000     
  0.60666666666666669        2.6613800840126665        0.0000000000000000     
  0.61333333333333329        1.8674460064201626        0.0000000000000000     
  0.62000000000000000        2.9239708815704932        0.0000000000000000     
  0.62666666666666659        2.1369629963627546        0.0000000000000000     
  0.63333333333333330        4.0990614502466611        0.0000000000000000     
  0.64000000000000001        2.1365902797182121        0.0000000000000000     
  0.64666666666666672        2.9163614030967282        0.0000000000000000     
  0.65333333333333332        1.8786838275585582        0.0000000000000000     
  0.66000000000000003        2.6516523145859829        0.0000000000000000     
  0.66666666666666674       0.72455564655557470        0.0000000000000000     
  0.67333333333333334        2.6520183823551116        0.0000000000000000     
  0.68000000000000005        1.8861575608889241        0.0000000000000000     
  0.68666666666666665        2.9053240529429365        0.0000000000000000     
  0.69333333333333336        2.1461445159046888        0.0000000000000000     
  0.69999999999999996        4.0388637933613021        0.0000000000000000     
  0.70666666666666667        2.1457849784019931        0.0000000000000000     
  0.71333333333333337        2.8979836432044888        0.0000000000000000     
  0.71999999999999997        1.8969980162509585        0.0000000000000000     
  0.72666666666666668        2.6426345837571903        0.0000000000000000     
  0.73333333333333339       0.78367944015389523        0.0000000000000000     
  0.74000000000000010        2.6429877074865864        0.0000000000000000     
  0.74666666666666670        1.9042074807510443        0.0000000000000000     
  0.75333333333333341        2.8873365702368874        0.0000000000000000     
  0.76000000000000001        2.1550013798398129        0.0000000000000000     
  0.76666666666666672        3.9807947064512601        0.0000000000000000     
  0.77333333333333343        2.1546545554687029        0.0000000000000000     
  0.78000000000000003        2.8802557150489667        0.0000000000000000     
  0.78666666666666674        1.9146646210640215        0.0000000000000000     
  0.79333333333333333        2.6339357170184754        0.0000000000000000     
  0.80000000000000004       0.84071263524071516        0.0000000000000000     
  0.80666666666666675        2.6010006581621083        0.0000000000000000     
  0.81333333333333335        1.8549872300145269        0.0000000000000000     
  0.82000000000000006        2.7700503309027966        0.0000000000000000     
  0.82666666666666666        2.0302542444524554        0.0000000000000000     
  0.83333333333333337        3.7582113653457143        0.0000000000000000     
  0.84000000000000008        1.9632530062627016        0.0000000000000000     
  0.84666666666666668        2.6298862996649017        0.0000000000000000     
  0.85333333333333339        1.6650749333396000        0.0000000000000000     
  0.85999999999999999        2.3256017959227777        0.0000000000000000     
  0.86666666666666670       0.56239758936431561        0.0000000000000000     
  0.87333333333333341        2.2592637323728813        0.0000000000000000     
  0.88000000000000000        1.5384504453988832        0.0000000000000000     
  0.88666666666666671        2.4199785504246174        0.0000000000000000     
  0.89333333333333331        1.7051627619255854        0.0000000000000000     
  0.90000000000000002        3.3708412133047729        0.0000000000000000     
  0.90666666666666673        1.6381733540783314        0.0000000000000000     
  0.91333333333333333        2.2800560504891432        0.0000000000000000     
  0.92000000000000004        1.3481814507471790        0.0000000000000000     
  0.92666666666666664        1.9841736377879133        0.0000000000000000     
  0.93333333333333335       0.28213711436602457        0.0000000000000000     
  0.94000000000000006        1.9178239549364684        0.0000000000000000     
  0.94666666666666666        1.2213197401700584        0.0000000000000000     
  0.95333333333333337        2.0704986361065147        0.0000000000000000     
  0.95999999999999996        1.3797798501791185        0.0000000000000000     
  0.96666666666666667        2.9853817859633387        0.0000000000000000     
  0.97333333333333338        1.3128018543572211        0.0000000000000000     
  0.97999999999999998        1.9308091270035310        0.0000000000000000     
  0.98666666666666669        1.0307066602684336        0.0000000000000000     
  0.99333333333333329        1.6430317100799423        0.0000000000000000     
   1.0000000000000000        0.0000000000000000        0.0000000000000000     
