X My_beautiful_solution_real My_beautiful_solution_imag
   0.0000000000000000        9.5223726067755085E-019   0.0000000000000000     
   1.9607843137254906E-003   5.9622320411753648E-003   0.0000000000000000     
   3.9215686274509812E-003   7.5029017925158561E-003   0.0000000000000000     
   5.8823529411764696E-003   1.0202703837252395E-002   0.0000000000000000     
   7.8431372549019607E-003   1.2213896262464391E-002   0.0000000000000000     
   9.8039215686274508E-003   1.3066826186670006E-002   0.0000000000000000     
   1.1764705882352939E-002   1.6598038898435068E-002   0.0000000000000000     
   1.3725490196078431E-002   1.7756547273046396E-002   0.0000000000000000     
   1.5686274509803921E-002   1.9031553692421942E-002   0.0000000000000000     
   1.7647058823529412E-002   2.2452853034363049E-002   0.0000000000000000     
   1.9607843137254902E-002   2.3700324233443499E-002   0.0000000000000000     
   2.1568627450980392E-002   2.4886383727236307E-002   0.0000000000000000     
   2.3529411764705879E-002   2.8417028643930736E-002   0.0000000000000000     
   2.5490196078431369E-002   2.9239584008449563E-002   0.0000000000000000     
   2.7450980392156862E-002   3.1298348235819326E-002   0.0000000000000000     
   2.9411764705882353E-002   3.3941877878441447E-002   0.0000000000000000     
   3.1372549019607843E-002   3.5568381139682970E-002   0.0000000000000000     
   3.3333333333333333E-002   4.2295584962854259E-002   0.0000000000000000     
   3.5294117647058823E-002   3.9448497273843551E-002   0.0000000000000000     
   3.7254901960784313E-002   4.1914063151645573E-002   0.0000000000000000     
   3.9215686274509803E-002   4.2986893179706040E-002   0.0000000000000000     
   4.1176470588235294E-002   4.4887110477582683E-002   0.0000000000000000     
   4.3137254901960784E-002   4.8179018540830593E-002   0.0000000000000000     
   4.5098039215686274E-002   4.8252881109848392E-002   0.0000000000000000     
   4.7058823529411764E-002   5.1177626541864973E-002   0.0000000000000000     
   4.9019607843137254E-002   5.3962395713801202E-002   0.0000000000000000     
   5.0980392156862744E-002   5.4168322837824391E-002   0.0000000000000000     
   5.2941176470588235E-002   5.6986176489119897E-002   0.0000000000000000     
   5.4901960784313725E-002   5.9877818338738516E-002   0.0000000000000000     
   5.6862745098039208E-002   5.9952363132343346E-002   0.0000000000000000     
   5.8823529411764705E-002   6.3280767235290039E-002   0.0000000000000000     
   6.0784313725490195E-002   6.5123825436936317E-002   0.0000000000000000     
   6.2745098039215685E-002   6.6264268620304725E-002   0.0000000000000000     
   6.4705882352941169E-002   6.8626702692505745E-002   0.0000000000000000     
   6.6666666666666666E-002   6.4860476065777037E-002   0.0000000000000000     
   6.8627450980392163E-002   7.2598077863865199E-002   0.0000000000000000     
   7.0588235294117646E-002   7.3952350406170486E-002   0.0000000000000000     
   7.2549019607843143E-002   7.6980041209882569E-002   0.0000000000000000     
   7.4509803921568626E-002   7.9013598799587983E-002   0.0000000000000000     
   7.6470588235294124E-002   7.9374993831378582E-002   0.0000000000000000     
   7.8431372549019607E-002   8.3602977130486256E-002   0.0000000000000000     
   8.0392156862745104E-002   8.4405530226903919E-002   0.0000000000000000     
   8.2352941176470587E-002   8.5376269436880231E-002   0.0000000000000000     
   8.4313725490196084E-002   8.9445572798172279E-002   0.0000000000000000     
   8.6274509803921567E-002   9.0376559910190335E-002   0.0000000000000000     
   8.8235294117647065E-002   9.1218888057500072E-002   0.0000000000000000     
   9.0196078431372548E-002   9.5446051641165999E-002   0.0000000000000000     
   9.2156862745098045E-002   9.5763595472233745E-002   0.0000000000000000     
   9.4117647058823528E-002   9.7865831609601370E-002   0.0000000000000000     
   9.6078431372549025E-002  0.10081228296735205        0.0000000000000000     
   9.8039215686274522E-002  0.10229047179059209        0.0000000000000000     
  0.10000000000000001       0.11113244947117905        0.0000000000000000     
  0.10196078431372549       0.10615219620556776        0.0000000000000000     
  0.10392156862745099       0.10884172450491049        0.0000000000000000     
  0.10588235294117647       0.10952058532690695        0.0000000000000000     
  0.10784313725490197       0.11139393013874142        0.0000000000000000     
  0.10980392156862745       0.11527643365857811        0.0000000000000000     
  0.11176470588235295       0.11451310328459362        0.0000000000000000     
  0.11372549019607843       0.11786554077529007        0.0000000000000000     
  0.11568627450980393       0.12101589707895000        0.0000000000000000     
  0.11764705882352941       0.12044322590693037        0.0000000000000000     
  0.11960784313725491       0.12364134567317722        0.0000000000000000     
  0.12156862745098039       0.12694599212257640        0.0000000000000000     
  0.12352941176470589       0.12618364666385037        0.0000000000000000     
  0.12549019607843137       0.13011883885403888        0.0000000000000000     
  0.12745098039215685       0.13190966411570437        0.0000000000000000     
  0.12941176470588234       0.13268613682328825        0.0000000000000000     
  0.13137254901960785       0.13522677560604365        0.0000000000000000     
  0.13333333333333333       0.12891957813233024        0.0000000000000000     
  0.13529411764705881       0.13922024903727653        0.0000000000000000     
  0.13725490196078433       0.14030542331077184        0.0000000000000000     
  0.13921568627450981       0.14380648116680883        0.0000000000000000     
  0.14117647058823529       0.14587232693871385        0.0000000000000000     
  0.14313725490196078       0.14552410196442583        0.0000000000000000     
  0.14509803921568626       0.15075800031871134        0.0000000000000000     
  0.14705882352941177       0.15104666723823018        0.0000000000000000     
  0.14901960784313725       0.15157814139843034        0.0000000000000000     
  0.15098039215686274       0.15658295640548067        0.0000000000000000     
  0.15294117647058822       0.15705704118309560        0.0000000000000000     
  0.15490196078431373       0.15740313062193378        0.0000000000000000     
  0.15686274509803921       0.16263584556790844        0.0000000000000000     
  0.15882352941176470       0.16222431341074550        0.0000000000000000     
  0.16078431372549018       0.16438930915584996        0.0000000000000000     
  0.16274509803921566       0.16777308309771002        0.0000000000000000     
  0.16470588235294117       0.16903715305773159        0.0000000000000000     
  0.16666666666666666       0.18093219138713892        0.0000000000000000     
  0.16862745098039214       0.17287232568140790        0.0000000000000000     
  0.17058823529411765       0.17588518446529536        0.0000000000000000     
  0.17254901960784313       0.17599527909242715        0.0000000000000000     
  0.17450980392156862       0.17782982858372004        0.0000000000000000     
  0.17647058823529410       0.18256496404884062        0.0000000000000000     
  0.17843137254901961       0.18059299341254709        0.0000000000000000     
  0.18039215686274510       0.18456288216858344        0.0000000000000000     
  0.18235294117647058       0.18824102998132941        0.0000000000000000     
  0.18431372549019609       0.18654431057571152        0.0000000000000000     
  0.18627450980392157       0.19029141363280394        0.0000000000000000     
  0.18823529411764706       0.19419230732961007        0.0000000000000000     
  0.19019607843137254       0.19222175859760543        0.0000000000000000     
  0.19215686274509805       0.19703295974016280        0.0000000000000000     
  0.19411764705882353       0.19874837725405975        0.0000000000000000     
  0.19607843137254902       0.19899939238940523        0.0000000000000000     
  0.19803921568627453       0.20179730207955354        0.0000000000000000     
  0.20000000000000001       0.19182175109582783        0.0000000000000000     
  0.20196078431372549       0.20582267836762885        0.0000000000000000     
  0.20392156862745098       0.20651936035279317        0.0000000000000000     
  0.20588235294117649       0.21070380963379698        0.0000000000000000     
  0.20784313725490197       0.21281626926852712        0.0000000000000000     
  0.20980392156862746       0.21144357876636341        0.0000000000000000     
  0.21176470588235294       0.21812969843511776        0.0000000000000000     
  0.21372549019607845       0.21767647720467606        0.0000000000000000     
  0.21568627450980393       0.21757379238226371        0.0000000000000000     
  0.21764705882352942       0.22392918857895919        0.0000000000000000     
  0.21960784313725490       0.22374365174614549        0.0000000000000000     
  0.22156862745098041       0.22337333036500698        0.0000000000000000     
  0.22352941176470589       0.23005774156865394        0.0000000000000000     
  0.22549019607843138       0.22859365563517950        0.0000000000000000     
  0.22745098039215686       0.23084925628730280        0.0000000000000000     
  0.22941176470588237       0.23486438490933520        0.0000000000000000     
  0.23137254901960785       0.23581933535136632        0.0000000000000000     
  0.23333333333333334       0.25212202194665939        0.0000000000000000     
  0.23529411764705882       0.23961617563568266        0.0000000000000000     
  0.23725490196078433       0.24309582077380182        0.0000000000000000     
  0.23921568627450981       0.24238479796474460        0.0000000000000000     
  0.24117647058823530       0.24416333935564952        0.0000000000000000     
  0.24313725490196081       0.25012940409055751        0.0000000000000000     
  0.24509803921568629       0.24641254143637889        0.0000000000000000     
  0.24705882352941178       0.25127383338153797        0.0000000000000000     
  0.24901960784313729       0.25571394422003352        0.0000000000000000     
  0.25098039215686280       0.25239445677359584        0.0000000000000000     
  0.25294117647058828       0.25693411704727359        0.0000000000000000     
  0.25490196078431376       0.26169580207722520        0.0000000000000000     
  0.25686274509803925       0.25798099220047033        0.0000000000000000     
  0.25882352941176473       0.26405687157380575        0.0000000000000000     
  0.26078431372549021       0.26566342429040002        0.0000000000000000     
  0.26274509803921575       0.26515584586227764        0.0000000000000000     
  0.26470588235294124       0.26832517289366720        0.0000000000000000     
  0.26666666666666672       0.25305368650384202        0.0000000000000000     
  0.26862745098039220       0.27239660675734034        0.0000000000000000     
  0.27058823529411768       0.27253242947440154        0.0000000000000000     
  0.27254901960784317       0.27770347855660482        0.0000000000000000     
  0.27450980392156865       0.27988323377936281        0.0000000000000000     
  0.27647058823529419       0.27703154098186472        0.0000000000000000     
  0.27843137254901967       0.28581420621412534        0.0000000000000000     
  0.28039215686274516       0.28428993452193874        0.0000000000000000     
  0.28235294117647064       0.28327172588211147        0.0000000000000000     
  0.28431372549019612       0.29157693163819981        0.0000000000000000     
  0.28627450980392161       0.29043911105417103        0.0000000000000000     
  0.28823529411764709       0.28903452037034050        0.0000000000000000     
  0.29019607843137257       0.29781471912252283        0.0000000000000000     
  0.29215686274509811       0.29483108039906297        0.0000000000000000     
  0.29411764705882359       0.29721748571157064        0.0000000000000000     
  0.29607843137254908       0.30214408963046452        0.0000000000000000     
  0.29803921568627456       0.30265276983284356        0.0000000000000000     
  0.30000000000000004       0.32531869825999032        0.0000000000000000     
  0.30196078431372553       0.30639427041430378        0.0000000000000000     
  0.30392156862745101       0.31054780654294867        0.0000000000000000     
  0.30588235294117649       0.30865135138910493        0.0000000000000000     
  0.30784313725490198       0.31034903490165572        0.0000000000000000     
  0.30980392156862752       0.31809216989014705        0.0000000000000000     
  0.31176470588235300       0.31185623828797393        0.0000000000000000     
  0.31372549019607848       0.31800443284420948        0.0000000000000000     
  0.31568627450980397       0.32354457587840046        0.0000000000000000     
  0.31764705882352945       0.31788232765391639        0.0000000000000000     
  0.31960784313725493       0.32356618840151746        0.0000000000000000     
  0.32156862745098042       0.32957058226147323        0.0000000000000000     
  0.32352941176470590       0.32333761421682250        0.0000000000000000     
  0.32549019607843144       0.33123928660640384        0.0000000000000000     
  0.32745098039215692       0.33268867319030676        0.0000000000000000     
  0.32941176470588240       0.33108592699805145        0.0000000000000000     
  0.33137254901960789       0.33479146250622777        0.0000000000000000     
  0.33333333333333337       0.31187433025674544        0.0000000000000000     
  0.33529411764705885       0.33892938885615209        0.0000000000000000     
  0.33725490196078434       0.33825550922373138        0.0000000000000000     
  0.33921568627450982       0.34485089453867857        0.0000000000000000     
  0.34117647058823530       0.34712780318090353        0.0000000000000000     
  0.34313725490196079       0.34214090160372090        0.0000000000000000     
  0.34509803921568627       0.35395031162760815        0.0000000000000000     
  0.34705882352941175       0.35087978381626800        0.0000000000000000     
  0.34901960784313724       0.34853985005192839        0.0000000000000000     
  0.35098039215686277       0.35965996049279103        0.0000000000000000     
  0.35294117647058826       0.35714734513477187        0.0000000000000000     
  0.35490196078431374       0.35424959862377819        0.0000000000000000     
  0.35686274509803922       0.36605544783512683        0.0000000000000000     
  0.35882352941176471       0.36087805831857711        0.0000000000000000     
  0.36078431372549019       0.36345330394604408        0.0000000000000000     
  0.36274509803921567       0.36969578821378124        0.0000000000000000     
  0.36470588235294116       0.36956019616802160        0.0000000000000000     
  0.36666666666666664       0.40141262137714906        0.0000000000000000     
  0.36862745098039212       0.37322180382451747        0.0000000000000000     
  0.37058823529411761       0.37834822414952896        0.0000000000000000     
  0.37254901960784315       0.37474038182725766        0.0000000000000000     
  0.37450980392156863       0.37632133228786302        0.0000000000000000     
  0.37647058823529411       0.38662999135940518        0.0000000000000000     
  0.37843137254901960       0.37675732562141878        0.0000000000000000     
  0.38039215686274508       0.38476339812851179        0.0000000000000000     
  0.38235294117647056       0.39189163768533436        0.0000000000000000     
  0.38431372549019610       0.38284718823116642        0.0000000000000000     
  0.38627450980392158       0.39018291044331521        0.0000000000000000     
  0.38823529411764707       0.39798138049421855        0.0000000000000000     
  0.39019607843137255       0.38811299319045844        0.0000000000000000     
  0.39215686274509803       0.39865052983155103        0.0000000000000000     
  0.39411764705882352       0.39987301852121127        0.0000000000000000     
  0.39607843137254906       0.39668919849791401        0.0000000000000000     
  0.39803921568627454       0.40116884845539713        0.0000000000000000     
  0.40000000000000002       0.36721383599612939        0.0000000000000000     
  0.40196078431372551       0.40540276880132387        0.0000000000000000     
  0.40392156862745099       0.40355993657768802        0.0000000000000000     
  0.40588235294117647       0.41221161026958414        0.0000000000000000     
  0.40784313725490196       0.41462877754080280        0.0000000000000000     
  0.40980392156862749       0.40655931378827831        0.0000000000000000     
  0.41176470588235298       0.42273838035247835        0.0000000000000000     
  0.41372549019607846       0.41743555063621707        0.0000000000000000     
  0.41568627450980394       0.41318746629017078        0.0000000000000000     
  0.41764705882352943       0.42837140355257730        0.0000000000000000     
  0.41960784313725491       0.42387402192276219        0.0000000000000000     
  0.42156862745098039       0.41882063343497583        0.0000000000000000     
  0.42352941176470588       0.43499455931871900        0.0000000000000000     
  0.42549019607843142       0.42665009158422385        0.0000000000000000     
  0.42745098039215690       0.42949796254819733        0.0000000000000000     
  0.42941176470588238       0.43764015940105150        0.0000000000000000     
  0.43137254901960786       0.43657444319992605        0.0000000000000000     
  0.43333333333333335       0.48168924713916444        0.0000000000000000     
  0.43529411764705883       0.44012071089017768        0.0000000000000000     
  0.43725490196078431       0.44665166647808302        0.0000000000000000     
  0.43921568627450980       0.44057312555108791        0.0000000000000000     
  0.44117647058823528       0.44198555062253103        0.0000000000000000     
  0.44313725490196082       0.45599801026551429        0.0000000000000000     
  0.44509803921568630       0.44087505743827687        0.0000000000000000     
  0.44705882352941179       0.45156331463485078        0.0000000000000000     
  0.44901960784313727       0.46098426032796969        0.0000000000000000     
  0.45098039215686275       0.44705698832304419        0.0000000000000000     
  0.45294117647058824       0.45677747296122229        0.0000000000000000     
  0.45490196078431372       0.46716601825840420        0.0000000000000000     
  0.45686274509803920       0.45204924212903386        0.0000000000000000     
  0.45882352941176474       0.46639212816656600        0.0000000000000000     
  0.46078431372549022       0.46728704848300107        0.0000000000000000     
  0.46274509803921571       0.46182066085584023        0.0000000000000000     
  0.46470588235294119       0.46741788579874072        0.0000000000000000     
  0.46666666666666667       0.41752768594497908        0.0000000000000000     
  0.46862745098039216       0.47179039093504155        0.0000000000000000     
  0.47058823529411764       0.46825996306421053        0.0000000000000000     
  0.47254901960784312       0.47988026297790198        0.0000000000000000     
  0.47450980392156861       0.48249991908703427        0.0000000000000000     
  0.47647058823529415       0.46998021625004260        0.0000000000000000     
  0.47843137254901963       0.49246767668118557        0.0000000000000000     
  0.48039215686274511       0.48394211320627506        0.0000000000000000     
  0.48235294117647060       0.47693926648570556        0.0000000000000000     
  0.48431372549019608       0.49799007679885082        0.0000000000000000     
  0.48627450980392156       0.49062732411279786        0.0000000000000000     
  0.48823529411764705       0.48246187441373134        0.0000000000000000     
  0.49019607843137253       0.50494191333776783        0.0000000000000000     
  0.49215686274509807       0.49202519224150498        0.0000000000000000     
  0.49411764705882355       0.49526664745744980        0.0000000000000000     
  0.49607843137254903       0.50615142490224452        0.0000000000000000     
  0.49803921568627452       0.50374290533360622        0.0000000000000000     
  0.50000000000000000       0.56800436482122729        0.0000000000000000     
  0.50196078431372548       0.50712265880724705        0.0000000000000000     
  0.50392156862745097       0.51568131647118431        0.0000000000000000     
  0.50588235294117645       0.50603587279535600        0.0000000000000000     
  0.50784313725490193       0.50720500082008513        0.0000000000000000     
  0.50980392156862742       0.52656457014862357        0.0000000000000000     
  0.51176470588235290       0.50386187310854935        0.0000000000000000     
  0.51372549019607838       0.51842235167745088        0.0000000000000000     
  0.51568627450980387       0.53115323562211902        0.0000000000000000     
  0.51764705882352946       0.51017672129153402        0.0000000000000000     
  0.51960784313725494       0.52334004417653757        0.0000000000000000     
  0.52156862745098043       0.53746783411407129        0.0000000000000000     
  0.52352941176470591       0.51477405426064160        0.0000000000000000     
  0.52549019607843139       0.53461065417994125        0.0000000000000000     
  0.52745098039215688       0.53503266997914689        0.0000000000000000     
  0.52941176470588236       0.52627098091576385        0.0000000000000000     
  0.53137254901960784       0.53348162858853054        0.0000000000000000     
  0.53333333333333333       0.46058608781138038        0.0000000000000000     
  0.53529411764705881       0.53805420607229881        0.0000000000000000     
  0.53725490196078429       0.53208742698429057        0.0000000000000000     
  0.53921568627450978       0.54799347871349491        0.0000000000000000     
  0.54117647058823526       0.55090546428409182        0.0000000000000000     
  0.54313725490196074       0.53196103202320122        0.0000000000000000     
  0.54509803921568623       0.56355580622450907        0.0000000000000000     
  0.54705882352941171       0.55037764049349602        0.0000000000000000     
  0.54901960784313719       0.53939779331350757        0.0000000000000000     
  0.55098039215686279       0.56891850180514048        0.0000000000000000     
  0.55294117647058827       0.55741906491269166        0.0000000000000000     
  0.55490196078431375       0.54476078890618618        0.0000000000000000     
  0.55686274509803924       0.57634484881233572        0.0000000000000000     
  0.55882352941176472       0.55682724849378529        0.0000000000000000     
  0.56078431372549020       0.56063691415335493        0.0000000000000000     
  0.56274509803921569       0.57548110543907127        0.0000000000000000     
  0.56470588235294117       0.57113400501173794        0.0000000000000000     
  0.56666666666666665       0.66303714372965339        0.0000000000000000     
  0.56862745098039214       0.57427336493198755        0.0000000000000000     
  0.57058823529411762       0.58575937929373934        0.0000000000000000     
  0.57254901960784310       0.57096446283506486        0.0000000000000000     
  0.57450980392156858       0.57178234732768118        0.0000000000000000     
  0.57647058823529407       0.59886144189465296        0.0000000000000000     
  0.57843137254901955       0.56521600565662966        0.0000000000000000     
  0.58039215686274503       0.58536673996560518        0.0000000000000000     
  0.58235294117647052       0.60287612171059191        0.0000000000000000     
  0.58431372549019611       0.57172274413148227        0.0000000000000000     
  0.58627450980392160       0.58985643012873035        0.0000000000000000     
  0.58823529411764708       0.60938249971103120        0.0000000000000000     
  0.59019607843137256       0.57574993705357891        0.0000000000000000     
  0.59215686274509804       0.60351771202948890        0.0000000000000000     
  0.59411764705882353       0.60325700415725247        0.0000000000000000     
  0.59607843137254901       0.58973794819827596        0.0000000000000000     
  0.59803921568627449       0.59927786499322233        0.0000000000000000     
  0.59999999999999998       0.49316993091944872        0.0000000000000000     
  0.60196078431372546       0.60413928329504252        0.0000000000000000     
  0.60392156862745094       0.59465518815842155        0.0000000000000000     
  0.60588235294117643       0.61674850202569120        0.0000000000000000     
  0.60784313725490191       0.62008251833596328        0.0000000000000000     
  0.60980392156862739       0.59186282077204899        0.0000000000000000     
  0.61176470588235288       0.63660565862595697        0.0000000000000000     
  0.61372549019607836       0.61671061543170480        0.0000000000000000     
  0.61568627450980384       0.59998924484465443        0.0000000000000000     
  0.61764705882352944       0.64173779166405154        0.0000000000000000     
  0.61960784313725492       0.62426629883623175        0.0000000000000000     
  0.62156862745098040       0.60512181100469808        0.0000000000000000     
  0.62352941176470589       0.64984918082507959        0.0000000000000000     
  0.62549019607843137       0.62080201093552367        0.0000000000000000     
  0.62745098039215685       0.62543199170330110        0.0000000000000000     
  0.62941176470588234       0.64599231691403680        0.0000000000000000     
  0.63137254901960782       0.63884652247339890        0.0000000000000000     
  0.63333333333333330       0.77065545198280450        0.0000000000000000     
  0.63529411764705879       0.64163883058216753        0.0000000000000000     
  0.63725490196078427       0.65735101669643003        0.0000000000000000     
  0.63921568627450975       0.63512189980996492        0.0000000000000000     
  0.64117647058823524       0.63543270038801136        0.0000000000000000     
  0.64313725490196083       0.67365633348348697        0.0000000000000000     
  0.64509803921568631       0.62421306320358050        0.0000000000000000     
  0.64705882352941180       0.65243434829840696        0.0000000000000000     
  0.64901960784313728       0.67684236061964709        0.0000000000000000     
  0.65098039215686276       0.63099683021126496        0.0000000000000000     
  0.65294117647058825       0.65630613925451031        0.0000000000000000     
  0.65490196078431373       0.68362560721696153        0.0000000000000000     
  0.65686274509803921       0.63420092229175518        0.0000000000000000     
  0.65882352941176481       0.67341879079862932        0.0000000000000000     
  0.66078431372549029       0.67217244714884150        0.0000000000000000     
  0.66274509803921577       0.65178526691737759        0.0000000000000000     
  0.66470588235294126       0.66468790728321658        0.0000000000000000     
  0.66666666666666674       0.51063184359193425        0.0000000000000000     
  0.66862745098039222       0.66996631983351251        0.0000000000000000     
  0.67058823529411771       0.65540433933348174        0.0000000000000000     
  0.67254901960784319       0.68643009129167265        0.0000000000000000     
  0.67450980392156867       0.69037338572375617        0.0000000000000000     
  0.67647058823529416       0.64876315592646183        0.0000000000000000     
  0.67843137254901964       0.71248761472540967        0.0000000000000000     
  0.68039215686274512       0.68289553740429032        0.0000000000000000     
  0.68235294117647061       0.65788523364506324        0.0000000000000000     
  0.68431372549019609       0.71728688880402625        0.0000000000000000     
  0.68627450980392157       0.69119364717554754        0.0000000000000000     
  0.68823529411764706       0.66268513301397935        0.0000000000000000     
  0.69019607843137254       0.72638726089356742        0.0000000000000000     
  0.69215686274509802       0.68358242431288296        0.0000000000000000     
  0.69411764705882351       0.68939667911910041        0.0000000000000000     
  0.69607843137254899       0.71820928316743782        0.0000000000000000     
  0.69803921568627447       0.70702306495753697        0.0000000000000000     
  0.69999999999999996       0.89644326060698620        0.0000000000000000     
  0.70196078431372544       0.70931434066276178        0.0000000000000000     
  0.70392156862745092       0.73112777425911590        0.0000000000000000     
  0.70588235294117641       0.69816603709651692        0.0000000000000000     
  0.70784313725490189       0.69774476982731271        0.0000000000000000     
  0.70980392156862748       0.75205757099687331        0.0000000000000000     
  0.71176470588235297       0.67980725433668820        0.0000000000000000     
  0.71372549019607845       0.71967984717403888        0.0000000000000000     
  0.71568627450980393       0.75404728729379156        0.0000000000000000     
  0.71764705882352942       0.68699096241099111        0.0000000000000000     
  0.71960784313725490       0.72265958825574028        0.0000000000000000     
  0.72156862745098038       0.76123024406108497        0.0000000000000000     
  0.72352941176470587       0.68900675874027950        0.0000000000000000     
  0.72549019607843146       0.74475491953449291        0.0000000000000000     
  0.72745098039215694       0.74208563139541173        0.0000000000000000     
  0.72941176470588243       0.71178306476269537        0.0000000000000000     
  0.73137254901960791       0.72954040813668541        0.0000000000000000     
  0.73333333333333339       0.50626249965738779        0.0000000000000000     
  0.73529411764705888       0.73542082771782225        0.0000000000000000     
  0.73725490196078436       0.71352799624861107        0.0000000000000000     
  0.73921568627450984       0.75744934701411493        0.0000000000000000     
  0.74117647058823533       0.76227224521628922        0.0000000000000000     
  0.74313725490196081       0.70133034698307828        0.0000000000000000     
  0.74509803921568629       0.79245822754976125        0.0000000000000000     
  0.74705882352941178       0.74886671799658600        0.0000000000000000     
  0.74901960784313726       0.71188983180588994        0.0000000000000000     
  0.75098039215686285       0.79677695918776292        0.0000000000000000     
  0.75294117647058834       0.75823665524337380        0.0000000000000000     
  0.75490196078431382       0.71620946616415249        0.0000000000000000     
  0.75686274509803930       0.80730510798771371        0.0000000000000000     
  0.75882352941176479       0.74463857761551855        0.0000000000000000     
  0.76078431372549027       0.75216254736429911        0.0000000000000000     
  0.76274509803921575       0.79288881664631450        0.0000000000000000     
  0.76470588235294124       0.77586951194765130        0.0000000000000000     
  0.76666666666666672        1.0484620472608119        0.0000000000000000     
  0.76862745098039220       0.77743745626229388        0.0000000000000000     
  0.77058823529411768       0.80805915015133811        0.0000000000000000     
  0.77254901960784317       0.75960292382201211        0.0000000000000000     
  0.77450980392156865       0.75812478348391288        0.0000000000000000     
  0.77647058823529413       0.83566522469025839        0.0000000000000000     
  0.77843137254901962       0.73048878896760294        0.0000000000000000     
  0.78039215686274510       0.78718216339882008        0.0000000000000000     
  0.78235294117647058       0.83592784873367709        0.0000000000000000     
  0.78431372549019618       0.73824988470350461        0.0000000000000000     
  0.78627450980392166       0.78887406826164141        0.0000000000000000     
  0.78823529411764715       0.84368785982128047        0.0000000000000000     
  0.79019607843137263       0.73855016001647633        0.0000000000000000     
  0.79215686274509811       0.81816280387066853        0.0000000000000000     
  0.79411764705882359       0.81343923658940831        0.0000000000000000     
  0.79607843137254908       0.76882200650775168        0.0000000000000000     
  0.79803921568627456       0.79358799653392587        0.0000000000000000     
  0.80000000000000004       0.47037576665189113        0.0000000000000000     
  0.80196078431372553       0.80033752274304903        0.0000000000000000     
  0.80392156862745101       0.76786127473598809        0.0000000000000000     
  0.80588235294117649       0.83039976752995437        0.0000000000000000     
  0.80784313725490198       0.83649253373603449        0.0000000000000000     
  0.80980392156862746       0.74764185652355519        0.0000000000000000     
  0.81176470588235294       0.87833155990582379        0.0000000000000000     
  0.81372549019607843       0.81452932403614553        0.0000000000000000     
  0.81568627450980391       0.76027649990330193        0.0000000000000000     
  0.81764705882352950       0.88195654114097100        0.0000000000000000     
  0.81960784313725499       0.82544663916279137        0.0000000000000000     
  0.82156862745098047       0.76390278437931125        0.0000000000000000     
  0.82352941176470595       0.89454594527305453        0.0000000000000000     
  0.82549019607843144       0.80320544793216708        0.0000000000000000     
  0.82745098039215692       0.81319770212353570        0.0000000000000000     
  0.82941176470588240       0.87112351374934316        0.0000000000000000     
  0.83137254901960789       0.84568308791870972        0.0000000000000000     
  0.83333333333333337        1.2383500209776228        0.0000000000000000     
  0.83529411764705885       0.84620677182844273        0.0000000000000000     
  0.83725490196078434       0.88954479129049480        0.0000000000000000     
  0.83921568627450982       0.81871945207345642        0.0000000000000000     
  0.84117647058823530       0.81571552326103380        0.0000000000000000     
  0.84313725490196079       0.92678928696075835        0.0000000000000000     
  0.84509803921568627       0.77407801053846381        0.0000000000000000     
  0.84705882352941175       0.85505524217103546        0.0000000000000000     
  0.84901960784313724       0.92455853925307718        0.0000000000000000     
  0.85098039215686283       0.78267267036565435        0.0000000000000000     
  0.85294117647058831       0.85488792125035207        0.0000000000000000     
  0.85490196078431380       0.93315163319319860        0.0000000000000000     
  0.85686274509803928       0.78049627911270614        0.0000000000000000     
  0.85882352941176476       0.89456164417838202        0.0000000000000000     
  0.86078431372549025       0.88687235137110831        0.0000000000000000     
  0.86274509803921573       0.82158930138449104        0.0000000000000000     
  0.86470588235294121       0.85647354742193427        0.0000000000000000     
  0.86666666666666670       0.38898795087639859        0.0000000000000000     
  0.86862745098039218       0.86447778710135714        0.0000000000000000     
  0.87058823529411766       0.81672245265747190        0.0000000000000000     
  0.87254901960784315       0.90613817562018439        0.0000000000000000     
  0.87450980392156863       0.91406422722381553        0.0000000000000000     
  0.87647058823529411       0.78492215215834282        0.0000000000000000     
  0.87843137254901960       0.97272654135458003        0.0000000000000000     
  0.88039215686274508       0.87974644659250434        0.0000000000000000     
  0.88235294117647056       0.80055266429636174        0.0000000000000000     
  0.88431372549019616       0.97534996772009785        0.0000000000000000     
  0.88627450980392164       0.89289768308964823        0.0000000000000000     
  0.88823529411764712       0.80317797212706699        0.0000000000000000     
  0.89019607843137261       0.99091516877705832        0.0000000000000000     
  0.89215686274509809       0.85817858556593696        0.0000000000000000     
  0.89411764705882357       0.87173425722406517        0.0000000000000000     
  0.89607843137254906       0.95449073607389989        0.0000000000000000     
  0.89803921568627454       0.91689289045258004        0.0000000000000000     
  0.90000000000000002        1.4829090529824964        0.0000000000000000     
  0.90196078431372551       0.91590899456215058        0.0000000000000000     
  0.90392156862745099       0.97760534253692011        0.0000000000000000     
  0.90588235294117647       0.87448612089504107        0.0000000000000000     
  0.90784313725490196       0.86927943894518700        0.0000000000000000     
  0.90980392156862744        1.0287646519210385        0.0000000000000000     
  0.91176470588235292       0.80742818842300079        0.0000000000000000     
  0.91372549019607840       0.92346358410609919        0.0000000000000000     
  0.91568627450980389        1.0229342686544667        0.0000000000000000     
  0.91764705882352948       0.81722624960512125        0.0000000000000000     
  0.91960784313725497       0.92061213265439479        0.0000000000000000     
  0.92156862745098045        1.0327300691938359        0.0000000000000000     
  0.92352941176470593       0.81147433976603800        0.0000000000000000     
  0.92549019607843142       0.97527847335617501        0.0000000000000000     
  0.92745098039215690       0.96330761641525897        0.0000000000000000     
  0.92941176470588238       0.86818969717952033        0.0000000000000000     
  0.93137254901960786       0.91768148584114329        0.0000000000000000     
  0.93333333333333335       0.24191104744896022        0.0000000000000000     
  0.93529411764705883       0.92749713259290623        0.0000000000000000     
  0.93725490196078431       0.85768365827433590        0.0000000000000000     
  0.93921568627450980       0.98590155078806596        0.0000000000000000     
  0.94117647058823528       0.99647428325816056        0.0000000000000000     
  0.94313725490196076       0.80916424813416443        0.0000000000000000     
  0.94509803921568625        1.0794240729870030        0.0000000000000000     
  0.94705882352941173       0.94432043272673860        0.0000000000000000     
  0.94901960784313721       0.82911984164333763        0.0000000000000000     
  0.95098039215686281        1.0806015727588201        0.0000000000000000     
  0.95294117647058829       0.96069674097560220        0.0000000000000000     
  0.95490196078431377       0.83030005765231008        0.0000000000000000     
  0.95686274509803926        1.1004628778452326        0.0000000000000000     
  0.95882352941176474       0.90796351652786444        0.0000000000000000     
  0.96078431372549022       0.92666362933034163        0.0000000000000000     
  0.96274509803921571        1.0452676919394577        0.0000000000000000     
  0.96470588235294119       0.99011839994292083        0.0000000000000000     
  0.96666666666666667        1.8063956999204664        0.0000000000000000     
  0.96862745098039216       0.98695803844757857        0.0000000000000000     
  0.97058823529411764        1.0751579722141646        0.0000000000000000     
  0.97254901960784312       0.92541665843548504        0.0000000000000000     
  0.97450980392156861       0.91702990174649146        0.0000000000000000     
  0.97647058823529409        1.1464058456953250        0.0000000000000000     
  0.97843137254901957       0.82599644470837674        0.0000000000000000     
  0.98039215686274506       0.99264467575788717        0.0000000000000000     
  0.98235294117647054        1.1353787338819130        0.0000000000000000     
  0.98431372549019613       0.83753183459285041        0.0000000000000000     
  0.98627450980392162       0.98591819375772927        0.0000000000000000     
  0.98823529411764710        1.1469108601174622        0.0000000000000000     
  0.99019607843137258       0.82661801344293062        0.0000000000000000     
  0.99215686274509807        1.0622291047228229        0.0000000000000000     
  0.99411764705882355        1.0440770313241801        0.0000000000000000     
  0.99607843137254903       0.90588705265863456        0.0000000000000000     
  0.99803921568627452       0.97646748557669794        0.0000000000000000     
   1.0000000000000000        1.8087586918822308E-016   0.0000000000000000     
