X My_beautiful_solution_real My_beautiful_solution_imag
   0.0000000000000000        1.2049717787972086E-016   0.0000000000000000     
   4.7619047619047615E-003  0.51830436574224281        0.0000000000000000     
   9.5238095238095229E-003  0.55163986869467707        0.0000000000000000     
   1.4285714285714285E-002  0.73915565792622229        0.0000000000000000     
   1.9047619047619046E-002  0.44277864421104385        0.0000000000000000     
   2.3809523809523805E-002  0.63281098480182385        0.0000000000000000     
   2.8571428571428571E-002  0.66192654020213859        0.0000000000000000     
   3.3333333333333333E-002   1.2023223342713332        0.0000000000000000     
   3.8095238095238092E-002  0.67599361952000481        0.0000000000000000     
   4.2857142857142858E-002  0.65120554328177649        0.0000000000000000     
   4.7619047619047616E-002  0.46696871649546934        0.0000000000000000     
   5.2380952380952375E-002  0.78315969854970313        0.0000000000000000     
   5.7142857142857134E-002  0.59632032782211963        0.0000000000000000     
   6.1904761904761907E-002  0.57589639813467541        0.0000000000000000     
   6.6666666666666666E-002   2.6721373199586739E-002   0.0000000000000000     
   7.1428571428571425E-002  0.58072169068496171        0.0000000000000000     
   7.6190476190476197E-002  0.61604332304174891        0.0000000000000000     
   8.0952380952380956E-002  0.81626219787296428        0.0000000000000000     
   8.5714285714285715E-002  0.49895324353223919        0.0000000000000000     
   9.0476190476190474E-002  0.70186359332239956        0.0000000000000000     
   9.5238095238095233E-002  0.73267195273408625        0.0000000000000000     
  0.10000000000000001        1.3102992571796666        0.0000000000000000     
  0.10476190476190476       0.74705483133175443        0.0000000000000000     
  0.10952380952380952       0.72021275805153295        0.0000000000000000     
  0.11428571428571428       0.52283877102343901        0.0000000000000000     
  0.11904761904761904       0.86067695493361573        0.0000000000000000     
  0.12380952380952381       0.66051952308457729        0.0000000000000000     
  0.12857142857142856       0.63834494491249183        0.0000000000000000     
  0.13333333333333333        5.0666178975208302E-002   0.0000000000000000     
  0.13809523809523810       0.64284364706783625        0.0000000000000000     
  0.14285714285714285       0.68028946319596617        0.0000000000000000     
  0.14761904761904762       0.89409440559039144        0.0000000000000000     
  0.15238095238095237       0.55439854711236491        0.0000000000000000     
  0.15714285714285714       0.77108204687381587        0.0000000000000000     
  0.16190476190476188       0.80370087583554517        0.0000000000000000     
  0.16666666666666666        1.4211476250518424        0.0000000000000000     
  0.17142857142857143       0.81842150468436936        0.0000000000000000     
  0.17619047619047618       0.78938266256651657        0.0000000000000000     
  0.18095238095238095       0.57795836112991839        0.0000000000000000     
  0.18571428571428572       0.93894842768006648        0.0000000000000000     
  0.19047619047619047       0.72454720625823499        0.0000000000000000     
  0.19523809523809524       0.70050029333683561        0.0000000000000000     
  0.20000000000000001        7.1641420205343559E-002   0.0000000000000000     
  0.20476190476190478       0.70464970404354932        0.0000000000000000     
  0.20952380952380953       0.74436735436563983        0.0000000000000000     
  0.21428571428571430       0.97270272170160466        0.0000000000000000     
  0.21904761904761905       0.60906386215081754        0.0000000000000000     
  0.22380952380952382       0.84047787321992329        0.0000000000000000     
  0.22857142857142856       0.87503301611380691        0.0000000000000000     
  0.23333333333333334        1.5350670298761420        0.0000000000000000     
  0.23809523809523811       0.89011487198072214        0.0000000000000000     
  0.24285714285714288       0.85872656526904012        0.0000000000000000     
  0.24761904761904766       0.63227532259517538        0.0000000000000000     
  0.25238095238095243        1.0180265418033980        0.0000000000000000     
  0.25714285714285717       0.78839145566628166        0.0000000000000000     
  0.26190476190476197       0.76234206340980004        0.0000000000000000     
  0.26666666666666672        8.9440684683083083E-002   0.0000000000000000     
  0.27142857142857146       0.76611790368096133        0.0000000000000000     
  0.27619047619047626       0.80826530168989463        0.0000000000000000     
  0.28095238095238101        1.0521410929196380        0.0000000000000000     
  0.28571428571428575       0.66289497222838900        0.0000000000000000     
  0.29047619047619050       0.91006340141080178        0.0000000000000000     
  0.29523809523809530       0.94668944996767879        0.0000000000000000     
  0.30000000000000004        1.6522709371304258        0.0000000000000000     
  0.30476190476190479       0.96215764147210259        0.0000000000000000     
  0.30952380952380959       0.92825656064276818        0.0000000000000000     
  0.31428571428571433       0.68573386530364555        0.0000000000000000     
  0.31904761904761908        1.0979673663414262        0.0000000000000000     
  0.32380952380952382       0.85203952096509339        0.0000000000000000     
  0.32857142857142863       0.82384845853510269        0.0000000000000000     
  0.33333333333333337       0.10384321264358400        0.0000000000000000     
  0.33809523809523812       0.82722476176959492        0.0000000000000000     
  0.34285714285714286       0.87197079740684069        0.0000000000000000     
  0.34761904761904761        1.1324672157531337        0.0000000000000000     
  0.35238095238095241       0.71583389238318940        0.0000000000000000     
  0.35714285714285715       0.97985181747956707        0.0000000000000000     
  0.36190476190476190        1.0186927188006554        0.0000000000000000     
  0.36666666666666664        1.7729876501180855        0.0000000000000000     
  0.37142857142857139        1.0345740998433255        0.0000000000000000     
  0.37619047619047619       0.99798558384986713        0.0000000000000000     
  0.38095238095238093       0.73827432121063008        0.0000000000000000     
  0.38571428571428573        1.1788308676487749        0.0000000000000000     
  0.39047619047619048       0.91547776554420524        0.0000000000000000     
  0.39523809523809528       0.88499616705137574        0.0000000000000000     
  0.40000000000000002       0.11461289947622436        0.0000000000000000     
  0.40476190476190477       0.88794516172909344        0.0000000000000000     
  0.40952380952380957       0.93547046434942782        0.0000000000000000     
  0.41428571428571431        1.2137427971518215        0.0000000000000000     
  0.41904761904761906       0.76781860716207495        0.0000000000000000     
  0.42380952380952380        1.0498572240106196        0.0000000000000000     
  0.42857142857142860        1.0910669308523029        0.0000000000000000     
  0.43333333333333335        1.8974613413339980        0.0000000000000000     
  0.43809523809523809        1.1073902219284846        0.0000000000000000     
  0.44285714285714289        1.0679274691659284        0.0000000000000000     
  0.44761904761904764       0.78983287479033870        0.0000000000000000     
  0.45238095238095238        1.2606811802964593        0.0000000000000000     
  0.45714285714285713       0.97869160492258045        0.0000000000000000     
  0.46190476190476193       0.94576025692113375        0.0000000000000000     
  0.46666666666666667       0.12149722911574663        0.0000000000000000     
  0.47142857142857142       0.94825224114441342        0.0000000000000000     
  0.47619047619047622       0.99874999551374788        0.0000000000000000     
  0.48095238095238096        1.2960338332692840        0.0000000000000000     
  0.48571428571428571       0.81878279046420221        0.0000000000000000     
  0.49047619047619045        1.1200947038484315        0.0000000000000000     
  0.49523809523809526        1.1638378701078604        0.0000000000000000     
  0.50000000000000000        2.0259531555202774        0.0000000000000000     
  0.50476190476190474        1.1806337880529234        0.0000000000000000     
  0.50952380952380949        1.1380970124766812        0.0000000000000000     
  0.51428571428571423       0.84034127474759412        0.0000000000000000     
  0.51904761904761909        1.3435868968014770        0.0000000000000000     
  0.52380952380952384        1.0416654408628294        0.0000000000000000     
  0.52857142857142858        1.0061140630996486        0.0000000000000000     
  0.53333333333333333       0.12422613329436598        0.0000000000000000     
  0.53809523809523807        1.0081172704141710        0.0000000000000000     
  0.54285714285714282        1.0617940894267710        0.0000000000000000     
  0.54761904761904756        1.3794109076022991        0.0000000000000000     
  0.55238095238095242       0.86865550591115359        0.0000000000000000     
  0.55714285714285716        1.1905803882346973        0.0000000000000000     
  0.56190476190476191        1.2370331127780636        0.0000000000000000     
  0.56666666666666665        2.1587423893944240        0.0000000000000000     
  0.57142857142857140        1.2543345095315996        0.0000000000000000     
  0.57619047619047614        1.2085100381187925        0.0000000000000000     
  0.58095238095238089       0.88972652569082145        0.0000000000000000     
  0.58571428571428574        1.4276213774952971        0.0000000000000000     
  0.59047619047619049        1.1043825909057610        0.0000000000000000     
  0.59523809523809523        1.0660290670749004        0.0000000000000000     
  0.59999999999999998       0.12251077150132500        0.0000000000000000     
  0.60476190476190472        1.0675095229639036        0.0000000000000000     
  0.60952380952380947        1.1245863810215313        0.0000000000000000     
  0.61428571428571421        1.4639495098536228        0.0000000000000000     
  0.61904761904761907       0.91736088638998847        0.0000000000000000     
  0.62380952380952381        1.2613315296816443        0.0000000000000000     
  0.62857142857142856        1.3106821518754004        0.0000000000000000     
  0.63333333333333330        2.2961277533795341        0.0000000000000000     
  0.63809523809523805        1.3285241628907067        0.0000000000000000     
  0.64285714285714290        1.2791834703667111        0.0000000000000000     
  0.64761904761904765       0.93791055837346460        0.0000000000000000     
  0.65238095238095239        1.5128630819310680        0.0000000000000000     
  0.65714285714285714        1.1668252130069481        0.0000000000000000     
  0.66190476190476200        1.1254747680344712        0.0000000000000000     
  0.66666666666666674       0.11604222613834690        0.0000000000000000     
  0.67142857142857149        1.1263961364379769        0.0000000000000000     
  0.67619047619047623        1.1871093677075171        0.0000000000000000     
  0.68095238095238098        1.5497303769586996        0.0000000000000000     
  0.68571428571428572       0.96481779132157885        0.0000000000000000     
  0.69047619047619047        1.3323665799106963        0.0000000000000000     
  0.69523809523809521        1.3848165304495677        0.0000000000000000     
  0.69999999999999996        2.4384287210364377        0.0000000000000000     
  0.70476190476190470        1.4032367334189697        0.0000000000000000     
  0.70952380952380956        1.3501354098885161        0.0000000000000000     
  0.71428571428571430       0.98480987701411371        0.0000000000000000     
  0.71904761904761905        1.5993959233267083        0.0000000000000000     
  0.72380952380952379        1.2289742249348286        0.0000000000000000     
  0.72857142857142865        1.1844185450773164        0.0000000000000000     
  0.73333333333333339       0.10449010697633090        0.0000000000000000     
  0.73809523809523814        1.1847419642430648        0.0000000000000000     
  0.74285714285714288        1.2493443303022929        0.0000000000000000     
  0.74761904761904763        1.6368398578168746        0.0000000000000000     
  0.75238095238095248        1.0109394401059286        0.0000000000000000     
  0.75714285714285723        1.4037052732085871        0.0000000000000000     
  0.76190476190476197        1.4594699840839813        0.0000000000000000     
  0.76666666666666672        2.5859869722938451        0.0000000000000000     
  0.77142857142857146        1.4785085686970763        0.0000000000000000     
  0.77619047619047621        1.4213852155161721        0.0000000000000000     
  0.78095238095238095        1.0303351821021511        0.0000000000000000     
  0.78571428571428581        1.6873096476450482        0.0000000000000000     
  0.79047619047619055        1.2908092180662147        0.0000000000000000     
  0.79523809523809530        1.2428255098480010        0.0000000000000000     
  0.80000000000000004        8.7501058608857402E-002   0.0000000000000000     
  0.80476190476190479        1.2425094167724207        0.0000000000000000     
  0.80952380952380953        1.3112712484670288        0.0000000000000000     
  0.81428571428571428        1.7253703033747960        0.0000000000000000     
  0.81904761904761914        1.0556330200885520        0.0000000000000000     
  0.82380952380952388        1.4753687155775814        0.0000000000000000     
  0.82857142857142863        1.5346785932972438        0.0000000000000000     
  0.83333333333333337        2.7391679369963366        0.0000000000000000     
  0.83809523809523812        1.5543785427988139        0.0000000000000000     
  0.84285714285714286        1.4929535916995589        0.0000000000000000     
  0.84761904761904761        1.0743909669848843        0.0000000000000000     
  0.85238095238095246        1.7767002390235482        0.0000000000000000     
  0.85714285714285721        1.3523083651898016        0.0000000000000000     
  0.86190476190476195        1.3006583489276418        0.0000000000000000     
  0.86666666666666670        6.4697164159921869E-002   0.0000000000000000     
  0.87142857142857144        1.2996582915939272        0.0000000000000000     
  0.87619047619047619        1.3728687102641723        0.0000000000000000     
  0.88095238095238093        1.8154204838242307        0.0000000000000000     
  0.88571428571428579        1.0987992672768740        0.0000000000000000     
  0.89047619047619053        1.5473794800823160        0.0000000000000000     
  0.89523809523809528        1.6104809465377354        0.0000000000000000     
  0.90000000000000002        2.8983624457432340        0.0000000000000000     
  0.90476190476190477        1.6308882319057187        0.0000000000000000     
  0.90952380952380951        1.5648626820393439        0.0000000000000000     
  0.91428571428571426        1.1168750864137262        0.0000000000000000     
  0.91904761904761911        1.8676703533851715        0.0000000000000000     
  0.92380952380952386        1.4134483219011889        0.0000000000000000     
  0.92857142857142860        1.3578771552695565        0.0000000000000000     
  0.93333333333333335        3.5674238034585200E-002   0.0000000000000000     
  0.93809523809523809        1.3561455918345167        0.0000000000000000     
  0.94285714285714284        1.4341138154284225        0.0000000000000000     
  0.94761904761904758        1.9070960347989769        0.0000000000000000     
  0.95238095238095244        1.1403320179125616        0.0000000000000000     
  0.95714285714285718        1.6197617088242497        0.0000000000000000     
  0.96190476190476193        1.6869183145079849        0.0000000000000000     
  0.96666666666666667        3.0639884954760244        0.0000000000000000     
  0.97142857142857142        1.7080821021285577        0.0000000000000000     
  0.97619047619047616        1.6371361693212929        0.0000000000000000     
  0.98095238095238091        1.1576782951003883        0.0000000000000000     
  0.98571428571428577        1.9603297821891776        0.0000000000000000     
  0.99047619047619051        1.4742041211439119        0.0000000000000000     
  0.99523809523809526        1.4144392479181502        0.0000000000000000     
   1.0000000000000000        3.1926608296341602E-016   0.0000000000000000     
