X My_beautiful_solution_real My_beautiful_solution_imag
   0.0000000000000000        5.2268589034156361E-017   0.0000000000000000     
   3.7037037037037034E-003  0.18315976077544788        0.0000000000000000     
   7.4074074074074068E-003  0.29963487120995064        0.0000000000000000     
   1.1111111111111110E-002  0.26359843664783095        0.0000000000000000     
   1.4814814814814814E-002  0.20437542226300137        0.0000000000000000     
   1.8518518518518517E-002  0.32278481299582606        0.0000000000000000     
   2.2222222222222220E-002  0.26237234576889912        0.0000000000000000     
   2.5925925925925922E-002  0.22789866277057141        0.0000000000000000     
   2.9629629629629627E-002  0.34282204918562437        0.0000000000000000     
   3.3333333333333333E-002  0.54047597255365087        0.0000000000000000     
   3.7037037037037035E-002  0.35476659702981445        0.0000000000000000     
   4.0740740740740737E-002  0.23944183356306939        0.0000000000000000     
   4.4444444444444439E-002  0.28509063558601583        0.0000000000000000     
   4.8148148148148148E-002  0.35521251225819978        0.0000000000000000     
   5.1851851851851850E-002  0.23784614599814316        0.0000000000000000     
   5.5555555555555552E-002  0.30922347165931025        0.0000000000000000     
   5.9259259259259255E-002  0.35322281369413699        0.0000000000000000     
   6.2962962962962957E-002  0.23953587081384298        0.0000000000000000     
   6.6666666666666666E-002   3.8528131934190586E-002   0.0000000000000000     
   7.0370370370370375E-002  0.24215439700407665        0.0000000000000000     
   7.4074074074074070E-002  0.37149079792833634        0.0000000000000000     
   7.7777777777777779E-002  0.33092210224474317        0.0000000000000000     
   8.1481481481481488E-002  0.26452245661653839        0.0000000000000000     
   8.5185185185185197E-002  0.39601373755962099        0.0000000000000000     
   8.8888888888888892E-002  0.32828898503507264        0.0000000000000000     
   9.2592592592592587E-002  0.28946126873389966        0.0000000000000000     
   9.6296296296296297E-002  0.41706897548330746        0.0000000000000000     
  0.10000000000000001       0.63684242531613489        0.0000000000000000     
  0.10370370370370371       0.42953097258916684        0.0000000000000000     
  0.10740740740740741       0.30063131689389810        0.0000000000000000     
  0.11111111111111112       0.35106385009253999        0.0000000000000000     
  0.11481481481481481       0.42876054950667708        0.0000000000000000     
  0.11851851851851852       0.29758645144155305        0.0000000000000000     
  0.12222222222222222       0.37668178059066615        0.0000000000000000     
  0.12592592592592591       0.42527673710855007        0.0000000000000000     
  0.12962962962962962       0.29820169124838092        0.0000000000000000     
  0.13333333333333333        7.3847135955192308E-002   0.0000000000000000     
  0.13703703703703704       0.30027405778485389        0.0000000000000000     
  0.14074074074074075       0.44393854648247244        0.0000000000000000     
  0.14444444444444443       0.39832069688917110        0.0000000000000000     
  0.14814814814814814       0.32392594358075211        0.0000000000000000     
  0.15185185185185185       0.46999107085156588        0.0000000000000000     
  0.15555555555555556       0.39412008559464795        0.0000000000000000     
  0.15925925925925924       0.35044176962923546        0.0000000000000000     
  0.16296296296296295       0.49218041100303389        0.0000000000000000     
  0.16666666666666666       0.73659606271639022        0.0000000000000000     
  0.17037037037037037       0.50521887113531239        0.0000000000000000     
  0.17407407407407408       0.36119614147487955        0.0000000000000000     
  0.17777777777777778       0.41695797815391972        0.0000000000000000     
  0.18148148148148147       0.50309338946875748        0.0000000000000000     
  0.18518518518518517       0.35653682310378010        0.0000000000000000     
  0.18888888888888888       0.44423037429743784        0.0000000000000000     
  0.19259259259259259       0.49794506337545258        0.0000000000000000     
  0.19629629629629630       0.35595503563480679        0.0000000000000000     
  0.20000000000000001       0.10559101923284814        0.0000000000000000     
  0.20370370370370372       0.35741895440596716        0.0000000000000000     
  0.20740740740740743       0.51704561263896232        0.0000000000000000     
  0.21111111111111111       0.46580276604732940        0.0000000000000000     
  0.21481481481481482       0.38250108347773915        0.0000000000000000     
  0.21851851851851853       0.54480216697282335        0.0000000000000000     
  0.22222222222222224       0.45985589197692950        0.0000000000000000     
  0.22592592592592592       0.41077377786248714        0.0000000000000000     
  0.22962962962962963       0.56825495081033162        0.0000000000000000     
  0.23333333333333334       0.84012318449864176        0.0000000000000000     
  0.23703703703703705       0.58193561810272265        0.0000000000000000     
  0.24074074074074076       0.42106506657333620        0.0000000000000000     
  0.24444444444444446       0.48276400016337323        0.0000000000000000     
  0.24814814814814817       0.57830053688657157        0.0000000000000000     
  0.25185185185185188       0.41460717105756134        0.0000000000000000     
  0.25555555555555559       0.51187954952733283        0.0000000000000000     
  0.25925925925925930       0.57129786356866286        0.0000000000000000     
  0.26296296296296301       0.41269183841374901        0.0000000000000000     
  0.26666666666666672       0.13335204839082790        0.0000000000000000     
  0.27037037037037043       0.41347791750826296        0.0000000000000000     
  0.27407407407407414       0.59088718988394995        0.0000000000000000     
  0.27777777777777785       0.53337782977399817        0.0000000000000000     
  0.28148148148148155       0.44015340544323117        0.0000000000000000     
  0.28518518518518521       0.62054211444147578        0.0000000000000000     
  0.28888888888888892       0.52548553612474103        0.0000000000000000     
  0.29259259259259263       0.47038333450425995        0.0000000000000000     
  0.29629629629629634       0.64540243448576962        0.0000000000000000     
  0.30000000000000004       0.94785414690476655        0.0000000000000000     
  0.30370370370370375       0.65979855102223217        0.0000000000000000     
  0.30740740740740746       0.48015872663327375        0.0000000000000000     
  0.31111111111111117       0.54847186785103808        0.0000000000000000     
  0.31481481481481488       0.65448170428912300        0.0000000000000000     
  0.31851851851851853       0.47169713084989273        0.0000000000000000     
  0.32222222222222224       0.57964077734579289        0.0000000000000000     
  0.32592592592592595       0.64541320018871273        0.0000000000000000     
  0.32962962962962966       0.46829616561500564        0.0000000000000000     
  0.33333333333333337       0.15667598910419064        0.0000000000000000     
  0.33703703703703708       0.46832709915153764        0.0000000000000000     
  0.34074074074074079       0.66554704732833236        0.0000000000000000     
  0.34444444444444444       0.60105649386185156        0.0000000000000000     
  0.34814814814814815       0.49677766445253990        0.0000000000000000     
  0.35185185185185186       0.69731684637786095        0.0000000000000000     
  0.35555555555555557       0.59099691050678405        0.0000000000000000     
  0.35925925925925922       0.52918804579844236        0.0000000000000000     
  0.36296296296296293       0.72374522853311196        0.0000000000000000     
  0.36666666666666664        1.0602683872052876        0.0000000000000000     
  0.37037037037037035       0.73893838946994994        0.0000000000000000     
  0.37407407407407406       0.53838870466002975        0.0000000000000000     
  0.37777777777777777       0.61407038696757277        0.0000000000000000     
  0.38148148148148148       0.73174797616431064        0.0000000000000000     
  0.38518518518518519       0.52769489171860740        0.0000000000000000     
  0.38888888888888890       0.64752683706393466        0.0000000000000000     
  0.39259259259259260       0.72037803856465898        0.0000000000000000     
  0.39629629629629631       0.52263886129560144        0.0000000000000000     
  0.40000000000000002       0.17505680278505942        0.0000000000000000     
  0.40370370370370373       0.52182852685478232        0.0000000000000000     
  0.40740740740740744       0.74111850773584642        0.0000000000000000     
  0.41111111111111115       0.66885057366709555        0.0000000000000000     
  0.41481481481481486       0.55225661255510339        0.0000000000000000     
  0.41851851851851851       0.77524437730374107        0.0000000000000000     
  0.42222222222222222       0.65637652675878422        0.0000000000000000     
  0.42592592592592593       0.58709612119178645        0.0000000000000000     
  0.42962962962962964       0.80341965504289992        0.0000000000000000     
  0.43333333333333335        1.1779000212651254        0.0000000000000000     
  0.43703703703703706       0.81950076125528737        0.0000000000000000     
  0.44074074074074077       0.59565649992685454        0.0000000000000000     
  0.44444444444444448       0.67954708658813512        0.0000000000000000     
  0.44814814814814818       0.81022310590175017        0.0000000000000000     
  0.45185185185185184       0.58247589117010556        0.0000000000000000     
  0.45555555555555555       0.71555196544062116        0.0000000000000000     
  0.45925925925925926       0.79628926219889817        0.0000000000000000     
  0.46296296296296297       0.57557603960761772        0.0000000000000000     
  0.46666666666666667       0.18793073843896149        0.0000000000000000     
  0.47037037037037038       0.57382849272843506        0.0000000000000000     
  0.47407407407407409       0.81770553709272820        0.0000000000000000     
  0.47777777777777780       0.73677323205708334        0.0000000000000000     
  0.48148148148148151       0.60645962997149427        0.0000000000000000     
  0.48518518518518516       0.85445618099522791        0.0000000000000000     
  0.48888888888888887       0.72160935820302263        0.0000000000000000     
  0.49259259259259258       0.64400530165322412        0.0000000000000000     
  0.49629629629629629       0.88457758329141056        0.0000000000000000     
  0.50000000000000000        1.3013440794974227        0.0000000000000000     
  0.50370370370370365       0.90164790266684847        0.0000000000000000     
  0.50740740740740742       0.65185237795104634        0.0000000000000000     
  0.51111111111111107       0.74488807351079711        0.0000000000000000     
  0.51481481481481484       0.89004496064861383        0.0000000000000000     
  0.51851851851851849       0.63590136067698189        0.0000000000000000     
  0.52222222222222225       0.78373202290064869        0.0000000000000000     
  0.52592592592592591       0.87325480390947696        0.0000000000000000     
  0.52962962962962967       0.62694740489019551        0.0000000000000000     
  0.53333333333333333       0.19466975071247367        0.0000000000000000     
  0.53703703703703698       0.62415575889126562        0.0000000000000000     
  0.54074074074074074       0.89542395844003519        0.0000000000000000     
  0.54444444444444440       0.80483913309052979        0.0000000000000000     
  0.54814814814814816       0.65924120007052978        0.0000000000000000     
  0.55185185185185182       0.93509872547632844        0.0000000000000000     
  0.55555555555555558       0.78667866440762046        0.0000000000000000     
  0.55925925925925923       0.69980166577074288        0.0000000000000000     
  0.56296296296296300       0.96738820285745064        0.0000000000000000     
  0.56666666666666665        1.4312634540119664        0.0000000000000000     
  0.57037037037037031       0.98556055262692177        0.0000000000000000     
  0.57407407407407407       0.70685408931287186        0.0000000000000000     
  0.57777777777777772       0.81007787004949461        0.0000000000000000     
  0.58148148148148149       0.97136713094752958        0.0000000000000000     
  0.58518518518518514       0.68781670551627538        0.0000000000000000     
  0.58888888888888891       0.85208467870969140        0.0000000000000000     
  0.59259259259259256       0.95139490597622878        0.0000000000000000     
  0.59629629629629632       0.67657438017242288        0.0000000000000000     
  0.59999999999999998       0.19457416728603416        0.0000000000000000     
  0.60370370370370363       0.67261955821974595        0.0000000000000000     
  0.60740740740740740       0.97440280414035985        0.0000000000000000     
  0.61111111111111105       0.87306461322452877        0.0000000000000000     
  0.61481481481481481       0.71043921042149005        0.0000000000000000     
  0.61851851851851847        1.0173351830745001        0.0000000000000000     
  0.62222222222222223       0.85156579573726698        0.0000000000000000     
  0.62592592592592589       0.75435829968672063        0.0000000000000000     
  0.62962962962962965        1.0520399989584694        0.0000000000000000     
  0.63333333333333330        1.5683966380681189        0.0000000000000000     
  0.63703703703703707        1.0714400628696503        0.0000000000000000     
  0.64074074074074072       0.76052544235892716        0.0000000000000000     
  0.64444444444444449       0.87509923332765072        0.0000000000000000     
  0.64814814814814814        1.0543607239497008        0.0000000000000000     
  0.65185185185185190       0.73804969983224389        0.0000000000000000     
  0.65555555555555556       0.92062961726798132        0.0000000000000000     
  0.65925925925925932        1.0308435240034863        0.0000000000000000     
  0.66296296296296298       0.72425802223655777        0.0000000000000000     
  0.66666666666666674       0.18686452000166429        0.0000000000000000     
  0.67037037037037039       0.71900736708779145        0.0000000000000000     
  0.67407407407407416        1.0547858223672526        0.0000000000000000     
  0.67777777777777781       0.94146787204732485        0.0000000000000000     
  0.68148148148148147       0.75987306008553224        0.0000000000000000     
  0.68518518518518523        1.1013473355038359        0.0000000000000000     
  0.68888888888888888       0.91624997561344124        0.0000000000000000     
  0.69259259259259254       0.80753381534264879        0.0000000000000000     
  0.69629629629629630        1.1387429530689208        0.0000000000000000     
  0.69999999999999996        1.7135663481925423        0.0000000000000000     
  0.70370370370370372        1.1595107487794150        0.0000000000000000     
  0.70740740740740737       0.81271471312609933        0.0000000000000000     
  0.71111111111111114       0.93993295396272181        0.0000000000000000     
  0.71481481481481479        1.1392163611392527        0.0000000000000000     
  0.71851851851851856       0.78640847585083329        0.0000000000000000     
  0.72222222222222221       0.98938876793124608        0.0000000000000000     
  0.72592592592592597        1.1117498908896084        0.0000000000000000     
  0.72962962962962963       0.76977669889975198        0.0000000000000000     
  0.73333333333333339       0.17067244435169296        0.0000000000000000     
  0.73703703703703705       0.76308242409338134        0.0000000000000000     
  0.74074074074074081        1.1367331554057589        0.0000000000000000     
  0.74444444444444446        1.0100691847636583        0.0000000000000000     
  0.74814814814814823       0.80734155104871141        0.0000000000000000     
  0.75185185185185188        1.1873376962179347        0.0000000000000000     
  0.75555555555555565       0.98070805794198224        0.0000000000000000     
  0.75925925925925930       0.85917069973361437        0.0000000000000000     
  0.76296296296296306        1.2277309945133099        0.0000000000000000     
  0.76666666666666672        1.8676891296274081        0.0000000000000000     
  0.77037037037037037        1.2500225083364280        0.0000000000000000     
  0.77407407407407414       0.86325287392136885        0.0000000000000000     
  0.77777777777777779        1.0045576317912193        0.0000000000000000     
  0.78148148148148155        1.2261464038930003        0.0000000000000000     
  0.78518518518518521       0.83267928376912570        0.0000000000000000     
  0.78888888888888897        1.0583865610421450        0.0000000000000000     
  0.79259259259259263        1.1942802591633055        0.0000000000000000     
  0.79629629629629639       0.81288350139560350        0.0000000000000000     
  0.80000000000000004       0.14503054107747620        0.0000000000000000     
  0.80370370370370370       0.80458096580218275        0.0000000000000000     
  0.80740740740740746        1.2204232093589242        0.0000000000000000     
  0.81111111111111112        1.0788911389134959        0.0000000000000000     
  0.81481481481481488       0.85262053917820158        0.0000000000000000     
  0.81851851851851853        1.2755318748117961        0.0000000000000000     
  0.82222222222222230        1.0449142568759020        0.0000000000000000     
  0.82592592592592595       0.90909347589937006        0.0000000000000000     
  0.82962962962962972        1.3192647316572499        0.0000000000000000     
  0.83333333333333337        2.0317860572554163        0.0000000000000000     
  0.83703703703703702        1.3432537397463562        0.0000000000000000     
  0.84074074074074079       0.91195161987566919        0.0000000000000000     
  0.84444444444444444        1.0689494260157426        0.0000000000000000     
  0.84814814814814821        1.3153874328596018        0.0000000000000000     
  0.85185185185185186       0.87662399616590814        0.0000000000000000     
  0.85555555555555562        1.1276502131614290        0.0000000000000000     
  0.85925925925925928        1.2786198420289403        0.0000000000000000     
  0.86296296296296304       0.85330336164444121        0.0000000000000000     
  0.86666666666666670       0.10886108150933443        0.0000000000000000     
  0.87037037037037035       0.84320914723483487        0.0000000000000000     
  0.87407407407407411        1.3060547370895161        0.0000000000000000     
  0.87777777777777777        1.1479588980879727        0.0000000000000000     
  0.88148148148148153       0.89546031727615660        0.0000000000000000     
  0.88518518518518519        1.3661812110776579        0.0000000000000000     
  0.88888888888888895        1.1088398457583124        0.0000000000000000     
  0.89259259259259260       0.95710665418119678        0.0000000000000000     
  0.89629629629629637        1.4136344945838684        0.0000000000000000     
  0.90000000000000002        2.2069946569379182        0.0000000000000000     
  0.90370370370370368        1.4395145918181300        0.0000000000000000     
  0.90740740740740744       0.95860117043126303        0.0000000000000000     
  0.91111111111111109        1.1330817768569337        0.0000000000000000     
  0.91481481481481486        1.4072030101055693        0.0000000000000000     
  0.91851851851851851       0.91797732779666652        0.0000000000000000     
  0.92222222222222228        1.1972100448289884        0.0000000000000000     
  0.92592592592592593        1.3649749757830962        0.0000000000000000     
  0.92962962962962969       0.89072984075568462        0.0000000000000000     
  0.93333333333333335        6.0963424779440389E-002   0.0000000000000000     
  0.93703703703703700       0.87863961114368072        0.0000000000000000     
  0.94074074074074077        1.3938491587159278        0.0000000000000000     
  0.94444444444444442        1.2173004957214255        0.0000000000000000     
  0.94814814814814818       0.93558269967751650        0.0000000000000000     
  0.95185185185185184        1.4595657094681838        0.0000000000000000     
  0.95555555555555560        1.1724528217305870        0.0000000000000000     
  0.95925925925925926        1.0029924498248219        0.0000000000000000     
  0.96296296296296302        1.5111637247796632        0.0000000000000000     
  0.96666666666666667        2.3945821864511769        0.0000000000000000     
  0.97037037037037033        1.5391505850390361        0.0000000000000000     
  0.97407407407407409        1.0029678200943768        0.0000000000000000     
  0.97777777777777775        1.1969250954605273        0.0000000000000000     
  0.98148148148148151        1.5018867562769571        0.0000000000000000     
  0.98518518518518516       0.95644373831329210        0.0000000000000000     
  0.98888888888888893        1.2670998345647309        0.0000000000000000     
  0.99259259259259258        1.4535755288492129        0.0000000000000000     
  0.99629629629629635       0.92482155126709165        0.0000000000000000     
   1.0000000000000000        2.5023279191900849E-016   0.0000000000000000     
