X My_beautiful_solution_real My_beautiful_solution_imag
   0.0000000000000000        0.0000000000000000        0.0000000000000000     
   3.3333333333333333E-002   54.627638676544166        0.0000000000000000     
   6.6666666666666666E-002   1.1141687560685522E-003   0.0000000000000000     
  0.10000000000000001        54.759936551345078        0.0000000000000000     
  0.13333333333333333        2.0708225559033463E-003   0.0000000000000000     
  0.16666666666666666        54.892392130233617        0.0000000000000000     
  0.20000000000000001        2.8695829095639349E-003   0.0000000000000000     
  0.23333333333333334        55.025005792154239        0.0000000000000000     
  0.26666666666666672        3.5100704175880567E-003   0.0000000000000000     
  0.30000000000000004        55.157777916961933        0.0000000000000000     
  0.33333333333333337        3.9919047690072998E-003   0.0000000000000000     
  0.36666666666666664        55.290708885424316        0.0000000000000000     
  0.40000000000000002        4.3147047388644687E-003   0.0000000000000000     
  0.43333333333333335        55.423799079224089        0.0000000000000000     
  0.46666666666666667        4.4780881862121055E-003   0.0000000000000000     
  0.50000000000000000        55.557048880961048        0.0000000000000000     
  0.53333333333333333        4.4816720518632081E-003   0.0000000000000000     
  0.56666666666666665        55.690458674154328        0.0000000000000000     
  0.59999999999999998        4.3250723561844839E-003   0.0000000000000000     
  0.63333333333333330        55.824028843244612        0.0000000000000000     
  0.66666666666666674        4.0079041968782616E-003   0.0000000000000000     
  0.69999999999999996        55.957759773596351        0.0000000000000000     
  0.73333333333333339        3.5297817467842708E-003   0.0000000000000000     
  0.76666666666666672        56.091651851499982        0.0000000000000000     
  0.80000000000000004        2.8903182516448944E-003   0.0000000000000000     
  0.83333333333333337        56.225705464174162        0.0000000000000000     
  0.86666666666666670        2.0891260278652207E-003   0.0000000000000000     
  0.90000000000000002        56.359920999767965        0.0000000000000000     
  0.93333333333333335        1.1258164602980874E-003   0.0000000000000000     
  0.96666666666666667        56.494298847363154        0.0000000000000000     
   1.0000000000000000        0.0000000000000000        0.0000000000000000     
