X My_beautiful_solution_real My_beautiful_solution_imag
   0.0000000000000000        2.0158229190135791E-016   0.0000000000000000     
   2.5641025641025641E-003  0.78100502972673480        0.0000000000000000     
   5.1282051282051282E-003   1.2390869662639878        0.0000000000000000     
   7.6923076923076927E-003  0.80957563429813850        0.0000000000000000     
   1.0256410256410256E-002   1.2189113247008752        0.0000000000000000     
   1.2820512820512822E-002   1.0419773495754352        0.0000000000000000     
   1.5384615384615385E-002  0.85384728409747457        0.0000000000000000     
   1.7948717948717951E-002   1.2228602345203861        0.0000000000000000     
   2.0512820512820513E-002   1.0401068092052479        0.0000000000000000     
   2.3076923076923075E-002  0.85734137550283140        0.0000000000000000     
   2.5641025641025644E-002   1.2680309240303083        0.0000000000000000     
   2.8205128205128209E-002  0.84302675304319485        0.0000000000000000     
   3.0769230769230771E-002   1.2927092961021660        0.0000000000000000     
   3.3333333333333333E-002   1.9709686806527087        0.0000000000000000     
   3.5897435897435895E-002   1.2707573667468757        0.0000000000000000     
   3.8461538461538464E-002  0.86006327074148536        0.0000000000000000     
   4.1025641025641026E-002   1.2451423453263040        0.0000000000000000     
   4.3589743589743588E-002  0.87815177459240623        0.0000000000000000     
   4.6153846153846156E-002   1.0367822141947203        0.0000000000000000     
   4.8717948717948718E-002   1.2054505265865199        0.0000000000000000     
   5.1282051282051280E-002  0.87461137315071136        0.0000000000000000     
   5.3846153846153849E-002   1.0384592501682033        0.0000000000000000     
   5.6410256410256404E-002   1.2023178933245962        0.0000000000000000     
   5.8974358974358973E-002  0.83411351891430141        0.0000000000000000     
   6.1538461538461542E-002   1.2151516910839220        0.0000000000000000     
   6.4102564102564097E-002  0.81198808479316420        0.0000000000000000     
   6.6666666666666666E-002  0.20389354410721863        0.0000000000000000     
   6.9230769230769235E-002  0.83166912231737677        0.0000000000000000     
   7.1794871794871790E-002   1.1998775737762717        0.0000000000000000     
   7.4358974358974358E-002  0.85463431091661146        0.0000000000000000     
   7.6923076923076927E-002   1.1836602965937226        0.0000000000000000     
   7.9487179487179482E-002   1.0414399211650860        0.0000000000000000     
   8.2051282051282051E-002  0.89022007476350828        0.0000000000000000     
   8.4615384615384620E-002   1.1868344491931120        0.0000000000000000     
   8.7179487179487175E-002   1.0399363718692891        0.0000000000000000     
   8.9743589743589744E-002  0.89302864214633881        0.0000000000000000     
   9.2307692307692313E-002   1.2231428654592187        0.0000000000000000     
   9.4871794871794882E-002  0.88152248015068291        0.0000000000000000     
   9.7435897435897451E-002   1.2429794589599215        0.0000000000000000     
  0.10000000000000001        1.7881675961754626        0.0000000000000000     
  0.10256410256410257        1.2253343931545626        0.0000000000000000     
  0.10512820512820513       0.89521651455718831        0.0000000000000000     
  0.10769230769230770        1.2047449164276465        0.0000000000000000     
  0.11025641025641025       0.90975614046451603        0.0000000000000000     
  0.11282051282051282        1.0372640464992742        0.0000000000000000     
  0.11538461538461539        1.1728404426903931        0.0000000000000000     
  0.11794871794871795       0.90691034885298993        0.0000000000000000     
  0.12051282051282051        1.0386120560355265        0.0000000000000000     
  0.12307692307692308        1.1703224170920010        0.0000000000000000     
  0.12564102564102564       0.87435797992851960        0.0000000000000000     
  0.12820512820512819        1.1806382851112036        0.0000000000000000     
  0.13076923076923078       0.85657345016255060        0.0000000000000000     
  0.13333333333333333       0.36778415002301640        0.0000000000000000     
  0.13589743589743589       0.87239316225307140        0.0000000000000000     
  0.13846153846153847        1.1683608765677413        0.0000000000000000     
  0.14102564102564102       0.89085269068483397        0.0000000000000000     
  0.14358974358974358        1.1553253516059752        0.0000000000000000     
  0.14615384615384616        1.0410079336384868        0.0000000000000000     
  0.14871794871794872       0.91945669786114359        0.0000000000000000     
  0.15128205128205127        1.1578767506463958        0.0000000000000000     
  0.15384615384615385        1.0397993735234929        0.0000000000000000     
  0.15641025641025641       0.92171423775600902        0.0000000000000000     
  0.15897435897435896        1.1870616292934981        0.0000000000000000     
  0.16153846153846152       0.91246552971333261        0.0000000000000000     
  0.16410256410256410        1.2030063780219171        0.0000000000000000     
  0.16666666666666666        1.6412312101892228        0.0000000000000000     
  0.16923076923076921        1.1888231897364439        0.0000000000000000     
  0.17179487179487180       0.92347286006379314        0.0000000000000000     
  0.17435897435897435        1.1722732698699763        0.0000000000000000     
  0.17692307692307693       0.93515988090683022        0.0000000000000000     
  0.17948717948717949        1.0376513456101346        0.0000000000000000     
  0.18205128205128204        1.1466283012903211        0.0000000000000000     
  0.18461538461538463       0.93287241999890713        0.0000000000000000     
  0.18717948717948718        1.0387348821225042        0.0000000000000000     
  0.18974358974358974        1.1446043002713624        0.0000000000000000     
  0.19230769230769232       0.90670667016907525        0.0000000000000000     
  0.19487179487179487        1.1528962443229396        0.0000000000000000     
  0.19743589743589746       0.89241138008504817        0.0000000000000000     
  0.20000000000000001       0.49952020289837729        0.0000000000000000     
  0.20256410256410257       0.90512734032440834        0.0000000000000000     
  0.20512820512820515        1.1430276046164949        0.0000000000000000     
  0.20769230769230770       0.91996519756431905        0.0000000000000000     
  0.21025641025641026        1.1325495873071705        0.0000000000000000     
  0.21282051282051284        1.0406606999985382        0.0000000000000000     
  0.21538461538461540       0.94295723533713449        0.0000000000000000     
  0.21794871794871795        1.1346004140584465        0.0000000000000000     
  0.22051282051282051        1.0396892535979210        0.0000000000000000     
  0.22307692307692309       0.94477185670177177        0.0000000000000000     
  0.22564102564102564        1.1580593590976220        0.0000000000000000     
  0.22820512820512823       0.93733770094323932        0.0000000000000000     
  0.23076923076923078        1.1708758243845365        0.0000000000000000     
  0.23333333333333334        1.5231230403802474        0.0000000000000000     
  0.23589743589743589        1.1594753098066821        0.0000000000000000     
  0.23846153846153847       0.94618544572373986        0.0000000000000000     
  0.24102564102564103        1.1461724050646498        0.0000000000000000     
  0.24358974358974361       0.95557952897293319        0.0000000000000000     
  0.24615384615384617        1.0379626584877815        0.0000000000000000     
  0.24871794871794875        1.1255588566680306        0.0000000000000000     
  0.25128205128205133       0.95374085695489597        0.0000000000000000     
  0.25384615384615389        1.0388336103186588        0.0000000000000000     
  0.25641025641025644        1.1239319549687945        0.0000000000000000     
  0.25897435897435900       0.93270870209864121        0.0000000000000000     
  0.26153846153846161        1.1305970592553625        0.0000000000000000     
  0.26410256410256416       0.92121807955895618        0.0000000000000000     
  0.26666666666666672       0.60541027225413990        0.0000000000000000     
  0.26923076923076927       0.93143922921602740        0.0000000000000000     
  0.27179487179487183        1.1226645994605433        0.0000000000000000     
  0.27435897435897438       0.94336596983055210        0.0000000000000000     
  0.27692307692307699        1.1142423190340529        0.0000000000000000     
  0.27948717948717955        1.0403815919380310        0.0000000000000000     
  0.28205128205128210       0.96184707975644923        0.0000000000000000     
  0.28461538461538466        1.1158907833852265        0.0000000000000000     
  0.28717948717948721        1.0396007386750759        0.0000000000000000     
  0.28974358974358977       0.96330568108814152        0.0000000000000000     
  0.29230769230769238        1.1347471956049040        0.0000000000000000     
  0.29487179487179493       0.95733007113406721        0.0000000000000000     
  0.29743589743589749        1.1450491316998819        0.0000000000000000     
  0.30000000000000004        1.4281871286113712        0.0000000000000000     
  0.30256410256410260        1.1358853435569229        0.0000000000000000     
  0.30512820512820515       0.96444193070478024        0.0000000000000000     
  0.30769230769230771        1.1251924051014173        0.0000000000000000     
  0.31025641025641032       0.97199293974959933        0.0000000000000000     
  0.31282051282051287        1.0382128932677515        0.0000000000000000     
  0.31538461538461543        1.1086231363117167        0.0000000000000000     
  0.31794871794871798       0.97051500638767718        0.0000000000000000     
  0.32051282051282054        1.0389129685149143        0.0000000000000000     
  0.32307692307692309        1.1073154249448816        0.0000000000000000     
  0.32564102564102571       0.95360925972365140        0.0000000000000000     
  0.32820512820512826        1.1126728676476461        0.0000000000000000     
  0.33076923076923082       0.94437304237001229        0.0000000000000000     
  0.33333333333333337       0.69052521644315890        0.0000000000000000     
  0.33589743589743593       0.95258885134909788        0.0000000000000000     
  0.33846153846153848        1.1062967185259627        0.0000000000000000     
  0.34102564102564104       0.96217562249711575        0.0000000000000000     
  0.34358974358974359        1.0995268492378758        0.0000000000000000     
  0.34615384615384615        1.0401572435441044        0.0000000000000000     
  0.34871794871794870       0.97703082704523003        0.0000000000000000     
  0.35128205128205131        1.1008518927674660        0.0000000000000000     
  0.35384615384615387        1.0395295899567505        0.0000000000000000     
  0.35641025641025642       0.97820325777170236        0.0000000000000000     
  0.35897435897435898        1.1160087670942793        0.0000000000000000     
  0.36153846153846153       0.97340003391104346        0.0000000000000000     
  0.36410256410256409        1.1242895125985328        0.0000000000000000     
  0.36666666666666664        1.3518771886811958        0.0000000000000000     
  0.36923076923076920        1.1169236158615368        0.0000000000000000     
  0.37179487179487175       0.97911658064790186        0.0000000000000000     
  0.37435897435897436        1.1083285807898449        0.0000000000000000     
  0.37692307692307692       0.98518611783236754        0.0000000000000000     
  0.37948717948717947        1.0384140331806895        0.0000000000000000     
  0.38205128205128203        1.0950101232907747        0.0000000000000000     
  0.38461538461538464       0.98399814792753715        0.0000000000000000     
  0.38717948717948719        1.0389767570126129        0.0000000000000000     
  0.38974358974358975        1.0939589786397164        0.0000000000000000     
  0.39230769230769230       0.97040922790381079        0.0000000000000000     
  0.39487179487179491        1.0982653167072602        0.0000000000000000     
  0.39743589743589747       0.96298511222085792        0.0000000000000000     
  0.40000000000000002       0.75894101566185934        0.0000000000000000     
  0.40256410256410258       0.96958901877202919        0.0000000000000000     
  0.40512820512820513        1.0931401375480185        0.0000000000000000     
  0.40769230769230769       0.97729491127149981        0.0000000000000000     
  0.41025641025641030        1.0876984842359740        0.0000000000000000     
  0.41282051282051285        1.0399769112320740        0.0000000000000000     
  0.41538461538461541       0.98923559573531805        0.0000000000000000     
  0.41794871794871796        1.0887635605623496        0.0000000000000000     
  0.42051282051282052        1.0394724002766782        0.0000000000000000     
  0.42307692307692307       0.99017800116064536        0.0000000000000000     
  0.42564102564102568        1.1009467286370838        0.0000000000000000     
  0.42820512820512824       0.98631714684905114        0.0000000000000000     
  0.43076923076923079        1.1076028314777566        0.0000000000000000     
  0.43333333333333335        1.2905388939974727        0.0000000000000000     
  0.43589743589743590        1.1016820884516560        0.0000000000000000     
  0.43846153846153846       0.99091213445668813        0.0000000000000000     
  0.44102564102564101        1.0947733581535211        0.0000000000000000     
  0.44358974358974362       0.99579085747436125        0.0000000000000000     
  0.44615384615384618        1.0385757104047024        0.0000000000000000     
  0.44871794871794873        1.0840679183175310        0.0000000000000000     
  0.45128205128205129       0.99483596158314969        0.0000000000000000     
  0.45384615384615384        1.0390280305121429        0.0000000000000000     
  0.45641025641025640        1.0832230032196966        0.0000000000000000     
  0.45897435897435901       0.98391312267629871        0.0000000000000000     
  0.46153846153846156        1.0866844583543287        0.0000000000000000     
  0.46410256410256412       0.97794558298299705        0.0000000000000000     
  0.46666666666666667       0.81393396228637083        0.0000000000000000     
  0.46923076923076923       0.98325383465335492        0.0000000000000000     
  0.47179487179487178        1.0825648148339144        0.0000000000000000     
  0.47435897435897434       0.98944786789943173        0.0000000000000000     
  0.47692307692307695        1.0781907878758765        0.0000000000000000     
  0.47948717948717950        1.0398319592571881        0.0000000000000000     
  0.48205128205128206       0.99904584718020728        0.0000000000000000     
  0.48461538461538461        1.0790469013209618        0.0000000000000000     
  0.48717948717948717        1.0394264309383145        0.0000000000000000     
  0.48974358974358972       0.99980335716833202        0.0000000000000000     
  0.49230769230769234        1.0888397900879190        0.0000000000000000     
  0.49487179487179489       0.99669998400734916        0.0000000000000000     
  0.49743589743589745        1.0941899973854203        0.0000000000000000     
  0.50000000000000000        1.2412348793677894        0.0000000000000000     
  0.50256410256410255        1.0894308758238775        0.0000000000000000     
  0.50512820512820511        1.0003934570228323        0.0000000000000000     
  0.50769230769230766        1.0838776053678294        0.0000000000000000     
  0.51025641025641022        1.0043149979179256        0.0000000000000000     
  0.51282051282051277        1.0387056673306188        0.0000000000000000     
  0.51538461538461533        1.0752725216267114        0.0000000000000000     
  0.51794871794871800        1.0035474480335858        0.0000000000000000     
  0.52051282051282055        1.0390692443962926        0.0000000000000000     
  0.52307692307692311        1.0745933748300935        0.0000000000000000     
  0.52564102564102566       0.99476761787955448        0.0000000000000000     
  0.52820512820512822        1.0773757090224261        0.0000000000000000     
  0.53076923076923077       0.98997088093310270        0.0000000000000000     
  0.53333333333333333       0.85813755579813100        0.0000000000000000     
  0.53589743589743588       0.99423767901353477        0.0000000000000000     
  0.53846153846153844        1.0740643198576820        0.0000000000000000     
  0.54102564102564099       0.99921647256095547        0.0000000000000000     
  0.54358974358974355        1.0705484560691352        0.0000000000000000     
  0.54615384615384610        1.0397154461665123        0.0000000000000000     
  0.54871794871794866        1.0069313742111365        0.0000000000000000     
  0.55128205128205132        1.0712366041508321        0.0000000000000000     
  0.55384615384615388        1.0393894805642800        0.0000000000000000     
  0.55641025641025643        1.0075402643625371        0.0000000000000000     
  0.55897435897435899        1.0791081749781997        0.0000000000000000     
  0.56153846153846154        1.0050457581732244        0.0000000000000000     
  0.56410256410256410        1.0834086971923886        0.0000000000000000     
  0.56666666666666665        1.2016040766019516        0.0000000000000000     
  0.56923076923076921        1.0795832925197506        0.0000000000000000     
  0.57179487179487176        1.0080145894478574        0.0000000000000000     
  0.57435897435897432        1.0751195471675308        0.0000000000000000     
  0.57692307692307687        1.0111667427749020        0.0000000000000000     
  0.57948717948717943        1.0388101273292150        0.0000000000000000     
  0.58205128205128198        1.0682027397008520        0.0000000000000000     
  0.58461538461538465        1.0105497825069059        0.0000000000000000     
  0.58717948717948720        1.0391023723134847        0.0000000000000000     
  0.58974358974358976        1.0676568382575724        0.0000000000000000     
  0.59230769230769231        1.0034925130377670        0.0000000000000000     
  0.59487179487179487        1.0698932917884501        0.0000000000000000     
  0.59743589743589742       0.99963687293883619        0.0000000000000000     
  0.59999999999999998       0.89366861567558165        0.0000000000000000     
  0.60256410256410253        1.0030665456427197        0.0000000000000000     
  0.60512820512820509        1.0672315813404354        0.0000000000000000     
  0.60769230769230764        1.0070685237082324        0.0000000000000000     
  0.61025641025641020        1.0644055132118655        0.0000000000000000     
  0.61282051282051275        1.0396217923869795        0.0000000000000000     
  0.61538461538461531        1.0132697985527386        0.0000000000000000     
  0.61794871794871797        1.0649586499311421        0.0000000000000000     
  0.62051282051282053        1.0393597796769085        0.0000000000000000     
  0.62307692307692308        1.0137592273685754        0.0000000000000000     
  0.62564102564102564        1.0712858562095733        0.0000000000000000     
  0.62820512820512819        1.0117541313631215        0.0000000000000000     
  0.63076923076923075        1.0747426365334625        0.0000000000000000     
  0.63333333333333330        1.1697486477963750        0.0000000000000000     
  0.63589743589743586        1.0716677579618181        0.0000000000000000     
  0.63846153846153841        1.0141404921407129        0.0000000000000000     
  0.64102564102564097        1.0680797780989320        0.0000000000000000     
  0.64358974358974363        1.0166742080608062        0.0000000000000000     
  0.64615384615384619        1.0388940927756878        0.0000000000000000     
  0.64871794871794874        1.0625200151761736        0.0000000000000000     
  0.65128205128205130        1.0161782924466536        0.0000000000000000     
  0.65384615384615385        1.0391290006917659        0.0000000000000000     
  0.65641025641025641        1.0620812169851808        0.0000000000000000     
  0.65897435897435908        1.0105056254945290        0.0000000000000000     
  0.66153846153846163        1.0638788890295943        0.0000000000000000     
  0.66410256410256419        1.0074064435426233        0.0000000000000000     
  0.66666666666666674       0.92222865153961642        0.0000000000000000     
  0.66923076923076930        1.0101632308651138        0.0000000000000000     
  0.67179487179487185        1.0617393934413075        0.0000000000000000     
  0.67435897435897441        1.0133800399744497        0.0000000000000000     
  0.67692307692307696        1.0594677863633157        0.0000000000000000     
  0.67948717948717952        1.0395465130310737        0.0000000000000000     
  0.68205128205128207        1.0183646543533258        0.0000000000000000     
  0.68461538461538463        1.0599124003037592        0.0000000000000000     
  0.68717948717948718        1.0393359059615885        0.0000000000000000     
  0.68974358974358974        1.0187580595762884        0.0000000000000000     
  0.69230769230769229        1.0649982389715167        0.0000000000000000     
  0.69487179487179485        1.0171463538173235        0.0000000000000000     
  0.69743589743589740        1.0677768155286156        0.0000000000000000     
  0.69999999999999996        1.1441431017673680        0.0000000000000000     
  0.70256410256410251        1.0653052134264938        0.0000000000000000     
  0.70512820512820507        1.0190645220236085        0.0000000000000000     
  0.70769230769230762        1.0624211780524608        0.0000000000000000     
  0.71025641025641029        1.0211011349981929        0.0000000000000000     
  0.71282051282051284        1.0389615846031455        0.0000000000000000     
  0.71538461538461540        1.0579522140244477        0.0000000000000000     
  0.71794871794871795        1.0207025156557197        0.0000000000000000     
  0.72051282051282051        1.0391504047095839        0.0000000000000000     
  0.72307692307692306        1.0575995059398857        0.0000000000000000     
  0.72564102564102573        1.0161427988289156        0.0000000000000000     
  0.72820512820512828        1.0590444833269186        0.0000000000000000     
  0.73076923076923084        1.0136516615535034        0.0000000000000000     
  0.73333333333333339       0.94518534496132334        0.0000000000000000     
  0.73589743589743595        1.0158675803882184        0.0000000000000000     
  0.73846153846153850        1.0573247465404796        0.0000000000000000     
  0.74102564102564106        1.0184532669353485        0.0000000000000000     
  0.74358974358974361        1.0554988179067657        0.0000000000000000     
  0.74615384615384617        1.0394860031247568        0.0000000000000000     
  0.74871794871794872        1.0224599238130236        0.0000000000000000     
  0.75128205128205139        1.0558562007185512        0.0000000000000000     
  0.75384615384615394        1.0393167161550338        0.0000000000000000     
  0.75641025641025650        1.0227761448127821        0.0000000000000000     
  0.75897435897435905        1.0599442221637554        0.0000000000000000     
  0.76153846153846161        1.0214806480154150        0.0000000000000000     
  0.76410256410256416        1.0621776552894597        0.0000000000000000     
  0.76666666666666672        1.1235612414055072        0.0000000000000000     
  0.76923076923076927        1.0601909696988332        0.0000000000000000     
  0.77179487179487183        1.0230224807936572        0.0000000000000000     
  0.77435897435897438        1.0578727682716984        0.0000000000000000     
  0.77692307692307694        1.0246595200431456        0.0000000000000000     
  0.77948717948717949        1.0390158348568490        0.0000000000000000     
  0.78205128205128205        1.0542805936122495        0.0000000000000000     
  0.78461538461538471        1.0243391079091864        0.0000000000000000     
  0.78717948717948727        1.0391676093614743        0.0000000000000000     
  0.78974358974358982        1.0539970851669802        0.0000000000000000     
  0.79230769230769238        1.0206739857160256        0.0000000000000000     
  0.79487179487179493        1.0551585649015769        0.0000000000000000     
  0.79743589743589749        1.0186715976596770        0.0000000000000000     
  0.80000000000000004       0.96363804492875937        0.0000000000000000     
  0.80256410256410260        1.0076698268433870        0.0000000000000000     
  0.80512820512820515        1.0281948217694385        0.0000000000000000     
  0.80769230769230771       0.98410856300930349        0.0000000000000000     
  0.81025641025641026        1.0010851352658601        0.0000000000000000     
  0.81282051282051282       0.97538493266151838        0.0000000000000000     
  0.81538461538461537       0.94886972451383722        0.0000000000000000     
  0.81794871794871804       0.96291105280831157        0.0000000000000000     
  0.82051282051282060       0.93678723052831070        0.0000000000000000     
  0.82307692307692315       0.91066253411261566        0.0000000000000000     
  0.82564102564102571       0.92773765879611914        0.0000000000000000     
  0.82820512820512826       0.88397949324233882        0.0000000000000000     
  0.83076923076923082       0.90389306471341757        0.0000000000000000     
  0.83333333333333337       0.94044560452334514        0.0000000000000000     
  0.83589743589743593       0.87665407553795927        0.0000000000000000     
  0.83846153846153848       0.83393759418540492        0.0000000000000000     
  0.84102564102564104       0.84914843610826529        0.0000000000000000     
  0.84358974358974359       0.80961329879976529        0.0000000000000000     
  0.84615384615384615       0.80834009254319483        0.0000000000000000     
  0.84871794871794870       0.80779758081562147        0.0000000000000000     
  0.85128205128205137       0.77089404119611793        0.0000000000000000     
  0.85384615384615392       0.77000063184020673        0.0000000000000000     
  0.85641025641025648       0.76910800619205444        0.0000000000000000     
  0.85897435897435903       0.72948451154687333        0.0000000000000000     
  0.86153846153846159       0.74440120097857132        0.0000000000000000     
  0.86410256410256414       0.70223289230667674        0.0000000000000000     
  0.86666666666666670       0.64514688984391932        0.0000000000000000     
  0.86923076923076925       0.67802452343920550        0.0000000000000000     
  0.87179487179487181       0.69200728922707211        0.0000000000000000     
  0.87435897435897436       0.65405522028548468        0.0000000000000000     
  0.87692307692307692       0.66518574696055632        0.0000000000000000     
  0.87948717948717947       0.64201247789205895        0.0000000000000000     
  0.88205128205128203       0.61818410346989505        0.0000000000000000     
  0.88461538461538469       0.62695526700984205        0.0000000000000000     
  0.88717948717948725       0.60344149042000217        0.0000000000000000     
  0.88974358974358980       0.57992701119571100        0.0000000000000000     
  0.89230769230769236       0.59113675478290950        0.0000000000000000     
  0.89487179487179491       0.55344840872976264        0.0000000000000000     
  0.89743589743589747       0.56693970942026528        0.0000000000000000     
  0.90000000000000002       0.59380549244079461        0.0000000000000000     
  0.90256410256410258       0.54001423304767604        0.0000000000000000     
  0.90512820512820513       0.50316319773754159        0.0000000000000000     
  0.90769230769230769       0.51287442192542287        0.0000000000000000     
  0.91025641025641024       0.47858056617332612        0.0000000000000000     
  0.91282051282051280       0.47504183359625873        0.0000000000000000     
  0.91538461538461535       0.47209043677629503        0.0000000000000000     
  0.91794871794871802       0.43991187183276637        0.0000000000000000     
  0.92051282051282057       0.43667842182090488        0.0000000000000000     
  0.92307692307692313       0.43344560175708857        0.0000000000000000     
  0.92564102564102568       0.39908072395518063        0.0000000000000000     
  0.92820512820512824       0.40855550696382137        0.0000000000000000     
  0.93076923076923079       0.37214509547614949        0.0000000000000000     
  0.93333333333333335       0.32374377037246999        0.0000000000000000     
  0.93589743589743590       0.34765564620168027        0.0000000000000000     
  0.93846153846153846       0.35637973691872865        0.0000000000000000     
  0.94102564102564101       0.32335835909130367        0.0000000000000000     
  0.94358974358974357       0.32978980636807242        0.0000000000000000     
  0.94615384615384612       0.30864769856126145        0.0000000000000000     
  0.94871794871794868       0.28697901393799863        0.0000000000000000     
  0.95128205128205134       0.29151399384261900        0.0000000000000000     
  0.95384615384615390       0.27009818446160627        0.0000000000000000     
  0.95641025641025645       0.24868181029966119        0.0000000000000000     
  0.95897435897435901       0.25517693250926876        0.0000000000000000     
  0.96153846153846156       0.22236753640088075        0.0000000000000000     
  0.96410256410256412       0.23069658512213681        0.0000000000000000     
  0.96666666666666667       0.24977610670645828        0.0000000000000000     
  0.96923076923076923       0.20402311183993269        0.0000000000000000     
  0.97179487179487178       0.17188675011138688        0.0000000000000000     
  0.97435897435897434       0.17717735526084877        0.0000000000000000     
  0.97692307692307689       0.14709646669128684        0.0000000000000000     
  0.97948717948717945       0.14173669322246227        0.0000000000000000     
  0.98205128205128200       0.13684902304425098        0.0000000000000000     
  0.98461538461538467       0.10846841534342577        0.0000000000000000     
  0.98717948717948723       0.10335402946058987        0.0000000000000000     
  0.98974358974358978        9.8240149933005852E-002   0.0000000000000000     
  0.99230769230769234        6.8102173500128274E-002   0.0000000000000000     
  0.99487179487179489        7.3202726098888185E-002   0.0000000000000000     
  0.99743589743589745        4.1420539906212146E-002   0.0000000000000000     
   1.0000000000000000        8.5000799689576382E-018   0.0000000000000000     
