933.64197531 -0.40199900
223.92021751 -0.37826389
524.03871439 -0.39303863
182.53389425 -0.37498909
786.52455158 -0.39951098
109.65171478 -0.36677557
145.37262488 -0.37134135
198.95399003 -0.37636620
631.92598905 -0.39632386
225.90180270 -0.37840557
573.55215576 -0.39467728
901.62235208 -0.40149218
1.04862520 -0.06194600
363.28588949 -0.38639474
567.24076329 -0.39447647
86.16076437 -0.36279124
246.19777435 -0.37980449
146.97011426 -0.37151867
33.41742644 -0.27069464
801.41699357 -0.39978290
358.26645564 -0.38614303
816.44910676 -0.40005237
314.66285204 -0.38382602
554.72273174 -0.39407140
399.39962485 -0.38811165
84.93864134 -0.36252934
66.57187818 -0.35698414
412.71203636 -0.38870621
700.10299489 -0.39782441
139.06996185 -0.37062037
98.86211437 -0.36510766
333.69305341 -0.38485843
378.55369784 -0.38713968
269.53159466 -0.38128185
6.13789465 -0.11896082
545.42586731 -0.39376467
1003.53868283 -0.40304762
689.65384303 -0.39760655
9.43762682 -0.20108233
93.67682097 -0.36424094
153.44736629 -0.37221634
827.81485089 -0.40025288
451.14780546 -0.39032125
12.49293438 -0.21278919
34.96253912 -0.27885976
73.19753086 -0.35963935
40.64541118 -0.30656189
652.01245390 -0.39679354
378.55369784 -0.38713968
746.29051574 -0.39874995
1024.57665774 -0.40334898
289.40855270 -0.38244349
13.44444444 -0.21583985
125.39964289 -0.36894482
602.38552967 -0.39555478
1024.57665774 -0.40334898
8.25915104 -0.17651284
2.83816249 -0.10692754
491.29454680 -0.39186776
576.72094617 -0.39477730
439.99156814 -0.38986713
797.68078890 -0.39971513
693.12816420 -0.39767933
26.89652716 -0.24760060
431.71604938 -0.38952267
812.67798429 -0.39998525
58.22652382 -0.34422201
10.69466764 -0.20633321
113.84185086 -0.36738127
137.51611972 -0.37043828
212.21402484 -0.37740076
195.24397370 -0.37606484
269.53159466 -0.38128185
728.35149564 -0.39839745
303.05268331 -0.38319647
0.31535139 -0.00052810
204.58448539 -0.37681311
812.67798429 -0.39998525
317.01107414 -0.38395375
64.43316289 -0.35417593
225.90180270 -0.37840557
312.32335940 -0.38370037
482.54763773 -0.39154184
35.74818963 -0.28291300
386.30544959 -0.38750720
554.72273174 -0.39407140
721.23699375 -0.39825523
43.21186953 -0.31544316
394.13576640 -0.38787109
824.01754006 -0.40018618
448.34565196 -0.39020830
210.29354580 -0.37725461
476.76001226 -0.39132297
256.67311456 -0.38048428
5.81490500 -0.11761528
509.02406010 -0.39251113
202.69892415 -0.37666482
635.25190957 -0.39640456
459.60664268 -0.39065826
1.49382716 -0.09627312
