-0.40199900 -30.55555556
-0.37826389 14.96396396
-0.39303863 22.89189189
-0.37498909 -13.51051051
-0.39951098 28.04504505
-0.36677557 10.47147147
-0.37134135 12.05705706
-0.37636620 -14.10510511
-0.39632386 25.13813814
-0.37840557 -15.03003003
-0.39467728 -23.94894895
-0.40149218 30.02702703
-0.06194600 1.02402402
-0.38639474 19.06006006
-0.39447647 23.81681682
-0.36279124 9.28228228
-0.37980449 15.69069069
-0.37151867 12.12312312
-0.27069464 -5.78078078
-0.39978290 -28.30930931
-0.38614303 -18.92792793
-0.40005237 -28.57357357
-0.38382602 -17.73873874
-0.39407140 23.55255255
-0.38811165 -19.98498498
-0.36252934 9.21621622
-0.35698414 -8.15915916
-0.38870621 -20.31531532
-0.39782441 -26.45945946
-0.37062037 11.79279279
-0.36510766 9.94294294
-0.38485843 -18.26726727
-0.38713968 -19.45645646
-0.38128185 16.41741742
-0.11896082 -2.47747748
-0.39376467 -23.35435435
-0.40304762 -31.67867868
-0.39760655 26.26126126
-0.20108233 3.07207207
-0.36424094 9.67867868
-0.37221634 12.38738739
-0.40025288 28.77177177
-0.39032125 21.24024024
-0.21278919 3.53453453
-0.27885976 5.91291291
-0.35963935 -8.55555556
-0.30656189 6.37537538
-0.39679354 25.53453453
-0.38713968 19.45645646
-0.39874995 27.31831832
-0.40334898 -32.00900901
-0.38244349 17.01201201
-0.21583985 -3.66666667
-0.36894482 -11.19819820
-0.39555478 24.54354354
-0.40334898 32.00900901
-0.17651284 2.87387387
-0.10692754 1.68468468
-0.39186776 -22.16516517
-0.39477730 24.01501502
-0.38986713 -20.97597598
-0.39971513 28.24324324
-0.39767933 -26.32732733
-0.24760060 5.18618619
-0.38952267 -20.77777778
-0.39998525 -28.50750751
-0.34422201 7.63063063
-0.20633321 3.27027027
-0.36738127 -10.66966967
-0.37043828 -11.72672673
-0.37740076 -14.56756757
-0.37606484 -13.97297297
-0.38128185 -16.41741742
-0.39839745 26.98798799
-0.38319647 -17.40840841
-0.00052810 0.56156156
-0.37681311 14.30330330
-0.39998525 28.50750751
-0.38395375 -17.80480480
-0.35417593 8.02702703
-0.37840557 15.03003003
-0.38370037 -17.67267267
-0.39154184 21.96696697
-0.28291300 -5.97897898
-0.38750720 19.65465465
-0.39407140 -23.55255255
-0.39825523 26.85585586
-0.31544316 6.57357357
-0.38787109 -19.85285285
-0.40018618 -28.70570571
-0.39020830 -21.17417417
-0.37725461 -14.50150150
-0.39132297 21.83483483
-0.38048428 16.02102102
-0.11761528 -2.41141141
-0.39251113 -22.56156156
-0.37666482 14.23723724
-0.39640456 25.20420420
-0.39065826 21.43843844
-0.09627312 1.22222222
