944.52642822 933.64197531
220.32649231 223.92021751
544.53527832 524.03871439
194.97807312 182.53389425
817.17614746 786.52455158
122.99659729 109.65171478
151.13095093 145.37262488
208.88973999 198.95399003
649.95532227 631.92598905
231.29571533 225.90180270
577.50061035 573.55215576
955.20391846 901.62235208
1.09987402 1.04862520
374.04040527 363.28588949
585.69976807 567.24076329
95.36244965 86.16076437
242.07286072 246.19777435
152.43284607 146.97011426
34.47876358 33.41742644
804.53039551 801.41699357
355.19003296 358.26645564
819.86157227 816.44910676
311.64080811 314.66285204
573.63085938 554.72273174
398.96713257 399.39962485
93.39376068 84.93864134
66.75418091 66.57187818
413.72155762 412.71203636
704.46191406 700.10299489
146.03350830 139.06996185
114.82618713 98.86211437
330.29711914 333.69305341
376.44360352 378.55369784
265.95721436 269.53159466
6.10612679 6.13789465
549.30468750 545.42586731
1023.42163086 1003.53868283
710.07647705 689.65384303
9.97248554 9.43762682
108.06768799 93.67682097
157.75257874 153.44736629
865.30664062 827.81485089
478.07415771 451.14780546
14.73661995 12.49293438
32.62872314 34.96253912
74.07649994 73.19753086
37.85647202 40.64541118
670.57141113 652.01245390
393.63574219 378.55369784
771.71960449 746.29051574
1047.85510254 1024.57665774
287.23348999 289.40855270
13.23091125 13.44444444
124.68562317 125.39964289
620.21337891 602.38552967
1116.51110840 1024.57665774
8.40130424 8.25915104
2.71364236 2.83816249
496.97189331 491.29454680
594.91870117 576.72094617
444.88302612 439.99156814
830.03088379 797.68078890
697.74719238 693.12816420
25.79780769 26.89652716
435.29577637 431.71604938
815.99975586 812.67798429
56.51632690 58.22652382
11.80627155 10.69466764
112.55046082 113.84185086
138.11752319 137.51611972
219.80853271 212.21402484
205.87042236 195.24397370
269.46807861 269.53159466
751.90173340 728.35149564
300.51791382 303.05268331
0.40238118 0.31535139
202.25003052 204.58448539
847.48645020 812.67798429
313.91339111 317.01107414
64.09978485 64.43316289
222.22041321 225.90180270
309.38360596 312.32335940
506.25787354 482.54763773
36.48453903 35.74818963
403.81549072 386.30544959
558.54638672 554.72273174
744.11920166 721.23699375
40.33870316 43.21186953
393.21435547 394.13576640
827.63555908 824.01754006
454.68096924 448.34565196
218.21456909 210.29354580
501.01092529 476.76001226
252.65266418 256.67311456
5.79570866 5.81490500
513.83892822 509.02406010
200.52543640 202.69892415
653.34729004 635.25190957
485.60089111 459.60664268
1.50382328 1.49382716
