-30.55555556 944.52642822
14.96396396 220.32649231
22.89189189 544.53527832
-13.51051051 194.97807312
28.04504505 817.17614746
10.47147147 122.99659729
12.05705706 151.13095093
-14.10510511 208.88973999
25.13813814 649.95532227
-15.03003003 231.29571533
-23.94894895 577.50061035
30.02702703 955.20391846
1.02402402 1.09987402
19.06006006 374.04040527
23.81681682 585.69976807
9.28228228 95.36244965
15.69069069 242.07286072
12.12312312 152.43284607
-5.78078078 34.47876358
-28.30930931 804.53039551
-18.92792793 355.19003296
-28.57357357 819.86157227
-17.73873874 311.64080811
23.55255255 573.63085938
-19.98498498 398.96713257
9.21621622 93.39376068
-8.15915916 66.75418091
-20.31531532 413.72155762
-26.45945946 704.46191406
11.79279279 146.03350830
9.94294294 114.82618713
-18.26726727 330.29711914
-19.45645646 376.44360352
16.41741742 265.95721436
-2.47747748 6.10612679
-23.35435435 549.30468750
-31.67867868 1023.42163086
26.26126126 710.07647705
3.07207207 9.97248554
9.67867868 108.06768799
12.38738739 157.75257874
28.77177177 865.30664062
21.24024024 478.07415771
3.53453453 14.73661995
5.91291291 32.62872314
-8.55555556 74.07649994
6.37537538 37.85647202
25.53453453 670.57141113
19.45645646 393.63574219
27.31831832 771.71960449
-32.00900901 1047.85510254
17.01201201 287.23348999
-3.66666667 13.23091125
-11.19819820 124.68562317
24.54354354 620.21337891
32.00900901 1116.51110840
2.87387387 8.40130424
1.68468468 2.71364236
-22.16516517 496.97189331
24.01501502 594.91870117
-20.97597598 444.88302612
28.24324324 830.03088379
-26.32732733 697.74719238
5.18618619 25.79780769
-20.77777778 435.29577637
-28.50750751 815.99975586
7.63063063 56.51632690
3.27027027 11.80627155
-10.66966967 112.55046082
-11.72672673 138.11752319
-14.56756757 219.80853271
-13.97297297 205.87042236
-16.41741742 269.46807861
26.98798799 751.90173340
-17.40840841 300.51791382
0.56156156 0.40238118
14.30330330 202.25003052
28.50750751 847.48645020
-17.80480480 313.91339111
8.02702703 64.09978485
15.03003003 222.22041321
-17.67267267 309.38360596
21.96696697 506.25787354
-5.97897898 36.48453903
19.65465465 403.81549072
-23.55255255 558.54638672
26.85585586 744.11920166
6.57357357 40.33870316
-19.85285285 393.21435547
-28.70570571 827.63555908
-21.17417417 454.68096924
-14.50150150 218.21456909
21.83483483 501.01092529
16.02102102 252.65266418
-2.41141141 5.79570866
-22.56156156 513.83892822
14.23723724 200.52543640
25.20420420 653.34729004
21.43843844 485.60089111
1.22222222 1.50382328
